label=adaptive
records=3666627
chunks=734
first_chunk_s=0.09777164459228516
total_s=2.963222026824951
avg_chunk=4995.404632152588
min_chunk=1627
max_chunk=5000
