label=fixed
records=2009343
chunks=74447
first_chunk_s=0.05295419692993164
total_s=10.705986022949219
avg_chunk=1139.0833333333333
min_chunk=169
max_chunk=5000
