Unique Key,Created Date,Closed Date,Agency,Agency Name,Problem (formerly Complaint Type),Problem Detail (formerly Descriptor),Additional Details,Location Type,Incident Zip,Incident Address,Street Name,Cross Street 1,Cross Street 2,Intersection Street 1,Intersection Street 2,Address Type,City,Landmark,Facility Type,Status,Due Date,Resolution Description,Resolution Action Updated Date,Community Board,Council District,Police Precinct,BBL,Borough,X Coordinate (State Plane),Y Coordinate (State Plane),Open Data Channel Type,Park Facility Name,Park Borough,Vehicle Type,Taxi Company Borough,Taxi Pick Up Location,Bridge Highway Name,Bridge Highway Direction,Road Ramp,Bridge Highway Segment,Latitude,Longitude,Location
57935529,06/18/2023 09:50:23 AM,06/19/2023 09:11:57 AM,DPR,Department of Parks and Recreation,Damaged Tree,Entire Tree Has Fallen Down,Blocking Sidewalk,Street,10461,2932 DUDLEY AVENUE,DUDLEY AVENUE,CORNELL PLACE,WELLMAN AVENUE,CORNELL PLACE,WELLMAN AVENUE,ADDRESS,BRONX,DUDLEY AVENUE,,Closed,,"NYC Parks created a work order for the tree condition.  Please note that addressing this work can take up to a year or more depending on the higher priority work identified during this period and resources available to address this work.    NYC Parks work priority categories range from Category A through D, with A being the most critical and time-sensitive. We will complete all work in Category A first and address work in lower priority categories in accordance with available resources. For more information about the Tree Risk Management Program, visit the NYC Urban Forest page on the NYC Parks website at nyc.gov/parks/trees.   Alternatively, you may choose complete the work yourself by hiring an independent contractor. The contractor must complete a Tree Work Permit application on the NYC Parks website at nyc.gov/parks/trees.",06/19/2023 09:12:01 AM,10 BRONX,13,Precinct 45,2053910032,BRONX,1030790,245825,PHONE,Unspecified,BRONX,,,,,,,,40.84128540503567,-73.83179915741755,POINT (-73.831799157418 40.841285405036)
57938247,06/18/2023 10:03:34 PM,06/18/2023 11:04:47 PM,NYPD,New York City Police Department,Non-Emergency Police Matter,Other (complaint details),,Residential Building/House,11419,107-43 127 STREET,127 STREET,107 AVENUE,109 AVENUE,107 AVENUE,109 AVENUE,ADDRESS,SOUTH RICHMOND HILL,127 STREET,,Closed,,Your request can not be processed at this time because of insufficient contact information. Please create a new Service Request on NYC.gov and provide more detailed contact information.,06/18/2023 11:04:52 PM,10 QUEENS,28,Precinct 106,4096070063,QUEENS,1035151,189202,PHONE,Unspecified,QUEENS,,,,,,,,40.685846192686014,-73.81646681660662,POINT (-73.816466816607 40.685846192686)
57938958,06/18/2023 02:01:40 PM,11/22/2023 11:49:57 AM,DPR,Department of Parks and Recreation,New Tree Request,For One Address,Street Tree,Street,11217,233 BUTLER STREET,BUTLER STREET,BOND STREET,NEVINS STREET,BOND STREET,NEVINS STREET,ADDRESS,BROOKLYN,BUTLER STREET,,Closed,,NYC Parks determined that the requested location cannot receive a new tree because of conflicts with surrounding infrastructure.,11/22/2023 11:50:03 AM,06 BROOKLYN,39,Precinct 76,3004050051,BROOKLYN,988002,187734,UNKNOWN,Unspecified,BROOKLYN,,,,,,,,40.68196243389455,-73.98647225205205,POINT (-73.986472252052 40.681962433895)
57929175,06/17/2023 06:13:37 PM,06/17/2023 06:35:37 PM,NYPD,New York City Police Department,Blocked Driveway,No Access,,Street/Sidewalk,11103,32-21 47 STREET,47 STREET,BROADWAY,34 AVENUE,BROADWAY,34 AVENUE,ADDRESS,ASTORIA,47 STREET,,Closed,,The Police Department responded to the complaint and determined that police action was not necessary.,06/17/2023 06:35:42 PM,01 QUEENS,22,Precinct 114,4007230030,QUEENS,1008158,214709,MOBILE,Unspecified,QUEENS,,,,,,,,40.755970788181756,-73.9137044818128,POINT (-73.913704481813 40.755970788182)
57931290,06/17/2023 11:57:10 PM,06/18/2023 12:06:22 AM,NYPD,New York City Police Department,Noise - Residential,Loud Music/Party,,Residential Building/House,11238,210 PARK PLACE,PARK PLACE,CARLTON AVENUE,VANDERBILT AVENUE,CARLTON AVENUE,VANDERBILT AVENUE,ADDRESS,BROOKLYN,PARK PLACE,,Closed,,The Police Department responded to the complaint and took action to fix the condition.,06/18/2023 12:06:26 AM,08 BROOKLYN,35,Precinct 78,3011640035,BROOKLYN,992332,185974,MOBILE,Unspecified,BROOKLYN,,,,,,,,40.677128738590724,-73.97086265025303,POINT (-73.970862650253 40.677128738591)
57929220,06/17/2023 06:55:57 PM,06/17/2023 07:21:54 PM,NYPD,New York City Police Department,Illegal Parking,Parking Permit Improper Use,Blocking Driveway,Street/Sidewalk,11105,21-72 37 STREET,37 STREET,21 AVENUE,DITMARS BOULEVARD,21 AVENUE,DITMARS BOULEVARD,ADDRESS,ASTORIA,37 STREET,,Closed,,The Police Department responded to the complaint and with the information available observed no evidence of the violation at that time.,06/17/2023 07:21:59 PM,01 QUEENS,22,Precinct 114,4008230062,QUEENS,1009953,221320,ONLINE,Unspecified,QUEENS,,,,,,,,40.77411122925411,-73.90720018509406,POINT (-73.907200185094 40.774111229254)
57932964,06/18/2023 04:10:20 AM,06/18/2023 08:11:59 AM,NYPD,New York City Police Department,Illegal Parking,Blocked Hydrant,,Street/Sidewalk,11435,142-15 BRINKERHOFF AVENUE,BRINKERHOFF AVENUE,111 AVENUE,143 STREET,111 AVENUE,143 STREET,ADDRESS,JAMAICA,BRINKERHOFF AVENUE,,Closed,,The Police Department issued a summons in response to the complaint.,06/18/2023 08:12:05 AM,12 QUEENS,28,Precinct 103,,QUEENS,1039132,189285,MOBILE,Unspecified,QUEENS,,,,,,,,40.686050218810585,-73.80211193909331,POINT (-73.802111939093 40.686050218811)
57937671,06/18/2023 01:55:09 PM,06/18/2023 02:41:32 PM,NYPD,New York City Police Department,Illegal Parking,Commercial Overnight Parking,,Street/Sidewalk,10468,89 WEST FORDHAM ROAD,WEST FORDHAM ROAD,GRAND AVENUE,UNIVERSITY AVENUE,GRAND AVENUE,UNIVERSITY AVENUE,ADDRESS,BRONX,WEST FORDHAM ROAD,,Closed,,The Police Department issued a summons in response to the complaint.,06/18/2023 02:41:38 PM,07 BRONX,14,Precinct 52,2032130001,BRONX,1010654,253617,MOBILE,Unspecified,BRONX,,,,,,,,40.86275528403885,-73.90454217920336,POINT (-73.904542179203 40.862755284039)
57942621,06/20/2023 01:24:46 AM,06/20/2023 02:20:39 AM,NYPD,New York City Police Department,Noise - Commercial,Loud Talking,,Store/Commercial,10466,4340 WHITE PLAINS ROAD,WHITE PLAINS ROAD,EAST  236 STREET,EAST  237 STREET,EAST  236 STREET,EAST  237 STREET,ADDRESS,BRONX,WHITE PLAINS ROAD,,Closed,,The Police Department responded to the complaint and determined that police action was not necessary.,06/20/2023 02:20:48 AM,12 BRONX,11,Precinct 47,2050430028,BRONX,1024188,266003,MOBILE,Unspecified,BRONX,,,,,,,,40.89670010784821,-73.85553922303484,POINT (-73.855539223035 40.896700107848)
57937131,06/18/2023 06:09:35 AM,06/18/2023 06:19:03 AM,NYPD,New York City Police Department,Noise - Vehicle,Car/Truck Music,,Street/Sidewalk,11206,MARCY AVENUE,MARCY AVENUE,MARCY AVENUE,PARK AVENUE,MARCY AVENUE,PARK AVENUE,INTERSECTION,,,,Closed,,The Police Department responded to the complaint and with the information available observed no evidence of the violation at that time.,06/18/2023 06:19:12 AM,03 BROOKLYN,36,Precinct 79,,BROOKLYN,998212,193429,ONLINE,Unspecified,BROOKLYN,,,,,,,,40.697583679537715,-73.94964853919328,POINT (-73.949648539193 40.697583679538)
57943296,06/19/2023 05:03:46 PM,06/21/2023 12:00:00 AM,DOB,Department of Buildings,General Construction/Plumbing,Site Conditions Endangering Workers,,,11211,235 JACKSON STREET,JACKSON STREET,,,,,ADDRESS,BROOKLYN,,N/A,Closed,,"The Department of Buildings attempted to investigate this complaint twice but could not gain access to the location. If the problem still exists, please call 311 and file a new complaint with additional access information. If you are outside of New York City, please call (212) NEW-YORK (212-639-9675).",06/21/2023 12:00:00 AM,01 BROOKLYN,34,Precinct 94,3028750063,BROOKLYN,1000596,200510,UNKNOWN,Unspecified,BROOKLYN,,,,,,,,40.717015264685095,-73.94103388132788,POINT (-73.941033881328 40.717015264685)
57943989,06/19/2023 05:51:15 PM,07/05/2023 07:23:51 PM,HPD,Department of Housing Preservation and Development,PAINT/PLASTER,CABINET,PEELING OR FLAKING PAINT,RESIDENTIAL BUILDING,11221,453A PULASKI STREET,PULASKI STREET,,,,,ADDRESS,BROOKLYN,,,Closed,,The Department of Housing Preservation and Development inspected the following conditions. No violations were issued. The complaint has been closed.,07/05/2023 12:00:00 AM,03 BROOKLYN,36,Precinct 81,3015960057,BROOKLYN,1003072,192251,PHONE,Unspecified,BROOKLYN,,,,,,,,40.69434134192425,-73.93212511456656,POINT (-73.932125114567 40.694341341924)
57942756,06/19/2023 09:20:17 AM,06/20/2023 08:50:57 PM,DSNY,Department of Sanitation,Residential Disposal Complaint,Trash or Recycling Not Secure,N/A,Street,11385,919 WYCKOFF AVENUE,WYCKOFF AVENUE,HANCOCK STREET,WEIRFIELD STREET,HANCOCK STREET,WEIRFIELD STREET,ADDRESS,RIDGEWOOD,WYCKOFF AVENUE,,Closed,,The Department of Sanitation investigated this complaint and found no violation at the location.,06/20/2023 08:51:05 PM,05 QUEENS,34,Precinct 104,4035490001,QUEENS,1010202,193198,PHONE,Unspecified,QUEENS,,,,,,,,40.69692259944958,-73.90640965974778,POINT (-73.906409659748 40.69692259945)
57942369,06/19/2023 06:32:24 PM,06/19/2023 07:00:28 PM,NYPD,New York City Police Department,Noise - Residential,Loud Music/Party,,Residential Building/House,11226,266 EAST   21 STREET,EAST   21 STREET,ALBEMARLE TERRACE,ALBEMARLE ROAD,ALBEMARLE TERRACE,ALBEMARLE ROAD,ADDRESS,BROOKLYN,EAST   21 STREET,,Closed,,The Police Department responded to the complaint and took action to fix the condition.,06/19/2023 07:00:31 PM,14 BROOKLYN,40,Precinct 70,3051010041,BROOKLYN,995472,175354,ONLINE,Unspecified,BROOKLYN,,,,,,,,40.64797576607255,-73.9595599514292,POINT (-73.959559951429 40.647975766073)
57937563,06/18/2023 08:52:23 AM,06/18/2023 09:30:05 AM,NYPD,New York City Police Department,Illegal Parking,Posted Parking Sign Violation,,Street/Sidewalk,10307,465 CRAIG AVENUE,CRAIG AVENUE,MAIN STREET,BUTLER AVENUE,MAIN STREET,BUTLER AVENUE,ADDRESS,STATEN ISLAND,CRAIG AVENUE,,Closed,,The Police Department responded to the complaint and took action to fix the condition.,06/18/2023 09:30:08 AM,03 STATEN ISLAND,51,Precinct 123,5080280003,STATEN ISLAND,914985,125246,ONLINE,Unspecified,STATEN ISLAND,,,,,,,,40.51017601792136,-74.24909199923219,POINT (-74.249091999232 40.510176017921)
57933450,06/18/2023 04:38:18 AM,06/18/2023 05:10:58 AM,NYPD,New York City Police Department,Noise - Residential,Banging/Pounding,,Residential Building/House,11232,849 42 STREET,42 STREET,8 AVENUE,9 AVENUE,8 AVENUE,9 AVENUE,ADDRESS,BROOKLYN,42 STREET,,Closed,,The Police Department responded to the complaint and with the information available observed no evidence of the violation at that time.,06/18/2023 05:11:05 AM,12 BROOKLYN,38,Precinct 66,3009230056,BROOKLYN,984818,174248,ONLINE,Unspecified,BROOKLYN,,,,,,,,40.6449471267718,-73.99795322543724,POINT (-73.997953225437 40.644947126772)
57935457,06/18/2023 11:11:58 PM,06/20/2023 10:09:55 AM,DOHMH,Department of Health and Mental Hygiene,Rodent,Rat Sighting,,3+ Family Apt. Building,10468,18 EAST  198 STREET,EAST  198 STREET,JEROME AVENUE,CRESTON AVENUE,JEROME AVENUE,CRESTON AVENUE,ADDRESS,BRONX,EAST  198 STREET,,Closed,,This service request was closed because the Department of Health and Mental Hygiene received an earlier complaint about the same location.  You can find inspection results for this address by going to the online Rat Portal at www.nyc.gov/rats.,06/18/2023 11:11:58 PM,07 BRONX,14,Precinct 52,2033180119,BRONX,1013908,256700,ONLINE,Unspecified,BRONX,,,,,,,,40.871206842739696,-73.89276442848653,POINT (-73.892764428487 40.87120684274)
57934701,06/18/2023 04:54:28 PM,06/18/2023 05:22:29 PM,NYPD,New York City Police Department,Noise - Residential,Banging/Pounding,,Residential Building/House,11214,2036 CROPSEY AVENUE,CROPSEY AVENUE,BAY   25 STREET,BAY   26 STREET,BAY   25 STREET,BAY   26 STREET,ADDRESS,BROOKLYN,CROPSEY AVENUE,,Closed,,The Police Department responded to the complaint and took action to fix the condition.,06/18/2023 05:22:34 PM,11 BROOKLYN,47,Precinct 62,3064690001,BROOKLYN,983730,157706,ONLINE,Unspecified,BROOKLYN,,,,,,,,40.59954279505366,-74.00187253346519,POINT (-74.001872533465 40.599542795054)
57939318,06/18/2023 05:16:48 PM,06/18/2023 05:43:15 PM,NYPD,New York City Police Department,Noise - Vehicle,Car/Truck Music,,Street/Sidewalk,10033,501 WEST  183 STREET,WEST  183 STREET,AMSTERDAM AVENUE,AUDUBON AVENUE,AMSTERDAM AVENUE,AUDUBON AVENUE,ADDRESS,NEW YORK,WEST  183 STREET,,Closed,,The Police Department responded to the complaint and took action to fix the condition.,06/18/2023 05:43:21 PM,12 MANHATTAN,10,Precinct 34,1021550091,MANHATTAN,1003553,248749,ONLINE,Unspecified,MANHATTAN,,,,,,,,40.849412465935345,-73.93022827878026,POINT (-73.93022827878 40.849412465935)
57937914,06/18/2023 09:40:30 PM,06/18/2023 09:55:25 PM,NYPD,New York City Police Department,Noise - Park,Loud Music/Party,,Park/Playground,11216,HERBERT VON KING PARK,HERBERT VON KING PARK,LAFAYETTE AVENUE,VAN BUREN STREET,LAFAYETTE AVENUE,VAN BUREN STREET,UNRECOGNIZED,BROOKLYN,HERBERT VON KING PARK,,Closed,,The Police Department responded to the complaint and took action to fix the condition.,06/18/2023 09:55:29 PM,03 BROOKLYN,36,Precinct 79,3017900001,BROOKLYN,999043,190542,PHONE,Herbert Von King Park,BROOKLYN,,,,,,,,40.68965818409251,-73.94665802675449,POINT (-73.946658026754 40.689658184093)
57928302,06/17/2023 07:45:08 AM,06/17/2023 08:18:28 AM,NYPD,New York City Police Department,Illegal Parking,Commercial Overnight Parking,,Street/Sidewalk,11412,186-15 LIBERTY AVENUE,LIBERTY AVENUE,186 STREET,DUNLOP AVENUE,186 STREET,DUNLOP AVENUE,ADDRESS,SAINT ALBANS,LIBERTY AVENUE,,Closed,,The Police Department responded to the complaint and with the information available observed no evidence of the violation at that time.,06/17/2023 08:18:32 AM,12 QUEENS,27,Precinct 103,,QUEENS,1047992,195923,PHONE,Unspecified,QUEENS,,,,,,,,40.704210554348066,-73.77010275228726,POINT (-73.770102752287 40.704210554348)
57935232,06/18/2023 10:29:39 AM,07/17/2024 12:00:00 AM,DOB,Department of Buildings,Building/Use,Illegal Conversion Of Residential Building/Space,,,11358,42-24 192 STREET,192 STREET,,,,,ADDRESS,FLUSHING,,,Closed,,"The Department of Buildings attempted to investigate this complaint twice but could not gain access to the location. If the problem still exists, please call 311 and file a new complaint with additional access information. If you are outside of New York City, please call (212) NEW-YORK (212-639-9675).",07/17/2024 12:00:00 AM,11 QUEENS,19,Precinct 111,4053670015,QUEENS,1042544,215846,UNKNOWN,Unspecified,QUEENS,,,,,,,,40.758931712247524,-73.7895792796586,POINT (-73.789579279659 40.758931712248)
57941982,06/19/2023 08:49:25 PM,06/19/2023 09:01:35 PM,NYPD,New York City Police Department,Noise - Commercial,Loud Talking,,Club/Bar/Restaurant,11377,49-09 25 AVENUE,25 AVENUE,49 STREET,50 STREET,49 STREET,50 STREET,ADDRESS,WOODSIDE,25 AVENUE,,Closed,,The Police Department responded to the complaint and determined that police action was not necessary.,06/19/2023 09:01:38 PM,01 QUEENS,22,Precinct 114,4010160003,QUEENS,1010747,217828,ONLINE,Unspecified,QUEENS,,,,,,,,40.764524258774244,-73.90434724427273,POINT (-73.904347244273 40.764524258774)
57942630,06/19/2023 01:05:33 PM,06/20/2023 10:43:47 AM,DOT,Department of Transportation,Street Condition,Plate Condition - Anti-Skid,N/A,Street,10463,2716 FAIRFIELD AVENUE,FAIRFIELD AVENUE,WEST  227 STREET,DEAD END,WEST  227 STREET,DEAD END,ADDRESS,BRONX,FAIRFIELD AVENUE,,Closed,,"The Department of Transportation inspected the condition and issued a summons to the responsible party. A re-inspection will be done within 10 days. If the condition still exists, a second summons will be issued. In some cases, the Department of Transportation will make the repairs and charge the responsible party for the costs.",06/20/2023 10:43:50 AM,08 BRONX,11,Precinct 50,2057310852,BRONX,1007506,260300,ONLINE,Unspecified,BRONX,,,,,,,,40.88110691623021,-73.91589987298848,POINT (-73.915899872988 40.88110691623)
57929382,06/17/2023 10:08:01 AM,06/17/2023 10:30:09 AM,NYPD,New York City Police Department,Encampment,N/A,,Street/Sidewalk,10018,440 WEST   36 STREET,WEST   36 STREET,DYER AVENUE,10 AVENUE,DYER AVENUE,10 AVENUE,ADDRESS,NEW YORK,WEST   36 STREET,,Closed,,The Police Department visited the location and has referred the complaint to the Department of Homeless Services (DHS) for further action. DHS will inspect the condition and update your Service Request with more information.,06/17/2023 10:30:13 AM,04 MANHATTAN,03,Precinct 10,1007330059,MANHATTAN,985026,214500,MOBILE,Unspecified,MANHATTAN,,,,,,,,40.755429425452505,-73.99719906445301,POINT (-73.997199064453 40.755429425453)
57929229,06/17/2023 03:23:57 PM,04/03/2024 12:00:00 AM,DOB,Department of Buildings,Plumbing,Failure To Retain Water/Improper Drainage- (LL103/89),,,11106,30-05 35 AVENUE,35 AVENUE,,,,,ADDRESS,ASTORIA,,,Closed,,The Department of Buildings investigated this complaint and determined that no further action was necessary.,04/03/2024 12:00:00 AM,01 QUEENS,22,Precinct 114,4006070106,QUEENS,1003877,215606,UNKNOWN,Unspecified,QUEENS,,,,,,,,40.758443362745105,-73.92915405225972,POINT (-73.92915405226 40.758443362745)
57927573,06/18/2023 12:53:40 AM,06/18/2023 01:01:07 AM,NYPD,New York City Police Department,Noise - Residential,Loud Music/Party,,Residential Building/House,11225,527 EAST NEW YORK AVENUE,EAST NEW YORK AVENUE,BROOKLYN AVENUE,KINGSTON AVENUE,BROOKLYN AVENUE,KINGSTON AVENUE,ADDRESS,BROOKLYN,EAST NEW YORK AVENUE,,Closed,,The Police Department responded to the complaint and took action to fix the condition.,06/18/2023 01:01:13 AM,09 BROOKLYN,40,Precinct 71,3013320074,BROOKLYN,999534,180441,ONLINE,Unspecified,BROOKLYN,,,,,,,,40.66193238724972,-73.94491044017315,POINT (-73.944910440173 40.66193238725)
57927366,06/17/2023 09:14:01 PM,06/17/2023 09:34:01 PM,NYPD,New York City Police Department,Noise - Commercial,Loud Music/Party,,Store/Commercial,10034,4892 BROADWAY,BROADWAY,WEST  204 STREET,WEST  207 STREET,WEST  204 STREET,WEST  207 STREET,ADDRESS,NEW YORK,BROADWAY,,Closed,,The Police Department responded to the complaint and determined that police action was not necessary.,06/17/2023 09:34:04 PM,12 MANHATTAN,10,Precinct 34,1022350005,MANHATTAN,1005676,255235,MOBILE,Unspecified,MANHATTAN,,,,,,,,40.86720968747772,-73.92253385348529,POINT (-73.922533853485 40.867209687478)
57936933,06/18/2023 11:07:22 AM,06/18/2023 12:33:35 PM,NYPD,New York City Police Department,Noise - Residential,Loud Talking,,Residential Building/House,11429,206-14 100 AVENUE,100 AVENUE,FRANCIS LEWIS BOULEVARD,207 STREET,FRANCIS LEWIS BOULEVARD,207 STREET,ADDRESS,QUEENS VILLAGE,100 AVENUE,,Closed,,The Police Department responded to the complaint and took action to fix the condition.,06/18/2023 12:33:38 PM,13 QUEENS,27,Precinct 105,4108740002,QUEENS,1052749,198814,ONLINE,Unspecified,QUEENS,,,,,,,,40.712110087801165,-73.75291643370333,POINT (-73.752916433703 40.712110087801)
57939588,06/18/2023 05:38:00 PM,06/18/2023 06:15:00 PM,DOT,Department of Transportation,Traffic Signal Condition,Controller,Operating Improperly,,10024,,,,,CENTRAL PARK WEST,WEST 89 STREET,INTERSECTION,MANHATTAN,,N/A,Closed,,Service Request status for this request is available on the Department of Transportationâs website. Please click the âLearn Moreâ link below.,06/18/2023 06:15:00 PM,07 MANHATTAN,06,Precinct 24,,MANHATTAN,993132,226085,UNKNOWN,Unspecified,MANHATTAN,,,,,,,,40.78722279822423,-73.9679255285525,POINT (-73.967925528552 40.787222798224)
57942252,06/19/2023 04:15:21 PM,06/20/2023 12:00:00 AM,DOB,Department of Buildings,Building/Use,Illegal. Commercial Use In Resident Zone,,,11229,77 BARTLETT PLACE,BARTLETT PLACE,,,,,ADDRESS,BROOKLYN,,,Closed,,"The Department of Buildings reviewed this complaint and closed it. If the problem still exists, please call 311 and file a new complaint. If you are outside of New York City, please call (212) NEW-YORK (212-639-9675).",06/20/2023 12:00:00 AM,15 BROOKLYN,46,Precinct 61,3089230890,BROOKLYN,1005107,154312,UNKNOWN,Unspecified,BROOKLYN,,,,,,,,40.59020242424103,-73.92490389898396,POINT (-73.924903898984 40.590202424241)
57932829,06/18/2023 04:53:00 PM,06/18/2023 08:00:00 PM,DEP,Department of Environmental Protection,Water System,No Water (WNW),WNW,,11221,1267 PUTNAM AVENUE,PUTNAM AVENUE,CENTRAL AVE,WILSON AVE,,,ADDRESS,BROOKLYN,,,Closed,,The Department of Environmental Protection investigated this complaint and determined it is an inside condition within the complainant's property.,06/18/2023 08:00:00 PM,04 BROOKLYN,37,Precinct 83,3033690165,BROOKLYN,1007941,191536,PHONE,Unspecified,BROOKLYN,,,,,,,,40.692367138543794,-73.91456931290232,POINT (-73.914569312902 40.692367138544)
59442057,09/29/2023 07:56:10 PM,09/30/2023 07:45:00 AM,DEP,Department of Environmental Protection,Sewer Maintenance,Backup,N/A,Sewer,11214,8629 25 AVENUE,25 AVENUE,86 STREET,BENSON AVENUE,86 STREET,BENSON AVENUE,ADDRESS,BROOKLYN,25 AVENUE,,Closed,,,09/30/2023 07:45:00 AM,11 BROOKLYN,43,Precinct 62,3068670028,BROOKLYN,987618,156874,PHONE,Unspecified,BROOKLYN,,,,,,,,40.5972584985863,-73.9878721596664,POINT (-73.987872159666 40.597258498586)
57928653,06/17/2023 11:27:35 PM,06/18/2023 12:25:10 AM,NYPD,New York City Police Department,Illegal Fireworks,N/A,,Residential Building/House,11411,120-12 229 STREET,229 STREET,120 AVENUE,FRANCIS LEWIS BOULEVARD,120 AVENUE,FRANCIS LEWIS BOULEVARD,ADDRESS,CAMBRIA HEIGHTS,229 STREET,,Closed,,The Police Department responded to the complaint and with the information available observed no evidence of the violation at that time.,06/18/2023 12:25:16 AM,13 QUEENS,27,Precinct 105,4128130033,QUEENS,1057731,189845,ONLINE,Unspecified,QUEENS,,,,,,,,40.687452417009006,-73.73504376324152,POINT (-73.735043763242 40.687452417009)
57943008,06/19/2023 07:44:00 AM,06/22/2023 12:00:00 PM,DEP,Department of Environmental Protection,Noise,Noise: Construction Before/After Hours (NM1),NM1,,11358,40-18 193 STREET,193 STREET,STATION RD,42 AVE,,,ADDRESS,FLUSHING,,N/A,Closed,,"The Department of Environmental Protection (DEP) didn't observe a violation of the NYC Air or Noise Code at the time of inspection and couldn't issue a summons.  If the problem still exists, please go to nyc.gov/311 or call 311 to file a new Service Request. If you're outside of New York City, please call (212) NEW-YORK (212-639-9675).",06/22/2023 12:00:00 PM,11 QUEENS,19,Precinct 111,4053570019,QUEENS,1042719,216552,ONLINE,Unspecified,QUEENS,,,,,,,,40.76086834015283,-73.78894145382073,POINT (-73.788941453821 40.760868340153)
57942684,06/19/2023 05:22:15 AM,06/19/2023 07:02:18 AM,DSNY,Department of Sanitation,Vendor Enforcement,Food Vendor,In Prohibited Area,Street,10001,410 10 AVENUE,10 AVENUE,LINCOLN TUNNEL APPROACH,10 AVENUE,LINCOLN TUNNEL APPROACH,10 AVENUE,ADDRESS,NEW YORK,10 AVENUE,,Closed,,N/A,06/19/2023 07:02:24 AM,04 MANHATTAN,03,Precinct 10,1007310001,MANHATTAN,984503,213908,ONLINE,Unspecified,MANHATTAN,,,,,,,,40.75380456634056,-73.99908683065986,POINT (-73.99908683066 40.753804566341)
57932910,06/18/2023 07:56:55 PM,06/18/2023 08:41:33 PM,NYPD,New York City Police Department,Illegal Parking,Commercial Overnight Parking,,Street/Sidewalk,10312,2 CARLYLE GREEN,CARLYLE GREEN,ARTHUR KILL ROAD,BEND,ARTHUR KILL ROAD,BEND,ADDRESS,STATEN ISLAND,CARLYLE GREEN,,Closed,,The Police Department responded to the complaint and determined that police action was not necessary.,06/18/2023 08:41:40 PM,03 STATEN ISLAND,51,Precinct 123,5060210176,STATEN ISLAND,928862,142282,ONLINE,Unspecified,STATEN ISLAND,,,,,,,,40.55703399883587,-74.19932689208612,POINT (-74.199326892086 40.557033998836)
57931965,06/18/2023 03:11:11 PM,06/18/2023 03:18:39 PM,DHS,Department of Homeless Services,Homeless Person Assistance,,,Subway,,,,,,,,ADDRESS,,,,Closed,,The Department of Homeless Services did not have enough information to act on your request.,06/18/2023 03:18:39 PM,Unspecified MANHATTAN,,Unspecified,,MANHATTAN,994025,227695,MOBILE,Unspecified,MANHATTAN,,,,C,,,Stairway,40.791640872995636,-73.964698405059,POINT (-73.964698405059 40.791640872996)
57941343,06/19/2023 01:08:18 PM,06/19/2023 01:46:12 PM,NYPD,New York City Police Department,Noise - Residential,Banging/Pounding,,Residential Building/House,10030,162 WEST  144 STREET,WEST  144 STREET,LENOX AVENUE,ADAM CLAYTON POWELL JR BOULEVARD,LENOX AVENUE,ADAM CLAYTON POWELL JR BOULEVARD,ADDRESS,NEW YORK,WEST  144 STREET,,Closed,,The Police Department responded to the complaint and with the information available observed no evidence of the violation at that time.,06/19/2023 01:46:15 PM,10 MANHATTAN,09,Precinct 32,1020120058,MANHATTAN,1001116,238303,ONLINE,Unspecified,MANHATTAN,,,,,,,,40.820746211868745,-73.93906320797221,POINT (-73.939063207972 40.820746211869)
57936753,06/18/2023 07:17:09 PM,06/18/2023 07:57:29 PM,NYPD,New York City Police Department,Noise - Residential,Loud Music/Party,,Residential Building/House,11106,33-02 34 AVENUE,34 AVENUE,33 STREET,34 STREET,33 STREET,34 STREET,ADDRESS,ASTORIA,34 AVENUE,,Closed,,The Police Department responded to the complaint and took action to fix the condition.,06/18/2023 07:57:34 PM,01 QUEENS,26,Precinct 114,4006100025,QUEENS,1004882,215756,ONLINE,Unspecified,QUEENS,,,,,,,,40.75885278615065,-73.92552592881476,POINT (-73.925525928815 40.758852786151)
57937833,06/19/2023 12:34:00 AM,06/20/2023 11:29:38 AM,DHS,Department of Homeless Services,Homeless Person Assistance,,,Subway,,,,,,,,ADDRESS,,,,Closed,,"The mobile outreach response team offered services to the individual, but the individual did not accept assistance.",06/20/2023 11:29:38 AM,Unspecified BROOKLYN,,Unspecified,,BROOKLYN,988391,190860,MOBILE,Unspecified,BROOKLYN,,,,2,2 3 to Flatbush - New Lots,,Platform,40.69054241475501,-73.98506780045183,POINT (-73.985067800452 40.690542414755)
57928365,06/17/2023 12:21:07 PM,06/17/2023 02:09:05 PM,DHS,Department of Homeless Services,Homeless Person Assistance,,,Street/Sidewalk,11377,43 STREET,43 STREET,43 STREET,48 AVENUE,43 STREET,48 AVENUE,INTERSECTION,QUEENS,,,Closed,,"The mobile outreach response team offered services to the individual, but the individual did not accept assistance.",06/17/2023 02:09:05 PM,02 QUEENS,26,Precinct 108,,QUEENS,1005796,208754,MOBILE,Unspecified,QUEENS,,,,,,,,40.73963188836379,-73.92224915417395,POINT (-73.922249154174 40.739631888364)
57934764,06/18/2023 10:19:07 PM,06/18/2023 11:09:19 PM,NYPD,New York City Police Department,Noise - Residential,Loud Music/Party,,Residential Building/House,11238,475 PARK PLACE,PARK PLACE,GRAND AVENUE,CLASSON AVENUE,GRAND AVENUE,CLASSON AVENUE,ADDRESS,BROOKLYN,PARK PLACE,,Closed,,The Police Department responded to the complaint and with the information available observed no evidence of the violation at that time.,06/18/2023 11:09:22 PM,08 BROOKLYN,35,Precinct 77,3011620081,BROOKLYN,994803,185300,ONLINE,Unspecified,BROOKLYN,,,,,,,,40.675276159895056,-73.96195521967812,POINT (-73.961955219678 40.675276159895)
57938949,06/19/2023 12:54:35 AM,06/19/2023 09:30:10 AM,NYPD,New York City Police Department,Blocked Driveway,No Access,,Street/Sidewalk,11421,74-36 PARKLANE SOUTH,PARKLANE SOUTH,DEAD END,76 STREET,DEAD END,76 STREET,ADDRESS,WOODHAVEN,PARK LANE SOUTH,,Closed,,The Police Department responded and upon arrival those responsible for the condition were gone.,06/19/2023 09:30:14 AM,09 QUEENS,32,Precinct 102,4088390005,QUEENS,1020819,192431,PHONE,Unspecified,QUEENS,,,,,,,,40.694779861346326,-73.8681259324235,POINT (-73.868125932423 40.694779861346)
57929967,06/18/2023 12:58:50 AM,06/18/2023 01:38:03 AM,NYPD,New York City Police Department,Noise - Commercial,Loud Music/Party,,Club/Bar/Restaurant,10013,113 MULBERRY STREET,MULBERRY STREET,CANAL STREET,HESTER STREET,CANAL STREET,HESTER STREET,ADDRESS,NEW YORK,MULBERRY STREET,,Closed,,The Police Department responded to the complaint and took action to fix the condition.,06/18/2023 01:38:05 AM,02 MANHATTAN,01,Precinct 5,1002060023,MANHATTAN,984730,200729,ONLINE,Unspecified,MANHATTAN,,,,,,,,40.717631454860836,-73.99826844509361,POINT (-73.998268445094 40.717631454861)
57939705,06/18/2023 09:44:50 AM,06/18/2023 10:09:38 AM,NYPD,New York City Police Department,Illegal Parking,Blocked Crosswalk,,Street/Sidewalk,11201,57 WILLOUGHBY STREET,WILLOUGHBY STREET,JAY STREET,LAWRENCE STREET,JAY STREET,LAWRENCE STREET,ADDRESS,BROOKLYN,WILLOUGHBY STREET,,Closed,,The Police Department issued a summons in response to the complaint.,06/18/2023 10:09:43 AM,02 BROOKLYN,33,Precinct 84,3001470036,BROOKLYN,987948,191470,MOBILE,Unspecified,BROOKLYN,,,,,,,,40.692216920214854,-73.98666489720736,POINT (-73.986664897207 40.692216920215)
57927879,06/17/2023 09:11:56 AM,10/11/2023 09:51:11 AM,HPD,Department of Housing Preservation and Development,PLUMBING,BASIN/SINK,DRAIN PIPE BLOCKED OR BROKEN,RESIDENTIAL BUILDING,11226,222 EAST   17 STREET,EAST   17 STREET,,,,,ADDRESS,BROOKLYN,,,Closed,,The Department of Housing Preservation and Development inspected the following conditions. No violations were issued. The complaint has been closed.,10/11/2023 12:00:00 AM,14 BROOKLYN,40,Precinct 70,3051200026,BROOKLYN,994429,174456,ONLINE,Unspecified,BROOKLYN,,,,,,,,40.64551221057018,-73.96331990259071,POINT (-73.963319902591 40.64551221057)
57941811,06/19/2023 04:26:11 PM,06/22/2023 06:18:00 PM,HPD,Department of Housing Preservation and Development,UNSANITARY CONDITION,MOLD,N/A,RESIDENTIAL BUILDING,11226,31 EAST   31 STREET,EAST   31 STREET,,,,,ADDRESS,BROOKLYN,,,Closed,,The Department of Housing Preservation and Development inspected the following conditions. Violations were issued. Information about specific violations is available at www.nyc.gov/hpd,06/22/2023 12:00:00 AM,17 BROOKLYN,40,Precinct 67,3048850054,BROOKLYN,998541,176104,PHONE,Unspecified,BROOKLYN,,,,,,,,40.65002993245494,-73.94849879338881,POINT (-73.948498793389 40.650029932455)
57943332,06/19/2023 02:48:41 PM,06/19/2023 10:51:13 PM,NYPD,New York City Police Department,Noise - Residential,Loud Music/Party,,Residential Building/House,10457,1654 MONROE AVENUE,MONROE AVENUE,EAST MOUNT EDEN AVENUE,EAST  173 STREET,EAST MOUNT EDEN AVENUE,EAST  173 STREET,ADDRESS,BRONX,MONROE AVENUE,,Closed,,The Police Department responded to the complaint and took action to fix the condition.,06/19/2023 10:51:17 PM,04 BRONX,15,Precinct 44,2027910005,BRONX,1010037,246441,ONLINE,Unspecified,BRONX,,,,,,,,40.84306113235555,-73.90680040695833,POINT (-73.906800406958 40.843061132356)
57928230,06/17/2023 10:36:19 PM,06/04/2024 12:50:26 AM,DOHMH,Department of Health and Mental Hygiene,Food Establishment,Rodents/Insects/Garbage,Rodent Infestation,Restaurant/Bar/Deli/Bakery,11201,82 COURT STREET,COURT STREET,LIVINGSTON STREET,SCHERMERHORN STREET,LIVINGSTON STREET,SCHERMERHORN STREET,ADDRESS,BROOKLYN,COURT STREET,,Closed,,This SR was administratively closed. The issue you reported was addressed.,06/04/2024 12:50:29 AM,02 BROOKLYN,33,Precinct 84,3002680049,BROOKLYN,986585,191154,PHONE,Unspecified,BROOKLYN,,,,,,,,40.69135003771613,-73.99158002700919,POINT (-73.991580027009 40.691350037716)
57941010,06/19/2023 08:11:19 AM,07/12/2023 02:54:00 PM,EDC,Economic Development Corporation,Noise - Helicopter,Other,Flying Too Low,Above Address,10023,53 WEST   74 STREET,WEST   74 STREET,CENTRAL PARK WEST,COLUMBUS AVENUE,CENTRAL PARK WEST,COLUMBUS AVENUE,ADDRESS,NEW YORK,WEST   74 STREET,,Closed,,"The New York City Economic Development Corporation determined that this issue is not within its jurisdiction because the helicopter did not belong to a tour company departing from a NYC heliport.Â  Instead, it was most likely a law enforcement or news gathering helicopter not subject to the routing protocols established for tour helicopters. It may also have been a helicopter that departed as a charter or tour from another City but flew over NYC airspace. Helicopter tours originating from outside NYC are not subject to the same City regulations as tours departing from heliports managed by NYCEDC. Any City regulation of these flights is pre-empted by federal law and subject only to the jurisdiction of the Federal Aviation Administration. To file a complaint with the FAA, you can contact the New York Flight Standards District Office at the following web address:Â https://www.faa.gov/about/office_org/field_offices/fsdo/",07/12/2023 02:54:04 PM,07 MANHATTAN,06,Precinct 20,1011270007,MANHATTAN,990767,222783,ONLINE,Unspecified,MANHATTAN,,,,,,,,40.77816174611084,-73.97646916407886,POINT (-73.976469164079 40.778161746111)
57930075,06/17/2023 08:03:14 PM,06/17/2023 08:17:29 PM,NYPD,New York City Police Department,Noise - Residential,Loud Music/Party,,Residential Building/House,10003,101 EAST   10 STREET,EAST   10 STREET,3 AVENUE,STUYVESANT STREET,3 AVENUE,STUYVESANT STREET,ADDRESS,NEW YORK,EAST   10 STREET,,Closed,,The Police Department responded to the complaint and took action to fix the condition.,06/17/2023 08:17:35 PM,03 MANHATTAN,02,Precinct 9,1004667501,MANHATTAN,987356,205463,ONLINE,Unspecified,MANHATTAN,,,,,,,,40.730624604945206,-73.98879321204096,POINT (-73.988793212041 40.730624604945)
57939597,06/18/2023 03:40:00 PM,06/18/2023 05:50:00 PM,DOT,Department of Transportation,Traffic Signal Condition,Telco Connection Blk,Operating Improperly,,11370,,,,,30 AVENUE,70 STREET,INTERSECTION,QUEENS,,N/A,Closed,,Service Request status for this request is available on the Department of Transportationâs website. Please click the âLearn Moreâ link below.,06/18/2023 05:50:00 PM,03 QUEENS,22,Precinct 115,,QUEENS,1012631,216198,UNKNOWN,Unspecified,QUEENS,,,,,,,,40.76004448372803,-73.89755299254857,POINT (-73.897552992549 40.760044483728)
57940767,06/19/2023 09:37:56 AM,06/20/2023 08:38:00 AM,DPR,Department of Parks and Recreation,Overgrown Tree/Branches,Hitting Power Lines,Power Lines,Street,11422,144 AVENUE,144 AVENUE,144 AVENUE,243 STREET,144 AVENUE,243 STREET,INTERSECTION,,,,Closed,,No action was taken because NYC Parks determined that the issue is out of its jurisdiction. The condition may be on private property or in an area serviced by another organization.,06/20/2023 08:38:05 AM,13 QUEENS,31,Precinct 105,,QUEENS,1056568,179960,PHONE,Unspecified,QUEENS,,,,,,,,40.6603300131769,-73.7393433194262,POINT (-73.739343319426 40.660330013177)
57927141,06/17/2023 10:28:39 AM,06/17/2023 01:39:25 PM,NYPD,New York City Police Department,Illegal Parking,Blocked Sidewalk,,Street/Sidewalk,10473,456 BARRETT AVENUE,BARRETT AVENUE,DEAD END,LACOMBE AVENUE,DEAD END,LACOMBE AVENUE,ADDRESS,BRONX,BARRETT AVENUE,,Closed,,The Police Department responded to the complaint and determined that police action was not necessary.,06/17/2023 01:39:28 PM,09 BRONX,18,Precinct 43,2034780043,BRONX,1024472,236556,PHONE,Unspecified,BRONX,,,,,,,,40.8158757222993,-73.85468865174131,POINT (-73.854688651741 40.815875722299)
57939858,06/18/2023 05:14:42 PM,06/18/2023 05:31:14 PM,NYPD,New York City Police Department,Blocked Driveway,No Access,,Street/Sidewalk,11235,738 OCEANVIEW AVENUE,OCEANVIEW AVENUE,BRIGHTON    8 PLACE,CONEY ISLAND AVENUE,BRIGHTON    8 PLACE,CONEY ISLAND AVENUE,ADDRESS,BROOKLYN,OCEAN VIEW AVENUE,,Closed,,The Police Department responded to the complaint and with the information available observed no evidence of the violation at that time.,06/18/2023 05:31:19 PM,13 BROOKLYN,48,Precinct 60,3086780056,BROOKLYN,995294,150581,MOBILE,Unspecified,BROOKLYN,,,,,,,,40.57997923053122,-73.96024191792384,POINT (-73.960241917924 40.579979230531)
57928401,06/17/2023 08:31:12 AM,06/17/2023 10:42:46 AM,NYPD,New York City Police Department,Illegal Parking,Blocked Hydrant,,Street/Sidewalk,11355,46-27 ROBINSON STREET,ROBINSON STREET,HOLLY AVENUE,LABURNUM AVENUE,HOLLY AVENUE,LABURNUM AVENUE,ADDRESS,FLUSHING,ROBINSON STREET,,Closed,,The Police Department responded and upon arrival those responsible for the condition were gone.,06/17/2023 10:42:52 AM,07 QUEENS,20,Precinct 109,4052100041,QUEENS,1035008,213071,PHONE,Unspecified,QUEENS,,,,,,,,40.75136153488829,-73.81680243748431,POINT (-73.816802437484 40.751361534888)
57930030,06/17/2023 09:27:10 AM,06/17/2023 10:00:16 AM,NYPD,New York City Police Department,Noise - Residential,Banging/Pounding,,Residential Building/House,11209,7201 RIDGE BOULEVARD,RIDGE BOULEVARD,72 STREET,73 STREET,72 STREET,73 STREET,ADDRESS,BROOKLYN,RIDGE BOULEVARD,,Closed,,The Police Department responded to the complaint and took action to fix the condition.,06/17/2023 10:00:23 AM,10 BROOKLYN,47,Precinct 68,3059070006,BROOKLYN,976016,170279,MOBILE,Unspecified,BROOKLYN,,,,,,,,40.63404926192071,-74.02966617941425,POINT (-74.029666179414 40.634049261921)
57932658,06/18/2023 06:11:03 PM,06/20/2023 01:28:38 PM,HPD,Department of Housing Preservation and Development,UNSANITARY CONDITION,MOLD,N/A,RESIDENTIAL BUILDING,11249,118 METROPOLITAN AVENUE,METROPOLITAN AVENUE,,,,,ADDRESS,BROOKLYN,,,Closed,,The Department of Housing Preservation and Development contacted an occupant of the apartment or building and verified that the complaint was addressed.  The complaint has been closed.,06/20/2023 12:00:00 AM,01 BROOKLYN,34,Precinct 90,3023640001,BROOKLYN,994557,200294,PHONE,Unspecified,BROOKLYN,,,,,,,,40.716431493258106,-73.96281913407948,POINT (-73.962819134079 40.716431493258)
57937149,06/18/2023 10:48:53 PM,06/18/2023 10:49:59 PM,NYPD,New York City Police Department,Noise - Vehicle,Car/Truck Music,,Street/Sidewalk,10452,1183 NELSON AVENUE,NELSON AVENUE,WEST  167 STREET,WEST  168 STREET,WEST  167 STREET,WEST  168 STREET,ADDRESS,BRONX,NELSON AVENUE,,Closed,,The Police Department responded to the complaint and took action to fix the condition.,06/18/2023 10:50:04 PM,04 BRONX,16,Precinct 44,,BRONX,1004816,244326,ONLINE,Unspecified,BRONX,,,,,,,,40.837269778536616,-73.92567666473808,POINT (-73.925676664738 40.837269778537)
57928995,06/17/2023 02:57:00 PM,06/21/2023 02:48:22 PM,HPD,Department of Housing Preservation and Development,DOOR/WINDOW,DOOR,LOCK BROKEN OR MISSING,RESIDENTIAL BUILDING,10453,2200 AQUEDUCT AVENUE EAST,AQUEDUCT AVENUE EAST,,,,,ADDRESS,BRONX,,,Closed,,"The Department of Housing Preservation and Development contacted an occupant of the apartment and verified that the following conditions were corrected. The complaint has been closed. If the condition still exists, please file a new complaint.",06/21/2023 12:00:00 AM,05 BRONX,14,Precinct 46,2032070040,BRONX,1009707,251921,PHONE,Unspecified,BRONX,,,,,,,,40.858103058610766,-73.90797228726721,POINT (-73.907972287267 40.858103058611)
57932937,06/18/2023 07:17:04 AM,06/18/2023 07:59:34 AM,NYPD,New York City Police Department,Illegal Parking,Blocked Hydrant,,Street/Sidewalk,11204,1464 WEST    5 STREET,WEST    5 STREET,65 STREET,AVENUE O,65 STREET,AVENUE O,ADDRESS,BROOKLYN,WEST    5 STREET,,Closed,,The Police Department responded to the complaint and with the information available observed no evidence of the violation at that time.,06/18/2023 07:59:45 AM,11 BROOKLYN,43,Precinct 62,3065790038,BROOKLYN,989987,162067,MOBILE,Unspecified,BROOKLYN,,,,,,,,40.611511007888105,-73.97933721048216,POINT (-73.979337210482 40.611511007888)
57941631,06/19/2023 06:42:41 PM,06/19/2023 11:37:52 PM,NYPD,New York City Police Department,Noise - Vehicle,Car/Truck Music,,Street/Sidewalk,10452,1496 INWOOD AVENUE,INWOOD AVENUE,WEST  172 STREET,GOBLE PLACE,WEST  172 STREET,GOBLE PLACE,ADDRESS,BRONX,INWOOD AVENUE,,Closed,,The Police Department responded to the complaint and with the information available observed no evidence of the violation at that time.,06/19/2023 11:37:58 PM,04 BRONX,16,Precinct 44,2028590004,BRONX,1007135,246335,ONLINE,Unspecified,BRONX,,,,,,,,40.842778191198015,-73.91728919495712,POINT (-73.917289194957 40.842778191198)
57927123,06/17/2023 08:51:53 AM,06/17/2023 09:38:58 AM,NYPD,New York City Police Department,Illegal Parking,Blocked Hydrant,,Street/Sidewalk,11209,339 73 STREET,73 STREET,3 AVENUE,4 AVENUE,3 AVENUE,4 AVENUE,ADDRESS,BROOKLYN,73 STREET,,Closed,,The Police Department issued a summons in response to the complaint.,06/17/2023 09:39:02 AM,10 BROOKLYN,47,Precinct 68,3059080061,BROOKLYN,977010,169737,MOBILE,Unspecified,BROOKLYN,,,,,,,,40.63256245512896,-74.02608432752804,POINT (-74.026084327528 40.632562455129)
57929868,06/17/2023 11:28:59 PM,06/18/2023 12:52:40 AM,NYPD,New York City Police Department,Noise - Residential,Loud Music/Party,,Residential Building/House,11416,106-09 95 AVENUE,95 AVENUE,106 STREET,107 STREET,106 STREET,107 STREET,ADDRESS,OZONE PARK,95 AVENUE,,Closed,,The Police Department responded to the complaint and determined that police action was not necessary.,06/18/2023 12:52:48 AM,09 QUEENS,29,Precinct 102,4093880023,QUEENS,1029037,190581,ONLINE,Unspecified,QUEENS,,,,,,,,40.68966427375357,-73.83850277971572,POINT (-73.838502779716 40.689664273754)
57935187,06/18/2023 06:48:43 AM,06/18/2023 08:28:18 AM,NYPD,New York City Police Department,Illegal Parking,Blocked Hydrant,,Street/Sidewalk,11356,121-07 7 AVENUE,7 AVENUE,COLLEGE PLACE,COLLEGE POINT BOULEVARD,COLLEGE PLACE,COLLEGE POINT BOULEVARD,ADDRESS,COLLEGE POINT,7 AVENUE,,Closed,,The Police Department responded to the complaint and took action to fix the condition.,06/18/2023 08:28:22 AM,07 QUEENS,19,Precinct 109,4039410072,QUEENS,1026588,227464,MOBILE,Unspecified,QUEENS,,,,,,,,40.79091082881806,-73.84710145719467,POINT (-73.847101457195 40.790910828818)
57939030,06/18/2023 11:01:19 PM,06/18/2023 11:02:33 PM,NYPD,New York City Police Department,Illegal Fireworks,N/A,,Residential Building/House,10040,35 HILLSIDE AVENUE,HILLSIDE AVENUE,BOGARDUS PLACE,ELLWOOD STREET,BOGARDUS PLACE,ELLWOOD STREET,ADDRESS,NEW YORK,HILLSIDE AVENUE,,Closed,,The Police Department responded to the complaint and with the information available observed no evidence of the violation at that time.,06/18/2023 11:02:37 PM,12 MANHATTAN,10,Precinct 34,1021700112,MANHATTAN,1003721,252074,ONLINE,Unspecified,MANHATTAN,,,,,,,,40.8585382289902,-73.92961137673909,POINT (-73.929611376739 40.85853822899)
57942792,06/19/2023 01:58:00 PM,06/20/2023 12:51:00 AM,DSNY,Department of Sanitation,Derelict Vehicles,Derelict Vehicles,,Street,10306,151 TYSENS LANE,TYSENS LANE,DALTON AVENUE,SHADOW LANE,,,ADDRESS,STATEN ISLAND,,,Closed,,The owner claimed the vehicle.Â Your request is now closed and no further action will be taken.,06/20/2023 12:00:00 PM,03 STATEN ISLAND,50,Precinct 122,5043440024,STATEN ISLAND,948743,147186,PHONE,Unspecified,STATEN ISLAND,,,,,,,,40.57059640307658,-74.12780626391252,POINT (-74.127806263913 40.570596403077)
57943152,06/19/2023 10:14:29 PM,06/20/2023 11:17:45 AM,DSNY,Department of Sanitation,Dirty Condition,Trash,Littering,Sidewalk,11373,40-50 82 STREET,82 STREET,ITHACA STREET,BAXTER AVENUE,ITHACA STREET,BAXTER AVENUE,ADDRESS,ELMHURST,82 STREET,,Closed,,The Department of Sanitation investigated this complaint and found no condition at the location.,06/20/2023 11:17:49 AM,04 QUEENS,25,Precinct 110,4014920029,QUEENS,1016468,211240,MOBILE,Unspecified,QUEENS,,,,,,,,40.746422893550246,-73.88372632959945,POINT (-73.883726329599 40.74642289355)
57933297,06/18/2023 04:45:40 PM,06/18/2023 05:19:24 PM,NYPD,New York City Police Department,Noise - Residential,Loud Music/Party,,Residential Building/House,11366,75-19 183 STREET,183 STREET,75 AVENUE,UNION TURNPIKE,75 AVENUE,UNION TURNPIKE,ADDRESS,FRESH MEADOWS,183 STREET,,Closed,,The Police Department responded to the complaint and took action to fix the condition.,06/18/2023 05:19:29 PM,08 QUEENS,24,Precinct 107,4072000078,QUEENS,1043448,205117,ONLINE,Unspecified,QUEENS,,,,,,,,40.7294773714308,-73.78641060277302,POINT (-73.786410602773 40.729477371431)
57939084,06/19/2023 12:22:45 AM,06/19/2023 12:39:42 AM,NYPD,New York City Police Department,Noise - Residential,Loud Music/Party,,Residential Building/House,10032,83 ST NICHOLAS PLACE,ST NICHOLAS PLACE,WEST  153 STREET,EDGECOMBE AVENUE,WEST  153 STREET,EDGECOMBE AVENUE,ADDRESS,NEW YORK,ST NICHOLAS PLACE,,Closed,,The Police Department responded to the complaint and took action to fix the condition.,06/19/2023 12:39:47 AM,09 MANHATTAN,09,Precinct 30,1020690011,MANHATTAN,1000674,241561,ONLINE,Unspecified,MANHATTAN,,,,,,,,40.82968932642495,-73.94065217670709,POINT (-73.940652176707 40.829689326425)
57928635,06/17/2023 10:52:10 PM,06/17/2023 11:22:02 PM,NYPD,New York City Police Department,Noise - Residential,Loud Music/Party,,Residential Building/House,11221,66 HIMROD STREET,HIMROD STREET,EVERGREEN AVENUE,CENTRAL AVENUE,EVERGREEN AVENUE,CENTRAL AVENUE,ADDRESS,BROOKLYN,HIMROD STREET,,Closed,,The Police Department responded to the complaint and with the information available observed no evidence of the violation at that time.,06/17/2023 11:22:06 PM,04 BROOKLYN,37,Precinct 83,3032750020,BROOKLYN,1005261,192720,MOBILE,Unspecified,BROOKLYN,,,,,,,,40.69562371141428,-73.92422980114233,POINT (-73.924229801142 40.695623711414)
57930534,06/18/2023 01:19:23 AM,06/18/2023 02:22:11 AM,NYPD,New York City Police Department,Noise - Residential,Loud Music/Party,,Residential Building/House,11429,219-19 107 AVENUE,107 AVENUE,219 STREET,220 STREET,219 STREET,220 STREET,ADDRESS,QUEENS VILLAGE,107 AVENUE,,Closed,,The Police Department responded to the complaint and took action to fix the condition.,06/18/2023 02:22:15 AM,13 QUEENS,27,Precinct 105,4111640001,QUEENS,1057331,197975,MOBILE,Unspecified,QUEENS,,,,,,,,40.70977058188978,-73.73639785015344,POINT (-73.736397850153 40.70977058189)
57939354,06/18/2023 03:24:50 AM,06/18/2023 03:57:49 AM,NYPD,New York City Police Department,Noise - Residential,Loud Talking,,Residential Building/House,10469,2560 HERING AVENUE,HERING AVENUE,MACE AVENUE,ALLERTON AVENUE,MACE AVENUE,ALLERTON AVENUE,ADDRESS,BRONX,HERING AVENUE,,Closed,,The Police Department responded to the complaint and took action to fix the condition.,06/18/2023 03:57:53 AM,11 BRONX,13,Precinct 49,2044580030,BRONX,1024670,254034,ONLINE,Unspecified,BRONX,,,,,,,,40.86384677299454,-73.85386799462493,POINT (-73.853867994625 40.863846772995)
57931695,06/18/2023 08:49:00 PM,,TLC,Taxi and Limousine Commission,Taxi Report,Driver Report - Passenger,Fare/Tip Complaint - Credit Card,,11430,JFK,JFK,BEND,AIRTRAIN-HOWARD BCH/JAMAICA LINE,BEND,AIRTRAIN-HOWARD BCH/JAMAICA LINE,UNRECOGNIZED,JAMAICA,JOHN F KENNEDY AIRPORT,,In Progress,,,,83 QUEENS,31,Precinct 113,4142600001,QUEENS,1043001,175548,PHONE,Unspecified,QUEENS,,,"JOHN F KENNEDY AIRPORT, QUEENS (JAMAICA) ,NY, 11430",,,,,40.64832048620134,-73.78828125130184,POINT (-73.788281251302 40.648320486201)
57941532,06/19/2023 10:29:44 PM,06/20/2023 12:30:40 AM,NYPD,New York City Police Department,Illegal Parking,Commercial Overnight Parking,,Street/Sidewalk,11229,2224 AVENUE P,AVENUE P,EAST   22 STREET,EAST   23 STREET,EAST   22 STREET,EAST   23 STREET,ADDRESS,BROOKLYN,AVENUE P,,Closed,,The Police Department responded to the complaint and with the information available observed no evidence of the violation at that time.,06/20/2023 12:30:46 AM,15 BROOKLYN,48,Precinct 61,3067850010,BROOKLYN,997762,161941,MOBILE,Unspecified,BROOKLYN,,,,,,,,40.611156718815764,-73.95133447062723,POINT (-73.951334470627 40.611156718816)
57928104,06/17/2023 09:14:12 PM,06/30/2023 02:42:19 PM,DPR,Department of Parks and Recreation,Maintenance or Facility,Graffiti or Vandalism,Restroom/Comfort Station,Park,10457,1700 CROTONA AVENUE,CROTONA AVENUE,CLAREMONT PARKWAY,CROTONA PARK NORTH,CLAREMONT PARKWAY,CROTONA PARK NORTH,ADDRESS,BRONX,CROTONA AVENUE,,Closed,,NYC Parks has completed the requested work order and corrected the problem.,06/30/2023 02:42:25 PM,03 BRONX,15,Precinct 42,2029420001,BRONX,1013069,245178,UNKNOWN,Unspecified,BRONX,,,,,,,,40.83958519358223,-73.89584756419795,POINT (-73.895847564198 40.839585193582)
57930984,06/17/2023 11:25:22 PM,06/17/2023 11:41:38 PM,NYPD,New York City Police Department,Noise - Residential,Loud Music/Party,,Residential Building/House,10465,438 CALHOUN AVENUE,CALHOUN AVENUE,SAMPSON AVENUE,DEWEY AVENUE,SAMPSON AVENUE,DEWEY AVENUE,ADDRESS,BRONX,CALHOUN AVENUE,,Closed,,The Police Department responded to the complaint and took action to fix the condition.,06/17/2023 11:41:41 PM,10 BRONX,13,Precinct 45,2055770062,BRONX,1033980,238316,ONLINE,Unspecified,BRONX,,,,,,,,40.82065800977476,-73.82032583117234,POINT (-73.820325831172 40.820658009775)
57932730,06/19/2023 12:35:32 AM,06/20/2023 10:41:00 AM,DOT,Department of Transportation,Street Condition,Pothole,,,11373,GRAND AVENUE,GRAND AVENUE,GOLDSMITH STREET,SIMONSON STREET,,,BLOCKFACE,QUEENS,,N/A,Closed,,The Department of Transportation inspected this complaint and repaired the problem.,06/20/2023 10:41:00 AM,04 QUEENS,,Precinct 110,,QUEENS,,,UNKNOWN,Unspecified,QUEENS,,,,,,,,,,
57929310,06/17/2023 10:16:30 AM,06/29/2023 01:25:45 PM,DOT,Department of Transportation,Curb Condition,Broken Curb,City-Owned,Sidewalk,11368,41-15 104 STREET,104 STREET,41 AVENUE,42 AVENUE,41 AVENUE,42 AVENUE,ADDRESS,CORONA,104 STREET,,Closed,,"The Department of Transportation inspected the condition you reported. You can find additional information in the ""Notes to Customer"" field.",06/29/2023 01:25:48 PM,04 QUEENS,21,Precinct 110,4019850001,QUEENS,1022700,212183,MOBILE,Unspecified,QUEENS,,,,,,,,40.748986287314935,-73.86122989595209,POINT (-73.861229895952 40.748986287315)
57934827,06/18/2023 09:36:04 PM,06/18/2023 10:11:38 PM,NYPD,New York City Police Department,Noise - Residential,Loud Music/Party,,Residential Building/House,10467,3220 STEUBEN AVENUE,STEUBEN AVENUE,EAST MOSHOLU PARKWAY NORTH,EAST  208 STREET,EAST MOSHOLU PARKWAY NORTH,EAST  208 STREET,ADDRESS,BRONX,STEUBEN AVENUE,,Closed,,The Police Department responded to the complaint and took action to fix the condition.,06/18/2023 10:11:41 PM,07 BRONX,11,Precinct 52,2033360055,BRONX,1016960,258943,ONLINE,Unspecified,BRONX,,,,,,,,40.877352399506094,-73.88171825647626,POINT (-73.881718256476 40.877352399506)
57935214,06/18/2023 10:59:29 PM,06/18/2023 11:13:15 PM,NYPD,New York City Police Department,Noise - Residential,Loud Music/Party,,Residential Building/House,10040,1 BROADWAY TERRACE,BROADWAY TERRACE,FAIRVIEW AVENUE,WEST  193 STREET,FAIRVIEW AVENUE,WEST  193 STREET,ADDRESS,NEW YORK,BROADWAY TERRACE,,Closed,,The Police Department responded to the complaint and with the information available observed no evidence of the violation at that time.,06/18/2023 11:13:20 PM,12 MANHATTAN,10,Precinct 34,1021700506,MANHATTAN,1003227,251522,ONLINE,Unspecified,MANHATTAN,,,,,,,,40.857024230537526,-73.93139877308022,POINT (-73.93139877308 40.857024230538)
57927177,06/17/2023 10:59:33 AM,06/17/2023 01:56:54 PM,NYPD,New York City Police Department,Illegal Parking,Posted Parking Sign Violation,,Street/Sidewalk,11235,135 PEMBROKE STREET,PEMBROKE STREET,SHORE BOULEVARD,DEAD END,SHORE BOULEVARD,DEAD END,ADDRESS,BROOKLYN,PEMBROKE STREET,,Closed,,The Police Department responded to the complaint and took action to fix the condition.,06/17/2023 01:56:59 PM,15 BROOKLYN,48,Precinct 61,3087600089,BROOKLYN,1001737,150573,MOBILE,Unspecified,BROOKLYN,,,,,,,,40.579946904119424,-73.93704733061087,POINT (-73.937047330611 40.579946904119)
57930642,06/17/2023 02:20:35 PM,06/17/2023 07:35:55 PM,NYPD,New York City Police Department,Illegal Parking,Posted Parking Sign Violation,,Street/Sidewalk,11379,58-02 84 STREET,84 STREET,58 AVENUE,58 AVENUE,58 AVENUE,58 AVENUE,ADDRESS,MIDDLE VILLAGE,84 STREET,,Closed,,The Police Department responded to the complaint and determined that police action was not necessary.,06/17/2023 07:35:59 PM,05 QUEENS,30,Precinct 104,4029100008,QUEENS,1018162,205036,MOBILE,Unspecified,QUEENS,,,,,,,,40.729388132461494,-73.87764402316037,POINT (-73.87764402316 40.729388132461)
57934485,06/18/2023 09:24:24 PM,06/18/2023 09:41:09 PM,NYPD,New York City Police Department,Noise - Residential,Loud Music/Party,,Residential Building/House,10473,545 BOLTON AVENUE,BOLTON AVENUE,LACOMBE AVENUE,RANDALL AVENUE,LACOMBE AVENUE,RANDALL AVENUE,ADDRESS,BRONX,BOLTON AVENUE,,Closed,,The Police Department responded to the complaint and took action to fix the condition.,06/18/2023 09:41:14 PM,09 BRONX,18,Precinct 43,2035260160,BRONX,1023550,236782,PHONE,Unspecified,BRONX,,,,,,,,40.81650017799795,-73.85801826231567,POINT (-73.858018262316 40.816500177998)
57941559,06/19/2023 10:07:02 PM,06/19/2023 10:58:38 PM,NYPD,New York City Police Department,Illegal Parking,Overnight Commercial Storage,,Street/Sidewalk,10308,368 LEVERETT AVENUE,LEVERETT AVENUE,BROOKFIELD AVENUE,ABINGDON AVENUE,BROOKFIELD AVENUE,ABINGDON AVENUE,ADDRESS,STATEN ISLAND,LEVERETT AVENUE,,Closed,,The Police Department responded to the complaint and determined that police action was not necessary.,06/19/2023 10:58:42 PM,03 STATEN ISLAND,51,Precinct 122,5054560001,STATEN ISLAND,940231,141938,ONLINE,Unspecified,STATEN ISLAND,,,,,,,,40.55615350709407,-74.15841070344744,POINT (-74.158410703447 40.556153507094)
57939525,06/18/2023 07:27:23 PM,06/18/2023 07:47:15 PM,NYPD,New York City Police Department,Noise - Street/Sidewalk,Loud Music/Party,,Street/Sidewalk,11208,675 ESSEX STREET,ESSEX STREET,NEW LOTS AVENUE,HEGEMAN AVENUE,NEW LOTS AVENUE,HEGEMAN AVENUE,ADDRESS,BROOKLYN,ESSEX STREET,,Closed,,The Police Department responded to the complaint and took action to fix the condition.,06/18/2023 07:47:20 PM,05 BROOKLYN,42,Precinct 75,3043160072,BROOKLYN,1017652,182272,MOBILE,Unspecified,BROOKLYN,,,,,,,,40.6669082596962,-73.87959701608013,POINT (-73.87959701608 40.666908259696)
57934692,06/18/2023 11:52:04 AM,06/18/2023 12:10:32 PM,NYPD,New York City Police Department,Noise - Vehicle,Car/Truck Music,,Street/Sidewalk,11208,1155 GLENMORE AVENUE,GLENMORE AVENUE,SHERIDAN AVENUE,GRANT AVENUE,SHERIDAN AVENUE,GRANT AVENUE,ADDRESS,BROOKLYN,GLENMORE AVENUE,,Closed,,The Police Department responded and upon arrival those responsible for the condition were gone.,06/18/2023 12:10:39 PM,05 BROOKLYN,37,Precinct 75,3042030042,BROOKLYN,1021343,186151,ONLINE,Unspecified,BROOKLYN,,,,,,,,40.67754053810212,-73.8662708750648,POINT (-73.866270875065 40.677540538102)
57940479,06/18/2023 11:45:43 PM,06/19/2023 12:24:28 AM,NYPD,New York City Police Department,Noise - Residential,Loud Music/Party,,Residential Building/House,10456,210 EAST  166 STREET,EAST  166 STREET,SHERIDAN AVENUE,SHERMAN AVENUE,SHERIDAN AVENUE,SHERMAN AVENUE,ADDRESS,BRONX,EAST  166 STREET,,Closed,,The Police Department responded to the complaint and with the information available observed no evidence of the violation at that time.,06/19/2023 12:24:31 AM,04 BRONX,16,Precinct 44,2024560051,BRONX,1006996,242132,MOBILE,Unspecified,BRONX,,,,,,,,40.83124253823553,-73.91780582096976,POINT (-73.91780582097 40.831242538236)
57938688,06/18/2023 07:26:03 PM,06/18/2023 07:52:45 PM,NYPD,New York City Police Department,Illegal Parking,Double Parked Blocking Vehicle,,Street/Sidewalk,10037,630 LENOX AVENUE,LENOX AVENUE,WEST  141 STREET,WEST  142 STREET,WEST  141 STREET,WEST  142 STREET,ADDRESS,NEW YORK,LENOX AVENUE,,Closed,,The Police Department issued a summons in response to the complaint.,06/18/2023 07:52:48 PM,10 MANHATTAN,09,Precinct 32,1017370069,MANHATTAN,1001428,237337,PHONE,Unspecified,MANHATTAN,,,,,,,,40.818094213398375,-73.93793842629789,POINT (-73.937938426298 40.818094213398)
57942387,06/19/2023 06:47:57 PM,06/19/2023 07:33:58 PM,NYPD,New York City Police Department,Noise - Residential,Loud Music/Party,,Residential Building/House,11433,108-26 159 STREET,159 STREET,108 AVENUE,109 AVENUE,108 AVENUE,109 AVENUE,ADDRESS,JAMAICA,159 STREET,,Closed,,The Police Department responded to the complaint and took action to fix the condition.,06/19/2023 07:34:04 PM,12 QUEENS,28,Precinct 103,4101460051,QUEENS,1041463,192497,ONLINE,Unspecified,QUEENS,,,,,,,,40.694851633900804,-73.79367980321378,POINT (-73.793679803214 40.694851633901)
57934098,06/18/2023 10:27:35 PM,06/18/2023 10:50:33 PM,NYPD,New York City Police Department,Illegal Parking,Unauthorized Bus Layover,,Street/Sidewalk,10451,750 GRAND CONCOURSE,GRAND CONCOURSE,EAST  153 STREET,EAST  156 STREET,EAST  153 STREET,EAST  156 STREET,ADDRESS,BRONX,GRAND CONCOURSE,,Closed,,The Police Department responded to the complaint and with the information available observed no evidence of the violation at that time.,06/18/2023 10:50:39 PM,04 BRONX,16,Precinct 44,2024580026,BRONX,1005104,239088,MOBILE,Unspecified,BRONX,,,,,,,,40.822892299365904,-73.92465214640484,POINT (-73.924652146405 40.822892299366)
57942729,06/19/2023 08:01:35 AM,06/20/2023 06:48:33 PM,HPD,Department of Housing Preservation and Development,HEAT/HOT WATER,ENTIRE BUILDING,NO HOT WATER,RESIDENTIAL BUILDING,10463,3111 HEATH AVENUE,HEATH AVENUE,,,,,ADDRESS,BRONX,,,Closed,,"The Department of Housing Preservation and Development responded to a complaint of no heat or hot water and was advised by a tenant in the building that heat and hot water had been restored. If the condition still exists, please file a new complaint.",06/20/2023 12:00:00 AM,08 BRONX,14,Precinct 50,2032610046,BRONX,1011697,259371,ONLINE,Unspecified,BRONX,,,,,,,,40.878545062435755,-73.90074787653406,POINT (-73.900747876534 40.878545062436)
57929400,06/17/2023 10:27:16 PM,06/18/2023 03:55:14 AM,NYPD,New York City Police Department,Illegal Parking,Blocked Hydrant,,Street/Sidewalk,11378,71-33 CALDWELL AVENUE,CALDWELL AVENUE,71 STREET,72 STREET,71 STREET,72 STREET,ADDRESS,MASPETH,CALDWELL AVENUE,,Closed,,The Police Department responded and upon arrival those responsible for the condition were gone.,06/18/2023 03:55:18 AM,05 QUEENS,30,Precinct 104,4028200129,QUEENS,1014817,203399,MOBILE,Unspecified,QUEENS,,,,,,,,40.7249071615438,-73.8897203515338,POINT (-73.889720351534 40.724907161544)
57932523,06/18/2023 08:26:53 PM,06/18/2023 09:12:58 PM,NYPD,New York City Police Department,Noise - Street/Sidewalk,Loud Music/Party,,Street/Sidewalk,10468,2333 GRAND AVENUE,GRAND AVENUE,NORTH STREET,WEST  184 STREET,NORTH STREET,WEST  184 STREET,ADDRESS,BRONX,GRAND AVENUE,,Closed,,The Police Department responded to the complaint and took action to fix the condition.,06/18/2023 09:13:03 PM,07 BRONX,14,Precinct 52,2032090045,BRONX,1010625,252894,ONLINE,Unspecified,BRONX,,,,,,,,40.86077095492432,-73.9046498673922,POINT (-73.904649867392 40.860770954924)
57936969,06/18/2023 07:20:00 PM,06/18/2023 07:21:02 PM,NYPD,New York City Police Department,Noise - Street/Sidewalk,Loud Music/Party,,Street/Sidewalk,10034,238 DYCKMAN STREET,DYCKMAN STREET,BROADWAY,SEAMAN AVENUE,BROADWAY,SEAMAN AVENUE,ADDRESS,NEW YORK,DYCKMAN STREET,,Closed,,The Police Department responded to the complaint and took action to fix the condition.,06/18/2023 07:21:07 PM,12 MANHATTAN,10,Precinct 34,,MANHATTAN,1004209,254794,MOBILE,Unspecified,MANHATTAN,,,,,,,,40.866002715801336,-73.92783913333584,POINT (-73.927839133336 40.866002715801)
57935358,06/18/2023 02:07:01 PM,06/18/2023 02:46:57 PM,NYPD,New York City Police Department,Illegal Parking,Unauthorized Bus Layover,,Street/Sidewalk,11373,88-02 QUEENS BOULEVARD,QUEENS BOULEVARD,55 ROAD,56 AVENUE,55 ROAD,56 AVENUE,ADDRESS,ELMHURST,QUEENS BOULEVARD,,Closed,,The Police Department responded to the complaint and took action to fix the condition.,06/18/2023 02:47:01 PM,04 QUEENS,30,Precinct 110,4028540009,QUEENS,1018824,207119,MOBILE,Unspecified,QUEENS,,,,,,,,40.735102887569965,-73.87524479787153,POINT (-73.875244797872 40.73510288757)
57933405,06/18/2023 11:07:12 PM,06/18/2023 11:36:55 PM,NYPD,New York City Police Department,Noise - Residential,Loud Music/Party,,Residential Building/House,11101,39-40 30 STREET,30 STREET,39 AVENUE,40 AVENUE,39 AVENUE,40 AVENUE,ADDRESS,LONG ISLAND CITY,30 STREET,,Closed,,The Police Department responded to the complaint and with the information available observed no evidence of the violation at that time.,06/18/2023 11:37:00 PM,01 QUEENS,26,Precinct 114,4003990034,QUEENS,1002490,213481,ONLINE,Unspecified,QUEENS,,,,,,,,40.75261375039106,-73.93416635343016,POINT (-73.93416635343 40.752613750391)
57935871,06/18/2023 10:14:15 PM,06/18/2023 10:55:49 PM,NYPD,New York City Police Department,Noise - Residential,Loud Music/Party,,Residential Building/House,11205,166 CLERMONT AVENUE,CLERMONT AVENUE,MYRTLE AVENUE,WILLOUGHBY AVENUE,MYRTLE AVENUE,WILLOUGHBY AVENUE,ADDRESS,BROOKLYN,CLERMONT AVENUE,,Closed,,The Police Department responded to the complaint and took action to fix the condition.,06/18/2023 10:55:54 PM,02 BROOKLYN,35,Precinct 88,3020740033,BROOKLYN,992355,191637,ONLINE,Unspecified,BROOKLYN,,,,,,,,40.692672357939834,-73.97077291833659,POINT (-73.970772918337 40.69267235794)
57937140,06/18/2023 06:53:37 PM,06/18/2023 10:09:24 PM,NYPD,New York City Police Department,Noise - Street/Sidewalk,Loud Music/Party,,Street/Sidewalk,10457,299 EAST MT EDEN AVENUE,EAST MT EDEN AVENUE,WEEKS AVENUE,MONROE AVENUE,WEEKS AVENUE,MONROE AVENUE,ADDRESS,BRONX,EAST MOUNT EDEN AVENUE,,Closed,,The Police Department responded to the complaint and with the information available observed no evidence of the violation at that time.,06/18/2023 10:09:28 PM,04 BRONX,15,Precinct 44,2027920024,BRONX,1009988,246303,PHONE,Unspecified,BRONX,,,,,,,,40.84268250588943,-73.90697803268651,POINT (-73.906978032687 40.842682505889)
57938112,06/18/2023 09:58:43 PM,06/18/2023 10:22:59 PM,NYPD,New York City Police Department,Noise - Residential,Loud Music/Party,,Residential Building/House,10314,35 NOSTRAND AVENUE,NOSTRAND AVENUE,SPEEDWELL AVENUE,BEND,SPEEDWELL AVENUE,BEND,ADDRESS,STATEN ISLAND,NOSTRAND AVENUE,,Closed,,The Police Department responded to the complaint and took action to fix the condition.,06/18/2023 10:23:05 PM,02 STATEN ISLAND,50,Precinct 121,5021970010,STATEN ISLAND,937469,160320,ONLINE,Unspecified,STATEN ISLAND,,,,,,,,40.60659422714682,-74.16847748904752,POINT (-74.168477489048 40.606594227147)
57943899,06/20/2023 12:18:46 AM,06/20/2023 08:02:34 AM,NYPD,New York City Police Department,Noise - Street/Sidewalk,Loud Talking,,Street/Sidewalk,10466,2086 NEEDHAM AVENUE,NEEDHAM AVENUE,BOLLER AVENUE,PRATT AVENUE,BOLLER AVENUE,PRATT AVENUE,ADDRESS,BRONX,NEEDHAM AVENUE,,Closed,,The Police Department responded to the complaint and with the information available observed no evidence of the violation at that time.,06/20/2023 08:02:40 AM,12 BRONX,12,Precinct 47,2049240010,BRONX,1029506,261174,ONLINE,Unspecified,BRONX,,,,,,,,40.88342037641274,-73.83633602423151,POINT (-73.836336024232 40.883420376413)
57933153,06/18/2023 02:48:00 PM,06/20/2023 11:21:00 AM,DSNY,Department of Sanitation,Electronics Waste Appointment,Ewaste appointment,,Sidewalk,10309,153 SHIEL AVENUE,SHIEL AVENUE,WINANT AVENUE,BLOOMINGDALE ROAD,,,ADDRESS,STATEN ISLAND,,,Closed,,The Department of Sanitation collected the E-waste.,06/20/2023 11:21:00 AM,03 STATEN ISLAND,51,Precinct 123,5070810061,STATEN ISLAND,923794,137783,PHONE,Unspecified,STATEN ISLAND,,,,,,,,40.54465203680577,-74.2175250182879,POINT (-74.217525018288 40.544652036806)
57934287,06/18/2023 01:26:01 PM,06/18/2023 01:38:42 PM,DHS,Department of Homeless Services,Homeless Person Assistance,,,Subway,,,,,,,,ADDRESS,,,,Closed,,"Based on the information you provided, the Department of Homeless Services has referred this request to the New York City Police Department.",06/18/2023 01:38:42 PM,Unspecified MANHATTAN,,Unspecified,,MANHATTAN,994025,227695,MOBILE,Unspecified,MANHATTAN,,,,B,,,Mezzanine,40.791640872995636,-73.964698405059,POINT (-73.964698405059 40.791640872996)
57936555,06/18/2023 08:55:32 PM,06/18/2023 10:23:27 PM,NYPD,New York City Police Department,Illegal Parking,Commercial Overnight Parking,,Street/Sidewalk,10307,544 CLERMONT AVENUE,CLERMONT AVENUE,MANHATTAN STREET,BRIGHTON STREET,MANHATTAN STREET,BRIGHTON STREET,ADDRESS,STATEN ISLAND,CLERMONT AVENUE,,Closed,,The Police Department issued a summons in response to the complaint.,06/18/2023 10:23:30 PM,03 STATEN ISLAND,51,Precinct 123,,STATEN ISLAND,917001,122307,MOBILE,Unspecified,STATEN ISLAND,,,,,,,,40.50212453203555,-74.24181288579258,POINT (-74.241812885793 40.502124532036)
57928446,06/17/2023 08:16:01 AM,06/17/2023 09:43:52 AM,NYPD,New York City Police Department,Illegal Parking,Posted Parking Sign Violation,,Street/Sidewalk,10451,253 EAST  153 STREET,EAST  153 STREET,PARK AVENUE,MORRIS AVENUE,PARK AVENUE,MORRIS AVENUE,ADDRESS,BRONX,EAST  153 STREET,,Closed,,The Police Department responded to the complaint and took action to fix the condition.,06/17/2023 09:43:57 AM,01 BRONX,17,Precinct 40,2024420056,BRONX,1005787,238173,PHONE,Unspecified,BRONX,,,,,,,,40.820379245100256,-73.92218732838353,POINT (-73.922187328384 40.8203792451)
57930903,06/17/2023 02:06:35 PM,06/20/2023 01:40:08 PM,DOHMH,Department of Health and Mental Hygiene,Rodent,Rat Sighting,,1-2 Family Dwelling,11216,1399 DEAN STREET,DEAN STREET,BROOKLYN AVENUE,KINGSTON AVENUE,BROOKLYN AVENUE,KINGSTON AVENUE,ADDRESS,BROOKLYN,DEAN STREET,,Closed,,This service request was closed because the Department of Health and Mental Hygiene received an earlier complaint about the same location.  You can find inspection results for this address by going to the online Rat Portal at www.nyc.gov/rats.,06/17/2023 02:06:35 PM,08 BROOKLYN,36,Precinct 77,3012090053,BROOKLYN,1000176,185745,MOBILE,Unspecified,BROOKLYN,,,,,,,,40.67648954861788,-73.94258388898388,POINT (-73.942583888984 40.676489548618)
57933072,06/18/2023 01:24:00 PM,06/19/2023 11:30:00 AM,DSNY,Department of Sanitation,Derelict Vehicles,Derelict Vehicles,,Street,10469,1108 ALLERTON AVENUE,ALLERTON AVENUE,LACONIA AVENUE,YATES AVENUE,,,ADDRESS,BRONX,,DSNY Garage,Closed,,The owner claimed the vehicle.Â Your request is now closed and no further action will be taken.,06/19/2023 12:00:00 PM,11 BRONX,13,Precinct 49,2044560047,BRONX,1024253,254609,PHONE,Unspecified,BRONX,,,,,,,,40.865426871146695,-73.85537215602187,POINT (-73.855372156022 40.865426871147)
57932550,06/18/2023 05:52:05 AM,06/18/2023 07:04:34 AM,NYPD,New York City Police Department,Noise - Street/Sidewalk,Loud Music/Party,,Street/Sidewalk,10467,3545 JEROME AVENUE,JEROME AVENUE,UNNAMED STREET,MAJOR DEEGAN EXPWY NB ET   13,UNNAMED STREET,MAJOR DEEGAN EXPWY NB ET   13,ADDRESS,BRONX,JEROME AVENUE,,Closed,,The Police Department responded and upon arrival those responsible for the condition were gone.,06/18/2023 07:04:38 AM,26 BRONX,11,Precinct 50,2059000001,BRONX,1017789,263252,MOBILE,Unspecified,BRONX,,,,,,,,40.889176136507665,-73.87869895902735,POINT (-73.878698959027 40.889176136508)
57932469,06/18/2023 07:57:26 PM,06/18/2023 08:02:07 PM,NYPD,New York City Police Department,Noise - Street/Sidewalk,Loud Music/Party,,Street/Sidewalk,10034,238 DYCKMAN STREET,DYCKMAN STREET,BROADWAY,SEAMAN AVENUE,BROADWAY,SEAMAN AVENUE,ADDRESS,NEW YORK,DYCKMAN STREET,,Closed,,The Police Department responded to the complaint and took action to fix the condition.,06/18/2023 08:02:12 PM,12 MANHATTAN,10,Precinct 34,,MANHATTAN,1004209,254794,MOBILE,Unspecified,MANHATTAN,,,,,,,,40.866002715801336,-73.92783913333584,POINT (-73.927839133336 40.866002715801)
57932163,06/18/2023 11:18:11 AM,06/18/2023 11:25:17 AM,NYPD,New York City Police Department,Drug Activity,Use Outside,,Street/Sidewalk,11432,82-68 164 STREET,164 STREET,82 ROAD,GRAND CENTRAL PARKWAY,82 ROAD,GRAND CENTRAL PARKWAY,ADDRESS,JAMAICA,164 STREET,,Closed,,The Police Department responded to the complaint and with the information available observed no evidence of the violation at that time.,06/18/2023 11:25:26 AM,08 QUEENS,24,Precinct 107,4068580001,QUEENS,1038740,200651,ONLINE,Unspecified,QUEENS,,,,,,,,40.71724956934783,-73.80343340538089,POINT (-73.803433405381 40.717249569348)
57942828,06/19/2023 09:37:24 AM,06/20/2023 08:45:57 PM,DSNY,Department of Sanitation,Commercial Disposal Complaint,No Private Carter,N/A,Street,11369,96-02 31 AVENUE,31 AVENUE,96 STREET,30 AVENUE,96 STREET,30 AVENUE,ADDRESS,EAST ELMHURST,31 AVENUE,,Closed,,The Department of Sanitation investigated this complaint and issued a Notice of Violation.,06/20/2023 08:46:02 PM,03 QUEENS,21,Precinct 115,4014080001,QUEENS,1019502,216419,PHONE,Unspecified,QUEENS,,,,,,,,40.760626345342295,-73.87274958942214,POINT (-73.872749589422 40.760626345342)
57940272,06/18/2023 03:09:18 PM,06/18/2023 03:31:47 PM,NYPD,New York City Police Department,Noise - Street/Sidewalk,Loud Music/Party,,Street/Sidewalk,11238,495 LINCOLN PLACE,LINCOLN PLACE,CLASSON AVENUE,FRANKLIN AVENUE SHUTTLE LINE,CLASSON AVENUE,FRANKLIN AVENUE SHUTTLE LINE,ADDRESS,BROOKLYN,LINCOLN PLACE,,Closed,,The Police Department responded to the complaint and with the information available observed no evidence of the violation at that time.,06/18/2023 03:31:52 PM,08 BROOKLYN,35,Precinct 77,3011780079,BROOKLYN,995362,184115,MOBILE,Unspecified,BROOKLYN,,,,,,,,40.67202291745238,-73.95994191418292,POINT (-73.959941914183 40.672022917452)
57942414,06/19/2023 08:48:08 PM,06/19/2023 09:37:14 PM,NYPD,New York City Police Department,Noise - Street/Sidewalk,Loud Music/Party,,Street/Sidewalk,10031,502 WEST  136 STREET,WEST  136 STREET,AMSTERDAM AVENUE,BROADWAY,AMSTERDAM AVENUE,BROADWAY,ADDRESS,NEW YORK,WEST  136 STREET,,Closed,,The Police Department responded to the complaint and took action to fix the condition.,06/19/2023 09:37:18 PM,09 MANHATTAN,07,Precinct 30,1019880109,MANHATTAN,997492,237932,MOBILE,Unspecified,MANHATTAN,,,,,,,,40.81973409776633,-73.95215743492821,POINT (-73.952157434928 40.819734097766)
57940173,06/19/2023 12:34:22 AM,06/19/2023 12:39:47 AM,NYPD,New York City Police Department,Noise - Residential,Banging/Pounding,,Residential Building/House,11104,41-16 47 AVENUE,47 AVENUE,41 STREET,42 STREET,41 STREET,42 STREET,ADDRESS,SUNNYSIDE,47 AVENUE,,Closed,,The Police Department responded to the complaint and with the information available observed no evidence of the violation at that time.,06/19/2023 12:39:52 AM,02 QUEENS,26,Precinct 108,4001960027,QUEENS,1005531,209479,ONLINE,Unspecified,QUEENS,,,,,,,,40.741622473946244,-73.92320313840652,POINT (-73.923203138407 40.741622473946)
57934791,06/18/2023 07:31:10 PM,06/18/2023 08:07:59 PM,NYPD,New York City Police Department,Noise - Street/Sidewalk,Loud Music/Party,,Street/Sidewalk,11372,37-69 79 STREET,79 STREET,37 AVENUE,ROOSEVELT AVENUE,37 AVENUE,ROOSEVELT AVENUE,ADDRESS,JACKSON HEIGHTS,79 STREET,,Closed,,The Police Department responded to the complaint and took action to fix the condition.,06/18/2023 08:08:05 PM,03 QUEENS,25,Precinct 115,4012900047,QUEENS,1015553,212211,ONLINE,Unspecified,QUEENS,,,,,,,,40.74909132845672,-73.88702401030773,POINT (-73.887024010308 40.749091328457)
57930795,06/17/2023 02:02:55 PM,06/17/2023 03:01:50 PM,NYPD,New York City Police Department,Traffic,Drag Racing,,Street/Sidewalk,11230,1486 OCEAN PARKWAY,OCEAN PARKWAY,RYDER AVENUE,AVENUE O,RYDER AVENUE,AVENUE O,ADDRESS,BROOKLYN,OCEAN PARKWAY,,Closed,,The Police Department responded and upon arrival those responsible for the condition were gone.,06/17/2023 03:01:53 PM,12 BROOKLYN,44,Precinct 66,3065870046,BROOKLYN,993048,162500,ONLINE,Unspecified,BROOKLYN,,,,,,,,40.61269699307151,-73.96831193059623,POINT (-73.968311930596 40.612696993072)
57943944,06/19/2023 05:40:01 PM,06/19/2023 10:26:00 PM,DHS,Department of Homeless Services,Homeless Person Assistance,,,Street/Sidewalk,10009,610 EAST    9 STREET,EAST    9 STREET,AVENUE B,AVENUE C,AVENUE B,AVENUE C,ADDRESS,NEW YORK,EAST    9 STREET,,Closed,,The mobile outreach response team went to the location provided but could not find the individual that you reported.,06/19/2023 10:26:00 PM,03 MANHATTAN,02,Precinct 9,1003910012,MANHATTAN,989912,203760,MOBILE,Unspecified,MANHATTAN,,,,,,,,40.7259490186993,-73.97957231746332,POINT (-73.979572317463 40.725949018699)
57929013,06/18/2023 12:07:16 AM,06/18/2023 12:32:34 AM,NYPD,New York City Police Department,Non-Emergency Police Matter,Other (complaint details),,Store/Commercial,11232,4505 2 AVENUE,2 AVENUE,45 STREET,46 STREET,45 STREET,46 STREET,ADDRESS,BROOKLYN,2 AVENUE,,Closed,,The Police Department responded to the complaint and with the information available observed no evidence of the violation at that time.,06/18/2023 12:32:41 AM,07 BROOKLYN,38,Precinct 72,3007450001,BROOKLYN,980335,176742,ONLINE,Unspecified,BROOKLYN,,,,,,,,40.65179176937649,-74.01410905728689,POINT (-74.014109057287 40.651791769376)
59441490,09/29/2023 09:40:04 PM,10/03/2023 12:00:00 AM,HPD,Department of Housing Preservation and Development,Paint/Plaster,Wall,Bulging/Hole/Cracked,Apartment,11208,1004 HEGEMAN AVENUE,HEGEMAN AVENUE,ATKINS AVENUE,MONTAUK AVENUE,ATKINS AVENUE,MONTAUK AVENUE,ADDRESS,BROOKLYN,HEGEMAN AVENUE,,Closed,,,10/03/2023 12:00:00 AM,05 BROOKLYN,42,Precinct 75,3044780004,BROOKLYN,1018705,182214,PHONE,Unspecified,BROOKLYN,,,,,,,,40.66674502747116,-73.87580160641936,POINT (-73.875801606419 40.666745027471)
57929625,06/17/2023 08:08:05 PM,06/17/2023 08:27:10 PM,NYPD,New York City Police Department,Illegal Parking,Blocked Hydrant,,Street/Sidewalk,11377,48-46 64 STREET,64 STREET,48 AVENUE,50 AVENUE,48 AVENUE,50 AVENUE,ADDRESS,WOODSIDE,64 STREET,,Closed,,The Police Department responded to the complaint and determined that police action was not necessary.,06/17/2023 08:27:15 PM,02 QUEENS,26,Precinct 108,4023370001,QUEENS,1011456,208016,PHONE,Unspecified,QUEENS,,,,,,,,40.73759066238476,-73.90182749122849,POINT (-73.901827491228 40.737590662385)
57939300,06/19/2023 12:18:25 AM,06/19/2023 12:45:52 AM,NYPD,New York City Police Department,Noise - Residential,Loud Music/Party,,Residential Building/House,11436,117-29 142 STREET,142 STREET,FOCH BOULEVARD,120 AVENUE,FOCH BOULEVARD,120 AVENUE,ADDRESS,JAMAICA,142 STREET,,Closed,,The Police Department responded to the complaint and took action to fix the condition.,06/19/2023 12:45:55 AM,12 QUEENS,28,Precinct 113,4120140033,QUEENS,1039831,186460,ONLINE,Unspecified,QUEENS,,,,,,,,40.6782918950323,-73.79961486453033,POINT (-73.79961486453 40.678291895032)
57928689,06/18/2023 12:43:47 AM,06/18/2023 01:14:36 AM,NYPD,New York City Police Department,Noise - Commercial,Loud Music/Party,,Club/Bar/Restaurant,10303,2645 FOREST AVENUE,FOREST AVENUE,MORROW STREET,GOETHALS ROAD NORTH,MORROW STREET,GOETHALS ROAD NORTH,ADDRESS,STATEN ISLAND,FOREST AVENUE,,Closed,,The Police Department responded to the complaint and took action to fix the condition.,06/18/2023 01:14:43 AM,01 STATEN ISLAND,49,Precinct 121,5013840041,STATEN ISLAND,935214,167405,ONLINE,Unspecified,STATEN ISLAND,,,,,,,,40.62602885376739,-74.17665009951133,POINT (-74.176650099511 40.626028853767)
57939822,06/18/2023 04:31:57 PM,06/18/2023 04:43:36 PM,NYPD,New York City Police Department,Illegal Parking,Paper License Plates,,Street/Sidewalk,10007,22 WARREN STREET,WARREN STREET,BROADWAY,CHURCH STREET,BROADWAY,CHURCH STREET,ADDRESS,NEW YORK,WARREN STREET,,Closed,,The Police Department responded to the complaint and took action to fix the condition.,06/18/2023 04:43:40 PM,01 MANHATTAN,01,Precinct 1,1001357505,MANHATTAN,982110,199427,MOBILE,Unspecified,MANHATTAN,,,,,,,,40.714057530712374,-74.00771943503322,POINT (-74.007719435033 40.714057530712)
57940533,06/18/2023 09:29:52 PM,06/18/2023 10:25:14 PM,NYPD,New York City Police Department,Noise - Residential,Loud Music/Party,,Residential Building/House,11416,101-57 102 STREET,102 STREET,101 AVENUE,103 AVENUE,101 AVENUE,103 AVENUE,ADDRESS,OZONE PARK,102 STREET,,Closed,,The Police Department responded to the complaint and took action to fix the condition.,06/18/2023 10:25:17 PM,09 QUEENS,29,Precinct 102,4094200046,QUEENS,1028465,189021,PHONE,Unspecified,QUEENS,,,,,,,,40.685385314658234,-73.84057558476563,POINT (-73.840575584766 40.685385314658)
57932775,06/19/2023 12:53:29 AM,06/20/2023 09:37:12 AM,DSNY,Department of Sanitation,Dirty Condition,Trash,Not Cleaned by Property Owner,Sidewalk,10455,370 EAST  149 STREET,EAST  149 STREET,COURTLANDT AVENUE,MELROSE AVENUE,COURTLANDT AVENUE,MELROSE AVENUE,ADDRESS,BRONX,EAST  149 STREET,,Closed,,The Department of Sanitation investigated this complaint and found no violation at the location.,06/20/2023 09:37:18 AM,01 BRONX,17,Precinct 40,2023270052,BRONX,1006716,236710,ONLINE,Unspecified,BRONX,,,,,,,,40.816361409336196,-73.91883577284058,POINT (-73.918835772841 40.816361409336)
57938661,06/18/2023 11:11:45 AM,06/18/2023 12:09:49 PM,NYPD,New York City Police Department,Illegal Parking,Posted Parking Sign Violation,,Street/Sidewalk,11377,58-12 39 AVENUE,39 AVENUE,LIRR MAIN LINE,59 STREET,LIRR MAIN LINE,59 STREET,ADDRESS,WOODSIDE,39 AVENUE,,Closed,,The Police Department issued a summons in response to the complaint.,06/18/2023 12:09:52 PM,02 QUEENS,26,Precinct 108,4012290050,QUEENS,1010581,211729,ONLINE,Unspecified,QUEENS,,,,,,,,40.74778456343558,-73.9049703800846,POINT (-73.904970380085 40.747784563436)
57937734,06/18/2023 12:19:17 PM,06/18/2023 12:29:27 PM,NYPD,New York City Police Department,Drug Activity,Use Outside,,Street/Sidewalk,11432,82-68 164 STREET,164 STREET,82 ROAD,GRAND CENTRAL PARKWAY,82 ROAD,GRAND CENTRAL PARKWAY,ADDRESS,JAMAICA,164 STREET,,Closed,,The Police Department responded to the complaint and with the information available observed no evidence of the violation at that time.,06/18/2023 12:29:33 PM,08 QUEENS,24,Precinct 107,4068580001,QUEENS,1038740,200651,ONLINE,Unspecified,QUEENS,,,,,,,,40.71724956934783,-73.80343340538089,POINT (-73.803433405381 40.717249569348)
57933702,06/18/2023 08:40:14 PM,06/18/2023 08:52:46 PM,NYPD,New York City Police Department,Noise - Street/Sidewalk,Loud Music/Party,,Street/Sidewalk,11368,55-38 97 STREET,97 STREET,55 AVENUE,57 AVENUE,55 AVENUE,57 AVENUE,ADDRESS,CORONA,97 STREET,,Closed,,The Police Department responded to the complaint and took action to fix the condition.,06/18/2023 08:52:50 PM,04 QUEENS,25,Precinct 110,4019040045,QUEENS,1021784,208316,MOBILE,Unspecified,QUEENS,,,,,,,,40.73837628667939,-73.86455741054364,POINT (-73.864557410544 40.738376286679)
57931578,06/18/2023 02:31:18 PM,06/18/2023 02:37:16 PM,NYPD,New York City Police Department,Illegal Parking,Blocked Crosswalk,,Street/Sidewalk,10019,1633 BROADWAY,BROADWAY,WEST   50 STREET,WEST   51 STREET,WEST   50 STREET,WEST   51 STREET,ADDRESS,NEW YORK,BROADWAY,,Closed,,The Police Department responded to the complaint and with the information available observed no evidence of the violation at that time.,06/18/2023 02:37:20 PM,05 MANHATTAN,03,Precinct 18,1010220043,MANHATTAN,988693,216739,ONLINE,Unspecified,MANHATTAN,,,,,,,,40.76157382560385,-73.98396172072285,POINT (-73.983961720723 40.761573825604)
57932190,06/18/2023 10:53:07 AM,06/18/2023 11:29:14 AM,NYPD,New York City Police Department,Noise - Residential,Banging/Pounding,,Residential Building/House,11201,177 SANDS STREET,SANDS STREET,BQE WESTBOUND ENTRANCE SANDS ST,BIKE PATH,BQE WESTBOUND ENTRANCE SANDS ST,BIKE PATH,ADDRESS,BROOKLYN,SANDS STREET,,Closed,,The Police Department responded to the complaint and with the information available observed no evidence of the violation at that time.,06/18/2023 11:29:21 AM,02 BROOKLYN,35,Precinct 84,3000680001,BROOKLYN,988793,194233,ONLINE,Unspecified,BROOKLYN,,,,,,,,40.699800319891985,-73.98361593748928,POINT (-73.983615937489 40.699800319892)
57927870,06/17/2023 08:26:44 PM,07/07/2023 05:42:19 PM,HPD,Department of Housing Preservation and Development,DOOR/WINDOW,DOOR,NEEDS KEY FOR EXIT,RESIDENTIAL BUILDING,10032,615 WEST  172 STREET,WEST  172 STREET,,,,,ADDRESS,NEW YORK,,,Closed,,The Department of Housing Preservation and Development inspected the following conditions. No violations were issued. The complaint has been closed.,07/07/2023 12:00:00 AM,12 MANHATTAN,10,Precinct 33,1021410029,MANHATTAN,1001190,246719,ONLINE,Unspecified,MANHATTAN,,,,,,,,40.84384556440145,-73.93877459363199,POINT (-73.938774593632 40.843845564401)
57928239,06/17/2023 12:47:23 PM,,TLC,Taxi and Limousine Commission,For Hire Vehicle Report,Driver Report - Non Passenger,Discourteous,,10018,1033 6 AVENUE,6 AVENUE,WEST   38 STREET,WEST   39 STREET,WEST   38 STREET,WEST   39 STREET,ADDRESS,NEW YORK,AVENUE OF THE AMERICAS,,In Progress,,,,05 MANHATTAN,04,Precinct 14,1008147501,MANHATTAN,988220,213507,PHONE,Unspecified,MANHATTAN,,,"1033 6 AVENUE, MANHATTAN (NEW YORK), NY, 10018",,,,,40.75270303543293,-73.98567105790842,POINT (-73.985671057908 40.752703035433)
57941892,06/19/2023 08:41:00 AM,06/22/2023 07:56:00 AM,DEP,Department of Environmental Protection,Noise,Noise: Construction Before/After Hours (NM1),NM1,,11216,1251 PACIFIC STREET,PACIFIC STREET,BEDFORD AVE,NOSTRAND AVE,,,ADDRESS,BROOKLYN,,N/A,Closed,,The Department of Environmental Protection determined that this complaint is a duplicate of a previously filed complaint. The original complaint is being addressed.,06/22/2023 07:56:00 AM,08 BROOKLYN,36,Precinct 77,3012000065,BROOKLYN,997753,186206,ONLINE,Unspecified,BROOKLYN,,,,,,,,40.67775891687458,-73.95131831670413,POINT (-73.951318316704 40.677758916875)
57934494,06/18/2023 11:36:22 AM,06/18/2023 12:00:07 PM,NYPD,New York City Police Department,Noise - House of Worship,Loud Music/Party,,House of Worship,11416,97-45 92 STREET,92 STREET,97 AVENUE,101 AVENUE,97 AVENUE,101 AVENUE,ADDRESS,OZONE PARK,92 STREET,,Closed,,The Police Department responded to the complaint and took action to fix the condition.,06/18/2023 12:00:17 PM,09 QUEENS,32,Precinct 102,4090660040,QUEENS,1026066,188862,ONLINE,Unspecified,QUEENS,,,,,,,,40.684960555501625,-73.84922654089326,POINT (-73.849226540893 40.684960555502)
57931722,06/18/2023 06:31:50 PM,06/04/2024 12:50:53 AM,DOHMH,Department of Health and Mental Hygiene,Food Establishment,Rodents/Insects/Garbage,Rodent Infestation,Restaurant/Bar/Deli/Bakery,11216,704 NOSTRAND AVENUE,NOSTRAND AVENUE,ST MARKS AVENUE,PROSPECT PLACE,ST MARKS AVENUE,PROSPECT PLACE,ADDRESS,BROOKLYN,NOSTRAND AVENUE,,Closed,,This SR was administratively closed. The issue you reported was addressed.,06/04/2024 12:50:57 AM,08 BROOKLYN,36,Precinct 77,3012260046,BROOKLYN,998101,185048,MOBILE,Unspecified,BROOKLYN,,,,,,,,40.674579930862485,-73.95006607001255,POINT (-73.950066070013 40.674579930862)
57938202,06/19/2023 01:24:28 AM,06/19/2023 01:33:49 AM,NYPD,New York City Police Department,Noise - Street/Sidewalk,Loud Music/Party,,Street/Sidewalk,10458,2405 MARION AVENUE,MARION AVENUE,EAST  184 STREET,EAST  187 STREET,EAST  184 STREET,EAST  187 STREET,ADDRESS,BRONX,MARION AVENUE,,Closed,,The Police Department responded to the complaint and took action to fix the condition.,06/19/2023 01:33:56 AM,05 BRONX,15,Precinct 46,2030220031,BRONX,1013272,252238,ONLINE,Unspecified,BRONX,,,,,,,,40.85896212835518,-73.8950833591879,POINT (-73.895083359188 40.858962128355)
57936438,06/18/2023 07:05:28 PM,06/18/2023 07:24:50 PM,NYPD,New York City Police Department,Illegal Parking,Blocked Hydrant,,Street/Sidewalk,11363,43-32 249 STREET,249 STREET,43 AVENUE,NORTHERN BOULEVARD,43 AVENUE,NORTHERN BOULEVARD,ADDRESS,LITTLE NECK,249 STREET,,Closed,,The Police Department responded to the complaint and with the information available observed no evidence of the violation at that time.,06/18/2023 07:24:54 PM,11 QUEENS,19,Precinct 111,4081180021,QUEENS,1056552,219458,MOBILE,Unspecified,QUEENS,,,,,,,,40.768742221971785,-73.73897677403163,POINT (-73.738976774032 40.768742221972)
57942036,06/19/2023 08:46:33 AM,06/19/2023 09:30:51 AM,NYPD,New York City Police Department,Illegal Parking,Posted Parking Sign Violation,,Street/Sidewalk,11694,447 BEACH  140 STREET,BEACH  140 STREET,NEWPORT AVENUE,CRONSTON AVENUE,NEWPORT AVENUE,CRONSTON AVENUE,ADDRESS,FAR ROCKAWAY,BEACH  140 STREET,,Closed,,The Police Department responded to the complaint and with the information available observed no evidence of the violation at that time.,06/19/2023 09:30:57 AM,14 QUEENS,32,Precinct 100,4162630016,QUEENS,1023510,149040,PHONE,Unspecified,QUEENS,,,,,,,,40.57566943957756,-73.85867419330266,POINT (-73.858674193303 40.575669439578)
57933495,06/18/2023 11:37:18 PM,06/19/2023 12:37:55 AM,NYPD,New York City Police Department,Noise - Residential,Loud Music/Party,,Residential Building/House,11207,190 COZINE AVENUE,COZINE AVENUE,VERMONT STREET,VAN SICLEN AVENUE,VERMONT STREET,VAN SICLEN AVENUE,ADDRESS,BROOKLYN,COZINE AVENUE,,Closed,,The Police Department responded to the complaint and with the information available observed no evidence of the violation at that time.,06/19/2023 12:38:00 AM,05 BROOKLYN,42,Precinct 75,3044157501,BROOKLYN,1016213,178011,ONLINE,Unspecified,BROOKLYN,,,,,,,,40.655218076771995,-73.88480431995897,POINT (-73.884804319959 40.655218076772)
57936096,06/18/2023 10:01:38 PM,06/18/2023 11:00:18 PM,NYPD,New York City Police Department,Noise - Residential,Loud Music/Party,,Residential Building/House,11419,104-23 122 STREET,122 STREET,LIBERTY AVENUE,107 AVENUE,LIBERTY AVENUE,107 AVENUE,ADDRESS,SOUTH RICHMOND HILL,122 STREET,,Closed,,The Police Department responded and upon arrival those responsible for the condition were gone.,06/18/2023 11:00:22 PM,10 QUEENS,28,Precinct 106,4095760077,QUEENS,1033770,189583,MOBILE,Unspecified,QUEENS,,,,,,,,40.68689978243486,-73.82144345907875,POINT (-73.821443459079 40.686899782435)
57930102,06/18/2023 12:32:38 AM,06/18/2023 12:41:33 AM,NYPD,New York City Police Department,Noise - Vehicle,Car/Truck Music,,Street/Sidewalk,10034,290 DYCKMAN STREET,DYCKMAN STREET,HENSHAW STREET,STAFF STREET,HENSHAW STREET,STAFF STREET,ADDRESS,NEW YORK,DYCKMAN STREET,,Closed,,The Police Department responded to the complaint and with the information available observed no evidence of the violation at that time.,06/18/2023 12:41:37 AM,12 MANHATTAN,10,Precinct 34,1022460028,MANHATTAN,1003764,255278,ONLINE,Unspecified,MANHATTAN,,,,,,,,40.86733214320068,-73.92944660070926,POINT (-73.929446600709 40.867332143201)
57927942,06/17/2023 06:41:00 AM,06/17/2023 09:25:00 AM,DEP,Department of Environmental Protection,Water System,Hydrant Leaking (WC1),WC1,,10305,21 WHITE STREET,WHITE STREET,MARYLAND AVE,ST JOHNS AVE,,,ADDRESS,STATEN ISLAND,,,Closed,,The Department of Environmental Protection investigated this complaint and shut the running hydrant.,06/17/2023 09:25:00 AM,01 STATEN ISLAND,49,Precinct 120,5028570005,STATEN ISLAND,965949,162389,ONLINE,Unspecified,STATEN ISLAND,,,,,,,,40.61237778937347,-74.06591505197188,POINT (-74.065915051972 40.612377789373)
57929562,06/17/2023 07:18:00 PM,06/18/2023 02:36:00 AM,DSNY,Department of Sanitation,Derelict Vehicles,Derelict Vehicles,,Street,10312,4 EDWIN STREET,EDWIN STREET,ARDEN AVENUE,HAROLD AVENUE,,,ADDRESS,STATEN ISLAND,,,Closed,,The vehicle you reported exceeds the monetary value eligible for collection as junk. The Department of Sanitation has forwarded the request to the NYPD for further action.,06/18/2023 12:00:00 PM,03 STATEN ISLAND,51,Precinct 123,5053950019,STATEN ISLAND,937641,135187,PHONE,Unspecified,STATEN ISLAND,,,,,,,,40.53761009135412,-74.16768477987604,POINT (-74.167684779876 40.537610091354)
57927591,06/17/2023 12:35:19 PM,06/17/2023 01:07:21 PM,NYPD,New York City Police Department,Noise - Street/Sidewalk,Loud Music/Party,,Street/Sidewalk,11225,2101 BEEKMAN PLACE,BEEKMAN PLACE,DEAD END,FLATBUSH AVENUE,DEAD END,FLATBUSH AVENUE,ADDRESS,BROOKLYN,BEEKMAN PLACE,,Closed,,The Police Department responded to the complaint and took action to fix the condition.,06/17/2023 01:07:26 PM,09 BROOKLYN,40,Precinct 71,3050260080,BROOKLYN,994905,179728,ONLINE,Unspecified,BROOKLYN,,,,,,,,40.659982140165496,-73.96159630467147,POINT (-73.961596304671 40.659982140166)
57939939,06/18/2023 07:06:09 PM,06/18/2023 07:29:35 PM,NYPD,New York City Police Department,Illegal Parking,Posted Parking Sign Violation,,Street/Sidewalk,11207,199 SUNNYSIDE AVENUE,SUNNYSIDE AVENUE,BARBEY STREET,SUNNYSIDE COURT,BARBEY STREET,SUNNYSIDE COURT,ADDRESS,BROOKLYN,SUNNYSIDE AVENUE,,Closed,,The Police Department issued a summons in response to the complaint.,06/18/2023 07:29:39 PM,05 BROOKLYN,37,Precinct 75,3038880038,BROOKLYN,1014720,187971,MOBILE,Unspecified,BROOKLYN,,,,,,,,40.68256129594044,-73.89014011512931,POINT (-73.890140115129 40.68256129594)
57938220,06/18/2023 12:13:21 PM,06/18/2023 12:26:48 PM,NYPD,New York City Police Department,Noise - Street/Sidewalk,Loud Talking,,Street/Sidewalk,11355,144-77 41 AVENUE,41 AVENUE,PARSONS BOULEVARD,147 STREET,PARSONS BOULEVARD,147 STREET,ADDRESS,FLUSHING,41 AVENUE,,Closed,,The Police Department responded to the complaint and with the information available observed no evidence of the violation at that time.,06/18/2023 12:26:53 PM,07 QUEENS,20,Precinct 109,4050250050,QUEENS,1033852,216473,ONLINE,Unspecified,QUEENS,,,,,,,,40.76070569901515,-73.8209496039782,POINT (-73.820949603978 40.760705699015)
57932406,06/18/2023 09:19:19 PM,06/18/2023 09:48:16 PM,NYPD,New York City Police Department,Noise - Street/Sidewalk,Loud Music/Party,,Street/Sidewalk,10040,570 WEST  190 STREET,WEST  190 STREET,AUDUBON AVENUE,ST NICHOLAS AVENUE,AUDUBON AVENUE,ST NICHOLAS AVENUE,ADDRESS,NEW YORK,WEST  190 STREET,,Closed,,The Police Department responded to the complaint and took action to fix the condition.,06/18/2023 09:48:21 PM,12 MANHATTAN,10,Precinct 34,1021580067,MANHATTAN,1003895,250647,ONLINE,Unspecified,MANHATTAN,,,,,,,,40.85462115652687,-73.9289865404921,POINT (-73.928986540492 40.854621156527)
57937446,06/18/2023 05:29:33 AM,06/18/2023 06:21:48 AM,NYPD,New York City Police Department,Blocked Driveway,No Access,,Street/Sidewalk,10302,96 PARK AVENUE,PARK AVENUE,ANN STREET,BENNETT STREET,ANN STREET,BENNETT STREET,ADDRESS,STATEN ISLAND,PARK AVENUE,,Closed,,The Police Department issued a summons in response to the complaint.,06/18/2023 06:21:57 AM,01 STATEN ISLAND,49,Precinct 121,5010050022,STATEN ISLAND,947660,171778,PHONE,Unspecified,STATEN ISLAND,,,,,,,,40.638091947724384,-74.13183770407933,POINT (-74.131837704079 40.638091947724)
57937761,06/18/2023 12:38:36 PM,06/20/2023 08:43:31 AM,DOT,Department of Transportation,Street Condition,Failed Street Repair,N/A,Street,10001,249 WEST   29 STREET,WEST   29 STREET,7 AVENUE,8 AVENUE,7 AVENUE,8 AVENUE,ADDRESS,NEW YORK,WEST   29 STREET,,Closed,,"The Department of Transportation inspected the condition and issued a Corrective Action Repair (CAR) to the contractor or utility company. The responsible party has a maximum of 30 days to correct the condition. If the condition still exists, a summons will be issued. In some cases, the Department of Transportation will make the repairs and charge the responsible party for the costs.",06/20/2023 08:43:35 AM,05 MANHATTAN,03,Precinct 14,1007790010,MANHATTAN,985829,211958,PHONE,Unspecified,MANHATTAN,,,,,,,,40.74845217187899,-73.99430127058464,POINT (-73.994301270585 40.748452171879)
57933729,06/18/2023 02:15:21 AM,06/18/2023 02:18:52 AM,NYPD,New York City Police Department,Noise - Street/Sidewalk,Loud Talking,,Street/Sidewalk,11238,778 FRANKLIN AVENUE,FRANKLIN AVENUE,ST JOHNS PLACE,LINCOLN PLACE,ST JOHNS PLACE,LINCOLN PLACE,ADDRESS,BROOKLYN,FRANKLIN AVENUE,,Closed,,The Police Department responded to the complaint and took action to fix the condition.,06/18/2023 02:18:55 AM,08 BROOKLYN,35,Precinct 77,3011780049,BROOKLYN,996032,184080,ONLINE,Unspecified,BROOKLYN,,,,,,,,40.67192598398303,-73.95752666637821,POINT (-73.957526666378 40.671925983983)
57936222,06/18/2023 09:12:00 PM,06/18/2023 11:55:00 PM,DOT,Department of Transportation,Traffic Signal Condition,Controller,Operating Improperly,,,,,,,ASTORIA BLVD,31 ST,INTERSECTION,,,N/A,Closed,,Service Request status for this request is available on the Department of Transportationâs website. Please click the âLearn Moreâ link below.,06/18/2023 11:55:00 PM,Unspecified QUEENS,,Unspecified,,QUEENS,,,UNKNOWN,Unspecified,QUEENS,,,,,,,,,,
57933378,06/18/2023 06:06:41 PM,06/18/2023 06:19:11 PM,NYPD,New York City Police Department,Noise - Commercial,Banging/Pounding,,Store/Commercial,10466,824 EAST  233 STREET,EAST  233 STREET,BARNES AVENUE,BUSSING AVENUE,BARNES AVENUE,BUSSING AVENUE,ADDRESS,BRONX,EAST  233 STREET,,Closed,,The Police Department reviewed your complaint and provided additional information below.,06/18/2023 06:19:15 PM,12 BRONX,11,Precinct 47,2048570089,BRONX,1024719,264363,MOBILE,Unspecified,BRONX,,,,,,,,40.892196416025996,-73.85362844497317,POINT (-73.853628444973 40.892196416026)
57931101,06/17/2023 11:24:37 PM,06/17/2023 11:56:41 PM,NYPD,New York City Police Department,Noise - Street/Sidewalk,Loud Music/Party,,Street/Sidewalk,10456,3 AVENUE,3 AVENUE,EAST  167 STREET,EAST  168 STREET,EAST  167 STREET,EAST  168 STREET,BLOCKFACE,,,,Closed,,The Police Department responded to the complaint and took action to fix the condition.,06/17/2023 11:56:45 PM,Unspecified BRONX,,Precinct 42,,BRONX,,,ONLINE,Unspecified,BRONX,,,,,,,,,,
57933774,06/18/2023 07:38:51 PM,06/18/2023 07:50:32 PM,NYPD,New York City Police Department,Noise - Vehicle,Car/Truck Music,,Street/Sidewalk,10457,234 EAST  178 STREET,EAST  178 STREET,GRAND CONCOURSE,ANTHONY AVENUE,GRAND CONCOURSE,ANTHONY AVENUE,ADDRESS,BRONX,EAST  178 STREET,,Closed,,The Police Department responded to the complaint and with the information available observed no evidence of the violation at that time.,06/18/2023 07:50:36 PM,05 BRONX,15,Precinct 46,2028100020,BRONX,1010782,249085,PHONE,Unspecified,BRONX,,,,,,,,40.85031592286623,-73.90409736179319,POINT (-73.904097361793 40.850315922866)
57932649,06/18/2023 01:18:42 PM,07/02/2023 02:05:02 AM,HPD,Department of Housing Preservation and Development,UNSANITARY CONDITION,PESTS,ROACHES,RESIDENTIAL BUILDING,10038,90 JOHN STREET,JOHN STREET,,,,,ADDRESS,NEW YORK,,,Closed,,The Department of Housing Preservation and Development inspected the following conditions. Violations were issued. Information about specific violations is available at www.nyc.gov/hpd,07/02/2023 12:00:00 AM,01 MANHATTAN,01,Precinct 1,1000697502,MANHATTAN,982458,197283,PHONE,Unspecified,MANHATTAN,,,,,,,,40.70817283755487,-74.006463554382,POINT (-74.006463554382 40.708172837555)
57931551,06/18/2023 08:50:57 AM,06/20/2023 12:21:16 PM,DSNY,Department of Sanitation,Dirty Condition,Trash,Littering,Sidewalk,10453,1793 POPHAM AVENUE,POPHAM AVENUE,PALISADE PLACE,MONTGOMERY AVENUE,PALISADE PLACE,MONTGOMERY AVENUE,ADDRESS,BRONX,POPHAM AVENUE,,Closed,,The Department of Sanitation investigated this complaint and found no condition at the location.,06/20/2023 12:21:21 PM,05 BRONX,14,Precinct 46,2028770539,BRONX,1007003,249486,MOBILE,Unspecified,BRONX,,,,,,,,40.851427095527555,-73.9177555757295,POINT (-73.917755575729 40.851427095528)
57938148,06/18/2023 09:26:50 PM,06/18/2023 10:09:52 PM,NYPD,New York City Police Department,Noise - Street/Sidewalk,Loud Music/Party,,Street/Sidewalk,10456,223 EAST  169 STREET,EAST  169 STREET,SHERIDAN AVENUE,GRANT AVENUE,SHERIDAN AVENUE,GRANT AVENUE,ADDRESS,BRONX,EAST  169 STREET,,Closed,,The Police Department responded to the complaint and took action to fix the condition.,06/18/2023 10:09:57 PM,04 BRONX,16,Precinct 44,2028300001,BRONX,1007879,243837,MOBILE,Unspecified,BRONX,,,,,,,,40.83591995148127,-73.9146090379602,POINT (-73.91460903796 40.835919951481)
57931884,06/18/2023 09:32:00 AM,06/18/2023 02:00:00 PM,DEP,Department of Environmental Protection,Sewer,Sewer Backup (Use Comments) (SA),SA,,10304,280 PARK HILL AVENUE,PARK HILL AVENUE,SOBEL CT,PALMA DR,,,ADDRESS,STATEN ISLAND,,,Closed,,"The Department of Environmental Protection has investigated this complaint. Upon investigation, there was no indication of a city sewer issue and there is a suspected sewer backup due to an internal plumbing issue.",06/18/2023 02:00:00 PM,01 STATEN ISLAND,49,Precinct 120,5029220001,STATEN ISLAND,961157,162425,PHONE,Unspecified,STATEN ISLAND,,,,,,,,40.61246540873713,-74.08317460128792,POINT (-74.083174601288 40.612465408737)
57936735,06/18/2023 07:34:00 PM,06/18/2023 07:54:57 PM,NYPD,New York City Police Department,Noise - Commercial,Loud Music/Party,,Store/Commercial,11103,31-08 43 STREET,43 STREET,31 AVENUE,BROADWAY,31 AVENUE,BROADWAY,ADDRESS,ASTORIA,43 STREET,,Closed,,The Police Department responded to the complaint and took action to fix the condition.,06/18/2023 07:55:00 PM,01 QUEENS,22,Precinct 114,4006920046,QUEENS,1007770,216070,MOBILE,Unspecified,QUEENS,,,,,,,,40.75970742440434,-73.91510019907894,POINT (-73.915100199079 40.759707424404)
57942639,06/19/2023 03:56:01 PM,06/27/2023 11:38:44 AM,DOT,Department of Transportation,Sidewalk Condition,Sidewalk Violation,Dismiss Violation Owner Fixed,Sidewalk,11419,116-06 LIBERTY AVENUE,LIBERTY AVENUE,116 STREET,117 STREET,116 STREET,117 STREET,ADDRESS,SOUTH RICHMOND HILL,LIBERTY AVENUE,,Closed,,A sidewalk dismissal inspection (work done by owner) has been scheduled. Department of Transportation is in direct contact with the responsible party.,06/27/2023 11:38:51 AM,10 QUEENS,28,Precinct 106,4095700003,QUEENS,1032321,189197,PHONE,Unspecified,QUEENS,,,,,,,,40.685848291264826,-73.82667092515379,POINT (-73.826670925154 40.685848291265)
57938823,06/18/2023 08:11:00 PM,06/28/2023 03:45:00 PM,DEP,Department of Environmental Protection,Noise,"Noise, Barking Dog (NR5)",NR5,,11435,142-02 84 DRIVE,84 DRIVE,BURDEN CRES,PERSHING CRES,,,ADDRESS,JAMAICA,,N/A,Closed,,"The Department of Environmental Protection (DEP) didn't observe a violation of the NYC Air or Noise Code at the time of inspection and couldn't issue a summons.  If the problem still exists, please go to nyc.gov/311 or call 311 to file a new Service Request. If you're outside of New York City, please call (212) NEW-YORK (212-639-9675).",06/28/2023 03:45:00 PM,08 QUEENS,24,Precinct 107,4097120161,QUEENS,1035571,198359,ONLINE,Unspecified,QUEENS,,,,,,,,40.71097754145741,-73.81488265701564,POINT (-73.814882657016 40.710977541457)
57931560,06/18/2023 06:15:48 PM,06/20/2023 01:36:53 PM,DSNY,Department of Sanitation,Residential Disposal Complaint,Trash or Recycling Not Secure,N/A,Sidewalk,11210,1115 EAST   39 STREET,EAST   39 STREET,AVENUE I,AVENUE J,AVENUE I,AVENUE J,ADDRESS,BROOKLYN,EAST   39 STREET,,Closed,,The Department of Sanitation investigated this complaint and found no violation at the location.,06/20/2023 01:36:58 PM,18 BROOKLYN,45,Precinct 63,3077650041,BROOKLYN,1001291,168576,ONLINE,Unspecified,BROOKLYN,,,,,,,,40.629362323486504,-73.93860749429635,POINT (-73.938607494296 40.629362323487)
57933000,06/18/2023 06:44:00 AM,06/19/2023 10:00:00 AM,DEP,Department of Environmental Protection,Water System,Hydrant Leaking (WC1),WC1,,10306,110 MILL ROAD,MILL ROAD,DARTMOUTH LOOP,INA ST,,,ADDRESS,STATEN ISLAND,,,Closed,,The Department of Environmental Protection investigated this complaint and shut the running hydrant.,06/19/2023 10:00:00 AM,02 STATEN ISLAND,50,Precinct 122,,STATEN ISLAND,954063,145569,ONLINE,Unspecified,STATEN ISLAND,,,,,,,,40.56617776515657,-74.10864990330663,POINT (-74.108649903307 40.566177765157)
57927915,06/17/2023 12:20:00 AM,06/20/2023 11:01:00 AM,DEP,Department of Environmental Protection,Lead,Lead Kit Request (Residential) (L10),L10,,11104,41-41 46 STREET,46 STREET,SKILLMAN AVE,43 AVE,,,ADDRESS,SUNNYSIDE,,N/A,Closed,,The Department of Environmental Protection (DEP) mailed you the free lead test kit you requested. The kit includes instructions for collecting a water sample and contact information for DEP's Lead Program Unit if you have any questions. Please use the included pre-paid label to mail the sample to the lab for analysis. It may take the lab up to 30 days to complete their analysis and mail you the test results. This Service Request is closed and no further status will be available from 311.,06/20/2023 11:01:00 AM,02 QUEENS,26,Precinct 108,4001370004,QUEENS,1006954,211174,ONLINE,Unspecified,QUEENS,,,,,,,,40.74627128454544,-73.91806223182732,POINT (-73.918062231827 40.746271284545)
57929679,06/17/2023 10:48:12 AM,06/17/2023 12:19:13 PM,NYPD,New York City Police Department,Illegal Parking,Double Parked Blocking Traffic,,Street/Sidewalk,10451,825 WALTON AVENUE,WALTON AVENUE,EAST  157 STREET,EAST  158 STREET,EAST  157 STREET,EAST  158 STREET,ADDRESS,BRONX,WALTON AVENUE,,Closed,,The Police Department responded to the complaint and with the information available observed no evidence of the violation at that time.,06/17/2023 12:19:17 PM,04 BRONX,16,Precinct 44,2024740015,BRONX,1004998,240117,MOBILE,Unspecified,BRONX,,,,,,,,40.82571686083186,-73.92503195429917,POINT (-73.925031954299 40.825716860832)
57935277,06/19/2023 12:02:01 AM,06/19/2023 12:37:52 AM,NYPD,New York City Police Department,Blocked Driveway,Partial Access,,Street/Sidewalk,11691,17-08 BROOKHAVEN AVENUE,BROOKHAVEN AVENUE,BEACH   17 STREET,BEACH   19 STREET,BEACH   17 STREET,BEACH   19 STREET,ADDRESS,FAR ROCKAWAY,BROOKHAVEN AVENUE,,Closed,,The Police Department responded to the complaint and took action to fix the condition.,06/19/2023 12:37:57 AM,14 QUEENS,31,Precinct 101,4156280056,QUEENS,1053416,157575,MOBILE,Unspecified,QUEENS,,,,,,,,40.598913344673896,-73.75093345542008,POINT (-73.75093345542 40.598913344674)
57928203,06/17/2023 06:26:36 AM,06/17/2023 07:00:06 AM,NYPD,New York City Police Department,Encampment,N/A,,Street/Sidewalk,10014,403 6 AVENUE,6 AVENUE,WAVERLY PLACE,GREENWICH AVENUE,WAVERLY PLACE,GREENWICH AVENUE,ADDRESS,NEW YORK,AVENUE OF THE AMERICAS,,Closed,,The Police Department visited the location and has referred the complaint to the Department of Homeless Services (DHS) for further action. DHS will inspect the condition and update your Service Request with more information.,06/17/2023 07:00:09 AM,02 MANHATTAN,03,Precinct 6,1005930013,MANHATTAN,984331,206483,MOBILE,Unspecified,MANHATTAN,,,,,,,,40.73342479962867,-73.9997077308535,POINT (-73.999707730853 40.733424799629)
57943647,06/19/2023 11:13:00 AM,11/03/2023 12:24:40 PM,DPR,Department of Parks and Recreation,Dead/Dying Tree,Planted Less Than 2 Years Ago,N/A,Street,10024,509 AMSTERDAM AVENUE,AMSTERDAM AVENUE,WEST   84 STREET,WEST   85 STREET,WEST   84 STREET,WEST   85 STREET,ADDRESS,NEW YORK,AMSTERDAM AVENUE,,Closed,,NYC Parks visited the site and inspected the condition. No work is necessary at this time.,11/03/2023 12:24:44 PM,07 MANHATTAN,06,Precinct 20,1012150064,MANHATTAN,990965,225878,UNKNOWN,Unspecified,MANHATTAN,,,,,,,,40.78665655078374,-73.97575115492488,POINT (-73.975751154925 40.786656550784)
57933756,06/18/2023 10:41:16 PM,06/18/2023 11:08:09 PM,NYPD,New York City Police Department,Noise - Street/Sidewalk,Loud Music/Party,,Street/Sidewalk,11421,85-26 98 STREET,98 STREET,PARK LANE SOUTH,JAMAICA AVENUE,PARK LANE SOUTH,JAMAICA AVENUE,ADDRESS,WOODHAVEN,98 STREET,,Closed,,The Police Department responded to the complaint and took action to fix the condition.,06/18/2023 11:08:12 PM,09 QUEENS,32,Precinct 102,4088920006,QUEENS,1026079,193536,MOBILE,Unspecified,QUEENS,,,,,,,,40.69778952690002,-73.84915064589899,POINT (-73.849150645899 40.6977895269)
57939408,06/18/2023 11:20:08 PM,06/18/2023 11:34:29 PM,NYPD,New York City Police Department,Noise - Vehicle,Car/Truck Music,,Street/Sidewalk,11368,127-11 WILLETS POINT BOULEVARD,WILLETS POINT BOULEVARD,127 STREET,34 AVENUE,127 STREET,34 AVENUE,ADDRESS,CORONA,WILLETS POINT BOULEVARD,,Closed,,The Police Department responded to the complaint and took action to fix the condition.,06/18/2023 11:34:35 PM,07 QUEENS,21,Precinct 110,4018320001,QUEENS,1028093,215713,MOBILE,Unspecified,QUEENS,,,,,,,,40.758650131211176,-73.84174301320034,POINT (-73.8417430132 40.758650131211)
57934719,06/18/2023 08:22:45 PM,06/18/2023 08:56:45 PM,NYPD,New York City Police Department,Noise - Residential,Loud Music/Party,,Residential Building/House,11429,104-20 207 STREET,207 STREET,104 AVENUE,109 AVENUE,104 AVENUE,109 AVENUE,ADDRESS,QUEENS VILLAGE,207 STREET,,Closed,,The Police Department responded to the complaint and with the information available observed no evidence of the violation at that time.,06/18/2023 08:56:50 PM,13 QUEENS,27,Precinct 105,4109100016,QUEENS,1053149,198155,ONLINE,Unspecified,QUEENS,,,,,,,,40.71029819083098,-73.75148034056376,POINT (-73.751480340564 40.710298190831)
57931065,06/17/2023 07:49:28 PM,06/17/2023 08:07:41 PM,NYPD,New York City Police Department,Noise - Residential,Loud Music/Party,,Residential Building/House,10003,101 EAST   10 STREET,EAST   10 STREET,3 AVENUE,STUYVESANT STREET,3 AVENUE,STUYVESANT STREET,ADDRESS,NEW YORK,EAST   10 STREET,,Closed,,The Police Department reviewed your complaint and provided additional information below.,06/17/2023 08:07:45 PM,03 MANHATTAN,02,Precinct 9,1004667501,MANHATTAN,987356,205463,ONLINE,Unspecified,MANHATTAN,,,,,,,,40.730624604945206,-73.98879321204096,POINT (-73.988793212041 40.730624604945)
57928032,06/17/2023 07:42:21 AM,06/20/2023 05:41:01 AM,DSNY,Department of Sanitation,Dirty Condition,Trash,Not Cleaned by Property Owner,Gutter,10309,145 BLOOMINGDALE ROAD,BLOOMINGDALE ROAD,SUTTER PLACE,DRUMGOOLE ROAD EAST,SUTTER PLACE,DRUMGOOLE ROAD EAST,ADDRESS,STATEN ISLAND,BLOOMINGDALE ROAD,,Closed,,The Department of Sanitation investigated this complaint and found no condition at the location.,06/20/2023 05:41:08 AM,03 STATEN ISLAND,51,Precinct 123,5069980028,STATEN ISLAND,924118,131566,ONLINE,Unspecified,STATEN ISLAND,,,,,,,,40.527589789884175,-74.21630401160867,POINT (-74.216304011609 40.527589789884)
57939003,06/18/2023 09:01:10 AM,06/18/2023 09:36:22 AM,NYPD,New York City Police Department,Encampment,N/A,,Store/Commercial,11238,899 BERGEN STREET,BERGEN STREET,CLASSON AVENUE,FRANKLIN AVENUE SHUTTLE LINE,CLASSON AVENUE,FRANKLIN AVENUE SHUTTLE LINE,ADDRESS,BROOKLYN,BERGEN STREET,,Closed,,The Police Department visited the location and no Encampment was found.,06/18/2023 09:36:27 AM,08 BROOKLYN,35,Precinct 77,3011427502,BROOKLYN,995986,186008,ONLINE,Unspecified,BROOKLYN,,,,,,,,40.67721797068917,-73.95768913620907,POINT (-73.957689136209 40.677217970689)
57935286,06/18/2023 11:26:02 AM,06/18/2023 11:52:55 AM,NYPD,New York City Police Department,Illegal Parking,Blocked Hydrant,,Street/Sidewalk,11368,57-17 XENIA STREET,XENIA STREET,57 AVENUE,OTIS AVENUE,57 AVENUE,OTIS AVENUE,ADDRESS,CORONA,XENIA STREET,,Closed,,The Police Department issued a summons in response to the complaint.,06/18/2023 11:53:02 AM,04 QUEENS,21,Precinct 110,4019500028,QUEENS,1023607,208442,MOBILE,Unspecified,QUEENS,,,,,,,,40.738714200434345,-73.8579783332626,POINT (-73.857978333263 40.738714200434)
57940686,06/18/2023 11:22:51 PM,06/18/2023 11:50:12 PM,NYPD,New York City Police Department,Noise - Vehicle,Car/Truck Music,,Street/Sidewalk,11211,264 SOUTH    1 STREET,SOUTH    1 STREET,HAVEMEYER STREET,MARCY AVENUE,HAVEMEYER STREET,MARCY AVENUE,ADDRESS,BROOKLYN,SOUTH    1 STREET,,Closed,,The Police Department responded to the complaint and took action to fix the condition.,06/18/2023 11:50:15 PM,01 BROOKLYN,34,Precinct 90,3024090011,BROOKLYN,996307,198681,MOBILE,Unspecified,BROOKLYN,,,,,,,,40.71200198206121,-73.95650917678783,POINT (-73.956509176788 40.712001982061)
57934071,06/18/2023 05:28:29 PM,06/18/2023 06:16:04 PM,NYPD,New York City Police Department,Illegal Parking,Double Parked Blocking Traffic,,Street/Sidewalk,10469,3475 FISH AVENUE,FISH AVENUE,BOSTON ROAD,HICKS STREET,BOSTON ROAD,HICKS STREET,ADDRESS,BRONX,FISH AVENUE,,Closed,,The Police Department responded to the complaint and took action to fix the condition.,06/18/2023 06:16:09 PM,12 BRONX,12,Precinct 47,2047120001,BRONX,1025566,258916,ONLINE,Unspecified,BRONX,,,,,,,,40.877242202237994,-73.85059855395522,POINT (-73.850598553955 40.877242202238)
57935124,06/19/2023 01:58:08 AM,06/19/2023 10:01:43 AM,DSNY,Department of Sanitation,Dirty Condition,Trash,Not Cleaned by Property Owner,Yard,11226,2409 BEVERLEY ROAD,BEVERLEY ROAD,BEDFORD AVENUE,LOTT STREET,BEDFORD AVENUE,LOTT STREET,ADDRESS,BROOKLYN,BEVERLEY ROAD,,Closed,,The Department of Sanitation investigated this complaint and issued a Notice of Violation.,06/19/2023 10:01:49 AM,17 BROOKLYN,40,Precinct 67,3051350039,BROOKLYN,996855,174195,PHONE,Unspecified,BROOKLYN,,,,,,,,40.644792701370726,-73.95457828379143,POINT (-73.954578283791 40.644792701371)
57936132,06/18/2023 08:19:31 PM,06/18/2023 08:20:14 PM,NYPD,New York City Police Department,Noise - Street/Sidewalk,Loud Music/Party,,Street/Sidewalk,10040,220 DYCKMAN STREET,DYCKMAN STREET,VERMILYEA AVENUE,BROADWAY,VERMILYEA AVENUE,BROADWAY,ADDRESS,NEW YORK,DYCKMAN STREET,,Closed,,The Police Department responded to the complaint and took action to fix the condition.,06/18/2023 08:20:20 PM,12 MANHATTAN,10,Precinct 34,,MANHATTAN,1004399,254551,ONLINE,Unspecified,MANHATTAN,,,,,,,,40.865335323132,-73.92715292781685,POINT (-73.927152927817 40.865335323132)
57936564,06/18/2023 05:52:33 AM,06/18/2023 07:15:52 AM,NYPD,New York City Police Department,Illegal Parking,Double Parked Blocking Traffic,,Street/Sidewalk,10468,2747 SEDGWICK AVENUE,SEDGWICK AVENUE,WEST  195 STREET,WEST  197 STREET,WEST  195 STREET,WEST  197 STREET,ADDRESS,BRONX,SEDGWICK AVENUE,,Closed,,The Police Department issued a summons in response to the complaint.,06/18/2023 07:15:57 AM,08 BRONX,14,Precinct 50,2032530063,BRONX,1011210,256668,MOBILE,Unspecified,BRONX,,,,,,,,40.871127665595964,-73.90251981117667,POINT (-73.902519811177 40.871127665596)
57940704,06/18/2023 07:53:01 AM,08/08/2023 05:02:53 PM,HPD,Department of Housing Preservation and Development,UNSANITARY CONDITION,PESTS,OTHER,RESIDENTIAL BUILDING,10467,3083 DECATUR AVENUE,DECATUR AVENUE,,,,,ADDRESS,BRONX,,,Closed,,The Department of Housing Preservation and Development inspected the following conditions. Violations were previously issued for these conditions. Information about specific violations is available at www.nyc.gov/hpd.,08/08/2023 12:00:00 AM,07 BRONX,11,Precinct 52,2033320061,BRONX,1017826,256719,PHONE,Unspecified,BRONX,,,,,,,,40.87124495774257,-73.878597887036,POINT (-73.878597887036 40.871244957743)
57928788,06/17/2023 08:58:01 PM,06/17/2023 09:34:58 PM,NYPD,New York City Police Department,Noise - Street/Sidewalk,Loud Music/Party,,Street/Sidewalk,11236,701 EAST   79 STREET,EAST   79 STREET,GLENWOOD ROAD,FLATLANDS AVENUE,GLENWOOD ROAD,FLATLANDS AVENUE,ADDRESS,BROOKLYN,EAST   79 STREET,,Closed,,The Police Department responded to the complaint and took action to fix the condition.,06/17/2023 09:35:02 PM,18 BROOKLYN,46,Precinct 69,3080000135,BROOKLYN,1007701,171121,ONLINE,Unspecified,BROOKLYN,,,,,,,,40.63633315599542,-73.91550577139155,POINT (-73.915505771392 40.636333155995)
57929112,06/17/2023 11:32:00 AM,06/18/2023 02:10:00 PM,DEP,Department of Environmental Protection,Sewer,Catch Basin Clogged/Flooding (Use Comments) (SC),SC,,10025,,,,,WEST 96 STREET,WEST END AVENUE,INTERSECTION,MANHATTAN,,,Closed,,"The Department of Environmental Protection inspected your complaint and cleaned the catch basin or inlet. If the condition returns, please call 311 (or 212-639-9675 if calling from a non-New York City area code) to submit a new complaint.",06/18/2023 02:10:00 PM,07 MANHATTAN,06,Precinct 24,,MANHATTAN,991668,229010,PHONE,Unspecified,MANHATTAN,,,,,,,,40.795252485299606,-73.97320906036077,POINT (-73.973209060361 40.7952524853)
57931245,06/17/2023 07:13:26 PM,06/17/2023 08:07:59 PM,NYPD,New York City Police Department,Noise - Commercial,Loud Music/Party,,Store/Commercial,11419,112-06 LIBERTY AVENUE,LIBERTY AVENUE,112 STREET,113 STREET,112 STREET,113 STREET,ADDRESS,SOUTH RICHMOND HILL,LIBERTY AVENUE,,Closed,,The Police Department responded to the complaint and took action to fix the condition.,06/17/2023 08:08:05 PM,10 QUEENS,28,Precinct 106,4095350003,QUEENS,1031365,188933,MOBILE,Unspecified,QUEENS,,,,,,,,40.685128813483864,-73.8301198011382,POINT (-73.830119801138 40.685128813484)
58071636,07/02/2023 08:02:46 PM,07/02/2023 08:44:38 PM,NYPD,New York City Police Department,Noise - Park,Loud Music/Party,,Park/Playground,11375,105-25 62 ROAD,62 ROAD,YELLOWSTONE BOULEVARD,108 STREET,YELLOWSTONE BOULEVARD,108 STREET,ADDRESS,FOREST HILLS,62 ROAD,,Closed,,The Police Department responded to the complaint and took action to fix the condition.,07/02/2023 08:44:42 PM,06 QUEENS,24,Precinct 112,,QUEENS,1024925,207368,ONLINE,Playground Sixty Two LXII,QUEENS,,,,,,,,40.73576037683406,-73.85322876793556,POINT (-73.853228767936 40.735760376834)
57929904,06/18/2023 01:50:35 AM,06/18/2023 02:02:16 AM,NYPD,New York City Police Department,Noise - Residential,Loud Music/Party,,Residential Building/House,11433,107-09 159 STREET,159 STREET,107 AVENUE,108 AVENUE,107 AVENUE,108 AVENUE,ADDRESS,JAMAICA,159 STREET,,Closed,,The Police Department responded to the complaint and determined that police action was not necessary.,06/18/2023 02:02:19 AM,12 QUEENS,28,Precinct 103,4101250033,QUEENS,1041091,193174,ONLINE,Unspecified,QUEENS,,,,,,,,40.69671223371353,-73.79501558307801,POINT (-73.795015583078 40.696712233714)
57941388,06/19/2023 03:23:06 AM,,DHS,Department of Homeless Services,Homeless Person Assistance,,,Subway,,,,,,,,ADDRESS,,,,Closed,,The mobile outreach response team went to the location provided but could not find the individual that you reported.,07/08/2023 08:21:45 AM,Unspecified MANHATTAN,,Unspecified,,MANHATTAN,981681,199944,MOBILE,Unspecified,MANHATTAN,,,,1,,,Mezzanine,40.71547645799355,-74.00926712653734,POINT (-74.009267126537 40.715476457994)
57941964,06/19/2023 05:08:01 AM,06/19/2023 09:45:39 AM,NYPD,New York City Police Department,Illegal Parking,Posted Parking Sign Violation,,Street/Sidewalk,11421,86-03 76 STREET,76 STREET,86 AVENUE,86 ROAD,86 AVENUE,86 ROAD,ADDRESS,WOODHAVEN,76 STREET,,Closed,,The Police Department issued a summons in response to the complaint.,06/19/2023 09:45:44 AM,09 QUEENS,32,Precinct 102,4088400117,QUEENS,1021389,191755,MOBILE,Unspecified,QUEENS,,,,,,,,40.69292202635044,-73.86607414519078,POINT (-73.866074145191 40.69292202635)
57932217,06/18/2023 02:13:12 AM,06/18/2023 02:37:07 AM,NYPD,New York City Police Department,Noise - Residential,Loud Music/Party,,Residential Building/House,11419,107-32 123 STREET,123 STREET,107 AVENUE,109 AVENUE,107 AVENUE,109 AVENUE,ADDRESS,SOUTH RICHMOND HILL,123 STREET,,Closed,,The Police Department responded to the complaint and with the information available observed no evidence of the violation at that time.,06/18/2023 02:37:10 AM,10 QUEENS,28,Precinct 106,4096020024,QUEENS,1034294,188898,ONLINE,Unspecified,QUEENS,,,,,,,,40.68501667092698,-73.81955914129709,POINT (-73.819559141297 40.685016670927)
57939156,06/18/2023 10:23:52 PM,06/18/2023 10:36:32 PM,NYPD,New York City Police Department,Noise - Commercial,Loud Music/Party,,Store/Commercial,11208,1090 SUTTER AVENUE,SUTTER AVENUE,BERRIMAN STREET,ATKINS AVENUE,BERRIMAN STREET,ATKINS AVENUE,ADDRESS,BROOKLYN,SUTTER AVENUE,,Closed,,The Police Department responded to the complaint and took action to fix the condition.,06/18/2023 10:36:38 PM,05 BROOKLYN,42,Precinct 75,3040540027,BROOKLYN,1017963,184068,ONLINE,Unspecified,BROOKLYN,,,,,,,,40.67183669516819,-73.87846698500125,POINT (-73.878466985001 40.671836695168)
57933567,06/18/2023 08:01:43 PM,06/18/2023 08:20:58 PM,NYPD,New York City Police Department,Noise - Street/Sidewalk,Loud Music/Party,,Street/Sidewalk,10456,1011 SHERIDAN AVENUE,SHERIDAN AVENUE,EAST  164 STREET,CARROLL PLACE,EAST  164 STREET,CARROLL PLACE,ADDRESS,BRONX,SHERIDAN AVENUE,,Closed,,The Police Department responded to the complaint and took action to fix the condition.,06/18/2023 08:21:01 PM,04 BRONX,16,Precinct 44,2024610130,BRONX,1006531,241465,PHONE,Unspecified,BRONX,,,,,,,,40.829413000530494,-73.9194883436301,POINT (-73.91948834363 40.82941300053)
57931200,06/17/2023 11:01:21 AM,06/17/2023 11:37:13 AM,NYPD,New York City Police Department,Noise - Residential,Banging/Pounding,,Residential Building/House,10002,55 RUTGERS STREET,RUTGERS STREET,MADISON STREET,CHERRY STREET,MADISON STREET,CHERRY STREET,ADDRESS,NEW YORK,RUTGERS STREET,,Closed,,The Police Department responded to the complaint and determined that police action was not necessary.,06/17/2023 11:37:20 AM,03 MANHATTAN,01,Precinct 7,1002560001,MANHATTAN,987076,198577,PHONE,Unspecified,MANHATTAN,,,,,,,,40.71172429074152,-73.98980637392404,POINT (-73.989806373924 40.711724290742)
57942063,06/19/2023 07:44:41 PM,06/19/2023 08:10:31 PM,NYPD,New York City Police Department,Drug Activity,Use Outside,,Street/Sidewalk,11366,159-06 UNION TURNPIKE,UNION TURNPIKE,159 STREET,160 STREET,159 STREET,160 STREET,ADDRESS,FRESH MEADOWS,UNION TURNPIKE,,Closed,,The Police Department responded to the complaint and with the information available observed no evidence of the violation at that time.,06/19/2023 08:10:34 PM,08 QUEENS,24,Precinct 107,4068540028,QUEENS,1037538,201770,ONLINE,Unspecified,QUEENS,,,,,,,,40.720328269590894,-73.80776061338688,POINT (-73.807760613387 40.720328269591)
57927519,06/17/2023 10:07:10 PM,06/17/2023 10:09:08 PM,NYPD,New York City Police Department,Noise - Residential,Loud Music/Party,,Residential Building/House,11372,34-17 75 STREET,75 STREET,34 AVENUE,35 AVENUE,34 AVENUE,35 AVENUE,ADDRESS,JACKSON HEIGHTS,75 STREET,,Closed,,The Police Department responded to the complaint and took action to fix the condition.,06/17/2023 10:09:13 PM,03 QUEENS,25,Precinct 115,4012620063,QUEENS,1014329,213459,ONLINE,Unspecified,QUEENS,,,,,,,,40.75252101872944,-73.8914359748287,POINT (-73.891435974829 40.752521018729)
57929238,06/17/2023 11:36:39 AM,06/17/2023 01:13:35 PM,NYPD,New York City Police Department,Blocked Driveway,Partial Access,,Street/Sidewalk,10466,1046 EAST  224 STREET,EAST  224 STREET,PAULDING AVENUE,EASTCHESTER ROAD,PAULDING AVENUE,EASTCHESTER ROAD,ADDRESS,BRONX,EAST  224 STREET,,Closed,,The Police Department responded and upon arrival those responsible for the condition were gone.,06/17/2023 01:13:38 PM,12 BRONX,12,Precinct 47,2048700058,BRONX,1025419,261374,PHONE,Unspecified,BRONX,,,,,,,,40.88398932526254,-73.85111500784575,POINT (-73.851115007846 40.883989325263)
57930174,06/17/2023 10:13:14 PM,06/17/2023 10:17:56 PM,NYPD,New York City Police Department,Noise - Street/Sidewalk,Loud Music/Party,,Street/Sidewalk,10003,346 EAST   19 STREET,EAST   19 STREET,2 AVENUE,1 AVENUE,2 AVENUE,1 AVENUE,ADDRESS,NEW YORK,EAST   19 STREET,,Closed,,The Police Department responded to the complaint and took action to fix the condition.,06/17/2023 10:18:00 PM,06 MANHATTAN,02,Precinct 13,1009240041,MANHATTAN,989423,207003,ONLINE,Unspecified,MANHATTAN,,,,,,,,40.73485055920873,-73.98133406596158,POINT (-73.981334065962 40.734850559209)
57929139,06/17/2023 07:11:52 AM,06/21/2023 12:00:00 AM,DOB,Department of Buildings,General Construction/Plumbing,Building Permit - None,,,11201,85 DEKALB AVENUE,DEKALB AVENUE,,,,,ADDRESS,BROOKLYN,,,Closed,,"The Department of Buildings attempted to investigate this complaint but could not locate the premises. If the problem still exists, please call 311 and file a new complaint with additional information about how to locate the building. If you are outside of New York City, please call (212) NEW-YORK (212-639-9675).",06/21/2023 12:00:00 AM,02 BROOKLYN,35,Precinct 88,3020860034,BROOKLYN,989814,190622,UNKNOWN,Unspecified,BROOKLYN,,,,,,,,40.689888379377976,-73.97993674386342,POINT (-73.979936743863 40.689888379378)
57938643,06/18/2023 11:06:22 PM,06/19/2023 12:09:08 AM,NYPD,New York City Police Department,Blocked Driveway,No Access,,Street/Sidewalk,11230,1446 EAST    9 STREET,EAST    9 STREET,AVENUE N,AVENUE O,AVENUE N,AVENUE O,ADDRESS,BROOKLYN,EAST    9 STREET,,Closed,,The Police Department responded to the complaint and determined that police action was not necessary.,06/19/2023 12:09:11 AM,12 BROOKLYN,44,Precinct 66,3065900026,BROOKLYN,993951,162879,PHONE,Unspecified,BROOKLYN,,,,,,,,40.613736327198914,-73.96505901922264,POINT (-73.965059019223 40.613736327199)
57937005,06/18/2023 11:45:29 PM,06/18/2023 11:51:44 PM,NYPD,New York City Police Department,Noise - Street/Sidewalk,Loud Music/Party,,Street/Sidewalk,11220,94 68 STREET,68 STREET,NARROWS AVENUE,BLISS TERRACE,NARROWS AVENUE,BLISS TERRACE,ADDRESS,BROOKLYN,68 STREET,,Closed,,The Police Department responded to the complaint and took action to fix the condition.,06/18/2023 11:51:48 PM,10 BROOKLYN,47,Precinct 68,3058600095,BROOKLYN,975314,171965,MOBILE,Unspecified,BROOKLYN,,,,,,,,40.638676292200955,-74.03219763929879,POINT (-74.032197639299 40.638676292201)
57933999,06/18/2023 11:19:37 PM,06/19/2023 12:14:07 AM,NYPD,New York City Police Department,Illegal Parking,Blocked Crosswalk,,Street/Sidewalk,11217,34 THIRD AVENUE,THIRD AVENUE,STATE STREET,ATLANTIC AVENUE,STATE STREET,ATLANTIC AVENUE,ADDRESS,BROOKLYN,3 AVENUE,,Closed,,The Police Department responded to the complaint and took action to fix the condition.,06/19/2023 12:14:10 AM,02 BROOKLYN,33,Precinct 84,3001797503,BROOKLYN,989669,189096,MOBILE,Unspecified,BROOKLYN,,,,,,,,40.68569994956992,-73.98046082748526,POINT (-73.980460827485 40.68569994957)
57929733,06/17/2023 06:39:32 AM,06/19/2023 10:10:50 AM,DSNY,Department of Sanitation,Dirty Condition,Trash,Littering,Yard,10309,2951 ARTHUR KILL ROAD,ARTHUR KILL ROAD,INDUSTRIAL LOOP,INDUSTRIAL LOOP,INDUSTRIAL LOOP,INDUSTRIAL LOOP,ADDRESS,STATEN ISLAND,ARTHUR KILL ROAD,,Closed,,The Department of Sanitation cleaned the location.,06/19/2023 10:10:59 AM,03 STATEN ISLAND,51,Precinct 123,5072060006,STATEN ISLAND,920543,138415,ONLINE,Unspecified,STATEN ISLAND,,,,,,,,40.54636399661807,-74.22922824775002,POINT (-74.22922824775 40.546363996618)
57933990,06/18/2023 04:44:50 AM,06/18/2023 05:51:57 AM,NYPD,New York City Police Department,Illegal Parking,Blocked Hydrant,,Street/Sidewalk,11385,71-28 MYRTLE AVENUE,MYRTLE AVENUE,71 PLACE,72 STREET,71 PLACE,72 STREET,ADDRESS,RIDGEWOOD,MYRTLE AVENUE,,Closed,,The Police Department responded and upon arrival those responsible for the condition were gone.,06/18/2023 05:52:01 AM,05 QUEENS,32,Precinct 104,4037100019,QUEENS,1017792,195086,MOBILE,Unspecified,QUEENS,,,,,,,,40.70207920075584,-73.87902857538235,POINT (-73.879028575382 40.702079200756)
57938706,06/18/2023 10:40:07 AM,06/21/2023 12:47:42 PM,DSNY,Department of Sanitation,Illegal Dumping,Removal Request,N/A,Sidewalk,10307,232 MAIN STREET,MAIN STREET,BENTLEY LANE,AMBOY ROAD,BENTLEY LANE,AMBOY ROAD,ADDRESS,STATEN ISLAND,MAIN STREET,,Closed,,The Department of Sanitation investigated this complaint and found no condition at the location.,06/21/2023 11:21:46 AM,03 STATEN ISLAND,51,Precinct 123,5080480074,STATEN ISLAND,915476,124997,ONLINE,Unspecified,STATEN ISLAND,,,,,,,,40.5094963796612,-74.2473237376518,POINT (-74.247323737652 40.509496379661)
57943530,06/19/2023 10:14:20 PM,07/21/2023 07:03:32 PM,HPD,Department of Housing Preservation and Development,DOOR/WINDOW,DOOR,NEEDS KEY FOR EXIT,RESIDENTIAL BUILDING,11225,441 BROOKLYN AVENUE,BROOKLYN AVENUE,,,,,ADDRESS,BROOKLYN,,,Closed,,The Department of Housing Preservation and Development inspected the following conditions. No violations were issued. The complaint has been closed.,07/21/2023 12:00:00 AM,09 BROOKLYN,40,Precinct 71,3013230017,BROOKLYN,999381,181248,PHONE,Unspecified,BROOKLYN,,,,,,,,40.66414768607463,-73.94546010128431,POINT (-73.945460101284 40.664147686075)
57928455,06/17/2023 06:02:00 AM,06/17/2023 07:20:00 AM,DOT,Department of Transportation,Traffic Signal Condition,Controller,Operating Improperly,,,,,,,ASTORIA BLVD,31 ST,INTERSECTION,,,N/A,Closed,,Service Request status for this request is available on the Department of Transportationâs website. Please click the âLearn Moreâ link below.,06/17/2023 07:20:00 AM,Unspecified QUEENS,,Unspecified,,QUEENS,,,UNKNOWN,Unspecified,QUEENS,,,,,,,,,,
57940398,06/18/2023 05:41:58 PM,06/18/2023 05:42:36 PM,NYPD,New York City Police Department,Noise - Residential,Loud Music/Party,,Residential Building/House,10016,123 EAST   30 STREET,EAST   30 STREET,PARK AVENUE SOUTH,LEXINGTON AVENUE,PARK AVENUE SOUTH,LEXINGTON AVENUE,ADDRESS,NEW YORK,EAST   30 STREET,,Closed,,The Police Department responded to the complaint and with the information available observed no evidence of the violation at that time.,06/18/2023 05:42:41 PM,05 MANHATTAN,02,Unspecified,1008860016,MANHATTAN,989232,210367,ONLINE,Unspecified,MANHATTAN,,,,,,,,40.744084013646045,-73.98202076715444,POINT (-73.982020767154 40.744084013646)
57941802,06/19/2023 02:04:12 PM,06/22/2023 06:56:45 PM,HPD,Department of Housing Preservation and Development,PLUMBING,BATHTUB/SHOWER,BROKEN OR MISSING,RESIDENTIAL BUILDING,11233,2347 PACIFIC STREET,PACIFIC STREET,,,,,ADDRESS,BROOKLYN,,,Closed,,The Department of Housing Preservation and Development inspected the following conditions. Violations were issued. Information about specific violations is available at www.nyc.gov/hpd,06/22/2023 12:00:00 AM,16 BROOKLYN,37,Precinct 73,3014360048,BROOKLYN,1009898,185341,PHONE,Unspecified,BROOKLYN,,,,,,,,40.67535783111126,-73.90753587878848,POINT (-73.907535878788 40.675357831111)
57928536,06/17/2023 06:00:45 PM,06/17/2023 06:31:18 PM,NYPD,New York City Police Department,Noise - Residential,Loud Music/Party,,Residential Building/House,11436,115-18 145 STREET,145 STREET,115 AVENUE,116 AVENUE,115 AVENUE,116 AVENUE,ADDRESS,JAMAICA,145 STREET,,Closed,,The Police Department responded to the complaint and took action to fix the condition.,06/17/2023 06:31:22 PM,12 QUEENS,28,Precinct 113,4119880013,QUEENS,1040304,188037,MOBILE,Unspecified,QUEENS,,,,,,,,40.682617408073625,-73.79789645496206,POINT (-73.797896454962 40.682617408074)
57941586,06/19/2023 08:09:37 PM,06/19/2023 08:31:53 PM,NYPD,New York City Police Department,Noise - Street/Sidewalk,Loud Music/Party,,Street/Sidewalk,11694,124 BEACH  129 STREET,BEACH  129 STREET,OCEAN PROMENADE,ROCKAWAY BEACH BOULEVARD,OCEAN PROMENADE,ROCKAWAY BEACH BOULEVARD,ADDRESS,FAR ROCKAWAY,BEACH  129 STREET,,Closed,,The Police Department responded to the complaint and took action to fix the condition.,06/19/2023 08:31:59 PM,14 QUEENS,32,Precinct 100,4162380062,QUEENS,1026705,148643,MOBILE,Unspecified,QUEENS,,,,,,,,40.57456502982871,-73.84717553853693,POINT (-73.847175538537 40.574565029829)
57928671,06/17/2023 06:32:36 PM,06/17/2023 06:32:36 PM,DOHMH,Department of Health and Mental Hygiene,Rodent,Signs of Rodents,,3+ Family Apt. Building,10454,455 EAST  138 STREET,EAST  138 STREET,WILLIS AVENUE,BROWN PLACE,WILLIS AVENUE,BROWN PLACE,ADDRESS,BRONX,EAST  138 STREET,,Closed,,The Department of Health and Mental Hygiene inspected the property you reported and did not find any violations at the time of the inspection. The property passed inspection.,06/17/2023 06:32:36 PM,01 BRONX,08,Precinct 40,2022830033,BRONX,1006075,233804,PHONE,Unspecified,BRONX,,,,,,,,40.8083868588215,-73.92116099860323,POINT (-73.921160998603 40.808386858822)
57934053,06/18/2023 05:40:50 PM,06/18/2023 07:02:28 PM,DSNY,Department of Sanitation,Vendor Enforcement,Food Vendor,In Prohibited Area,Street,10004,26 BROADWAY,BROADWAY,BEAVER STREET,MORRIS STREET,BEAVER STREET,MORRIS STREET,ADDRESS,NEW YORK,BROADWAY,,Closed,,N/A,06/18/2023 07:02:32 PM,01 MANHATTAN,01,Precinct 1,1000220013,MANHATTAN,980562,196375,ONLINE,Unspecified,MANHATTAN,,,,,,,,40.70568000485677,-74.01330172836009,POINT (-74.01330172836 40.705680004857)
57930354,06/17/2023 10:50:00 AM,06/24/2023 12:00:00 PM,DEP,Department of Environmental Protection,Noise,Noise: Construction Before/After Hours (NM1),NM1,,10021,3 AVENUE,3 AVENUE,EAST   74 STREET,EAST   75 STREET,,,BLOCKFACE,MANHATTAN,,N/A,Closed,,"The Department of Environmental Protection (DEP) didn't observe a violation of the NYC Air or Noise Code at the time of inspection and couldn't issue a summons.  If the problem still exists, please go to nyc.gov/311 or call 311 to file a new Service Request. If you're outside of New York City, please call (212) NEW-YORK (212-639-9675).",06/24/2023 12:00:00 PM,08 MANHATTAN,,Precinct 19,,MANHATTAN,,,ONLINE,Unspecified,MANHATTAN,,,,,,,,,,
57939561,06/18/2023 09:58:44 PM,06/18/2023 10:14:06 PM,NYPD,New York City Police Department,Noise - Vehicle,Car/Truck Music,,Street/Sidewalk,10032,2036 AMSTERDAM AVENUE,AMSTERDAM AVENUE,WEST  160 STREET,WEST  161 STREET,WEST  160 STREET,WEST  161 STREET,ADDRESS,NEW YORK,AMSTERDAM AVENUE,,Closed,,The Police Department responded to the complaint and took action to fix the condition.,06/18/2023 10:14:10 PM,12 MANHATTAN,10,Precinct 33,1021190036,MANHATTAN,1000772,243594,MOBILE,Unspecified,MANHATTAN,,,,,,,,40.83526914257252,-73.94029304837896,POINT (-73.940293048379 40.835269142573)
57940101,06/18/2023 09:42:30 PM,06/18/2023 10:02:06 PM,NYPD,New York City Police Department,Illegal Fireworks,N/A,,Street/Sidewalk,11413,146-76 181 STREET,181 STREET,146 TERRACE,147 AVENUE,146 TERRACE,147 AVENUE,ADDRESS,SPRINGFIELD GARDENS,181 STREET,,Closed,,The Police Department responded to the complaint and took action to fix the condition.,06/18/2023 10:02:09 PM,13 QUEENS,31,Precinct 105,,QUEENS,1049203,180098,ONLINE,Unspecified,QUEENS,,,,,,,,40.660765881484906,-73.76588761901742,POINT (-73.765887619017 40.660765881485)
57937599,06/18/2023 11:15:48 AM,06/21/2023 12:07:36 PM,DCWP,Department of Consumer and Worker Protection,Consumer Complaint,Restaurant,Fees or Surcharges Not Disclosed,Business,11205,499 MYRTLE AVENUE,MYRTLE AVENUE,HALL STREET,RYERSON STREET,HALL STREET,RYERSON STREET,ADDRESS,BROOKLYN,MYRTLE AVENUE,,Closed,,"The Department of Consumer and Worker Protection (DCWP) determined this issue isn't within its jurisdiction.  Unfortunately, DCWP doesn't know of any agency that can act on the complaint and can't provide further assistance.",06/21/2023 12:07:42 PM,02 BROOKLYN,35,Precinct 88,3018910077,BROOKLYN,993926,191944,ONLINE,Unspecified,BROOKLYN,,,,,,,,40.693513423719516,-73.96510736436561,POINT (-73.965107364366 40.69351342372)
57941667,06/19/2023 02:21:26 AM,06/19/2023 03:04:03 AM,NYPD,New York City Police Department,Noise - Street/Sidewalk,Loud Talking,,Street/Sidewalk,11212,518 CHESTER STREET,CHESTER STREET,NEWPORT STREET,LOTT AVENUE,NEWPORT STREET,LOTT AVENUE,ADDRESS,BROOKLYN,CHESTER STREET,,Closed,,The Police Department responded to the complaint and took action to fix the condition.,06/19/2023 03:04:06 AM,16 BROOKLYN,41,Precinct 73,3036130042,BROOKLYN,1009520,179284,MOBILE,Unspecified,BROOKLYN,,,,,,,,40.658733810060966,-73.90892131726957,POINT (-73.90892131727 40.658733810061)
57943638,06/19/2023 02:27:07 PM,06/20/2023 06:45:39 AM,DOT,Department of Transportation,Broken Parking Meter,No Receipt,Payment by Cash,Street,10458,2475 VALENTINE AVENUE,VALENTINE AVENUE,EAST  188 STREET,EAST FORDHAM ROAD,EAST  188 STREET,EAST FORDHAM ROAD,ADDRESS,BRONX,VALENTINE AVENUE,,Closed,,The Department of Transportation inspected the condition you reported and found that the condition meets its standards and/or there is a valid permit to conduct work.,06/20/2023 06:45:44 AM,05 BRONX,15,Precinct 46,,BRONX,1012976,253222,PHONE,Unspecified,BRONX,,,,,,,,40.86166387852841,-73.8961492024387,POINT (-73.896149202439 40.861663878528)
57928014,06/17/2023 12:43:59 PM,06/17/2023 01:16:30 PM,NYPD,New York City Police Department,Blocked Driveway,No Access,,Street/Sidewalk,11224,2813 WEST   19 STREET,WEST   19 STREET,NEPTUNE AVENUE,MERMAID AVENUE,NEPTUNE AVENUE,MERMAID AVENUE,ADDRESS,BROOKLYN,WEST   19 STREET,,Closed,,The Police Department issued a summons in response to the complaint.,06/17/2023 01:16:33 PM,13 BROOKLYN,47,Precinct 60,3070200082,BROOKLYN,988124,149763,MOBILE,Unspecified,BROOKLYN,,,,,,,,40.57774001461854,-73.98605417950101,POINT (-73.986054179501 40.577740014619)
57929607,06/17/2023 02:13:06 PM,06/17/2023 02:53:24 PM,NYPD,New York City Police Department,Illegal Parking,Blocked Hydrant,,Street/Sidewalk,10458,2889 BRIGGS AVENUE,BRIGGS AVENUE,EAST  198 STREET,EAST  199 STREET,EAST  198 STREET,EAST  199 STREET,ADDRESS,BRONX,BRIGGS AVENUE,,Closed,,The Police Department responded to the complaint and with the information available observed no evidence of the violation at that time.,06/17/2023 02:53:28 PM,07 BRONX,15,Precinct 52,2033020042,BRONX,1015238,256176,PHONE,Unspecified,BRONX,,,,,,,,40.86976405513701,-73.88795792482024,POINT (-73.88795792482 40.869764055137)
57938634,06/18/2023 09:15:39 PM,06/18/2023 09:55:55 PM,NYPD,New York City Police Department,Illegal Parking,Blocked Sidewalk,,Street/Sidewalk,11105,22-04 33 STREET,33 STREET,DITMARS BOULEVARD,AMTRAK-CONNECTING RAIL LINE,DITMARS BOULEVARD,AMTRAK-CONNECTING RAIL LINE,ADDRESS,ASTORIA,33 STREET,,Closed,,The Police Department responded to the complaint and took action to fix the condition.,06/18/2023 09:55:59 PM,01 QUEENS,22,Precinct 114,4008330042,QUEENS,1009183,221673,MOBILE,Unspecified,QUEENS,,,,,,,,40.775082326597705,-73.9099789323857,POINT (-73.909978932386 40.775082326598)
57937365,06/18/2023 06:32:48 PM,06/18/2023 07:08:57 PM,NYPD,New York City Police Department,Illegal Parking,Blocked Crosswalk,,Street/Sidewalk,10304,1657 RICHMOND ROAD,RICHMOND ROAD,LIBERTY AVENUE,BUEL AVENUE,LIBERTY AVENUE,BUEL AVENUE,ADDRESS,STATEN ISLAND,RICHMOND ROAD,,Closed,,The Police Department responded to the complaint and with the information available observed no evidence of the violation at that time.,06/18/2023 07:08:59 PM,02 STATEN ISLAND,50,Precinct 122,5008830027,STATEN ISLAND,956146,154165,MOBILE,Unspecified,STATEN ISLAND,,,,,,,,40.58977892350489,-74.10118845708071,POINT (-74.101188457081 40.589778923505)
58026276,06/08/2023 09:21:00 PM,06/10/2023 12:13:00 AM,DSNY,Department of Sanitation,Derelict Vehicles,Derelict Vehicles,,Street,10457,1789 WEBSTER AVENUE,WEBSTER AVENUE,ITTNER PLACE,EAST 175 STREET,,,ADDRESS,BRONX,,DSNY Garage,Closed,,The Department of Sanitation (DSNY) couldn't find the condition. Please file a new Service Request with more details about the location.,06/10/2023 12:00:00 PM,05 BRONX,15,Precinct 46,2028900060,BRONX,1011308,247321,PHONE,Unspecified,BRONX,,,,,,,,40.845472669772676,-73.90220320092783,POINT (-73.902203200928 40.845472669773)
57930849,06/17/2023 11:37:15 AM,06/17/2023 11:37:15 AM,DOHMH,Department of Health and Mental Hygiene,Unsanitary Pigeon Condition,Pigeon Waste,,3+ Family Apartment Building,11372,33-35 76 STREET,76 STREET,NORTHERN BOULEVARD,34 AVENUE,NORTHERN BOULEVARD,34 AVENUE,ADDRESS,JACKSON HEIGHTS,76 STREET,,Closed,,The Department of Health and Mental Hygiene inspected the property you reported and did not find any violations at the time of the inspection. The property passed inspection.,06/17/2023 11:37:15 AM,03 QUEENS,25,Precinct 115,4012490018,QUEENS,1014502,214097,PHONE,Unspecified,QUEENS,,,,,,,,40.75427157534354,-73.89080869681516,POINT (-73.890808696815 40.754271575344)
57930021,06/18/2023 12:41:44 AM,06/18/2023 12:55:31 AM,NYPD,New York City Police Department,Noise - Vehicle,Car/Truck Music,,Street/Sidewalk,10023,113 WEST   75 STREET,WEST   75 STREET,COLUMBUS AVENUE,AMSTERDAM AVENUE,COLUMBUS AVENUE,AMSTERDAM AVENUE,ADDRESS,NEW YORK,WEST   75 STREET,,Closed,,The Police Department responded to the complaint and determined that police action was not necessary.,06/18/2023 12:55:38 AM,07 MANHATTAN,06,Precinct 20,1011470024,MANHATTAN,990330,223329,ONLINE,Unspecified,MANHATTAN,,,,,,,,40.77966068328972,-73.97804653939724,POINT (-73.978046539397 40.77966068329)
57936366,06/18/2023 01:09:33 PM,06/18/2023 06:02:51 PM,NYPD,New York City Police Department,Illegal Parking,Blocked Hydrant,,Street/Sidewalk,11417,103-14 103 STREET,103 STREET,103 AVENUE,LIBERTY AVENUE,103 AVENUE,LIBERTY AVENUE,ADDRESS,OZONE PARK,103 STREET,,Closed,,The Police Department responded to the complaint and with the information available observed no evidence of the violation at that time.,06/18/2023 06:02:58 PM,10 QUEENS,29,Precinct 106,4095060011,QUEENS,1028996,188302,ONLINE,Unspecified,QUEENS,,,,,,,,40.683409158651635,-73.83866575644892,POINT (-73.838665756449 40.683409158652)
57936618,06/18/2023 09:34:58 PM,06/19/2023 06:02:57 AM,NYPD,New York City Police Department,Noise - Residential,Loud Music/Party,,Residential Building/House,10461,2450 SAINT RAYMONDS AVENUE,SAINT RAYMONDS AVENUE,ROWLAND STREET,SEDDON STREET,ROWLAND STREET,SEDDON STREET,ADDRESS,BRONX,ST RAYMOND AVENUE,,Closed,,The Police Department responded to the complaint and with the information available observed no evidence of the violation at that time.,06/19/2023 06:03:04 AM,10 BRONX,18,Precinct 45,2039790057,BRONX,1026106,245325,MOBILE,Unspecified,BRONX,,,,,,,,40.839936496540886,-73.84873075009584,POINT (-73.848730750096 40.839936496541)
57934980,06/18/2023 10:27:50 PM,06/18/2023 11:00:55 PM,NYPD,New York City Police Department,Noise - Vehicle,Car/Truck Music,,Street/Sidewalk,11419,104-08 122 STREET,122 STREET,LIBERTY AVENUE,107 AVENUE,LIBERTY AVENUE,107 AVENUE,ADDRESS,SOUTH RICHMOND HILL,122 STREET,,Closed,,The Police Department responded and upon arrival those responsible for the condition were gone.,06/18/2023 11:00:59 PM,10 QUEENS,28,Precinct 106,4095750010,QUEENS,1033763,189585,MOBILE,Unspecified,QUEENS,,,,,,,,40.68690531112666,-73.82146868453303,POINT (-73.821468684533 40.686905311127)
57929463,06/17/2023 10:19:23 AM,06/21/2023 08:15:45 AM,DOT,Department of Transportation,Street Sign - Missing,"No Parking, Standing, Stopping",,Street,11235,2748 BRIGHTON    8 STREET,BRIGHTON    8 STREET,SHORE PARKWAY,BANNER AVENUE,SHORE PARKWAY,BANNER AVENUE,ADDRESS,BROOKLYN,BRIGHTON    8 STREET,,Closed,,"The condition was inspected and it was in compliance with Department of Transportation standards, not hazardous, or a valid permit exists.",06/21/2023 08:16:15 AM,13 BROOKLYN,48,Precinct 60,3072450014,BROOKLYN,994980,151871,PHONE,Unspecified,BROOKLYN,,,,,,,,40.583520410569946,-73.96137026078242,POINT (-73.961370260782 40.58352041057)
57928050,06/17/2023 05:52:25 PM,06/20/2023 11:50:55 AM,DSNY,Department of Sanitation,Dead Animal,Cat,Street or Sidewalk,Sidewalk,11368,101-19 35 AVENUE,35 AVENUE,101 STREET,102 STREET,101 STREET,102 STREET,ADDRESS,CORONA,35 AVENUE,,Closed,,The Department of Sanitation investigated this complaint and found no condition at the location.,06/19/2023 05:15:31 AM,03 QUEENS,21,Precinct 115,4017350021,QUEENS,1021192,214161,ONLINE,Unspecified,QUEENS,,,,,,,,40.754421819079674,-73.86666155185155,POINT (-73.866661551852 40.75442181908)
57932352,06/18/2023 06:32:45 PM,06/18/2023 07:23:30 PM,NYPD,New York City Police Department,Noise - Residential,Loud Music/Party,,Residential Building/House,10458,2830 MARION AVENUE,MARION AVENUE,EAST  198 STREET,OLIVER PLACE,EAST  198 STREET,OLIVER PLACE,ADDRESS,BRONX,MARION AVENUE,,Closed,,The Police Department responded to the complaint and took action to fix the condition.,06/18/2023 07:23:34 PM,07 BRONX,15,Precinct 52,2032840006,BRONX,1015666,255370,MOBILE,Unspecified,BRONX,,,,,,,,40.86755031984161,-73.88641420283895,POINT (-73.886414202839 40.867550319842)
57941442,06/19/2023 09:46:37 AM,06/19/2023 10:32:18 AM,NYPD,New York City Police Department,Encampment,N/A,,Street/Sidewalk,10018,457 WEST   40 STREET,WEST   40 STREET,PORT AUTHORITY BUS TERMINAL EXIT,PATH BUS TRML ENTRANCE W   40 ST,PORT AUTHORITY BUS TERMINAL EXIT,PATH BUS TRML ENTRANCE W   40 ST,ADDRESS,NEW YORK,WEST   40 STREET,,Closed,,The Police Department visited the location and has referred the complaint to the Department of Homeless Services (DHS) for further action. DHS will inspect the condition and update your Service Request with more information.,06/19/2023 10:32:26 AM,04 MANHATTAN,03,Precinct 10,1010500001,MANHATTAN,985469,215439,MOBILE,Unspecified,MANHATTAN,,,,,,,,40.75800669104143,-73.99559990651876,POINT (-73.995599906519 40.758006691041)
57942234,06/19/2023 01:03:07 PM,06/19/2023 02:07:03 PM,NYPD,New York City Police Department,Blocked Driveway,No Access,,Street/Sidewalk,11416,94-27 83 STREET,83 STREET,ATLANTIC AVENUE,95 AVENUE,ATLANTIC AVENUE,95 AVENUE,ADDRESS,OZONE PARK,83 STREET,,Closed,,The Police Department issued a summons in response to the complaint.,06/19/2023 02:07:07 PM,09 QUEENS,32,Precinct 102,4090140033,QUEENS,1023642,188877,PHONE,Unspecified,QUEENS,,,,,,,,40.68501284688475,-73.85796650974613,POINT (-73.857966509746 40.685012846885)
57931830,06/18/2023 10:55:42 AM,06/28/2023 12:46:24 PM,DSNY,Department of Sanitation,Obstruction,Weeds or Grass,Sidewalk,Sidewalk,11207,1 BARBEY STREET,BARBEY STREET,HIGHLAND BOULEVARD,SUNNYSIDE AVENUE,HIGHLAND BOULEVARD,SUNNYSIDE AVENUE,ADDRESS,BROOKLYN,BARBEY STREET,,Closed,,"The Department of Sanitation (DSNY) found an open Service Request already exists for the same location.   DSNY's system can't accept more than one complaint per address at a time. Your Service Request has been closed. DSNY will address the Service Request that was filed previously.  If you filed that Service Request, you can get the status with your Service Request number at nyc.gov/311 or by calling 311.  If you didn't file it, you can get the status by calling DSNY at (212) 291-1220.",06/28/2023 12:46:28 PM,05 BROOKLYN,37,Precinct 75,,BROOKLYN,1014684,188308,ONLINE,Unspecified,BROOKLYN,,,,,,,,40.68348640729282,-73.89026839126684,POINT (-73.890268391267 40.683486407293)
57937572,06/18/2023 06:15:15 AM,06/18/2023 06:31:06 AM,NYPD,New York City Police Department,Illegal Parking,Posted Parking Sign Violation,,Street/Sidewalk,11239,500 SCHROEDERS AVENUE,SCHROEDERS AVENUE,ASHFORD STREET,ELTON STREET,ASHFORD STREET,ELTON STREET,ADDRESS,BROOKLYN,SCHROEDERS AVENUE,,Closed,,The Police Department responded to the complaint and with the information available observed no evidence of the violation at that time.,06/18/2023 06:31:12 AM,05 BROOKLYN,42,Precinct 75,3044520418,BROOKLYN,1019308,177783,ONLINE,Unspecified,BROOKLYN,,,,,,,,40.654580554830794,-73.87365104043643,POINT (-73.873651040436 40.654580554831)
57941550,06/19/2023 10:31:43 AM,06/19/2023 11:51:37 AM,NYPD,New York City Police Department,Illegal Parking,Blocked Sidewalk,,Street/Sidewalk,11209,7913 RIDGE BOULEVARD,RIDGE BOULEVARD,79 STREET,80 STREET,79 STREET,80 STREET,ADDRESS,BROOKLYN,RIDGE BOULEVARD,,Closed,,The Police Department responded to the complaint and with the information available observed no evidence of the violation at that time.,06/19/2023 11:51:43 AM,10 BROOKLYN,47,Precinct 68,3059780005,BROOKLYN,975446,168449,ONLINE,Unspecified,BROOKLYN,,,,,,,,40.629025751134805,-74.03171743806037,POINT (-74.03171743806 40.629025751135)
57934080,06/18/2023 09:14:00 AM,06/25/2023 09:00:00 AM,DEP,Department of Environmental Protection,Noise,Noise: Construction Before/After Hours (NM1),NM1,,11357,151-01 6 ROAD,6 ROAD,151 ST,151 PL,,,ADDRESS,WHITESTONE,,N/A,Closed,,"The Department of Environmental Protection (DEP) didn't observe a violation of the NYC Air or Noise Code at the time of inspection and couldn't issue a summons.  If the problem still exists, please go to nyc.gov/311 or call 311 to file a new Service Request. If you're outside of New York City, please call (212) NEW-YORK (212-639-9675).",06/25/2023 09:00:00 AM,07 QUEENS,19,Precinct 109,4044870151,QUEENS,1036077,229318,ONLINE,Unspecified,QUEENS,,,,,,,,40.795948991497866,-73.81281887422405,POINT (-73.812818874224 40.795948991498)
57929193,06/17/2023 08:18:20 AM,06/17/2023 09:08:49 AM,NYPD,New York City Police Department,Blocked Driveway,No Access,,Street/Sidewalk,10467,3220 STEUBEN AVENUE,STEUBEN AVENUE,EAST MOSHOLU PARKWAY NORTH,EAST  208 STREET,EAST MOSHOLU PARKWAY NORTH,EAST  208 STREET,ADDRESS,BRONX,STEUBEN AVENUE,,Closed,,The Police Department issued a summons in response to the complaint.,06/17/2023 09:08:55 AM,07 BRONX,11,Precinct 52,2033360055,BRONX,1016960,258943,PHONE,Unspecified,BRONX,,,,,,,,40.877352399506094,-73.88171825647626,POINT (-73.881718256476 40.877352399506)
57932811,06/18/2023 06:14:05 PM,06/18/2023 08:05:22 PM,NYPD,New York City Police Department,Blocked Driveway,Partial Access,,Street/Sidewalk,10457,744 EAST  181 STREET,EAST  181 STREET,CLINTON AVENUE,PROSPECT AVENUE,CLINTON AVENUE,PROSPECT AVENUE,ADDRESS,BRONX,EAST  181 STREET,,Closed,,The Police Department issued a summons in response to the complaint.,06/18/2023 08:05:27 PM,06 BRONX,15,Precinct 48,2030960120,BRONX,1015632,248298,PHONE,Unspecified,BRONX,,,,,,,,40.848139936242006,-73.88657024048975,POINT (-73.88657024049 40.848139936242)
57941703,06/19/2023 12:40:42 PM,06/19/2023 12:53:42 PM,NYPD,New York City Police Department,Non-Emergency Police Matter,Other (complaint details),,Street/Sidewalk,10019,1630 BROADWAY,BROADWAY,WEST   49 STREET,WEST   50 STREET,WEST   49 STREET,WEST   50 STREET,ADDRESS,NEW YORK,BROADWAY,,Closed,,The Police Department responded to the complaint and took action to fix the condition.,06/19/2023 12:53:50 PM,05 MANHATTAN,03,Precinct 18,1010210037,MANHATTAN,988653,216649,ONLINE,Unspecified,MANHATTAN,,,,,,,,40.76132681873854,-73.98410617110741,POINT (-73.984106171107 40.761326818739)
57928725,06/17/2023 11:56:54 PM,06/17/2023 11:57:44 PM,NYPD,New York City Police Department,Noise - Park,Loud Music/Party,,Park/Playground,10028,1000 5 AVENUE,5 AVENUE,EAST   81 STREET,EAST   82 STREET,EAST   81 STREET,EAST   82 STREET,ADDRESS,NEW YORK,5 AVENUE,,Closed,,The Police Department responded to the complaint and with the information available observed no evidence of the violation at that time.,06/17/2023 11:57:48 PM,64 MANHATTAN,06,Precinct 22,1011110001,MANHATTAN,994623,222956,ONLINE,Central Park,MANHATTAN,,,,,,,,40.77863290127972,-73.96254609596876,POINT (-73.962546095969 40.77863290128)
57928491,06/17/2023 01:52:26 PM,06/20/2023 01:10:37 PM,DSNY,Department of Sanitation,Commercial Disposal Complaint,Waste Left in Front of Residence,N/A,Sidewalk,10010,435 2 AVENUE,2 AVENUE,EAST   24 STREET,EAST   25 STREET,EAST   24 STREET,EAST   25 STREET,ADDRESS,NEW YORK,2 AVENUE,,Closed,,The Department of Sanitation investigated this complaint and found no violation at the location.,06/20/2023 01:10:42 PM,06 MANHATTAN,02,Precinct 13,1009050032,MANHATTAN,989760,208509,PHONE,Unspecified,MANHATTAN,,,,,,,,40.73898395323609,-73.98011682252688,POINT (-73.980116822527 40.738983953236)
57928905,06/18/2023 12:21:50 AM,06/18/2023 12:44:07 AM,NYPD,New York City Police Department,Noise - Residential,Loud Music/Party,,Residential Building/House,11238,431 WAVERLY AVENUE,WAVERLY AVENUE,GREENE AVENUE,GATES AVENUE,GREENE AVENUE,GATES AVENUE,ADDRESS,BROOKLYN,WAVERLY AVENUE,,Closed,,The Police Department responded to the complaint and with the information available observed no evidence of the violation at that time.,06/18/2023 12:44:11 AM,02 BROOKLYN,35,Precinct 88,3019620010,BROOKLYN,993612,188932,ONLINE,Unspecified,BROOKLYN,,,,,,,,40.68524651477071,-73.96624386561778,POINT (-73.966243865618 40.685246514771)
57936060,06/19/2023 12:26:00 AM,06/19/2023 12:42:13 AM,NYPD,New York City Police Department,Noise - Vehicle,Car/Truck Music,,Street/Sidewalk,10027,100 LA SALLE STREET,LA SALLE STREET,AMSTERDAM AVENUE,BROADWAY,AMSTERDAM AVENUE,BROADWAY,ADDRESS,NEW YORK,LA SALLE STREET,,Closed,,The Police Department responded to the complaint and took action to fix the condition.,06/19/2023 12:42:17 AM,09 MANHATTAN,07,Precinct 26,1019780001,MANHATTAN,995583,235664,ONLINE,Unspecified,MANHATTAN,,,,,,,,40.81351172986674,-73.95905836808117,POINT (-73.959058368081 40.813511729867)
57927402,06/17/2023 09:51:52 AM,09/22/2023 08:00:21 AM,DPR,Department of Parks and Recreation,New Tree Request,For One Address,Street Tree,Street,11436,115-44 143 STREET,143 STREET,115 AVENUE,116 AVENUE,115 AVENUE,116 AVENUE,ADDRESS,JAMAICA,143 STREET,,Closed,,No action was taken because NYC Parks determined that the issue is out of its jurisdiction. The condition may be on private property or in an area serviced by another organization.,09/22/2023 08:00:24 AM,12 QUEENS,28,Precinct 113,4119860027,QUEENS,1039852,187733,ONLINE,Unspecified,QUEENS,,,,,,,,40.6817858502736,-73.79952865051737,POINT (-73.799528650517 40.681785850274)
57933684,06/18/2023 09:30:00 AM,06/18/2023 12:35:00 PM,DOT,Department of Transportation,Traffic Signal Condition,Controller,Operating Improperly,,,,,,,ASTORIA BLVD,31 ST,INTERSECTION,,,N/A,Closed,,Service Request status for this request is available on the Department of Transportationâs website. Please click the âLearn Moreâ link below.,06/18/2023 12:35:00 PM,Unspecified QUEENS,,Unspecified,,QUEENS,,,UNKNOWN,Unspecified,QUEENS,,,,,,,,,,
57927213,06/17/2023 06:09:45 PM,06/17/2023 06:47:11 PM,NYPD,New York City Police Department,Illegal Parking,Posted Parking Sign Violation,,Street/Sidewalk,10001,530 WEST   30 STREET,WEST   30 STREET,HIGH LINE,11 AVENUE,HIGH LINE,11 AVENUE,ADDRESS,NEW YORK,WEST   30 STREET,,Closed,,The Police Department issued a summons in response to the complaint.,06/17/2023 06:47:15 PM,04 MANHATTAN,03,Precinct 10,1007010016,MANHATTAN,983548,213507,MOBILE,Unspecified,MANHATTAN,,,,,,,,40.75270389878988,-74.00253373235144,POINT (-74.002533732351 40.75270389879)
57935655,06/18/2023 06:41:22 PM,06/18/2023 07:04:20 PM,NYPD,New York City Police Department,Noise - Residential,Loud Music/Party,,Residential Building/House,10040,79 SHERMAN AVENUE,SHERMAN AVENUE,THAYER STREET,DYCKMAN STREET,THAYER STREET,DYCKMAN STREET,ADDRESS,NEW YORK,SHERMAN AVENUE,,Closed,,The Police Department responded to the complaint and took action to fix the condition.,06/18/2023 07:04:24 PM,12 MANHATTAN,10,Precinct 34,1021740038,MANHATTAN,1004626,253862,ONLINE,Unspecified,MANHATTAN,,,,,,,,40.86344370639763,-73.92633432299584,POINT (-73.926334322996 40.863443706398)
57934782,06/18/2023 09:46:56 PM,06/18/2023 10:01:18 PM,NYPD,New York City Police Department,Noise - Residential,Loud Talking,,Residential Building/House,11209,552 82 STREET,82 STREET,5 AVENUE,6 AVENUE,5 AVENUE,6 AVENUE,ADDRESS,BROOKLYN,82 STREET,,Closed,,The Police Department responded to the complaint and determined that police action was not necessary.,06/18/2023 10:01:22 PM,10 BROOKLYN,47,Precinct 68,3060090024,BROOKLYN,977719,166461,ONLINE,Unspecified,BROOKLYN,,,,,,,,40.62357107616581,-74.02352676703748,POINT (-74.023526767037 40.623571076166)
57937050,06/18/2023 04:55:47 PM,06/18/2023 05:15:43 PM,NYPD,New York City Police Department,Noise - Street/Sidewalk,Loud Music/Party,,Street/Sidewalk,10457,1854 MONROE AVENUE,MONROE AVENUE,EAST  176 STREET,MOUNT HOPE PLACE,EAST  176 STREET,MOUNT HOPE PLACE,ADDRESS,BRONX,MONROE AVENUE,,Closed,,The Police Department responded to the complaint and took action to fix the condition.,06/18/2023 05:15:48 PM,05 BRONX,15,Precinct 46,2028020005,BRONX,1010216,248263,ONLINE,Unspecified,BRONX,,,,,,,,40.84806145970668,-73.90614640873632,POINT (-73.906146408736 40.848061459707)
57934026,06/18/2023 08:20:15 AM,06/18/2023 08:43:39 AM,NYPD,New York City Police Department,Blocked Driveway,No Access,,Street/Sidewalk,11223,2482 MCDONALD AVENUE,MCDONALD AVENUE,AVENUE W,86 STREET,AVENUE W,86 STREET,ADDRESS,BROOKLYN,MCDONALD AVENUE,,Closed,,The Police Department issued a summons in response to the complaint.,06/18/2023 08:43:43 AM,15 BROOKLYN,47,Precinct 61,3071700024,BROOKLYN,991468,154777,PHONE,Unspecified,BROOKLYN,,,,,,,,40.59150035631154,-73.97401092514332,POINT (-73.974010925143 40.591500356312)
57940371,06/18/2023 09:01:26 PM,06/18/2023 09:21:52 PM,NYPD,New York City Police Department,Noise - Residential,Banging/Pounding,,Residential Building/House,10027,217 WEST  127 STREET,WEST  127 STREET,ADAM CLAYTON POWELL JR BOULEVARD,FREDERICK DOUGLASS BOULEVARD,ADAM CLAYTON POWELL JR BOULEVARD,FREDERICK DOUGLASS BOULEVARD,ADDRESS,NEW YORK,WEST  127 STREET,,Closed,,The Police Department responded to the complaint and determined that police action was not necessary.,06/18/2023 09:21:56 PM,10 MANHATTAN,09,Precinct 32,1019330001,MANHATTAN,998650,234585,ONLINE,Unspecified,MANHATTAN,,,,,,,,40.81054570887252,-73.94798083124056,POINT (-73.947980831241 40.810545708873)
57929040,06/17/2023 03:41:44 AM,07/09/2023 06:39:21 PM,HPD,Department of Housing Preservation and Development,DOOR/WINDOW,DOOR,BROKEN OR MISSING,RESIDENTIAL BUILDING,10467,3831 WHITE PLAINS ROAD,WHITE PLAINS ROAD,,,,,ADDRESS,BRONX,,,Closed,,The Department of Housing Preservation and Development inspected the following conditions. Violations were issued. Information about specific violations is available at www.nyc.gov/hpd,07/09/2023 12:00:00 AM,12 BRONX,12,Precinct 47,2046550053,BRONX,1022325,261556,PHONE,Unspecified,BRONX,,,,,,,,40.88450274892821,-73.86230320239457,POINT (-73.862303202395 40.884502748928)
57938742,06/18/2023 02:14:17 PM,06/18/2023 02:33:14 PM,NYPD,New York City Police Department,Blocked Driveway,No Access,,Street/Sidewalk,11209,459 83 STREET,83 STREET,4 AVENUE,5 AVENUE,4 AVENUE,5 AVENUE,ADDRESS,BROOKLYN,83 STREET,,Closed,,The Police Department issued a summons in response to the complaint.,06/18/2023 02:33:18 PM,10 BROOKLYN,47,Precinct 68,3060080060,BROOKLYN,977010,166699,PHONE,Unspecified,BROOKLYN,,,,,,,,40.6242237852867,-74.02608106868198,POINT (-74.026081068682 40.624223785287)
57941037,06/19/2023 07:21:57 PM,06/19/2023 07:43:03 PM,NYPD,New York City Police Department,Blocked Driveway,No Access,,Street/Sidewalk,11416,107-11 97 AVENUE,97 AVENUE,107 STREET,108 STREET,107 STREET,108 STREET,ADDRESS,OZONE PARK,97 AVENUE,,Closed,,The Police Department issued a summons in response to the complaint.,06/19/2023 07:43:09 PM,09 QUEENS,29,Precinct 102,4093910022,QUEENS,1029444,190246,ONLINE,Unspecified,QUEENS,,,,,,,,40.68874270844761,-73.83703743108138,POINT (-73.837037431081 40.688742708448)
57928311,06/17/2023 03:42:14 PM,06/23/2023 02:41:17 PM,DSNY,Department of Sanitation,Illegal Dumping,Removal Request,N/A,Sidewalk,11207,33 WYONA STREET,WYONA STREET,ARLINGTON AVENUE,FULTON STREET,ARLINGTON AVENUE,FULTON STREET,ADDRESS,BROOKLYN,WYONA STREET,,Closed,,The Department of Sanitation investigated this complaint and found no condition at the location.,06/21/2023 10:50:04 PM,05 BROOKLYN,37,Precinct 75,3036630009,BROOKLYN,1013483,186497,ONLINE,Unspecified,BROOKLYN,,,,,,,,40.67851967518612,-73.8946065206241,POINT (-73.894606520624 40.678519675186)
57941469,06/19/2023 08:05:13 PM,06/19/2023 08:26:58 PM,NYPD,New York City Police Department,Illegal Parking,Blocked Hydrant,,Street/Sidewalk,11235,2542 EAST   27 STREET,EAST   27 STREET,AVENUE Y,AVENUE Z,AVENUE Y,AVENUE Z,ADDRESS,BROOKLYN,EAST   27 STREET,,Closed,,The Police Department issued a summons in response to the complaint.,06/19/2023 08:27:02 PM,15 BROOKLYN,48,Precinct 61,3074420071,BROOKLYN,1000105,154385,MOBILE,Unspecified,BROOKLYN,,,,,,,,40.590413153349864,-73.94291353611123,POINT (-73.942913536111 40.59041315335)
57940992,06/20/2023 01:03:00 AM,06/20/2023 02:10:15 AM,NYPD,New York City Police Department,Illegal Parking,Blocked Hydrant,,Street/Sidewalk,11210,1518 EAST   23 STREET,EAST   23 STREET,AVENUE O,KINGS HIGHWAY,AVENUE O,KINGS HIGHWAY,ADDRESS,BROOKLYN,EAST   23 STREET,,Closed,,The Police Department responded and upon arrival those responsible for the condition were gone.,06/20/2023 02:10:22 AM,14 BROOKLYN,48,Precinct 70,3067690014,BROOKLYN,997827,162709,MOBILE,Unspecified,BROOKLYN,,,,,,,,40.61326462094637,-73.95109881910061,POINT (-73.951098819101 40.613264620946)
57929742,06/17/2023 11:42:27 AM,06/17/2023 04:18:06 PM,DSNY,Department of Sanitation,Dirty Condition,Trash,Not Cleaned by Property Owner,Yard,11377,28-35 56 PLACE,56 PLACE,28 AVENUE,30 AVENUE,28 AVENUE,30 AVENUE,ADDRESS,WOODSIDE,56 PLACE,,Closed,,The Department of Sanitation investigated this complaint and found no condition at the location.,06/17/2023 04:18:09 PM,01 QUEENS,22,Precinct 114,4010240045,QUEENS,1010612,216539,ONLINE,Unspecified,QUEENS,,,,,,,,40.76098669125056,-73.90483964166015,POINT (-73.90483964166 40.760986691251)
59442003,09/29/2023 03:24:42 PM,09/30/2023 02:55:00 AM,DEP,Department of Environmental Protection,Sewer Maintenance,Backup,N/A,Sewer,11216,1066 BEDFORD AVENUE,BEDFORD AVENUE,CLIFTON PLACE,GREENE AVENUE,CLIFTON PLACE,GREENE AVENUE,ADDRESS,BROOKLYN,BEDFORD AVENUE,,Closed,,,09/30/2023 02:55:00 AM,03 BROOKLYN,36,Precinct 79,3019540025,BROOKLYN,996750,190085,PHONE,Unspecified,BROOKLYN,,,,,,,,40.68840735982815,-73.95492718543206,POINT (-73.954927185432 40.688407359828)
57931434,06/17/2023 06:54:45 PM,07/03/2023 05:46:46 PM,HPD,Department of Housing Preservation and Development,UNSANITARY CONDITION,MOLD,N/A,RESIDENTIAL BUILDING,10467,712 EAST  214 STREET,EAST  214 STREET,,,,,ADDRESS,BRONX,,,Closed,,The Department of Housing Preservation and Development inspected the following conditions. No violations were issued. The complaint has been closed.,07/03/2023 12:00:00 AM,12 BRONX,12,Precinct 47,2046610012,BRONX,1021750,259786,PHONE,Unspecified,BRONX,,,,,,,,40.879647118389016,-73.86439257426053,POINT (-73.864392574261 40.879647118389)
57927834,06/17/2023 05:00:00 PM,06/17/2023 05:40:00 PM,DOT,Department of Transportation,Traffic Signal Condition,LED Lense,Out,,10455,,,,,BROOK AVENUE,WESTCHESTER AVENUE,INTERSECTION,BRONX,,N/A,Closed,,Service Request status for this request is available on the Department of Transportationâs website. Please click the âLearn Moreâ link below.,06/17/2023 05:40:00 PM,01 BRONX,17,Precinct 40,,BRONX,1008000,236675,UNKNOWN,Unspecified,BRONX,,,,,,,,40.81626198547139,-73.91419711797285,POINT (-73.914197117973 40.816261985471)
57932343,06/19/2023 01:21:09 AM,06/19/2023 01:53:16 AM,NYPD,New York City Police Department,Noise - Street/Sidewalk,Loud Music/Party,,Street/Sidewalk,10034,113 POST AVENUE,POST AVENUE,WEST  204 STREET,WEST  207 STREET,WEST  204 STREET,WEST  207 STREET,ADDRESS,NEW YORK,POST AVENUE,,Closed,,The Police Department responded to the complaint and took action to fix the condition.,06/19/2023 01:53:22 AM,12 MANHATTAN,10,Precinct 34,1022190009,MANHATTAN,1006266,254217,ONLINE,Unspecified,MANHATTAN,,,,,,,,40.86441413582185,-73.9204040418381,POINT (-73.920404041838 40.864414135822)
57941163,06/19/2023 10:38:17 AM,06/21/2023 09:55:21 PM,DSNY,Department of Sanitation,Dirty Condition,Dog Waste,Not Picked Up by Dog Owner,Sidewalk,11233,2185 PACIFIC STREET,PACIFIC STREET,SARATOGA AVENUE,THOMAS S BOYLAND STREET,SARATOGA AVENUE,THOMAS S BOYLAND STREET,ADDRESS,BROOKLYN,PACIFIC STREET,,Closed,,The Department of Sanitation investigated this complaint and found no violation at the location.,06/21/2023 09:55:27 PM,16 BROOKLYN,41,Precinct 73,3014330043,BROOKLYN,1008052,185470,ONLINE,Unspecified,BROOKLYN,,,,,,,,40.67571706277107,-73.91419047056506,POINT (-73.914190470565 40.675717062771)
57935547,06/18/2023 04:22:34 PM,07/12/2023 02:53:37 PM,EDC,Economic Development Corporation,Noise - Helicopter,Other,Flying Too Low,Above Address,10023,146 WEST   74 STREET,WEST   74 STREET,COLUMBUS AVENUE,AMSTERDAM AVENUE,COLUMBUS AVENUE,AMSTERDAM AVENUE,ADDRESS,NEW YORK,WEST   74 STREET,,Closed,,"The New York City Economic Development Corporation determined that this issue is not within its jurisdiction because the helicopter did not belong to a tour company departing from a NYC heliport.Â  Instead, it was most likely a law enforcement or news gathering helicopter not subject to the routing protocols established for tour helicopters. It may also have been a helicopter that departed as a charter or tour from another City but flew over NYC airspace. Helicopter tours originating from outside NYC are not subject to the same City regulations as tours departing from heliports managed by NYCEDC. Any City regulation of these flights is pre-empted by federal law and subject only to the jurisdiction of the Federal Aviation Administration. To file a complaint with the FAA, you can contact the New York Flight Standards District Office at the following web address:Â https://www.faa.gov/about/office_org/field_offices/fsdo/",07/12/2023 02:53:40 PM,07 MANHATTAN,06,Precinct 20,1011450151,MANHATTAN,989873,223273,ONLINE,Unspecified,MANHATTAN,,,,,,,,40.779507280643756,-73.9796967065141,POINT (-73.979696706514 40.779507280644)
57934854,06/18/2023 09:37:08 PM,06/18/2023 09:57:43 PM,NYPD,New York City Police Department,Noise - Residential,Loud Music/Party,,Residential Building/House,10019,328 WEST   53 STREET,WEST   53 STREET,8 AVENUE,9 AVENUE,8 AVENUE,9 AVENUE,ADDRESS,NEW YORK,WEST   53 STREET,,Closed,,The Police Department responded to the complaint and with the information available observed no evidence of the violation at that time.,06/18/2023 09:57:49 PM,04 MANHATTAN,03,Precinct 18,1010430046,MANHATTAN,988202,217835,MOBILE,Unspecified,MANHATTAN,,,,,,,,40.76458229640976,-73.98573348127755,POINT (-73.985733481278 40.76458229641)
57934413,06/18/2023 01:20:50 PM,02/16/2024 09:21:48 AM,DPR,Department of Parks and Recreation,New Tree Request,For One Address,Street Tree,Street,11207,224 COVERT STREET,COVERT STREET,WILSON AVENUE,KNICKERBOCKER AVENUE,WILSON AVENUE,KNICKERBOCKER AVENUE,ADDRESS,BROOKLYN,COVERT STREET,,Closed,,"The location was inspected and is suitable for tree planting. Barring any unforeseen issues such as underground utilities and based on available funding, the requested tree will be placed on an upcoming contract. Please note that this process can take up to two years, depending on capacity and the location.   To find out where and when trees will be planted, please visit the Tree Work Hub at nyc.gov/parks/treework.  To learn more about the trees in your neighborhood, visit the NYC Street Tree Map at nyc.gov/parks/treemap.",02/16/2024 09:21:53 AM,04 BROOKLYN,37,Precinct 83,3034240010,BROOKLYN,1009843,191029,ONLINE,Unspecified,BROOKLYN,,,,,,,,40.69097024550541,-73.90771255638624,POINT (-73.907712556386 40.690970245505)
57936402,06/18/2023 11:38:55 AM,06/18/2023 11:47:39 AM,NYPD,New York City Police Department,Illegal Parking,Double Parked Blocking Traffic,,Street/Sidewalk,11232,701 FOURTH AVENUE,FOURTH AVENUE,22 STREET,23 STREET,22 STREET,23 STREET,ADDRESS,BROOKLYN,4 AVENUE,,Closed,,The Police Department responded to the complaint and took action to fix the condition.,06/18/2023 11:47:47 AM,07 BROOKLYN,38,Precinct 72,3006460007,BROOKLYN,985217,180424,PHONE,Unspecified,BROOKLYN,,,,,,,,40.661898864675436,-73.99651455286026,POINT (-73.99651455286 40.661898864675)
57933243,06/18/2023 05:02:59 PM,,TLC,Taxi and Limousine Commission,For Hire Vehicle Complaint,Driver Complaint - Non Passenger,Unsafe Driving,Street,10023,2 WEST   76 STREET,WEST   76 STREET,CENTRAL PARK WEST,COLUMBUS AVENUE,CENTRAL PARK WEST,COLUMBUS AVENUE,ADDRESS,NEW YORK,WEST   76 STREET,,In Progress,,"The Taxi and Limousine Commission (TLC) has received your complaint. Within 30 days, the TLC representative who will be handling your case will contact you.",06/23/2023 08:08:11 AM,07 MANHATTAN,06,Precinct 20,1011280033,MANHATTAN,991388,223039,ONLINE,Unspecified,MANHATTAN,,,"2 WEST   76 STREET, MANHATTAN (NEW YORK), NY, 10023",,,,,40.778863918843314,-73.97422665668529,POINT (-73.974226656685 40.778863918843)
57934116,06/18/2023 03:29:55 AM,06/18/2023 12:31:46 PM,NYPD,New York City Police Department,Illegal Parking,Blocked Hydrant,,Street/Sidewalk,11417,111-06 106 STREET,106 STREET,ROSITA ROAD,SUTTER AVENUE,ROSITA ROAD,SUTTER AVENUE,ADDRESS,OZONE PARK,106 STREET,,Closed,,The Police Department responded and upon arrival those responsible for the condition were gone.,06/18/2023 12:31:50 PM,10 QUEENS,28,Precinct 106,4114800023,QUEENS,1030470,186144,MOBILE,Unspecified,QUEENS,,,,,,,,40.67747837495425,-73.83336597956443,POINT (-73.833365979564 40.677478374954)
57927861,06/17/2023 12:35:05 PM,06/30/2023 03:53:12 PM,HPD,Department of Housing Preservation and Development,GENERAL,VENTILATION SYSTEM,BROKEN OR MISSING,RESIDENTIAL BUILDING,10031,3350 BROADWAY,BROADWAY,,,,,ADDRESS,NEW YORK,,,Closed,,The Department of Housing Preservation and Development inspected the following conditions. No violations were issued. The complaint has been closed.,06/30/2023 12:00:00 AM,09 MANHATTAN,07,Precinct 30,1019880134,MANHATTAN,996749,238174,ONLINE,Unspecified,MANHATTAN,,,,,,,,40.82039940200442,-73.95484139888086,POINT (-73.954841398881 40.820399402004)
57952692,06/20/2023 11:51:13 AM,07/11/2023 05:26:03 PM,DSNY,Department of Sanitation,Illegal Dumping,Removal Request,N/A,Sidewalk,10027,2143 7 AVENUE,7 AVENUE,WEST  127 STREET,WEST  128 STREET,WEST  127 STREET,WEST  128 STREET,ADDRESS,NEW YORK,7 AVENUE,,Closed,,The Department of Sanitation investigated this complaint and found no condition at the location.,06/24/2023 10:57:31 AM,10 MANHATTAN,09,Precinct 32,1019120001,MANHATTAN,998837,234514,ONLINE,Unspecified,MANHATTAN,,,,,,,,40.81035052684321,-73.94730545898588,POINT (-73.947305458986 40.810350526843)
57936204,06/18/2023 10:13:12 PM,06/18/2023 11:25:02 PM,NYPD,New York City Police Department,Disorderly Youth,Playing in Unsuitable Place,,Street/Sidewalk,10464,299 FORDHAM PLACE,FORDHAM PLACE,ISLAND POINT,FORDHAM STREET,ISLAND POINT,FORDHAM STREET,ADDRESS,BRONX,FORDHAM PLACE,,Closed,,The Police Department reviewed your complaint and provided additional information below.,06/18/2023 11:25:10 PM,10 BRONX,13,Precinct 45,2056430176,BRONX,1044034,248191,ONLINE,Unspecified,BRONX,,,,,,,,40.84769963040548,-73.78391291703187,POINT (-73.783912917032 40.847699630405)
57937887,06/18/2023 07:56:36 PM,06/18/2023 08:19:21 PM,NYPD,New York City Police Department,Noise - Commercial,Loud Music/Party,,Store/Commercial,11206,261 MOORE STREET,MOORE STREET,WHITE STREET,BOGART STREET,WHITE STREET,BOGART STREET,ADDRESS,BROOKLYN,MOORE STREET,,Closed,,The Police Department responded to the complaint and took action to fix the condition.,06/18/2023 08:19:24 PM,01 BROOKLYN,34,Precinct 90,3031010010,BROOKLYN,1002545,196070,MOBILE,Unspecified,BROOKLYN,,,,,,,,40.7048247072312,-73.93401517892303,POINT (-73.934015178923 40.704824707231)
57931164,06/17/2023 11:09:44 PM,06/17/2023 11:31:29 PM,NYPD,New York City Police Department,Noise - Commercial,Banging/Pounding,,Club/Bar/Restaurant,11385,1680 MADISON STREET,MADISON STREET,MYRTLE AVENUE,CYPRESS AVENUE,MYRTLE AVENUE,CYPRESS AVENUE,ADDRESS,RIDGEWOOD,MADISON STREET,,Closed,,The Police Department responded to the complaint and took action to fix the condition.,06/17/2023 11:31:32 PM,05 QUEENS,34,Precinct 104,4034510007,QUEENS,1009798,194428,ONLINE,Unspecified,QUEENS,,,,,,,,40.700299836296374,-73.90786193263344,POINT (-73.907861932633 40.700299836296)
57938913,06/18/2023 07:32:59 PM,09/29/2023 01:10:09 PM,DPR,Department of Parks and Recreation,Maintenance or Facility,Structure - Outdoors,Sign,Park,10467,2200 WHITE PLAINS ROAD,WHITE PLAINS ROAD,PELHAM PARKWAY NORTH,THWAITES PLACE,PELHAM PARKWAY NORTH,THWAITES PLACE,ADDRESS,BRONX,WHITE PLAINS ROAD,,Closed,,NYC Parks has completed the requested work order and corrected the problem.,09/29/2023 01:10:15 PM,11 BRONX,13,Precinct 49,2043430005,BRONX,1020883,251860,PHONE,Unspecified,BRONX,,,,,,,,40.85789633197128,-73.86757114405675,POINT (-73.867571144057 40.857896331971)
57934197,06/18/2023 09:02:00 PM,07/16/2023 11:35:00 AM,DEP,Department of Environmental Protection,Water System,Hydrant Leaking (WC1),WC1,,11375,,,,,110 STREET,65 ROAD,INTERSECTION,QUEENS,,,Closed,,"The Department of Environment Protection inspected your complaint but could not find the problem you reported. If the condition persists, please call 311 (or 212-639-9675 if calling from a non-New York City area code) with more detailed information to submit a new complaint.",07/16/2023 11:35:00 AM,06 QUEENS,29,Precinct 112,,QUEENS,1026841,205861,PHONE,Unspecified,QUEENS,,,,,,,,40.73161501991197,-73.84632464784852,POINT (-73.846324647849 40.731615019912)
57930894,06/17/2023 04:53:39 PM,06/21/2023 02:09:19 PM,DSNY,Department of Sanitation,Illegal Dumping,Removal Request,N/A,Sidewalk,11237,1545 MYRTLE AVENUE,MYRTLE AVENUE,LINDEN STREET,GATES AVENUE,LINDEN STREET,GATES AVENUE,ADDRESS,BROOKLYN,MYRTLE AVENUE,,Closed,,The Department of Sanitation found an open service request already exists for the same location.,06/20/2023 06:11:40 AM,04 BROOKLYN,37,Precinct 83,3033370006,BROOKLYN,1008259,194072,PHONE,Unspecified,BROOKLYN,,,,,,,,40.699327009277525,-73.91341355362138,POINT (-73.913413553621 40.699327009278)
57942738,06/19/2023 09:32:05 PM,06/20/2023 06:24:37 AM,NYPD,New York City Police Department,Illegal Parking,Blocked Hydrant,,Street/Sidewalk,11378,62-41 60 ROAD,60 ROAD,FRESH POND ROAD,MOUNT OLIVET CRESCENT,FRESH POND ROAD,MOUNT OLIVET CRESCENT,ADDRESS,MASPETH,60 ROAD,,Closed,,The Police Department responded and upon arrival those responsible for the condition were gone.,06/20/2023 06:24:42 AM,05 QUEENS,30,Precinct 104,4027570066,QUEENS,1011655,200284,PHONE,Unspecified,QUEENS,,,,,,,,40.716367604187866,-73.90114089070161,POINT (-73.901140890702 40.716367604188)
57942666,06/19/2023 06:57:54 AM,06/24/2023 06:13:04 PM,HPD,Department of Housing Preservation and Development,GENERAL,MAILBOX,BOX BROKEN OR MISSING,RESIDENTIAL BUILDING,10452,974 ANDERSON AVENUE,ANDERSON AVENUE,,,,,ADDRESS,BRONX,,,Closed,,The Department of Housing Preservation and Development inspected the following conditions. No violations were issued. The complaint has been closed.,06/24/2023 12:00:00 AM,04 BRONX,08,Precinct 44,2025040072,BRONX,1004284,242293,PHONE,Unspecified,BRONX,,,,,,,,40.83169100499876,-73.92760532719244,POINT (-73.927605327192 40.831691004999)
57938040,06/18/2023 11:07:35 AM,07/12/2023 02:53:21 PM,EDC,Economic Development Corporation,Noise - Helicopter,Other,Flying Too Low,Above Address,10023,196 WEST   75 STREET,WEST   75 STREET,COLUMBUS AVENUE,AMSTERDAM AVENUE,COLUMBUS AVENUE,AMSTERDAM AVENUE,ADDRESS,NEW YORK,WEST   75 STREET,,Closed,,"The New York City Economic Development Corporation determined that this issue is not within its jurisdiction because the helicopter did not belong to a tour company departing from a NYC heliport.Â  Instead, it was most likely a law enforcement or news gathering helicopter not subject to the routing protocols established for tour helicopters. It may also have been a helicopter that departed as a charter or tour from another City but flew over NYC airspace. Helicopter tours originating from outside NYC are not subject to the same City regulations as tours departing from heliports managed by NYCEDC. Any City regulation of these flights is pre-empted by federal law and subject only to the jurisdiction of the Federal Aviation Administration. To file a complaint with the FAA, you can contact the New York Flight Standards District Office at the following web address:Â https://www.faa.gov/about/office_org/field_offices/fsdo/",07/12/2023 02:53:25 PM,07 MANHATTAN,06,Precinct 20,,MANHATTAN,989757,223639,ONLINE,Unspecified,MANHATTAN,,,,,,,,40.78051192684076,-73.98011525446175,POINT (-73.980115254462 40.780511926841)
57936915,06/18/2023 08:55:28 PM,06/18/2023 09:09:11 PM,NYPD,New York City Police Department,Noise - Residential,Loud Music/Party,,Residential Building/House,10466,1161 EAST  225 STREET,EAST  225 STREET,226 DRIVE,SCHIEFFELIN AVENUE,226 DRIVE,SCHIEFFELIN AVENUE,ADDRESS,BRONX,EAST  225 STREET,,Closed,,The Police Department responded to the complaint and took action to fix the condition.,06/18/2023 09:09:16 PM,12 BRONX,12,Precinct 47,2049050001,BRONX,1026539,261136,ONLINE,Unspecified,BRONX,,,,,,,,40.88333079472299,-73.84706611201513,POINT (-73.847066112015 40.883330794723)
57932262,06/18/2023 09:49:03 PM,06/18/2023 10:20:16 PM,NYPD,New York City Police Department,Noise - Residential,Loud Music/Party,,Residential Building/House,11416,97-24 97 STREET,97 STREET,97 AVENUE,99 AVENUE,97 AVENUE,99 AVENUE,ADDRESS,OZONE PARK,97 STREET,,Closed,,The Police Department responded to the complaint and took action to fix the condition.,06/18/2023 10:20:20 PM,09 QUEENS,32,Precinct 102,4090700083,QUEENS,1027274,189371,ONLINE,Unspecified,QUEENS,,,,,,,,40.686351852472455,-73.8448676860535,POINT (-73.844867686053 40.686351852472)
57936591,06/18/2023 11:21:29 PM,06/18/2023 11:21:29 PM,DOHMH,Department of Health and Mental Hygiene,Rodent,Condition Attracting Rodents,,3+ Family Apt. Building,10039,52 MACOMBS PLACE,MACOMBS PLACE,WEST 151 STREET,WEST 152 STREET,WEST  151 STREET,WEST  152 STREET,ADDRESS,NEW YORK,MACOMBS PLACE,,Closed,,The Department of Health and Mental Hygiene found violations on the property you reported. Follow-up inspections will be scheduled.,06/18/2023 11:21:29 PM,10 MANHATTAN,09,Precinct 32,1020370011,MANHATTAN,1001434,240433,PHONE,Unspecified,MANHATTAN,,,,,,,,40.826591843437654,-73.93790882070033,POINT (-73.9379088207 40.826591843438)
57940821,06/20/2023 01:10:27 AM,06/20/2023 02:52:40 AM,NYPD,New York City Police Department,Blocked Driveway,No Access,,Street/Sidewalk,11355,134-38 BLOSSOM AVENUE,BLOSSOM AVENUE,SAULL STREET,MAIN STREET,SAULL STREET,MAIN STREET,ADDRESS,FLUSHING,BLOSSOM AVENUE,,Closed,,The Police Department responded to the complaint and determined that police action was not necessary.,06/20/2023 02:52:45 AM,07 QUEENS,20,Precinct 109,4051240027,QUEENS,1031771,213621,PHONE,Unspecified,QUEENS,,,,,,,,40.752889131477886,-73.82848161424302,POINT (-73.828481614243 40.752889131478)
57937491,06/18/2023 12:18:07 PM,06/18/2023 01:29:46 PM,NYPD,New York City Police Department,Illegal Parking,Blocked Hydrant,,Street/Sidewalk,10468,2859 WEBB AVENUE,WEBB AVENUE,WEST  197 STREET,RESERVOIR AVENUE,WEST  197 STREET,RESERVOIR AVENUE,ADDRESS,BRONX,WEBB AVENUE,,Closed,,The Police Department responded to the complaint and with the information available observed no evidence of the violation at that time.,06/18/2023 01:29:49 PM,08 BRONX,14,Precinct 50,2032500019,BRONX,1011733,257504,MOBILE,Unspecified,BRONX,,,,,,,,40.873420614784315,-73.90062535473784,POINT (-73.900625354738 40.873420614784)
57942405,06/19/2023 06:38:26 AM,06/19/2023 07:10:29 AM,NYPD,New York City Police Department,Noise - Residential,Loud Music/Party,,Residential Building/House,11374,90-02 63 DRIVE,63 DRIVE,HARING STREET,ALDERTON STREET,HARING STREET,ALDERTON STREET,ADDRESS,REGO PARK,63 DRIVE,,Closed,,The Police Department responded to the complaint but officers were unable to gain entry into the premises.,06/19/2023 07:10:35 AM,06 QUEENS,30,Precinct 112,4031170024,QUEENS,1021609,203674,ONLINE,Unspecified,QUEENS,,,,,,,,40.72563589174982,-73.86521467674054,POINT (-73.865214676741 40.72563589175)
57933945,06/18/2023 02:23:42 PM,06/18/2023 06:05:35 PM,NYPD,New York City Police Department,Blocked Driveway,No Access,,Street/Sidewalk,11417,106-20 LIBERTY AVENUE,LIBERTY AVENUE,106 STREET,107 STREET,106 STREET,107 STREET,ADDRESS,OZONE PARK,LIBERTY AVENUE,,Closed,,The Police Department responded to the complaint and with the information available observed no evidence of the violation at that time.,06/18/2023 06:05:38 PM,10 QUEENS,28,Precinct 106,4095290009,QUEENS,1030025,188177,MOBILE,Unspecified,QUEENS,,,,,,,,40.68306080108703,-73.83495649636764,POINT (-73.834956496368 40.683060801087)
57942720,06/19/2023 07:37:36 PM,08/15/2023 12:00:00 AM,DOB,Department of Buildings,Elevator,Elevator - Multiple Devices On Property,,,11375,108-53 62 DRIVE,62 DRIVE,,,,,ADDRESS,FOREST HILLS,,,Closed,,The Department of Buildings investigated this complaint and issued an Office of Administrative Trials and Hearings (OATH) summons.,08/15/2023 12:00:00 AM,06 QUEENS,24,Precinct 112,4021590002,QUEENS,1025945,207500,UNKNOWN,Unspecified,QUEENS,,,,,,,,40.7361179340229,-73.84954739998659,POINT (-73.849547399987 40.736117934023)
57939912,06/18/2023 10:08:00 AM,06/20/2023 06:05:00 AM,DEP,Department of Environmental Protection,Noise,Noise: Construction Before/After Hours (NM1),NM1,,10011,52 WEST   13 STREET,WEST   13 STREET,5 AVE,AVENUE OF THE AMERICAS,,,ADDRESS,NEW YORK,,N/A,Closed,,The Department of Environmental Protection determined that this complaint is a duplicate of a previously filed complaint. The original complaint is being addressed.,06/20/2023 06:05:00 AM,02 MANHATTAN,03,Precinct 6,1005760014,MANHATTAN,985419,207423,ONLINE,Unspecified,MANHATTAN,,,,,,,,40.73600479113019,-73.9957817794853,POINT (-73.995781779485 40.73600479113)
57929796,06/17/2023 05:44:04 PM,06/17/2023 05:44:04 PM,DOHMH,Department of Health and Mental Hygiene,Unsanitary Animal Pvt Property,Dog,,1-2 Family Dwelling,11433,109-37 153 STREET,153 STREET,109 ROAD,109 DRIVE,109 ROAD,109 DRIVE,ADDRESS,JAMAICA,153 STREET,,Closed,,The Department of Health and Mental Hygiene inspected the property you reported and did not find any violations at the time of the inspection. The property passed inspection.,06/17/2023 05:44:04 PM,12 QUEENS,28,Precinct 103,4121440003,QUEENS,1040685,191092,ONLINE,Unspecified,QUEENS,,,,,,,,40.69100023958309,-73.79649716935687,POINT (-73.796497169357 40.691000239583)
57941397,06/19/2023 03:08:00 PM,06/19/2023 03:23:49 PM,NYPD,New York City Police Department,Noise - Residential,Loud Music/Party,,Residential Building/House,11212,333 EAST   92 STREET,EAST   92 STREET,CLARKSON AVENUE,LENOX ROAD,CLARKSON AVENUE,LENOX ROAD,ADDRESS,BROOKLYN,EAST   92 STREET,,Closed,,The Police Department responded to the complaint and with the information available observed no evidence of the violation at that time.,06/19/2023 03:23:53 PM,17 BROOKLYN,41,Precinct 67,3046470034,BROOKLYN,1005646,178911,ONLINE,Unspecified,BROOKLYN,,,,,,,,40.65772021582967,-73.92288524782256,POINT (-73.922885247823 40.65772021583)
57933558,06/18/2023 06:27:51 PM,06/18/2023 08:42:15 PM,NYPD,New York City Police Department,Noise - Residential,Loud Music/Party,,Residential Building/House,10456,1131 GRANT AVENUE,GRANT AVENUE,EAST  166 STREET,MCCLELLAN STREET,EAST  166 STREET,MCCLELLAN STREET,ADDRESS,BRONX,GRANT AVENUE,,Closed,,The Police Department responded to the complaint and took action to fix the condition.,06/18/2023 08:42:20 PM,04 BRONX,16,Precinct 44,2024520022,BRONX,1007469,242300,ONLINE,Unspecified,BRONX,,,,,,,,40.83170241894053,-73.91609602366181,POINT (-73.916096023662 40.831702418941)
57936798,06/18/2023 08:43:46 PM,06/18/2023 09:36:17 PM,NYPD,New York City Police Department,Noise - Commercial,Car/Truck Music,,Store/Commercial,10452,1405 TOWNSEND AVENUE,TOWNSEND AVENUE,EAST  170 STREET,EAST  171 STREET,EAST  170 STREET,EAST  171 STREET,ADDRESS,BRONX,TOWNSEND AVENUE,,Closed,,The Police Department responded to the complaint and took action to fix the condition.,06/18/2023 09:36:24 PM,04 BRONX,16,Precinct 44,2028430031,BRONX,1007318,245365,MOBILE,Unspecified,BRONX,,,,,,,,40.84011534931331,-73.91663113459093,POINT (-73.916631134591 40.840115349313)
57931380,06/18/2023 12:43:51 AM,06/18/2023 12:49:36 AM,NYPD,New York City Police Department,Noise - Street/Sidewalk,Loud Music/Party,,Street/Sidewalk,11216,145 HANCOCK STREET,HANCOCK STREET,BEDFORD AVENUE,NOSTRAND AVENUE,BEDFORD AVENUE,NOSTRAND AVENUE,ADDRESS,BROOKLYN,HANCOCK STREET,,Closed,,The Police Department responded to the complaint and took action to fix the condition.,06/18/2023 12:49:42 AM,03 BROOKLYN,36,Precinct 79,3018320052,BROOKLYN,997948,187925,MOBILE,Unspecified,BROOKLYN,,,,,,,,40.682476881594454,-73.95061179904009,POINT (-73.95061179904 40.682476881594)
57935970,06/18/2023 09:45:56 PM,06/18/2023 09:59:08 PM,NYPD,New York City Police Department,Noise - Street/Sidewalk,Loud Music/Party,,Street/Sidewalk,10034,237 DYCKMAN STREET,DYCKMAN STREET,BROADWAY,SEAMAN AVENUE,BROADWAY,SEAMAN AVENUE,ADDRESS,NEW YORK,DYCKMAN STREET,,Closed,,The Police Department responded to the complaint and determined that police action was not necessary.,06/18/2023 09:59:12 PM,12 MANHATTAN,10,Precinct 34,1022370008,MANHATTAN,1004199,254815,MOBILE,Unspecified,MANHATTAN,,,,,,,,40.86606037701009,-73.9278752253558,POINT (-73.927875225356 40.86606037701)
57941901,06/19/2023 08:02:00 AM,06/27/2023 05:45:00 PM,DEP,Department of Environmental Protection,Noise,Noise: Construction Equipment (NC1),NC1,,10468,2765 CRESTON AVENUE,CRESTON AVENUE,E 196 ST,E 197 ST,,,ADDRESS,BRONX,,N/A,Closed,,"The Department of Environmental Protection (DEP) didn't observe a violation of the NYC Air or Noise Code at the time of inspection and couldn't issue a summons.  If the problem still exists, please go to nyc.gov/311 or call 311 to file a new Service Request. If you're outside of New York City, please call (212) NEW-YORK (212-639-9675).",06/27/2023 05:45:00 PM,07 BRONX,14,Precinct 52,2033180141,BRONX,1013761,256016,ONLINE,Unspecified,BRONX,,,,,,,,40.869329965944665,-73.89329895404315,POINT (-73.893298954043 40.869329965945)
57932757,06/18/2023 07:48:22 PM,06/21/2023 07:42:08 AM,DSNY,Department of Sanitation,Obstruction,Cone,Street,Street,10470,445 EAST  239 STREET,EAST  239 STREET,MARTHA AVENUE,VIREO AVENUE,MARTHA AVENUE,VIREO AVENUE,ADDRESS,BRONX,EAST  239 STREET,,Closed,,The Department of Sanitation cleaned the location.,06/21/2023 07:42:13 AM,12 BRONX,11,Precinct 47,2033930061,BRONX,1021786,267454,ONLINE,Unspecified,BRONX,,,,,,,,40.900693179004506,-73.86421940986882,POINT (-73.864219409869 40.900693179005)
57931218,06/17/2023 11:00:57 PM,06/17/2023 11:11:36 PM,NYPD,New York City Police Department,Noise - Residential,Loud Music/Party,,Residential Building/House,11203,478 LINDEN BOULEVARD,LINDEN BOULEVARD,EAST   38 STREET,EAST   39 STREET,EAST   38 STREET,EAST   39 STREET,ADDRESS,BROOKLYN,LINDEN BOULEVARD,,Closed,,The Police Department responded to the complaint and took action to fix the condition.,06/17/2023 11:11:39 PM,17 BROOKLYN,40,Precinct 67,,BROOKLYN,1000503,177233,ONLINE,Unspecified,BROOKLYN,,,,,,,,40.65312540758617,-73.94142551514723,POINT (-73.941425515147 40.653125407586)
57930408,06/17/2023 09:12:27 AM,06/17/2023 11:08:11 AM,NYPD,New York City Police Department,Blocked Driveway,Partial Access,,Street/Sidewalk,11208,681 AUTUMN AVENUE,AUTUMN AVENUE,SUTTER AVENUE,BLAKE AVENUE,SUTTER AVENUE,BLAKE AVENUE,ADDRESS,BROOKLYN,AUTUMN AVENUE,,Closed,,The Police Department responded and upon arrival those responsible for the condition were gone.,06/17/2023 11:08:15 AM,05 BROOKLYN,42,Precinct 75,3042700003,BROOKLYN,1021073,184151,MOBILE,Unspecified,BROOKLYN,,,,,,,,40.67205212178616,-73.86725521480527,POINT (-73.867255214805 40.672052121786)
57939165,06/18/2023 01:22:07 PM,06/26/2023 02:01:49 PM,DOT,Department of Transportation,Street Condition,Defective Hardware,N/A,Street,11235,3655 SHORE PARKWAY,SHORE PARKWAY,EAST   28 STREET,NOSTRAND AVENUE,EAST   28 STREET,NOSTRAND AVENUE,ADDRESS,BROOKLYN,SHORE PARKWAY,,Closed,,"The Department of Transportation inspected the condition and determined it was in compliance with their standards, not hazardous, or a valid permit exists.",06/26/2023 02:01:55 PM,15 BROOKLYN,48,Precinct 61,3087910104,BROOKLYN,1000788,152694,ONLINE,Unspecified,BROOKLYN,,,,,,,,40.5857704487051,-73.94045851071606,POINT (-73.940458510716 40.585770448705)
57935934,06/18/2023 05:51:58 PM,06/18/2023 09:09:27 PM,NYPD,New York City Police Department,Noise - Vehicle,Car/Truck Music,,Street/Sidewalk,10469,1166 EAST  215 STREET,EAST  215 STREET,HICKS STREET,WILSON AVENUE,HICKS STREET,WILSON AVENUE,ADDRESS,BRONX,EAST  215 STREET,,Closed,,The Police Department responded and upon arrival those responsible for the condition were gone.,06/18/2023 09:09:31 PM,12 BRONX,12,Precinct 47,2047090001,BRONX,1025060,258844,ONLINE,Unspecified,BRONX,,,,,,,,40.877046938961364,-73.85242871925327,POINT (-73.852428719253 40.877046938961)
57927780,06/17/2023 01:04:04 PM,06/17/2023 01:28:05 PM,NYPD,New York City Police Department,Non-Emergency Police Matter,Other (complaint details),,Street/Sidewalk,11691,1725 VILLAGE LANE,VILLAGE LANE,REDFERN AVENUE,DEAD END,REDFERN AVENUE,DEAD END,ADDRESS,FAR ROCKAWAY,VILLAGE LANE,,Closed,,The Police Department responded to the complaint and took action to fix the condition.,06/17/2023 01:28:09 PM,14 QUEENS,31,Precinct 101,4155377501,QUEENS,1052794,159977,ONLINE,Unspecified,QUEENS,,,,,,,,40.60551115281347,-73.75314888881704,POINT (-73.753148888817 40.605511152813)
57933306,06/18/2023 09:46:03 PM,06/19/2023 02:42:05 AM,DHS,Department of Homeless Services,Homeless Person Assistance,,,Street/Sidewalk,10019,445 WEST   59 STREET,WEST   59 STREET,9 AVENUE,10 AVENUE,9 AVENUE,10 AVENUE,ADDRESS,NEW YORK,WEST   59 STREET,,Closed,,The individual was found and outreach assistance was offered.,06/19/2023 02:42:05 AM,07 MANHATTAN,06,Precinct 20,1011310001,MANHATTAN,988072,219749,PHONE,Unspecified,MANHATTAN,,,,,,,,40.76983578735082,-73.98620168627343,POINT (-73.986201686273 40.769835787351)
57933459,06/18/2023 04:11:23 PM,06/18/2023 04:38:08 PM,NYPD,New York City Police Department,Noise - Residential,Loud Music/Party,,Residential Building/House,11379,67-33 79 STREET,79 STREET,67 ROAD,67 DRIVE,67 ROAD,67 DRIVE,ADDRESS,MIDDLE VILLAGE,79 STREET,,Closed,,The Police Department responded to the complaint and took action to fix the condition.,06/18/2023 04:38:13 PM,05 QUEENS,30,Precinct 104,4037810007,QUEENS,1019316,198807,MOBILE,Unspecified,QUEENS,,,,,,,,40.71228654814689,-73.87351279880274,POINT (-73.873512798803 40.712286548147)
57940929,06/18/2023 10:16:15 PM,08/27/2024 12:00:00 AM,DOB,Department of Buildings,Building/Use,Illegal Conversion Of Residential Building/Space,,,11429,100-39 207 STREET,207 STREET,,,,,ADDRESS,QUEENS VILLAGE,,,Closed,,"The Department of Buildings attempted to investigate this complaint twice but could not gain access to the location. If the problem still exists, please call 311 and file a new complaint with additional access information. If you are outside of New York City, please call (212) NEW-YORK (212-639-9675).",08/27/2024 12:00:00 AM,13 QUEENS,27,Precinct 105,4108750048,QUEENS,1052958,198773,UNKNOWN,Unspecified,QUEENS,,,,,,,,40.71199593244556,-73.75216296973359,POINT (-73.752162969734 40.711995932446)
57937608,06/18/2023 04:56:52 AM,08/10/2024 12:00:00 AM,DOB,Department of Buildings,Building/Use,Zoning - Non-Conforming/Illegal Vehicle Storage,,,11433,170-32 93 AVENUE,93 AVENUE,,,,,ADDRESS,JAMAICA,,,Closed,,The Department of Buildings investigated this complaint and determined that no further action was necessary.,08/10/2024 12:00:00 AM,12 QUEENS,27,Precinct 103,4102190011,QUEENS,1043109,196479,UNKNOWN,Unspecified,QUEENS,,,,,,,,40.705770466716224,-73.78770925830206,POINT (-73.787709258302 40.705770466716)
57929922,06/17/2023 09:23:47 PM,06/17/2023 09:37:36 PM,NYPD,New York City Police Department,Noise - Residential,Loud Music/Party,,Residential Building/House,11221,QUINCY STREET,QUINCY STREET,QUINCY STREET,MALCOLM X BOULEVARD,QUINCY STREET,MALCOLM X BOULEVARD,INTERSECTION,,,,Closed,,The Police Department responded to the complaint and with the information available observed no evidence of the violation at that time.,06/17/2023 09:37:42 PM,03 BROOKLYN,36,Precinct 81,,BROOKLYN,1003573,190414,ONLINE,Unspecified,BROOKLYN,,,,,,,,40.689298122832824,-73.93032370525754,POINT (-73.930323705258 40.689298122833)
57933801,06/18/2023 02:47:15 PM,06/29/2023 07:07:38 PM,HPD,Department of Housing Preservation and Development,FLOORING/STAIRS,FLOOR,TILE BROKEN OR MISSING,RESIDENTIAL BUILDING,10002,137 RIVINGTON STREET,RIVINGTON STREET,,,,,ADDRESS,NEW YORK,,,Closed,,The Department of Housing Preservation and Development inspected the following conditions. Violations were issued. Information about specific violations is available at www.nyc.gov/hpd,06/29/2023 12:00:00 AM,03 MANHATTAN,01,Precinct 7,1003530060,MANHATTAN,988027,201399,ONLINE,Unspecified,MANHATTAN,,,,,,,,40.719469650571455,-73.98637445148556,POINT (-73.986374451486 40.719469650571)
57929823,06/17/2023 09:57:13 PM,06/17/2023 10:21:06 PM,NYPD,New York City Police Department,Noise - Residential,Loud Music/Party,,Residential Building/House,11423,89 ROAD,89 ROAD,89 ROAD,196 STREET,89 ROAD,196 STREET,INTERSECTION,,,,Closed,,The Police Department responded to the complaint and took action to fix the condition.,06/17/2023 10:21:09 PM,12 QUEENS,23,Precinct 103,,QUEENS,1049348,200103,ONLINE,Unspecified,QUEENS,,,,,,,,40.71567374961931,-73.76517169697232,POINT (-73.765171696972 40.715673749619)
57930543,06/17/2023 10:37:27 PM,06/18/2023 09:07:19 AM,NYPD,New York City Police Department,Noise - Park,Loud Talking,,Park/Playground,11414,159-15 88 STREET,88 STREET,159 AVENUE,160 AVENUE,159 AVENUE,160 AVENUE,ADDRESS,HOWARD BEACH,88 STREET,,Closed,,The Police Department responded to the complaint and took action to fix the condition.,06/18/2023 09:07:25 AM,10 QUEENS,32,Precinct 106,4140090060,QUEENS,1027413,179074,ONLINE,Walter Ward Playground,QUEENS,,,,,,,,40.65808826428752,-73.8444324298085,POINT (-73.844432429808 40.658088264288)
57932505,06/19/2023 12:00:10 AM,06/19/2023 12:08:31 AM,NYPD,New York City Police Department,Noise - Street/Sidewalk,Loud Music/Party,,Street/Sidewalk,11220,98 68 STREET,68 STREET,NARROWS AVENUE,BLISS TERRACE,NARROWS AVENUE,BLISS TERRACE,ADDRESS,BROOKLYN,68 STREET,,Closed,,The Police Department responded to the complaint and took action to fix the condition.,06/19/2023 12:08:36 AM,10 BROOKLYN,47,Precinct 68,3058600096,BROOKLYN,975415,171924,ONLINE,Unspecified,BROOKLYN,,,,,,,,40.638563857288766,-74.03183366872814,POINT (-74.031833668728 40.638563857289)
57933963,06/18/2023 04:46:16 PM,06/18/2023 07:11:30 PM,NYPD,New York City Police Department,Blocked Driveway,No Access,,Street/Sidewalk,11223,390 KINGS HIGHWAY,KINGS HIGHWAY,WEST    3 STREET,WEST    2 STREET,WEST    3 STREET,WEST    2 STREET,ADDRESS,BROOKLYN,KINGS HIGHWAY,,Closed,,The Police Department responded and upon arrival those responsible for the condition were gone.,06/18/2023 07:11:34 PM,11 BROOKLYN,44,Precinct 62,3066787502,BROOKLYN,990989,159542,MOBILE,Unspecified,BROOKLYN,,,,,,,,40.60457969491128,-73.97573085537698,POINT (-73.975730855377 40.604579694911)
57932802,06/18/2023 02:15:58 AM,06/18/2023 03:02:38 AM,NYPD,New York City Police Department,Blocked Driveway,No Access,,Street/Sidewalk,11236,734 EAST   78 STREET,EAST   78 STREET,GLENWOOD ROAD,FLATLANDS AVENUE,GLENWOOD ROAD,FLATLANDS AVENUE,ADDRESS,BROOKLYN,EAST   78 STREET,,Closed,,The Police Department issued a summons in response to the complaint.,06/18/2023 03:02:46 AM,18 BROOKLYN,46,Precinct 69,3079980051,BROOKLYN,1007643,170777,PHONE,Unspecified,BROOKLYN,,,,,,,,40.63538910300416,-73.91571593850085,POINT (-73.915715938501 40.635389103004)
57942981,06/19/2023 02:23:00 PM,06/19/2023 05:00:00 PM,DEP,Department of Environmental Protection,Sewer,Sewer Backup (Use Comments) (SA),SA,,10301,111 PROSPECT AVENUE,PROSPECT AVENUE,FRANKLIN AVE,PENDLETON PL,,,ADDRESS,STATEN ISLAND,,,Closed,,The Department of Environmental Protection investigated this complaint and found there was no sewer back up in the city system at the time of the inspection.,06/19/2023 05:00:00 PM,01 STATEN ISLAND,49,Precinct 120,5000630008,STATEN ISLAND,958848,172350,PHONE,Unspecified,STATEN ISLAND,,,,,,,,40.63970111658015,-74.09152832643741,POINT (-74.091528326437 40.63970111658)
57943494,06/19/2023 06:51:43 AM,06/21/2023 03:09:25 PM,HPD,Department of Housing Preservation and Development,DOOR/WINDOW,DOOR,NOT SELF-CLOSING,RESIDENTIAL BUILDING,10452,974 ANDERSON AVENUE,ANDERSON AVENUE,,,,,ADDRESS,BRONX,,,Closed,,The Department of Housing Preservation and Development inspected the following conditions. No violations were issued. The complaint has been closed.,06/21/2023 12:00:00 AM,04 BRONX,08,Precinct 44,2025040072,BRONX,1004284,242293,PHONE,Unspecified,BRONX,,,,,,,,40.83169100499876,-73.92760532719244,POINT (-73.927605327192 40.831691004999)
57934521,06/18/2023 07:12:19 PM,06/18/2023 07:48:35 PM,NYPD,New York City Police Department,Noise - Residential,Loud Music/Party,,Residential Building/House,11418,104-32 91 AVENUE,91 AVENUE,104 STREET,107 STREET,104 STREET,107 STREET,ADDRESS,RICHMOND HILL,91 AVENUE,,Closed,,The Police Department responded to the complaint and determined that police action was not necessary.,06/18/2023 07:48:41 PM,09 QUEENS,29,Precinct 102,4093110009,QUEENS,1028171,191573,ONLINE,Unspecified,QUEENS,,,,,,,,40.69239142049469,-73.84161901042339,POINT (-73.841619010423 40.692391420495)
57935520,06/18/2023 04:34:59 AM,08/08/2023 12:13:57 PM,DOT,Department of Transportation,Sidewalk Condition,Sidewalk Staircase,N/A,Sidewalk,10468,2851 SEDGWICK AVENUE,SEDGWICK AVENUE,WEST  229 STREET,RESERVOIR AVENUE,WEST  229 STREET,RESERVOIR AVENUE,ADDRESS,BRONX,SEDGWICK AVENUE,,Closed,,"The Department of Transportation inspected the condition you reported. You can find additional information in the ""Notes to Customer"" field.",08/08/2023 12:14:01 PM,08 BRONX,14,Precinct 50,2032530270,BRONX,1011436,257687,ONLINE,Unspecified,BRONX,,,,,,,,40.87392381298894,-73.90169852131098,POINT (-73.901698521311 40.873923812989)
57932280,06/18/2023 03:38:44 PM,06/18/2023 03:55:01 PM,NYPD,New York City Police Department,Noise - Residential,Loud Music/Party,,Residential Building/House,11216,670 LAFAYETTE AVENUE,LAFAYETTE AVENUE,MARCY AVENUE,TOMPKINS AVENUE,MARCY AVENUE,TOMPKINS AVENUE,ADDRESS,BROOKLYN,LAFAYETTE AVENUE,,Closed,,The Police Department responded to the complaint and took action to fix the condition.,06/18/2023 03:55:05 PM,03 BROOKLYN,36,Precinct 79,3017900001,BROOKLYN,999012,190810,ONLINE,Unspecified,BROOKLYN,,,,,,,,40.69039383402251,-73.94676922216004,POINT (-73.94676922216 40.690393834023)
57941721,06/19/2023 12:47:43 PM,07/03/2023 07:48:37 AM,HPD,Department of Housing Preservation and Development,APPLIANCE,ELECTRIC/GAS RANGE,OVEN DOOR MISSING OR BROKEN,RESIDENTIAL BUILDING,10302,209 JEWETT AVENUE,JEWETT AVENUE,,,,,ADDRESS,STATEN ISLAND,,,Closed,,The Department of Housing Preservation and Development inspected the following conditions. A Section 8 Failure was issued. Both the tenant and the property owner will receive a notice in the mail regarding the details of the Failure and the resulting action by the Agency.,07/03/2023 12:00:00 AM,01 STATEN ISLAND,49,Precinct 120,5002150277,STATEN ISLAND,948070,169531,PHONE,Unspecified,STATEN ISLAND,,,,,,,,40.63192610137798,-74.13034838473693,POINT (-74.130348384737 40.631926101378)
57930570,06/17/2023 10:56:51 PM,06/18/2023 03:47:43 AM,NYPD,New York City Police Department,Abandoned Vehicle,With License Plate,,Street/Sidewalk,11379,60-44 74 STREET,74 STREET,60 AVENUE,ELIOT AVENUE,60 AVENUE,ELIOT AVENUE,ADDRESS,MIDDLE VILLAGE,74 STREET,,Closed,,The Police Department responded to the complaint and took action to fix the condition.,06/18/2023 03:47:48 AM,05 QUEENS,30,Precinct 104,4028430026,QUEENS,1015733,202700,MOBILE,Unspecified,QUEENS,,,,,,,,40.72298536490497,-73.8864188795149,POINT (-73.886418879515 40.722985364905)
57935817,06/18/2023 02:53:41 AM,06/18/2023 03:37:57 AM,NYPD,New York City Police Department,Noise - Residential,Loud Music/Party,,Residential Building/House,10031,1516 AMSTERDAM AVENUE,AMSTERDAM AVENUE,WEST  134 STREET,WEST  135 STREET,WEST  134 STREET,WEST  135 STREET,ADDRESS,NEW YORK,AMSTERDAM AVENUE,,Closed,,The Police Department responded to the complaint and took action to fix the condition.,06/18/2023 03:38:00 AM,09 MANHATTAN,07,Precinct 30,1019880036,MANHATTAN,997453,237604,ONLINE,Unspecified,MANHATTAN,,,,,,,,40.81883388864499,-73.95229898491559,POINT (-73.952298984916 40.818833888645)
57943917,06/18/2023 10:09:48 PM,07/10/2023 12:00:00 AM,DOB,Department of Buildings,General Construction/Plumbing,Building Permit - None,,,11356,10-25 117 STREET,117 STREET,,,,,ADDRESS,COLLEGE POINT,,,Closed,,"The Department of Buildings attempted to investigate this complaint twice but could not gain access to the location. If the problem still exists, please call 311 and file a new complaint with additional access information. If you are outside of New York City, please call (212) NEW-YORK (212-639-9675).",07/10/2023 12:00:00 AM,07 QUEENS,19,Precinct 109,4040240046,QUEENS,1025635,226427,UNKNOWN,Unspecified,QUEENS,,,,,,,,40.78806906071448,-73.85054948352162,POINT (-73.850549483522 40.788069060714)
57929553,06/17/2023 08:57:53 PM,06/17/2023 09:51:05 PM,NYPD,New York City Police Department,Illegal Parking,Double Parked Blocking Vehicle,,Street/Sidewalk,11385,67-09 64 STREET,64 STREET,DEAD END,68 AVENUE,DEAD END,68 AVENUE,ADDRESS,RIDGEWOOD,64 STREET,,Closed,,The Police Department responded and upon arrival those responsible for the condition were gone.,06/17/2023 09:51:09 PM,05 QUEENS,30,Precinct 104,4036220015,QUEENS,1013443,196606,ONLINE,Unspecified,QUEENS,,,,,,,,40.70626665653368,-73.894706923696,POINT (-73.894706923696 40.706266656534)
57935430,06/18/2023 09:30:23 PM,06/18/2023 10:14:05 PM,NYPD,New York City Police Department,Abandoned Vehicle,With License Plate,,Street/Sidewalk,10306,611 MIDLAND AVENUE,MIDLAND AVENUE,BADEN PLACE,PATTERSON AVENUE,BADEN PLACE,PATTERSON AVENUE,ADDRESS,STATEN ISLAND,MIDLAND AVENUE,,Closed,,The Police Department responded to the complaint and with the information available observed no evidence of the violation at that time.,06/18/2023 10:14:08 PM,02 STATEN ISLAND,50,Precinct 122,5038130010,STATEN ISLAND,958748,147543,ONLINE,Unspecified,STATEN ISLAND,,,,,,,,40.57161072017689,-74.0917949777605,POINT (-74.09179497776 40.571610720177)
57933738,06/18/2023 07:59:06 AM,06/18/2023 08:11:49 AM,NYPD,New York City Police Department,Noise - Street/Sidewalk,Loud Talking,,Street/Sidewalk,10030,2400 7 AVENUE,7 AVENUE,WEST  140 STREET,WEST  141 STREET,WEST  140 STREET,WEST  141 STREET,ADDRESS,NEW YORK,7 AVENUE,,Closed,,The Police Department responded to the complaint and with the information available observed no evidence of the violation at that time.,06/18/2023 08:11:55 AM,10 MANHATTAN,09,Precinct 32,1020260029,MANHATTAN,1000482,237497,ONLINE,Unspecified,MANHATTAN,,,,,,,,40.81853515725049,-73.94135579635707,POINT (-73.941355796357 40.81853515725)
57927420,06/17/2023 11:49:22 PM,06/18/2023 12:03:49 AM,NYPD,New York City Police Department,Noise - Commercial,Loud Music/Party,,Store/Commercial,11225,510 FLATBUSH AVENUE,FLATBUSH AVENUE,EMPIRE BOULEVARD,LEFFERTS AVENUE,EMPIRE BOULEVARD,LEFFERTS AVENUE,ADDRESS,BROOKLYN,FLATBUSH AVENUE,,Closed,,The Police Department responded to the complaint and took action to fix the condition.,06/18/2023 12:03:53 AM,09 BROOKLYN,40,Precinct 71,3050240053,BROOKLYN,994920,180403,MOBILE,Unspecified,BROOKLYN,,,,,,,,40.66183484805751,-73.96154117220703,POINT (-73.961541172207 40.661834848058)
57929940,06/17/2023 05:17:44 PM,06/17/2023 05:55:23 PM,NYPD,New York City Police Department,Noise - Street/Sidewalk,Loud Music/Party,,Street/Sidewalk,10037,40 WEST  132 STREET,WEST  132 STREET,5 AVENUE,LENOX AVENUE,5 AVENUE,LENOX AVENUE,ADDRESS,NEW YORK,WEST  132 STREET,,Closed,,The Police Department responded to the complaint and took action to fix the condition.,06/17/2023 05:55:26 PM,10 MANHATTAN,09,Precinct 32,1017290052,MANHATTAN,1000756,234902,MOBILE,Unspecified,MANHATTAN,,,,,,,,40.811412101916616,-73.94037225050599,POINT (-73.940372250506 40.811412101917)
57939957,06/18/2023 02:09:16 AM,06/18/2023 02:21:15 AM,NYPD,New York City Police Department,Noise - Commercial,Loud Talking,,Club/Bar/Restaurant,11222,158 NORMAN AVENUE,NORMAN AVENUE,NEWEL STREET,DIAMOND STREET,NEWEL STREET,DIAMOND STREET,ADDRESS,BROOKLYN,NORMAN AVENUE,,Closed,,The Police Department responded to the complaint and with the information available observed no evidence of the violation at that time.,06/18/2023 02:21:19 AM,01 BROOKLYN,33,Precinct 94,3026510003,BROOKLYN,998641,204014,ONLINE,Unspecified,BROOKLYN,,,,,,,,40.72663629269381,-73.94807880153185,POINT (-73.948078801532 40.726636292694)
57937158,06/18/2023 09:20:36 PM,06/18/2023 09:34:14 PM,NYPD,New York City Police Department,Noise - Street/Sidewalk,Loud Music/Party,,Street/Sidewalk,10034,237 DYCKMAN STREET,DYCKMAN STREET,BROADWAY,SEAMAN AVENUE,BROADWAY,SEAMAN AVENUE,ADDRESS,NEW YORK,DYCKMAN STREET,,Closed,,The Police Department responded to the complaint and determined that police action was not necessary.,06/18/2023 09:34:19 PM,12 MANHATTAN,10,Precinct 34,1022370008,MANHATTAN,1004199,254815,MOBILE,Unspecified,MANHATTAN,,,,,,,,40.86606037701009,-73.9278752253558,POINT (-73.927875225356 40.86606037701)
57940236,06/18/2023 03:07:36 AM,06/18/2023 03:15:55 AM,NYPD,New York City Police Department,Encampment,N/A,,Residential Building/House,11216,7 HALSEY STREET,HALSEY STREET,BEDFORD AVENUE,ARLINGTON PLACE,BEDFORD AVENUE,ARLINGTON PLACE,ADDRESS,BROOKLYN,HALSEY STREET,,Closed,,The Police Department visited the location and no Encampment was found.,06/18/2023 03:16:02 AM,03 BROOKLYN,36,Precinct 79,3018370001,BROOKLYN,997281,187550,ONLINE,Unspecified,BROOKLYN,,,,,,,,40.68144859911045,-73.95301739526104,POINT (-73.953017395261 40.68144859911)
57932244,06/18/2023 10:05:25 PM,06/18/2023 10:16:48 PM,NYPD,New York City Police Department,Noise - Residential,Loud Music/Party,,Residential Building/House,11225,2101 WESTBURY COURT,WESTBURY COURT,DEAD END,FLATBUSH AVENUE,DEAD END,FLATBUSH AVENUE,ADDRESS,BROOKLYN,WESTBURY COURT,,Closed,,The Police Department responded to the complaint and took action to fix the condition.,06/18/2023 10:16:51 PM,09 BROOKLYN,40,Precinct 71,3050260235,BROOKLYN,995153,178528,ONLINE,Unspecified,BROOKLYN,,,,,,,,40.65668810226277,-73.96070438144623,POINT (-73.960704381446 40.656688102263)
57930246,06/17/2023 11:41:58 PM,06/17/2023 11:58:39 PM,NYPD,New York City Police Department,Noise - Vehicle,Car/Truck Music,,Street/Sidewalk,11385,65-02 COOPER AVENUE,COOPER AVENUE,65 STREET,CYPRESS HILLS STREET,65 STREET,CYPRESS HILLS STREET,ADDRESS,RIDGEWOOD,COOPER AVENUE,,Closed,,The Police Department responded and upon arrival those responsible for the condition were gone.,06/17/2023 11:58:43 PM,05 QUEENS,30,Precinct 104,4037220001,QUEENS,1015005,193811,ONLINE,Unspecified,QUEENS,,,,,,,,40.698589751908315,-73.88908588495978,POINT (-73.88908588496 40.698589751908)
57936042,06/19/2023 01:19:27 AM,06/19/2023 01:33:19 AM,NYPD,New York City Police Department,Noise - Vehicle,Car/Truck Music,,Street/Sidewalk,11238,585 PROSPECT PLACE,PROSPECT PLACE,FRANKLIN AVENUE SHUTTLE LINE,FRANKLIN AVENUE,FRANKLIN AVENUE SHUTTLE LINE,FRANKLIN AVENUE,ADDRESS,BROOKLYN,PROSPECT PLACE,,Closed,,The Police Department responded to the complaint and took action to fix the condition.,06/19/2023 01:33:23 AM,08 BROOKLYN,35,Precinct 77,3011560066,BROOKLYN,996136,185279,ONLINE,Unspecified,BROOKLYN,,,,,,,,40.675216830205585,-73.9571496389228,POINT (-73.957149638923 40.675216830206)
57935673,06/18/2023 02:49:25 AM,06/18/2023 03:10:04 AM,NYPD,New York City Police Department,Noise - Commercial,Banging/Pounding,,Store/Commercial,11212,424 SUTTER AVENUE,SUTTER AVENUE,POWELL STREET,JUNIUS STREET,POWELL STREET,JUNIUS STREET,ADDRESS,BROOKLYN,SUTTER AVENUE,,Closed,,The Police Department responded to the complaint and with the information available observed no evidence of the violation at that time.,06/18/2023 03:10:07 AM,16 BROOKLYN,42,Precinct 73,3037630021,BROOKLYN,1011040,182713,MOBILE,Unspecified,BROOKLYN,,,,,,,,40.66814118197076,-73.90342927965736,POINT (-73.903429279657 40.668141181971)
57932640,06/18/2023 12:46:03 PM,06/21/2023 01:17:37 PM,HPD,Department of Housing Preservation and Development,PLUMBING,TOILET,BOWL STOPPED UP,RESIDENTIAL BUILDING,10451,2980 PARK AVENUE,PARK AVENUE,,,,,ADDRESS,BRONX,,,Closed,,"The Department of Housing Preservation and Development contacted an occupant of the apartment and verified that the following conditions were corrected. The complaint has been closed. If the condition still exists, please file a new complaint.",06/21/2023 12:00:00 AM,01 BRONX,17,Precinct 40,2024417501,BRONX,1005604,238147,PHONE,Unspecified,BRONX,,,,,,,,40.82030832674518,-73.92284858544741,POINT (-73.922848585447 40.820308326745)
57940416,06/18/2023 11:47:16 PM,06/19/2023 01:29:48 AM,NYPD,New York City Police Department,Noise - Residential,Loud Music/Party,,Residential Building/House,11419,104-75 113 STREET,113 STREET,LIBERTY AVENUE,107 AVENUE,LIBERTY AVENUE,107 AVENUE,ADDRESS,SOUTH RICHMOND HILL,113 STREET,,Closed,,The Police Department responded to the complaint and with the information available observed no evidence of the violation at that time.,06/19/2023 01:29:53 AM,10 QUEENS,28,Precinct 106,4095360053,QUEENS,1031611,188878,ONLINE,Unspecified,QUEENS,,,,,,,,40.68497653845621,-73.82923320008152,POINT (-73.829233200082 40.684976538456)
57930777,06/17/2023 09:04:18 AM,06/17/2023 10:24:32 AM,NYPD,New York City Police Department,Abandoned Vehicle,With License Plate,,Street/Sidewalk,11223,2220 WEST    7 STREET,WEST    7 STREET,AVENUE V,86 STREET,AVENUE V,86 STREET,ADDRESS,BROOKLYN,WEST    7 STREET,,Closed,,The Police Department responded to the complaint and took action to fix the condition.,06/17/2023 10:24:36 AM,15 BROOKLYN,47,Precinct 61,3071430013,BROOKLYN,990359,155580,ONLINE,Unspecified,BROOKLYN,,,,,,,,40.593705263848534,-73.97800325572997,POINT (-73.97800325573 40.593705263849)
57931497,06/17/2023 09:03:20 PM,06/26/2023 05:38:46 PM,HPD,Department of Housing Preservation and Development,WATER LEAK,HEAVY FLOW,AT WALL OR CEILING,RESIDENTIAL BUILDING,10457,2105 RYER AVENUE,RYER AVENUE,,,,,ADDRESS,BRONX,,,Closed,,The Department of Housing Preservation and Development inspected the following conditions. Violations were issued. Information about specific violations is available at www.nyc.gov/hpd,06/26/2023 12:00:00 AM,05 BRONX,15,Precinct 46,2031560155,BRONX,1011723,250206,PHONE,Unspecified,BRONX,,,,,,,,40.85338985543013,-73.90069142984217,POINT (-73.900691429842 40.85338985543)
57936996,06/18/2023 10:30:19 PM,06/18/2023 10:54:49 PM,NYPD,New York City Police Department,Noise - Street/Sidewalk,Loud Music/Party,,Street/Sidewalk,10453,1501 UNDERCLIFF AVENUE,UNDERCLIFF AVENUE,CROSS BRONX EP ET    1 D-1 C WB,WEST  174 STREET,CROSS BRONX EP ET    1 D-1 C WB,WEST  174 STREET,ADDRESS,BRONX,UNDERCLIFF AVENUE,,Closed,,The Police Department responded to the complaint and took action to fix the condition.,06/18/2023 10:54:55 PM,05 BRONX,14,Precinct 46,2028800061,BRONX,1005240,247416,ONLINE,Unspecified,BRONX,,,,,,,,40.845749925937085,-73.92413470328373,POINT (-73.924134703284 40.845749925937)
57939660,06/18/2023 10:42:37 AM,06/18/2023 02:29:38 PM,NYPD,New York City Police Department,Blocked Driveway,No Access,,Street/Sidewalk,11378,73-15 52 DRIVE,52 DRIVE,73 STREET,74 STREET,73 STREET,74 STREET,ADDRESS,MASPETH,52 DRIVE,,Closed,,The Police Department responded and upon arrival those responsible for the condition were gone.,06/18/2023 02:29:43 PM,05 QUEENS,30,Precinct 104,4024870051,QUEENS,1014766,206208,PHONE,Unspecified,QUEENS,,,,,,,,40.73261735072864,-73.88989161051254,POINT (-73.889891610513 40.732617350729)
57942972,06/19/2023 06:02:00 PM,06/21/2023 08:45:00 PM,DEP,Department of Environmental Protection,Air Quality,"Air: Dust, Construction/Demolition (AE4)",AE4,,11215,574 4 AVENUE,4 AVENUE,16 ST,PROSPECT AVE,,,ADDRESS,BROOKLYN,,N/A,Closed,,"The Department of Environmental Protection (DEP) didn't observe a violation of the NYC Air or Noise Code at the time of inspection and couldn't issue a summons.  If the problem still exists, please go to nyc.gov/311 or call 311 to file a new Service Request. If you're outside of New York City, please call (212) NEW-YORK (212-639-9675).",06/21/2023 08:45:00 PM,07 BROOKLYN,39,Precinct 72,3010510033,BROOKLYN,986364,181912,ONLINE,Unspecified,BROOKLYN,,,,,,,,40.665982895483374,-73.99237984860088,POINT (-73.992379848601 40.665982895483)
57933972,06/18/2023 07:49:23 PM,07/11/2023 04:20:27 PM,DSNY,Department of Sanitation,Dirty Condition,Syringes,N/A,Sidewalk,10011,100 WEST   23 STREET,WEST   23 STREET,AVENUE OF THE AMERICAS,7 AVENUE,AVENUE OF THE AMERICAS,7 AVENUE,ADDRESS,NEW YORK,WEST   23 STREET,,Closed,,The Department of Sanitation investigated this complaint and found no condition at the location.,06/21/2023 06:55:16 AM,04 MANHATTAN,03,Precinct 13,1007980049,MANHATTAN,986124,210001,PHONE,Unspecified,MANHATTAN,,,,,,,,40.74308063984275,-73.99323713875447,POINT (-73.993237138754 40.743080639843)
59438475,10/03/2023 12:44:20 PM,10/09/2023 12:00:00 AM,HPD,Department of Housing Preservation and Development,Plumbing,Bathtub/Shower,Leaking into Other Apartment,Apartment,11220,846 50 STREET,50 STREET,8 AVENUE,9 AVENUE,8 AVENUE,9 AVENUE,ADDRESS,BROOKLYN,50 STREET,,Closed,,,10/09/2023 12:00:00 AM,12 BROOKLYN,43,Precinct 66,3056440025,BROOKLYN,983511,172618,ONLINE,Unspecified,BROOKLYN,,,,,,,,40.64047311438793,-74.00266279046868,POINT (-74.002662790469 40.640473114388)
57938211,06/18/2023 02:19:18 PM,06/18/2023 02:33:04 PM,NYPD,New York City Police Department,Encampment,N/A,,Residential Building/House,11219,11 AVENUE,11 AVENUE,11 AVENUE,55 STREET,11 AVENUE,55 STREET,INTERSECTION,,,,Closed,,The Police Department visited the location and no Encampment was found.,06/18/2023 02:33:08 PM,12 BROOKLYN,44,Precinct 66,,BROOKLYN,984246,170378,PHONE,Unspecified,BROOKLYN,,,,,,,,40.63432482292324,-74.00001441161106,POINT (-74.000014411611 40.634324822923)
57936690,06/18/2023 03:51:05 PM,06/04/2024 12:50:47 AM,DOHMH,Department of Health and Mental Hygiene,Food Establishment,Rodents/Insects/Garbage,Insect Infestation,Restaurant/Bar/Deli/Bakery,11354,37-17 PRINCE STREET,PRINCE STREET,PRINCE STREET,MAIN STREET,PRINCE STREET,MAIN STREET,ADDRESS,FLUSHING,PRINCE STREET,,Closed,,This SR was administratively closed. The issue you reported was addressed.,06/04/2024 12:50:50 AM,07 QUEENS,20,Precinct 109,4049747501,QUEENS,1030654,216312,ONLINE,Unspecified,QUEENS,,,,,,,,40.76028115949188,-73.832494639386,POINT (-73.832494639386 40.760281159492)
57935097,06/18/2023 03:53:49 PM,06/27/2023 03:50:37 PM,HPD,Department of Housing Preservation and Development,SAFETY,FIRE ESCAPE,DROP LADDER MISSING OR BROKEN,RESIDENTIAL BUILDING,10034,4915 BROADWAY,BROADWAY,,,,,ADDRESS,NEW YORK,,,Closed,,The Department of Housing Preservation and Development inspected the following conditions. No violations were issued. The complaint has been closed.,06/27/2023 12:00:00 AM,12 MANHATTAN,10,Precinct 34,1022410025,MANHATTAN,1005817,255309,ONLINE,Unspecified,MANHATTAN,,,,,,,,40.86741245151251,-73.92202382717221,POINT (-73.922023827172 40.867412451513)
57943512,06/19/2023 03:02:31 AM,06/19/2023 03:18:15 AM,NYPD,New York City Police Department,Noise - Street/Sidewalk,Loud Music/Party,,Street/Sidewalk,10029,442 EAST  105 STREET,EAST  105 STREET,1 AVENUE,FRANKLIN D ROOSEVELT DRIVE,1 AVENUE,FRANKLIN D ROOSEVELT DRIVE,ADDRESS,NEW YORK,EAST  105 STREET,,Closed,,The Police Department responded to the complaint and took action to fix the condition.,06/19/2023 03:18:21 AM,11 MANHATTAN,08,Precinct 23,1016960001,MANHATTAN,1001155,226469,ONLINE,Unspecified,MANHATTAN,,,,,,,,40.78826507028952,-73.93895209863759,POINT (-73.938952098638 40.78826507029)
57934674,06/18/2023 04:45:14 AM,06/18/2023 05:17:37 AM,NYPD,New York City Police Department,Noise - Residential,Banging/Pounding,,Residential Building/House,10475,3555 BIVONA STREET,BIVONA STREET,REEDS MILL LANE,BOSTON ROAD,REEDS MILL LANE,BOSTON ROAD,ADDRESS,BRONX,BIVONA STREET,,Closed,,The Police Department responded to the complaint and with the information available observed no evidence of the violation at that time.,06/18/2023 05:17:40 AM,12 BRONX,12,Precinct 47,2052630040,BRONX,1030350,261074,ONLINE,Unspecified,BRONX,,,,,,,,40.88314153966802,-73.83328447490193,POINT (-73.833284474902 40.883141539668)
57927897,06/17/2023 08:00:07 PM,07/06/2023 11:12:30 AM,HPD,Department of Housing Preservation and Development,UNSANITARY CONDITION,PESTS,MICE,RESIDENTIAL BUILDING,10452,974 ANDERSON AVENUE,ANDERSON AVENUE,,,,,ADDRESS,BRONX,,,Closed,,"The Department of Housing Preservation and Development was not able to gain access to inspect the following conditions. The complaint has been closed. If the condition still exists, please file a new complaint.",07/06/2023 12:00:00 AM,04 BRONX,16,Precinct 44,2025040072,BRONX,1004284,242293,PHONE,Unspecified,BRONX,,,,,,,,40.83169100499876,-73.92760532719244,POINT (-73.927605327192 40.831691004999)
57938499,06/18/2023 11:47:00 AM,06/26/2023 08:40:00 AM,DEP,Department of Environmental Protection,Water System,Hydrant Locking Device Request (Use Comments) (WC5),WC5,,10473,2098 VIRGIL PLACE,VIRGIL PLACE,PUGSLEY AVE,OLMSTEAD AVE,,,ADDRESS,BRONX,,,Closed,,The Department of Environmental Protection investigated this complaint and repaired or replaced the hydrant.,06/26/2023 08:40:00 AM,09 BRONX,18,Precinct 43,2036080036,BRONX,1025113,238795,ONLINE,Unspecified,BRONX,,,,,,,,40.82201819659814,-73.85235926077665,POINT (-73.852359260777 40.822018196598)
57937212,06/18/2023 04:34:51 PM,06/18/2023 04:41:50 PM,NYPD,New York City Police Department,Noise - Residential,Loud Music/Party,,Residential Building/House,10304,49 PRINCE STREET,PRINCE STREET,HARDY STREET,WIEDERER PLACE,HARDY STREET,WIEDERER PLACE,ADDRESS,STATEN ISLAND,PRINCE STREET,,Closed,,The Police Department responded and upon arrival those responsible for the condition were gone.,06/18/2023 04:41:53 PM,01 STATEN ISLAND,49,Precinct 120,5006330029,STATEN ISLAND,961203,164564,ONLINE,Unspecified,STATEN ISLAND,,,,,,,,40.61833663838434,-74.08301622329478,POINT (-74.083016223295 40.618336638384)
57939111,06/19/2023 01:03:29 AM,06/19/2023 01:09:26 AM,NYPD,New York City Police Department,Noise - Residential,Loud Music/Party,,Residential Building/House,11220,436 57 STREET,57 STREET,4 AVENUE,5 AVENUE,4 AVENUE,5 AVENUE,ADDRESS,BROOKLYN,57 STREET,,Closed,,The Police Department responded to the complaint and with the information available observed no evidence of the violation at that time.,06/19/2023 01:09:30 AM,07 BROOKLYN,38,Precinct 72,3008470020,BROOKLYN,979891,173162,ONLINE,Unspecified,BROOKLYN,,,,,,,,40.641965235912316,-74.01570685151512,POINT (-74.015706851515 40.641965235912)
57941676,06/19/2023 04:44:14 AM,06/19/2023 05:21:37 AM,NYPD,New York City Police Department,Noise - Commercial,Car/Truck Horn,,Store/Commercial,11416,92-10 ATLANTIC AVENUE,ATLANTIC AVENUE,92 STREET,93 STREET,92 STREET,93 STREET,ADDRESS,OZONE PARK,ATLANTIC AVENUE,,Closed,,The Police Department responded to the complaint and took action to fix the condition.,06/19/2023 05:21:43 AM,09 QUEENS,32,Precinct 102,4090280001,QUEENS,1025748,189863,MOBILE,Unspecified,QUEENS,,,,,,,,40.68770956395183,-73.85036696701742,POINT (-73.850366967017 40.687709563952)
57943314,06/19/2023 11:35:30 PM,06/20/2023 12:50:56 AM,NYPD,New York City Police Department,Blocked Driveway,No Access,,Street/Sidewalk,11377,69-64 44 AVENUE,44 AVENUE,69 STREET,72 STREET,69 STREET,72 STREET,ADDRESS,WOODSIDE,44 AVENUE,,Closed,,The Police Department responded to the complaint and with the information available observed no evidence of the violation at that time.,06/20/2023 12:51:01 AM,02 QUEENS,26,Precinct 108,4013510032,QUEENS,1013280,209243,ONLINE,Unspecified,QUEENS,,,,,,,,40.740952671585156,-73.89524032116128,POINT (-73.895240321161 40.740952671585)
57940884,06/19/2023 11:28:33 AM,07/20/2023 10:06:59 AM,DPR,Department of Parks and Recreation,Overgrown Tree/Branches,Blocking Street,N/A,Street,10003,269 GREENE STREET,GREENE STREET,WAVERLY PLACE,EAST    8 STREET,WAVERLY PLACE,EAST    8 STREET,ADDRESS,NEW YORK,GREENE STREET,,Closed,,NYC Parks visited the location but could not find the tree condition you reported.,07/20/2023 10:07:04 AM,02 MANHATTAN,02,Precinct 6,1005480012,MANHATTAN,985840,205609,PHONE,Unspecified,MANHATTAN,,,,,,,,40.73102574161564,-73.99426307144745,POINT (-73.994263071447 40.731025741616)
57927204,06/17/2023 12:20:07 PM,06/20/2023 03:20:18 PM,DSNY,Department of Sanitation,Missed Collection,Bulky Recycling,N/A,Street,10312,35 COVINGTON CIRCLE,COVINGTON CIRCLE,POWELL STREET,WYCLIFF LANE,POWELL STREET,WYCLIFF LANE,ADDRESS,STATEN ISLAND,COVINGTON CIRCLE,,Closed,,The Department of Sanitation collected the requested items.,06/20/2023 10:53:35 AM,03 STATEN ISLAND,51,Precinct 123,5061060046,STATEN ISLAND,927794,138426,PHONE,Unspecified,STATEN ISLAND,,,,,,,,40.54644330752663,-74.20313815034564,POINT (-74.203138150346 40.546443307527)
57927096,06/17/2023 10:28:30 PM,06/17/2023 10:29:42 PM,NYPD,New York City Police Department,Illegal Parking,Blocked Bike Lane,,Street/Sidewalk,10002,225 CHRYSTIE STREET,CHRYSTIE STREET,STANTON STREET,2 AVENUE,STANTON STREET,2 AVENUE,ADDRESS,NEW YORK,CHRYSTIE STREET,,Closed,,The Police Department responded and upon arrival those responsible for the condition were gone.,06/17/2023 10:29:46 PM,03 MANHATTAN,01,Precinct 5,1004277504,MANHATTAN,986659,202716,ONLINE,Unspecified,MANHATTAN,,,,,,,,40.723084975976754,-73.99130904767675,POINT (-73.991309047677 40.723084975977)
57932559,06/18/2023 10:16:16 PM,06/18/2023 10:48:22 PM,NYPD,New York City Police Department,Noise - Street/Sidewalk,Loud Music/Party,,Street/Sidewalk,11368,45-37 97 STREET,97 STREET,45 AVENUE,DEAD END,45 AVENUE,DEAD END,ADDRESS,CORONA,97 STREET,,Closed,,The Police Department responded to the complaint and took action to fix the condition.,06/18/2023 10:48:26 PM,04 QUEENS,21,Precinct 110,,QUEENS,1021164,210608,MOBILE,Unspecified,QUEENS,,,,,,,,40.74466985816838,-73.86678211791731,POINT (-73.866782117917 40.744669858168)
57930057,06/17/2023 11:40:24 PM,06/17/2023 11:51:30 PM,NYPD,New York City Police Department,Noise - Residential,Loud Music/Party,,Residential Building/House,11221,723 QUINCY STREET,QUINCY STREET,MALCOLM X BOULEVARD,PATCHEN AVENUE,MALCOLM X BOULEVARD,PATCHEN AVENUE,ADDRESS,BROOKLYN,QUINCY STREET,,Closed,,The Police Department responded to the complaint and took action to fix the condition.,06/17/2023 11:51:35 PM,03 BROOKLYN,36,Precinct 81,3016270082,BROOKLYN,1003818,190454,MOBILE,Unspecified,BROOKLYN,,,,,,,,40.68940737531472,-73.92944015043412,POINT (-73.929440150434 40.689407375315)
57932442,06/18/2023 11:06:38 PM,06/18/2023 11:08:07 PM,NYPD,New York City Police Department,Noise - Street/Sidewalk,Loud Music/Party,,Street/Sidewalk,10453,1501 UNDERCLIFF AVENUE,UNDERCLIFF AVENUE,CROSS BRONX EP ET    1 D-1 C WB,WEST  174 STREET,CROSS BRONX EP ET    1 D-1 C WB,WEST  174 STREET,ADDRESS,BRONX,UNDERCLIFF AVENUE,,Closed,,The Police Department reviewed your complaint and provided additional information below.,06/18/2023 11:08:12 PM,05 BRONX,14,Precinct 46,2028800061,BRONX,1005240,247416,MOBILE,Unspecified,BRONX,,,,,,,,40.845749925937085,-73.92413470328373,POINT (-73.924134703284 40.845749925937)
57929454,06/17/2023 07:58:01 AM,06/17/2023 10:42:35 AM,NYPD,New York City Police Department,Illegal Parking,Blocked Hydrant,,Street/Sidewalk,11385,70-45 66 PLACE,66 PLACE,70 AVENUE,CENTRAL AVENUE,70 AVENUE,CENTRAL AVENUE,ADDRESS,RIDGEWOOD,66 PLACE,,Closed,,The Police Department responded and upon arrival those responsible for the condition were gone.,06/17/2023 10:42:39 AM,05 QUEENS,30,Precinct 104,4036490027,QUEENS,1015209,195685,PHONE,Unspecified,QUEENS,,,,,,,,40.70373272773263,-73.88834157018144,POINT (-73.888341570181 40.703732727733)
57927663,06/18/2023 12:20:24 AM,06/18/2023 12:45:51 AM,NYPD,New York City Police Department,Noise - Commercial,Loud Music/Party,,Store/Commercial,10002,95 ORCHARD STREET,ORCHARD STREET,BROOME STREET,DELANCEY STREET,BROOME STREET,DELANCEY STREET,ADDRESS,NEW YORK,ORCHARD STREET,,Closed,,The Police Department responded to the complaint and took action to fix the condition.,06/18/2023 12:45:57 AM,03 MANHATTAN,01,Precinct 7,1004140057,MANHATTAN,986988,200996,MOBILE,Unspecified,MANHATTAN,,,,,,,,40.7183638950715,-73.99012281365721,POINT (-73.990122813657 40.718363895072)
57933630,06/18/2023 07:16:03 PM,06/18/2023 08:02:53 PM,NYPD,New York City Police Department,Noise - Residential,Loud Music/Party,,Residential Building/House,10462,2140 ELLIS AVENUE,ELLIS AVENUE,OLMSTEAD AVENUE,CASTLE HILL AVENUE,OLMSTEAD AVENUE,CASTLE HILL AVENUE,ADDRESS,BRONX,ELLIS AVENUE,,Closed,,The Police Department responded to the complaint and took action to fix the condition.,06/18/2023 08:02:57 PM,09 BRONX,18,Precinct 43,2038120027,BRONX,1024949,242580,ONLINE,Unspecified,BRONX,,,,,,,,40.832407684557126,-73.85292884222461,POINT (-73.852928842225 40.832407684557)
57934656,06/18/2023 10:31:21 PM,06/18/2023 10:31:35 PM,NYPD,New York City Police Department,Noise - Residential,Loud Music/Party,,Residential Building/House,11229,1740 EAST   23 STREET,EAST   23 STREET,QUENTIN ROAD,AVENUE R,QUENTIN ROAD,AVENUE R,ADDRESS,BROOKLYN,EAST   23 STREET,,Closed,,The Police Department responded to the complaint and with the information available observed no evidence of the violation at that time.,06/18/2023 10:31:40 PM,15 BROOKLYN,48,Precinct 61,3068050022,BROOKLYN,998102,160815,MOBILE,Unspecified,BROOKLYN,,,,,,,,40.608065555436255,-73.95011221865713,POINT (-73.950112218657 40.608065555436)
57931542,06/18/2023 02:20:57 PM,06/21/2023 12:34:59 PM,DSNY,Department of Sanitation,Dirty Condition,Trash,Littering,Sidewalk,11201,80 CLINTON STREET,CLINTON STREET,MONTAGUE STREET,REMSEN STREET,MONTAGUE STREET,REMSEN STREET,ADDRESS,BROOKLYN,CLINTON STREET,,Closed,,The Department of Sanitation investigated this complaint and found no condition at the location.,06/21/2023 12:35:07 PM,02 BROOKLYN,33,Precinct 84,3002497502,BROOKLYN,986329,192169,MOBILE,Unspecified,BROOKLYN,,,,,,,,40.694136041938854,-73.99250284569338,POINT (-73.992502845693 40.694136041939)
57932946,06/18/2023 03:28:14 PM,06/18/2023 04:17:51 PM,NYPD,New York City Police Department,Illegal Parking,Double Parked Blocking Traffic,,Street/Sidewalk,10463,212 WEST KINGSBRIDGE ROAD,WEST KINGSBRIDGE ROAD,KINGSBRIDGE TERRACE,HEATH AVENUE,KINGSBRIDGE TERRACE,HEATH AVENUE,ADDRESS,BRONX,WEST KINGSBRIDGE ROAD,,Closed,,The Police Department issued a summons in response to the complaint.,06/18/2023 04:17:57 PM,07 BRONX,14,Precinct 52,2032400037,BRONX,1010675,256983,MOBILE,Unspecified,BRONX,,,,,,,,40.87199386144575,-73.90445298500013,POINT (-73.904452985 40.871993861446)
57933855,06/18/2023 07:56:53 PM,06/18/2023 08:26:18 PM,NYPD,New York City Police Department,Blocked Driveway,No Access,,Street/Sidewalk,11220,835 53 STREET,53 STREET,8 AVENUE,9 AVENUE,8 AVENUE,9 AVENUE,ADDRESS,BROOKLYN,53 STREET,,Closed,,The Police Department responded to the complaint and took action to fix the condition.,06/18/2023 08:26:21 PM,12 BROOKLYN,43,Precinct 66,3056580064,BROOKLYN,982978,172051,ONLINE,Unspecified,BROOKLYN,,,,,,,,40.638916760191606,-74.00458320768496,POINT (-74.004583207685 40.638916760192)
57939057,06/18/2023 06:25:06 AM,06/18/2023 06:40:20 AM,NYPD,New York City Police Department,Noise - Residential,Loud Music/Party,,Residential Building/House,11212,181 ROCKAWAY PARKWAY,ROCKAWAY PARKWAY,WINTHROP STREET,CLARKSON AVENUE,WINTHROP STREET,CLARKSON AVENUE,ADDRESS,BROOKLYN,ROCKAWAY PARKWAY,,Closed,,The Police Department responded to the complaint and took action to fix the condition.,06/18/2023 06:40:27 AM,17 BROOKLYN,41,Precinct 67,3046330065,BROOKLYN,1006045,180586,ONLINE,Unspecified,BROOKLYN,,,,,,,,40.66231674694474,-73.92144177201318,POINT (-73.921441772013 40.662316746945)
57943881,06/19/2023 11:16:02 PM,10/24/2024 02:00:47 PM,EDC,Economic Development Corporation,Noise - Helicopter,Other,Hovering,Above Address,10025,214 WEST  102 STREET,WEST  102 STREET,AMSTERDAM AVENUE,BROADWAY,AMSTERDAM AVENUE,BROADWAY,ADDRESS,NEW YORK,WEST  102 STREET,,Closed,,"The New York City Economic Development Corporation determined that this issue is not within its jurisdiction because the helicopter did not belong to a tour company departing from a NYC heliport.Â  Instead, it was most likely a law enforcement or news gathering helicopter not subject to the routing protocols established for tour helicopters. It may also have been a helicopter that departed as a charter or tour from another City but flew over NYC airspace. Helicopter tours originating from outside NYC are not subject to the same City regulations as tours departing from heliports managed by NYCEDC. Any City regulation of these flights is pre-empted by federal law and subject only to the jurisdiction of the Federal Aviation Administration. To file a complaint with the FAA, you can contact the New York Flight Standards District Office at the following web address:Â https://www.faa.gov/about/office_org/field_offices/fsdo/",10/24/2024 02:00:52 PM,07 MANHATTAN,07,Precinct 24,1018730041,MANHATTAN,993042,230062,ONLINE,Unspecified,MANHATTAN,,,,,,,,40.798138679135754,-73.96824532821826,POINT (-73.968245328218 40.798138679136)
57936942,06/18/2023 03:39:23 PM,06/18/2023 04:04:24 PM,NYPD,New York City Police Department,Noise - Residential,Loud Music/Party,,Residential Building/House,10029,334 EAST  112 STREET,EAST  112 STREET,2 AVENUE,THOMAS JEFFERSON PARK PATH,2 AVENUE,THOMAS JEFFERSON PARK PATH,ADDRESS,NEW YORK,EAST  112 STREET,,Closed,,The Police Department responded to the complaint and took action to fix the condition.,06/18/2023 04:04:27 PM,11 MANHATTAN,08,Precinct 23,1016830036,MANHATTAN,1001346,228516,MOBILE,Unspecified,MANHATTAN,,,,,,,,40.79388316542213,-73.93825714289362,POINT (-73.938257142894 40.793883165422)
57936717,06/18/2023 01:17:16 PM,06/18/2023 01:30:23 PM,NYPD,New York City Police Department,Panhandling,N/A,,Store/Commercial,11373,40-48 82 STREET,82 STREET,ITHACA STREET,BAXTER AVENUE,ITHACA STREET,BAXTER AVENUE,ADDRESS,ELMHURST,82 STREET,,Closed,,The Police Department responded to the complaint and determined that police action was not necessary.,06/18/2023 01:30:26 PM,04 QUEENS,25,Precinct 110,4014920029,QUEENS,1016467,211245,MOBILE,Unspecified,QUEENS,,,,,,,,40.74643662092679,-73.88372991460997,POINT (-73.88372991461 40.746436620927)
57939210,06/18/2023 10:32:46 AM,06/18/2023 12:06:12 PM,NYPD,New York City Police Department,Noise - Residential,Banging/Pounding,,Residential Building/House,10025,865 COLUMBUS AVENUE,COLUMBUS AVENUE,WEST  100 STREET,WEST  103 STREET,WEST  100 STREET,WEST  103 STREET,ADDRESS,NEW YORK,COLUMBUS AVENUE,,Closed,,The Police Department responded to the complaint and took action to fix the condition.,06/18/2023 12:06:17 PM,07 MANHATTAN,07,Precinct 24,1018360001,MANHATTAN,994065,229622,ONLINE,Unspecified,MANHATTAN,,,,,,,,40.79692992181987,-73.96455113216999,POINT (-73.96455113217 40.79692992182)
57932622,06/18/2023 07:20:02 AM,09/04/2023 06:59:43 PM,HPD,Department of Housing Preservation and Development,DOOR/WINDOW,DOOR,BROKEN OR MISSING,RESIDENTIAL BUILDING,10452,127 EAST  169 STREET,EAST  169 STREET,,,,,ADDRESS,BRONX,,,Closed,,The Department of Housing Preservation and Development inspected the following conditions. No violations were issued. The complaint has been closed.,09/04/2023 12:00:00 AM,04 BRONX,16,Precinct 44,2028390075,BRONX,1007154,244202,PHONE,Unspecified,BRONX,,,,,,,,40.83692368041389,-73.91722780977176,POINT (-73.917227809772 40.836923680414)
55846755,10/30/2022 07:39:55 PM,10/30/2022 08:25:01 PM,NYPD,New York City Police Department,Illegal Parking,Posted Parking Sign Violation,,Street/Sidewalk,11361,213 STREET,213 STREET,41 AVENUE,213 STREET,41 AVENUE,213 STREET,INTERSECTION,,,,Closed,,The Police Department responded to the complaint and took action to fix the condition.,10/30/2022 08:25:07 PM,11 QUEENS,19,Precinct 111,,QUEENS,1047433,217526,MOBILE,Unspecified,QUEENS,,,,,,,,40.76350927910743,-73.7719160058321,POINT (-73.771916005832 40.763509279107)
57931848,06/18/2023 01:13:41 PM,06/28/2023 12:00:00 AM,DOB,Department of Buildings,Elevator,Elevator - Multiple Devices On Property,,,10457,2051 RYER AVENUE,RYER AVENUE,,,,,ADDRESS,BRONX,,,Closed,,"The Department of Buildings determined that the conditions described in this complaint were addressed under another service request number. Click on ""Learn More"" in the ""Did You Know"" section below for more information.",06/28/2023 12:00:00 AM,05 BRONX,15,Precinct 46,2031560070,BRONX,1011579,249623,UNKNOWN,Unspecified,BRONX,,,,,,,,40.85179014156923,-73.9012143328287,POINT (-73.901214332829 40.851790141569)
57930660,06/17/2023 09:03:51 AM,06/17/2023 01:50:37 PM,NYPD,New York City Police Department,Illegal Parking,Posted Parking Sign Violation,,Street/Sidewalk,11385,64 PLACE,64 PLACE,64 PLACE,CENTRAL AVENUE,64 PLACE,CENTRAL AVENUE,INTERSECTION,,,,Closed,,The Police Department responded and upon arrival those responsible for the condition were gone.,06/17/2023 01:50:44 PM,05 QUEENS,30,Precinct 104,,QUEENS,1014298,195099,PHONE,Unspecified,QUEENS,,,,,,,,40.70212743691919,-73.89162984411121,POINT (-73.891629844111 40.702127436919)
57930867,06/17/2023 05:35:32 PM,07/15/2023 12:32:58 PM,DPR,Department of Parks and Recreation,Damaged Tree,Branch or Limb Has Fallen Down,Blocking Sidewalk,Street,11358,29-65 162 STREET,162 STREET,29 AVENUE,32 AVENUE,29 AVENUE,32 AVENUE,ADDRESS,FLUSHING,162 STREET,,Closed,,NYC Parks visited the site and inspected the condition. No work is necessary at this time.,07/15/2023 12:33:03 PM,07 QUEENS,19,Precinct 109,4048930008,QUEENS,1038943,220191,PHONE,Unspecified,QUEENS,,,,,,,,40.77088059365308,-73.80254221652582,POINT (-73.802542216526 40.770880593653)
57935889,06/18/2023 09:45:22 PM,06/18/2023 10:30:35 PM,NYPD,New York City Police Department,Noise - Street/Sidewalk,Loud Music/Party,,Street/Sidewalk,11385,MYRTLE AVENUE,MYRTLE AVENUE,85 STREET,MYRTLE AVENUE,85 STREET,MYRTLE AVENUE,INTERSECTION,,,,Closed,,The Police Department responded and upon arrival those responsible for the condition were gone.,06/18/2023 10:30:40 PM,05 QUEENS,32,Precinct 104,,QUEENS,1022015,195549,MOBILE,Unspecified,QUEENS,,,,,,,,40.70333301059507,-73.86379547544601,POINT (-73.863795475446 40.703333010595)
57933747,06/18/2023 10:40:04 PM,06/18/2023 10:59:29 PM,NYPD,New York City Police Department,Noise - Street/Sidewalk,Loud Music/Party,,Street/Sidewalk,10031,572 WEST  141 STREET,WEST  141 STREET,HAMILTON PLACE,BROADWAY,HAMILTON PLACE,BROADWAY,ADDRESS,NEW YORK,WEST  141 STREET,,Closed,,The Police Department issued a summons in response to the complaint.,06/18/2023 10:59:35 PM,09 MANHATTAN,07,Precinct 30,1020720059,MANHATTAN,997691,239307,ONLINE,Unspecified,MANHATTAN,,,,,,,,40.82350778296357,-73.95143570564339,POINT (-73.951435705643 40.823507782964)
57928473,06/17/2023 03:46:34 PM,06/19/2023 11:59:43 AM,DSNY,Department of Sanitation,Missed Collection,Bulky Trash,N/A,Street,11364,53-35 BELL BOULEVARD,BELL BOULEVARD,LUKE PLACE,56 AVENUE,LUKE PLACE,56 AVENUE,ADDRESS,OAKLAND GARDENS,BELL BOULEVARD,,Closed,,The Department of Sanitation investigated and found this complaint to be out of jurisdiction. The Department of Sanitation reviewed this and found it not to be meeting the criteria for a complaint or service request.,06/19/2023 11:59:43 AM,11 QUEENS,23,Precinct 111,4074250005,QUEENS,1049743,213291,ONLINE,Unspecified,QUEENS,,,,,,,,40.751868517287534,-73.76361844260359,POINT (-73.763618442604 40.751868517288)
57929355,06/17/2023 02:18:21 AM,06/17/2023 09:16:30 AM,NYPD,New York City Police Department,Abandoned Vehicle,With License Plate,,Street/Sidewalk,11378,59-24 GRAND AVENUE,GRAND AVENUE,58 ROAD,58 AVENUE,58 ROAD,58 AVENUE,ADDRESS,MASPETH,GRAND AVENUE,,Closed,,The Police Department responded to the complaint and took action to fix the condition.,06/17/2023 09:16:37 AM,05 QUEENS,30,Precinct 104,4026970005,QUEENS,1009916,201885,PHONE,Unspecified,QUEENS,,,,,,,,40.72076717780663,-73.90740794271782,POINT (-73.907407942718 40.720767177807)
57934908,06/18/2023 03:45:21 PM,06/18/2023 03:58:00 PM,NYPD,New York City Police Department,Non-Emergency Police Matter,Other (complaint details),,Street/Sidewalk,11374,98-50 67 AVENUE,67 AVENUE,WETHEROLE STREET,BOOTH STREET,WETHEROLE STREET,BOOTH STREET,ADDRESS,REGO PARK,67 AVENUE,,Closed,,The Police Department responded to the complaint and determined that police action was not necessary.,06/18/2023 03:58:05 PM,06 QUEENS,29,Precinct 112,4031680036,QUEENS,1024500,203597,ONLINE,Unspecified,QUEENS,,,,,,,,40.725411863654735,-73.8547848880341,POINT (-73.854784888034 40.725411863655)
57937725,06/18/2023 10:57:15 AM,07/12/2023 02:42:40 PM,DOHMH,Department of Health and Mental Hygiene,Rodent,Rat Sighting,,3+ Family Apt. Building,11216,1448 PACIFIC STREET,PACIFIC STREET,BROOKLYN AVENUE,KINGSTON AVENUE,BROOKLYN AVENUE,KINGSTON AVENUE,ADDRESS,BROOKLYN,PACIFIC STREET,,Closed,,This service request was closed because the Department of Health and Mental Hygiene received an earlier complaint about the same location.  You can find inspection results for this address by going to the online Rat Portal at www.nyc.gov/rats.,06/18/2023 10:57:15 AM,08 BROOKLYN,36,Precinct 77,3012090035,BROOKLYN,1000277,186016,MOBILE,Unspecified,BROOKLYN,,,,,,,,40.6772331999956,-73.94221912136702,POINT (-73.942219121367 40.677233199996)
57938859,06/18/2023 03:51:36 AM,06/18/2023 01:01:07 PM,NYPD,New York City Police Department,Illegal Parking,Posted Parking Sign Violation,,Street/Sidewalk,11385,64 PLACE,64 PLACE,OTTO ROAD,CENTRAL AVENUE,OTTO ROAD,CENTRAL AVENUE,BLOCKFACE,,,,Closed,,The Police Department responded and upon arrival those responsible for the condition were gone.,06/18/2023 01:01:13 PM,Unspecified QUEENS,,Precinct 104,,QUEENS,,,PHONE,Unspecified,QUEENS,,,,,,,,,,
57935736,06/18/2023 08:50:40 AM,07/12/2023 02:52:53 PM,EDC,Economic Development Corporation,Noise - Helicopter,Other,Passing By,Above Address,10025,667 WEST END AVENUE,WEST END AVENUE,WEST   92 STREET,WEST   93 STREET,WEST   92 STREET,WEST   93 STREET,ADDRESS,NEW YORK,WEST END AVENUE,,Closed,,"The New York City Economic Development Corporation determined that this issue is not within its jurisdiction because the helicopter did not belong to a tour company departing from a NYC heliport.Â  Instead, it was most likely a law enforcement or news gathering helicopter not subject to the routing protocols established for tour helicopters. It may also have been a helicopter that departed as a charter or tour from another City but flew over NYC airspace. Helicopter tours originating from outside NYC are not subject to the same City regulations as tours departing from heliports managed by NYCEDC. Any City regulation of these flights is pre-empted by federal law and subject only to the jurisdiction of the Federal Aviation Administration. To file a complaint with the FAA, you can contact the New York Flight Standards District Office at the following web address:Â https://www.faa.gov/about/office_org/field_offices/fsdo/",07/12/2023 02:52:57 PM,07 MANHATTAN,06,Precinct 24,1012520017,MANHATTAN,991199,228171,ONLINE,Unspecified,MANHATTAN,,,,,,,,40.79295003860159,-73.97490377453092,POINT (-73.974903774531 40.792950038602)
57932892,06/18/2023 10:02:10 AM,06/18/2023 11:13:12 AM,NYPD,New York City Police Department,Illegal Parking,Blocked Hydrant,,Street/Sidewalk,11219,1057 66 STREET,66 STREET,10 AVENUE,11 AVENUE,10 AVENUE,11 AVENUE,ADDRESS,BROOKLYN,66 STREET,,Closed,,The Police Department responded to the complaint and took action to fix the condition.,06/18/2023 11:13:15 AM,10 BROOKLYN,43,Precinct 68,3057510055,BROOKLYN,982158,168309,PHONE,Unspecified,BROOKLYN,,,,,,,,40.62864560850486,-74.00753663120338,POINT (-74.007536631203 40.628645608505)
57931182,06/17/2023 12:19:46 PM,06/17/2023 01:52:43 PM,NYPD,New York City Police Department,Noise - Park,Loud Music/Party,,Park/Playground,10467,3545 JEROME AVENUE,JEROME AVENUE,UNNAMED STREET,MAJOR DEEGAN EXPWY NB ET   13,UNNAMED STREET,MAJOR DEEGAN EXPWY NB ET   13,ADDRESS,BRONX,JEROME AVENUE,,Closed,,The Police Department responded to the complaint and with the information available observed no evidence of the violation at that time.,06/17/2023 01:52:49 PM,26 BRONX,11,Precinct 50,2059000001,BRONX,1017789,263252,ONLINE,Van Cortlandt Park,BRONX,,,,,,,,40.889176136507665,-73.87869895902735,POINT (-73.878698959027 40.889176136508)
57939273,06/18/2023 07:28:20 PM,06/18/2023 07:42:51 PM,NYPD,New York City Police Department,Noise - Street/Sidewalk,Loud Music/Party,,Street/Sidewalk,10031,35 HAMILTON PLACE,HAMILTON PLACE,WEST  138 STREET,WEST  139 STREET,WEST  138 STREET,WEST  139 STREET,ADDRESS,NEW YORK,HAMILTON PLACE,,Closed,,The Police Department responded to the complaint and took action to fix the condition.,06/18/2023 07:42:55 PM,09 MANHATTAN,07,Precinct 30,1020700012,MANHATTAN,997407,238740,ONLINE,Unspecified,MANHATTAN,,,,,,,,40.82195195634232,-73.95246295064027,POINT (-73.95246295064 40.821951956342)
57930840,06/17/2023 02:37:30 PM,06/17/2023 02:59:03 PM,NYPD,New York City Police Department,Illegal Parking,Posted Parking Sign Violation,,Street/Sidewalk,11433,168 STREET,168 STREET,JAMAICA AVENUE,93 AVENUE,JAMAICA AVENUE,93 AVENUE,BLOCKFACE,,,,Closed,,The Police Department responded and upon arrival those responsible for the condition were gone.,06/17/2023 02:59:08 PM,Unspecified QUEENS,,Precinct 103,,QUEENS,,,PHONE,Unspecified,QUEENS,,,,,,,,,,
57940776,06/19/2023 10:25:35 AM,06/19/2023 01:36:48 PM,NYPD,New York City Police Department,Abandoned Vehicle,With License Plate,,Street/Sidewalk,11223,1800 OCEAN PARKWAY,OCEAN PARKWAY,KINGS HIGHWAY,AVENUE R,KINGS HIGHWAY,AVENUE R,ADDRESS,BROOKLYN,OCEAN PARKWAY,,Closed,,The Police Department responded to the complaint and determined that police action was not necessary.,06/19/2023 01:36:53 PM,15 BROOKLYN,44,Precinct 61,3066810399,BROOKLYN,993464,159645,MOBILE,Unspecified,BROOKLYN,,,,,,,,40.60486018113993,-73.96681750400715,POINT (-73.966817504007 40.60486018114)
57943098,06/19/2023 03:07:36 AM,06/19/2023 03:12:18 AM,NYPD,New York City Police Department,Illegal Parking,Blocked Hydrant,,Street/Sidewalk,11208,184 ETNA STREET,ETNA STREET,RICHMOND STREET,CHESTNUT STREET,RICHMOND STREET,CHESTNUT STREET,ADDRESS,BROOKLYN,ETNA STREET,,Closed,,The Police Department responded to the complaint and took action to fix the condition.,06/19/2023 03:12:24 AM,05 BROOKLYN,37,Precinct 75,3041150026,BROOKLYN,1018413,189241,ONLINE,Unspecified,BROOKLYN,,,,,,,,40.68603366963854,-73.87681854478991,POINT (-73.87681854479 40.686033669639)
57933198,06/18/2023 08:34:49 AM,06/18/2023 08:34:49 AM,DOHMH,Department of Health and Mental Hygiene,Rodent,Rat Sighting,,Other (Explain Below),10037,506 LENOX AVENUE,LENOX AVENUE,WEST 135 STREET,WEST 136 STREET,WEST  135 STREET,WEST  136 STREET,ADDRESS,NEW YORK,LENOX AVENUE,,Closed,,The Department of Health and Mental Hygiene found violations on the property you reported. Follow-up inspections will be scheduled.,06/18/2023 08:34:49 AM,10 MANHATTAN,09,Precinct 32,1017340001,MANHATTAN,1000676,235975,MOBILE,Unspecified,MANHATTAN,,,,,,,,40.8143573362627,-73.94065862369519,POINT (-73.940658623695 40.814357336263)
57942567,06/19/2023 12:53:38 PM,10/20/2023 12:36:08 PM,DPR,Department of Parks and Recreation,Dead/Dying Tree,Planted More Than 2 Years Ago,N/A,Street,11420,149-43 121 STREET,121 STREET,149 AVENUE,150 AVENUE,149 AVENUE,150 AVENUE,ADDRESS,SOUTH OZONE PARK,121 STREET,,Closed,,NYC Parks visited the site and inspected the condition. No work is necessary at this time.,10/20/2023 12:36:17 PM,10 QUEENS,28,Precinct 106,4118220014,QUEENS,1034233,182542,PHONE,Unspecified,QUEENS,,,,,,,,40.66757126623384,-73.81982622256078,POINT (-73.819826222561 40.667571266234)
57941685,06/20/2023 01:31:47 AM,06/20/2023 01:50:31 AM,NYPD,New York City Police Department,Noise - Street/Sidewalk,Loud Talking,,Street/Sidewalk,10026,29 WEST  119 STREET,WEST  119 STREET,5 AVENUE,LENOX AVENUE,5 AVENUE,LENOX AVENUE,ADDRESS,NEW YORK,WEST  119 STREET,,Closed,,The Police Department responded to the complaint and with the information available observed no evidence of the violation at that time.,06/20/2023 01:50:36 AM,10 MANHATTAN,09,Precinct 28,1017180025,MANHATTAN,999128,231879,MOBILE,Unspecified,MANHATTAN,,,,,,,,40.80311769522192,-73.94626008127653,POINT (-73.946260081277 40.803117695222)
57931749,06/18/2023 01:46:56 PM,06/23/2023 03:18:20 PM,TLC,Taxi and Limousine Commission,Lost Property,Bag/Wallet,Wallet,Taxi,10075,1 AVENUE,1 AVENUE,1 AVENUE,EAST   78 STREET,1 AVENUE,EAST   78 STREET,INTERSECTION,,,,Closed,,See notes for information.,06/23/2023 03:18:23 PM,08 MANHATTAN,05,Precinct 19,,MANHATTAN,997216,220416,PHONE,Unspecified,MANHATTAN,,,"1 AVENUE AND EAST   78 STREET, MANHATTAN, NY, 10075",,,,,40.77165784559385,-73.95318842529461,POINT (-73.953188425295 40.771657845594)
57941847,06/19/2023 04:44:02 PM,06/21/2023 08:48:38 PM,HPD,Department of Housing Preservation and Development,HEAT/HOT WATER,APARTMENT ONLY,HEAT ON IN SUMMER,RESIDENTIAL BUILDING,11219,5510 13 AVENUE,13 AVENUE,,,,,ADDRESS,BROOKLYN,,,Closed,,The Department of Housing Preservation and Development inspected the following conditions. No violations were issued. The complaint has been closed.,06/21/2023 12:00:00 AM,12 BROOKLYN,44,Precinct 66,3056830040,BROOKLYN,985428,169366,PHONE,Unspecified,BROOKLYN,,,,,,,,40.63154701907021,-73.9957559572027,POINT (-73.995755957203 40.63154701907)
57929688,06/17/2023 03:09:58 AM,06/17/2023 03:44:47 AM,NYPD,New York City Police Department,Noise - Residential,Loud Television,,Residential Building/House,11693,8200 SHORE FRONT PARKWAY,SHORE FRONT PARKWAY,BEACH   81 STREET,BEACH   84 STREET,BEACH   81 STREET,BEACH   84 STREET,ADDRESS,FAR ROCKAWAY,SHORE FRONT PARKWAY,,Closed,,The Police Department responded to the complaint and determined that police action was not necessary.,06/17/2023 03:44:51 AM,14 QUEENS,32,Precinct 100,4161300001,QUEENS,1037822,152923,PHONE,Unspecified,QUEENS,,,,,,,,40.586252550582934,-73.80712407651548,POINT (-73.807124076515 40.586252550583)
57927249,06/17/2023 12:31:40 PM,06/20/2023 01:08:26 PM,DSNY,Department of Sanitation,Obstruction,Sign,Sidewalk,Sidewalk,10016,488 3 AVENUE,3 AVENUE,EAST   33 STREET,EAST   34 STREET,EAST   33 STREET,EAST   34 STREET,ADDRESS,NEW YORK,3 AVENUE,,Closed,,The Department of Sanitation investigated this complaint and found no violation at the location.,06/20/2023 01:08:32 PM,06 MANHATTAN,04,Precinct 17,1008890039,MANHATTAN,990195,210760,ONLINE,Unspecified,MANHATTAN,,,,,,,,40.74516210533401,-73.97854510854228,POINT (-73.978545108542 40.745162105334)
57937059,06/18/2023 10:40:18 PM,06/18/2023 11:22:42 PM,NYPD,New York City Police Department,Noise - Street/Sidewalk,Loud Music/Party,,Street/Sidewalk,11201,130 ST EDWARDS STREET,ST EDWARDS STREET,MYRTLE AVENUE,WILLOUGHBY STREET,MYRTLE AVENUE,WILLOUGHBY STREET,ADDRESS,BROOKLYN,ST EDWARDS STREET,,Closed,,The Police Department responded to the complaint and took action to fix the condition.,06/18/2023 11:22:46 PM,02 BROOKLYN,35,Precinct 88,3020680001,BROOKLYN,990422,191727,MOBILE,Unspecified,BROOKLYN,,,,,,,,40.692920946273276,-73.97774334124874,POINT (-73.977743341249 40.692920946273)
57933432,06/18/2023 10:19:24 PM,06/18/2023 10:30:56 PM,NYPD,New York City Police Department,Noise - Residential,Loud Music/Party,,Residential Building/House,11428,92-25 216 STREET,216 STREET,92 AVENUE,92 ROAD,92 AVENUE,92 ROAD,ADDRESS,QUEENS VILLAGE,216 STREET,,Closed,,The Police Department responded to the complaint and took action to fix the condition.,06/18/2023 10:31:00 PM,13 QUEENS,23,Precinct 105,4106330059,QUEENS,1055697,202342,ONLINE,Unspecified,QUEENS,,,,,,,,40.72177024525208,-73.74224528176407,POINT (-73.742245281764 40.721770245252)
57927240,06/18/2023 12:00:34 AM,06/21/2023 09:39:13 AM,DCWP,Department of Consumer and Worker Protection,Consumer Complaint,"Clothing, Shoe, or Accessories Store",Advertising False or Misleading,Business,10014,179 CHRISTOPHER STREET,CHRISTOPHER STREET,WASHINGTON STREET,WEEHAWKEN STREET,WASHINGTON STREET,WEEHAWKEN STREET,ADDRESS,NEW YORK,CHRISTOPHER STREET,,Closed,,"The Department of Consumer and Worker Protection (DCWP) determined this issue isn't within its jurisdiction.  Unfortunately, DCWP doesn't know of any agency that can act on the complaint and can't provide further assistance.",06/21/2023 09:39:17 AM,02 MANHATTAN,03,Precinct 6,1006360037,MANHATTAN,981637,206156,ONLINE,Unspecified,MANHATTAN,,,,,,,,40.73252687938501,-74.00942825913909,POINT (-74.009428259139 40.732526879385)
57930300,06/17/2023 08:17:00 AM,06/28/2023 09:45:00 AM,DEP,Department of Environmental Protection,Noise,"Noise, Barking Dog (NR5)",NR5,,10453,110 MOUNT HOPE PLACE,MOUNT HOPE PLACE,MORRIS AVE,GRAND CONCOURSE,,,ADDRESS,BRONX,,N/A,Closed,,"The Department of Environmental Protection (DEP) didn't observe a violation of the NYC Air or Noise Code at the time of inspection and couldn't issue a summons.  If the problem still exists, please go to nyc.gov/311 or call 311 to file a new Service Request. If you're outside of New York City, please call (212) NEW-YORK (212-639-9675).",06/28/2023 09:45:00 AM,05 BRONX,14,Precinct 46,2028050012,BRONX,1009726,248518,ONLINE,Unspecified,BRONX,,,,,,,,40.84876278642966,-73.90791653379068,POINT (-73.907916533791 40.84876278643)
57929292,06/18/2023 12:03:33 AM,06/18/2023 03:03:25 AM,NYPD,New York City Police Department,Noise - Street/Sidewalk,Loud Music/Party,,Street/Sidewalk,11249,22 NORTH    6 STREET,NORTH    6 STREET,NORTH    6 PLACE,KENT AVENUE,NORTH    6 PLACE,KENT AVENUE,ADDRESS,BROOKLYN,NORTH    6 STREET,,Closed,,The Police Department responded to the complaint and with the information available observed no evidence of the violation at that time.,06/18/2023 03:03:31 AM,01 BROOKLYN,33,Precinct 94,3023327502,BROOKLYN,994558,201622,MOBILE,Unspecified,BROOKLYN,,,,,,,,40.720076532727674,-73.96281349306962,POINT (-73.96281349307 40.720076532728)
57934710,06/18/2023 09:49:45 PM,06/19/2023 01:30:56 AM,NYPD,New York City Police Department,Noise - Residential,Loud Music/Party,,Residential Building/House,10467,3649 BARNES AVENUE,BARNES AVENUE,EAST  214 STREET,EAST  215 STREET,EAST  214 STREET,EAST  215 STREET,ADDRESS,BRONX,BARNES AVENUE,,Closed,,The Police Department responded to the complaint and took action to fix the condition.,06/19/2023 01:31:01 AM,12 BRONX,12,Precinct 47,2046620058,BRONX,1022541,259764,ONLINE,Unspecified,BRONX,,,,,,,,40.87958333889136,-73.86153229209975,POINT (-73.8615322921 40.879583338891)
57939363,06/18/2023 10:35:24 PM,06/18/2023 10:55:31 PM,NYPD,New York City Police Department,Noise - Street/Sidewalk,Loud Music/Party,,Street/Sidewalk,10039,200 WEST  146 STREET,WEST  146 STREET,ADAM CLAYTON POWELL JR BOULEVARD,FREDERICK DOUGLASS BOULEVARD,ADAM CLAYTON POWELL JR BOULEVARD,FREDERICK DOUGLASS BOULEVARD,ADDRESS,NEW YORK,WEST  146 STREET,,Closed,,The Police Department responded to the complaint and took action to fix the condition.,06/18/2023 10:55:39 PM,10 MANHATTAN,09,Precinct 32,1020310037,MANHATTAN,1001172,238911,MOBILE,Unspecified,MANHATTAN,,,,,,,,40.822414892510984,-73.9388593470149,POINT (-73.938859347015 40.822414892511)
57928419,06/17/2023 11:28:00 AM,06/17/2023 08:34:00 PM,DSNY,Department of Sanitation,Derelict Vehicles,Derelict Vehicles,,Street,11230,1002 FOSTER AVENUE,FOSTER AVENUE,EAST 10 STREET,CONEY ISLAND AVENUE,,,ADDRESS,BROOKLYN,,DSNY Garage,Closed,,The Department of Sanitation does NOT have jurisdiction over vehicles (abandoned or otherwise) that have license plates affixed to them. Your request will be referred to the NYPD for further action.,06/17/2023 12:00:00 PM,14 BROOKLYN,45,Precinct 70,3064980001,BROOKLYN,993294,169524,PHONE,Unspecified,BROOKLYN,,,,,,,,40.63197615710564,-73.96741649342442,POINT (-73.967416493424 40.631976157106)
57927195,06/17/2023 12:19:21 PM,06/17/2023 05:17:19 PM,NYPD,New York City Police Department,Illegal Parking,Blocked Sidewalk,,Street/Sidewalk,11436,147-17 LINDEN BOULEVARD,LINDEN BOULEVARD,147 STREET,148 STREET,147 STREET,148 STREET,ADDRESS,JAMAICA,LINDEN BOULEVARD,,Closed,,The Police Department responded to the complaint and took action to fix the condition.,06/17/2023 05:17:23 PM,12 QUEENS,28,Precinct 113,4119640053,QUEENS,1040794,189155,MOBILE,Unspecified,QUEENS,,,,,,,,40.68568293805089,-73.7961203769798,POINT (-73.79612037698 40.685682938051)
57932334,06/19/2023 01:05:27 AM,06/19/2023 01:27:50 AM,NYPD,New York City Police Department,Noise - Residential,Loud Music/Party,,Residential Building/House,11373,51-18 REEDER STREET,REEDER STREET,51 AVENUE,QUEENS BOULEVARD,51 AVENUE,QUEENS BOULEVARD,ADDRESS,ELMHURST,REEDER STREET,,Closed,,The Police Department responded to the complaint and with the information available observed no evidence of the violation at that time.,06/19/2023 01:27:53 AM,04 QUEENS,25,Precinct 110,4015480018,QUEENS,1017980,208206,ONLINE,Unspecified,QUEENS,,,,,,,,40.73808969004408,-73.87828479401612,POINT (-73.878284794016 40.738089690044)
57941370,06/20/2023 12:48:20 AM,06/20/2023 01:20:05 AM,NYPD,New York City Police Department,Noise - Residential,Loud Music/Party,,Residential Building/House,11204,1709 74 STREET,74 STREET,17 AVENUE,18 AVENUE,17 AVENUE,18 AVENUE,ADDRESS,BROOKLYN,74 STREET,,Closed,,The Police Department responded to the complaint and took action to fix the condition.,06/20/2023 01:20:09 AM,11 BROOKLYN,43,Precinct 62,3062040001,BROOKLYN,985014,163390,ONLINE,Unspecified,BROOKLYN,,,,,,,,40.61514419425843,-73.99724817321695,POINT (-73.997248173217 40.615144194258)
57940263,06/18/2023 11:14:27 PM,06/18/2023 11:28:05 PM,NYPD,New York City Police Department,Noise - Residential,Loud Music/Party,,Residential Building/House,11201,268 GOLD STREET,GOLD STREET,CONCORD STREET,TILLARY STREET,CONCORD STREET,TILLARY STREET,ADDRESS,BROOKLYN,GOLD STREET,,Closed,,The Police Department responded to the complaint and took action to fix the condition.,06/18/2023 11:28:10 PM,02 BROOKLYN,33,Precinct 84,3001210003,BROOKLYN,988911,193029,ONLINE,Unspecified,BROOKLYN,,,,,,,,40.69649555914503,-73.98319121063848,POINT (-73.983191210638 40.696495559145)
57933081,06/18/2023 01:10:33 PM,06/18/2023 01:44:06 PM,NYPD,New York City Police Department,Drug Activity,Use Outside,,Street/Sidewalk,11366,78-15 PARSONS BOULEVARD,PARSONS BOULEVARD,78 AVENUE,78 ROAD,78 AVENUE,78 ROAD,ADDRESS,FRESH MEADOWS,PARSONS BOULEVARD,,Closed,,The Police Department reviewed your complaint and provided additional information below.,06/18/2023 01:44:10 PM,08 QUEENS,24,Precinct 107,4068290001,QUEENS,1037000,202363,ONLINE,Unspecified,QUEENS,,,,,,,,40.72195913199264,-73.80969682426189,POINT (-73.809696824262 40.721959131993)
57928698,06/17/2023 10:52:07 PM,06/17/2023 11:11:33 PM,NYPD,New York City Police Department,Noise - Residential,Loud Music/Party,,Residential Building/House,11368,100-20 34 AVENUE,34 AVENUE,100 STREET,101 STREET,100 STREET,101 STREET,ADDRESS,CORONA,34 AVENUE,,Closed,,The Police Department responded to the complaint and took action to fix the condition.,06/17/2023 11:11:37 PM,03 QUEENS,21,Precinct 115,4017340010,QUEENS,1020862,214564,ONLINE,Unspecified,QUEENS,,,,,,,,40.7555293229194,-73.86785045758084,POINT (-73.867850457581 40.755529322919)
57932298,06/18/2023 11:13:46 AM,06/18/2023 12:25:30 PM,NYPD,New York City Police Department,Noise - Residential,Loud Talking,,Residential Building/House,11429,206-14 100 AVENUE,100 AVENUE,FRANCIS LEWIS BOULEVARD,207 STREET,FRANCIS LEWIS BOULEVARD,207 STREET,ADDRESS,QUEENS VILLAGE,100 AVENUE,,Closed,,The Police Department responded to the complaint and with the information available observed no evidence of the violation at that time.,06/18/2023 12:25:35 PM,13 QUEENS,27,Precinct 105,4108740002,QUEENS,1052749,198814,ONLINE,Unspecified,QUEENS,,,,,,,,40.712110087801165,-73.75291643370333,POINT (-73.752916433703 40.712110087801)
57940515,06/18/2023 09:12:59 PM,06/18/2023 10:58:56 PM,NYPD,New York City Police Department,Noise - Residential,Banging/Pounding,,Residential Building/House,11420,149-43 114 PLACE,114 PLACE,149 AVENUE,150 AVENUE,149 AVENUE,150 AVENUE,ADDRESS,SOUTH OZONE PARK,114 PLACE,,Closed,,The Police Department responded to the complaint and with the information available observed no evidence of the violation at that time.,06/18/2023 10:59:02 PM,10 QUEENS,28,Precinct 106,4118150015,QUEENS,1032441,182963,MOBILE,Unspecified,QUEENS,,,,,,,,40.66873675063977,-73.8262828202043,POINT (-73.826282820204 40.66873675064)
57934539,06/18/2023 04:06:58 PM,06/18/2023 04:22:02 PM,NYPD,New York City Police Department,Noise - Residential,Loud Music/Party,,Residential Building/House,11419,101 AVENUE,101 AVENUE,101 AVENUE,124 STREET,101 AVENUE,124 STREET,INTERSECTION,,,,Closed,,The Police Department responded to the complaint and took action to fix the condition.,06/18/2023 04:22:07 PM,09 QUEENS,29,Precinct 102,,QUEENS,1033659,191126,ONLINE,Unspecified,QUEENS,,,,,,,,40.691135574344656,-73.8218323796232,POINT (-73.821832379623 40.691135574345)
57937752,06/18/2023 11:42:29 PM,06/19/2023 02:51:42 AM,NYPD,New York City Police Department,Non-Emergency Police Matter,Trespassing,,Street/Sidewalk,10466,718 EAST  232 STREET,EAST  232 STREET,WHITE PLAINS ROAD,BARNES AVENUE,WHITE PLAINS ROAD,BARNES AVENUE,ADDRESS,BRONX,EAST  232 STREET,,Closed,,The Police Department responded to the complaint and with the information available observed no evidence of the violation at that time.,06/19/2023 02:51:45 AM,12 BRONX,11,Precinct 47,2048450053,BRONX,1023823,264461,ONLINE,Unspecified,BRONX,,,,,,,,40.892469458412954,-73.8568685852999,POINT (-73.8568685853 40.892469458413)
57934638,06/18/2023 10:12:56 AM,06/18/2023 10:36:28 AM,NYPD,New York City Police Department,Noise - Street/Sidewalk,Loud Talking,,Street/Sidewalk,11357,LOCKE AVENUE,LOCKE AVENUE,CROSS ISLAND PARKWAY,158 STREET,CROSS ISLAND PARKWAY,158 STREET,BLOCKFACE,,,,Closed,,The Police Department responded to the complaint and determined that police action was not necessary.,06/18/2023 10:36:32 AM,Unspecified QUEENS,,Precinct 109,,QUEENS,,,ONLINE,Unspecified,QUEENS,,,,,,,,,,
57927798,06/17/2023 04:10:04 PM,06/17/2023 04:26:25 PM,NYPD,New York City Police Department,Noise - Residential,Loud Music/Party,,Residential Building/House,11428,93 AVENUE,93 AVENUE,93 AVENUE,VANDERVEER STREET,93 AVENUE,VANDERVEER STREET,INTERSECTION,,,,Closed,,The Police Department responded to the complaint and took action to fix the condition.,06/17/2023 04:26:29 PM,13 QUEENS,23,Precinct 105,,QUEENS,1055264,201646,ONLINE,Unspecified,QUEENS,,,,,,,,40.71986338778547,-73.74381472226122,POINT (-73.743814722261 40.719863387785)
57942207,06/19/2023 09:15:22 AM,06/19/2023 10:16:19 AM,NYPD,New York City Police Department,Blocked Driveway,No Access,,Street/Sidewalk,11369,30-29 91 STREET,91 STREET,30 AVENUE,31 AVENUE,30 AVENUE,31 AVENUE,ADDRESS,EAST ELMHURST,91 STREET,,Closed,,The Police Department issued a summons in response to the complaint.,06/19/2023 10:16:25 AM,03 QUEENS,25,Precinct 115,4013890054,QUEENS,1018098,216555,MOBILE,Unspecified,QUEENS,,,,,,,,40.76100511665912,-73.87781696718714,POINT (-73.877816967187 40.761005116659)
57928266,06/18/2023 01:31:45 AM,06/18/2023 02:23:11 AM,NYPD,New York City Police Department,Noise - Street/Sidewalk,Loud Music/Party,,Street/Sidewalk,10461,3054 BUHRE AVENUE,BUHRE AVENUE,HOBART AVENUE,JARVIS AVENUE,HOBART AVENUE,JARVIS AVENUE,ADDRESS,BRONX,BUHRE AVENUE,,Closed,,The Police Department responded to the complaint and took action to fix the condition.,06/18/2023 02:23:15 AM,10 BRONX,13,Precinct 45,2041750007,BRONX,1031085,248118,MOBILE,Unspecified,BRONX,,,,,,,,40.847577446246014,-73.83071698152818,POINT (-73.830716981528 40.847577446246)
57941136,06/19/2023 07:50:00 AM,06/19/2023 10:08:00 AM,DOT,Department of Transportation,Traffic Signal Condition,Controller,Operating Improperly,,10463,,,,,BROADWAY,WEST 237 STREET,INTERSECTION,BRONX,,N/A,Closed,,Service Request status for this request is available on the Department of Transportationâs website. Please click the âLearn Moreâ link below.,06/19/2023 10:08:00 AM,08 BRONX,11,Precinct 50,,BRONX,1011613,261493,UNKNOWN,Unspecified,BRONX,,,,,,,,40.88436954896296,-73.90104296326824,POINT (-73.901042963268 40.884369548963)
57937248,06/18/2023 09:52:03 PM,06/18/2023 10:55:12 PM,NYPD,New York City Police Department,Noise - Street/Sidewalk,Loud Music/Party,,Street/Sidewalk,11233,1647 PARK PLACE,PARK PLACE,BUFFALO AVENUE,RALPH AVENUE,BUFFALO AVENUE,RALPH AVENUE,ADDRESS,BROOKLYN,PARK PLACE,,Closed,,The Police Department responded to the complaint and with the information available observed no evidence of the violation at that time.,06/18/2023 10:55:16 PM,08 BROOKLYN,41,Precinct 77,3013690053,BROOKLYN,1005679,184089,ONLINE,Unspecified,BROOKLYN,,,,,,,,40.671932591980664,-73.92274985243019,POINT (-73.92274985243 40.671932591981)
57931371,06/17/2023 11:34:26 PM,06/17/2023 11:58:27 PM,NYPD,New York City Police Department,Noise - Street/Sidewalk,Loud Music/Party,,Street/Sidewalk,10452,1459 WYTHE PLACE,WYTHE PLACE,EAST  171 STREET,EAST  172 STREET,EAST  171 STREET,EAST  172 STREET,ADDRESS,BRONX,WYTHE PLACE,,Closed,,The Police Department responded to the complaint and took action to fix the condition.,06/17/2023 11:58:35 PM,04 BRONX,16,Precinct 44,2028440105,BRONX,1007998,245528,ONLINE,Unspecified,BRONX,,,,,,,,40.84056093412579,-73.9141730061352,POINT (-73.914173006135 40.840560934126)
57927429,06/17/2023 10:01:53 PM,06/17/2023 10:20:54 PM,NYPD,New York City Police Department,Noise - Residential,Loud Music/Party,,Residential Building/House,11385,363 PALMETTO STREET,PALMETTO STREET,WYCKOFF AVENUE,ST NICHOLAS AVENUE,WYCKOFF AVENUE,ST NICHOLAS AVENUE,ADDRESS,RIDGEWOOD,PALMETTO STREET,,Closed,,The Police Department reviewed your complaint and provided additional information below.,06/17/2023 10:20:58 PM,05 QUEENS,34,Precinct 104,,QUEENS,1008966,194214,ONLINE,Unspecified,QUEENS,,,,,,,,40.69971481951846,-73.91086329799683,POINT (-73.910863297997 40.699714819518)
57932136,06/18/2023 10:24:09 PM,06/18/2023 10:39:08 PM,NYPD,New York City Police Department,Illegal Fireworks,N/A,,Park/Playground,10452,1465 NELSON AVENUE,NELSON AVENUE,EDWARD L GRANT HIGHWAY,WEST  172 STREET,EDWARD L GRANT HIGHWAY,WEST  172 STREET,ADDRESS,BRONX,NELSON AVENUE,,Closed,,The Police Department responded to the complaint and took action to fix the condition.,06/18/2023 10:39:13 PM,04 BRONX,16,Precinct 44,2028740033,BRONX,1006006,246595,PHONE,Unspecified,BRONX,,,,,,,,40.843494668572355,-73.92136877301036,POINT (-73.92136877301 40.843494668572)
57932793,06/18/2023 03:24:40 PM,06/18/2023 04:38:39 PM,NYPD,New York City Police Department,Blocked Driveway,No Access,,Street/Sidewalk,10467,2562 WALLACE AVENUE,WALLACE AVENUE,BOSTON ROAD,ALLERTON AVENUE,BOSTON ROAD,ALLERTON AVENUE,ADDRESS,BRONX,WALLACE AVENUE,,Closed,,The Police Department responded to the complaint and determined that police action was not necessary.,06/18/2023 04:38:44 PM,11 BRONX,13,Precinct 49,2044390073,BRONX,1021733,254205,PHONE,Unspecified,BRONX,,,,,,,,40.864329074960914,-73.8644852714774,POINT (-73.864485271477 40.864329074961)
57927807,06/17/2023 10:39:27 PM,06/17/2023 11:18:50 PM,NYPD,New York City Police Department,Noise - Street/Sidewalk,Loud Music/Party,,Street/Sidewalk,11213,1588 PRESIDENT STREET,PRESIDENT STREET,TROY AVENUE,SCHENECTADY AVENUE,TROY AVENUE,SCHENECTADY AVENUE,ADDRESS,BROOKLYN,PRESIDENT STREET,,Closed,,The Police Department responded to the complaint and took action to fix the condition.,06/17/2023 11:18:55 PM,09 BROOKLYN,35,Precinct 71,3014070026,BROOKLYN,1002176,182373,ONLINE,Unspecified,BROOKLYN,,,,,,,,40.66723034269841,-73.93538249721476,POINT (-73.935382497215 40.667230342698)
57927465,06/18/2023 12:11:11 AM,06/18/2023 12:21:17 AM,NYPD,New York City Police Department,Noise - Residential,Loud Music/Party,,Residential Building/House,11368,50-38 96 STREET,96 STREET,51 AVENUE,CHRISTIE AVENUE,51 AVENUE,CHRISTIE AVENUE,ADDRESS,CORONA,96 STREET,,Closed,,The Police Department responded to the complaint and took action to fix the condition.,06/18/2023 12:21:22 AM,04 QUEENS,25,Precinct 110,4018870051,QUEENS,1021237,209197,ONLINE,Unspecified,QUEENS,,,,,,,,40.74079671466307,-73.86652642965693,POINT (-73.866526429657 40.740796714663)
57937302,06/18/2023 02:30:11 AM,06/18/2023 02:45:45 AM,NYPD,New York City Police Department,Noise - Street/Sidewalk,Loud Talking,,Street/Sidewalk,10027,143 WEST  127 STREET,WEST  127 STREET,LENOX AVENUE,ADAM CLAYTON POWELL JR BOULEVARD,LENOX AVENUE,ADAM CLAYTON POWELL JR BOULEVARD,ADDRESS,NEW YORK,WEST  127 STREET,,Closed,,The Police Department responded to the complaint and with the information available observed no evidence of the violation at that time.,06/18/2023 02:45:51 AM,10 MANHATTAN,09,Precinct 32,1019120010,MANHATTAN,999252,234248,PHONE,Unspecified,MANHATTAN,,,,,,,,40.80961973582919,-73.94580689468991,POINT (-73.94580689469 40.809619735829)
57928563,06/17/2023 06:05:00 AM,06/17/2023 07:05:00 AM,DOT,Department of Transportation,Traffic Signal Condition,Controller,Operating Improperly,,10457,,,,,PARK AVENUE,EAST 178 STREET,INTERSECTION,BRONX,,N/A,Closed,,Service Request status for this request is available on the Department of Transportationâs website. Please click the âLearn Moreâ link below.,06/17/2023 07:05:00 AM,06 BRONX,15,Precinct 48,,BRONX,1012277,248518,UNKNOWN,Unspecified,BRONX,,,,,,,,40.84875505759234,-73.89869590565499,POINT (-73.898695905655 40.848755057592)
57936870,06/18/2023 10:37:37 PM,06/18/2023 11:12:46 PM,NYPD,New York City Police Department,Noise - Residential,Loud Music/Party,,Residential Building/House,11378,59-46 FLUSHING AVENUE,FLUSHING AVENUE,59 AVENUE,60 STREET,59 AVENUE,60 STREET,ADDRESS,MASPETH,FLUSHING AVENUE,,Closed,,The Police Department responded to the complaint and took action to fix the condition.,06/18/2023 11:12:52 PM,05 QUEENS,30,Precinct 104,4026550029,QUEENS,1009979,201282,MOBILE,Unspecified,QUEENS,,,,,,,,40.71911190596945,-73.9071829705661,POINT (-73.907182970566 40.719111905969)
57941955,06/20/2023 12:45:01 AM,06/20/2023 01:42:42 AM,NYPD,New York City Police Department,Illegal Parking,Blocked Hydrant,,Street/Sidewalk,11369,32-04 86 STREET,86 STREET,32 AVENUE,NORTHERN BOULEVARD,32 AVENUE,NORTHERN BOULEVARD,ADDRESS,EAST ELMHURST,86 STREET,,Closed,,The Police Department responded and upon arrival those responsible for the condition were gone.,06/20/2023 01:42:47 AM,03 QUEENS,25,Precinct 115,4014150008,QUEENS,1016945,215361,ONLINE,Unspecified,QUEENS,,,,,,,,40.7577322343659,-73.88198481783013,POINT (-73.88198481783 40.757732234366)
57940443,06/18/2023 01:47:16 PM,06/18/2023 02:07:02 PM,NYPD,New York City Police Department,Noise - Street/Sidewalk,Loud Music/Party,,Street/Sidewalk,10458,2608 BRIGGS AVENUE,BRIGGS AVENUE,EAST KINGSBRIDGE ROAD,EAST  194 STREET,EAST KINGSBRIDGE ROAD,EAST  194 STREET,ADDRESS,BRONX,BRIGGS AVENUE,,Closed,,The Police Department responded to the complaint and took action to fix the condition.,06/18/2023 02:07:07 PM,07 BRONX,15,Precinct 52,2032930043,BRONX,1013783,254174,MOBILE,Unspecified,BRONX,,,,,,,,40.86427416611321,-73.89322752800955,POINT (-73.89322752801 40.864274166113)
57929517,06/17/2023 02:56:41 PM,06/17/2023 03:24:08 PM,NYPD,New York City Police Department,Illegal Parking,Blocked Sidewalk,,Street/Sidewalk,11207,2765 ATLANTIC AVENUE,ATLANTIC AVENUE,BRADFORD STREET,MILLER AVENUE,BRADFORD STREET,MILLER AVENUE,ADDRESS,BROOKLYN,ATLANTIC AVENUE,,Closed,,The Police Department responded to the complaint and with the information available observed no evidence of the violation at that time.,06/17/2023 03:24:12 PM,05 BROOKLYN,37,Precinct 75,3036740038,BROOKLYN,1014124,185677,ONLINE,Unspecified,BROOKLYN,,,,,,,,40.67626682209758,-73.89229916604918,POINT (-73.892299166049 40.676266822098)
57939219,06/18/2023 05:54:32 PM,06/18/2023 06:06:06 PM,NYPD,New York City Police Department,Noise - Street/Sidewalk,Loud Music/Party,,Street/Sidewalk,11238,499 LINCOLN PLACE,LINCOLN PLACE,CLASSON AVENUE,FRANKLIN AVENUE SHUTTLE LINE,CLASSON AVENUE,FRANKLIN AVENUE SHUTTLE LINE,ADDRESS,BROOKLYN,LINCOLN PLACE,,Closed,,The Police Department responded to the complaint and took action to fix the condition.,06/18/2023 06:06:10 PM,08 BROOKLYN,35,Precinct 77,3011780079,BROOKLYN,995386,184108,MOBILE,Unspecified,BROOKLYN,,,,,,,,40.67200367386652,-73.95985540721577,POINT (-73.959855407216 40.672003673867)
57938085,06/18/2023 06:47:13 PM,06/18/2023 07:26:51 PM,NYPD,New York City Police Department,Noise - Residential,Loud Music/Party,,Residential Building/House,11435,107-32 REMINGTON STREET,REMINGTON STREET,107 AVENUE,SHORE AVENUE,107 AVENUE,SHORE AVENUE,ADDRESS,JAMAICA,REMINGTON STREET,,Closed,,The Police Department responded to the complaint and determined that police action was not necessary.,06/18/2023 07:26:54 PM,12 QUEENS,28,Precinct 103,4100700127,QUEENS,1038095,190544,ONLINE,Unspecified,QUEENS,,,,,,,,40.68951224576005,-73.80584097631886,POINT (-73.805840976319 40.68951224576)
57942360,06/19/2023 10:49:13 PM,06/19/2023 11:10:18 PM,NYPD,New York City Police Department,Illegal Fireworks,N/A,,Street/Sidewalk,10473,521 WHITE PLAINS ROAD,WHITE PLAINS ROAD,LACOMBE AVENUE,RANDALL AVENUE,LACOMBE AVENUE,RANDALL AVENUE,ADDRESS,BRONX,WHITE PLAINS ROAD,,Closed,,The Police Department responded to the complaint and took action to fix the condition.,06/19/2023 11:10:22 PM,09 BRONX,18,Precinct 43,2035270069,BRONX,1023849,236701,ONLINE,Unspecified,BRONX,,,,,,,,40.816276520756844,-73.85693852485927,POINT (-73.856938524859 40.816276520757)
57937950,06/19/2023 01:16:32 AM,06/19/2023 02:17:33 AM,NYPD,New York City Police Department,Blocked Driveway,Partial Access,,Street/Sidewalk,10472,1247 ELDER AVENUE,ELDER AVENUE,WESTCHESTER AVENUE,EAST  172 STREET,WESTCHESTER AVENUE,EAST  172 STREET,ADDRESS,BRONX,ELDER AVENUE,,Closed,,The Police Department issued a summons in response to the complaint.,06/19/2023 02:17:38 AM,09 BRONX,17,Precinct 43,2037720049,BRONX,1017606,241620,PHONE,Unspecified,BRONX,,,,,,,,40.82980354821493,-73.87946846898927,POINT (-73.879468468989 40.829803548215)
57933549,06/18/2023 10:37:28 PM,06/18/2023 11:02:51 PM,NYPD,New York City Police Department,Noise - Street/Sidewalk,Loud Music/Party,,Street/Sidewalk,11102,30-44 14 STREET,14 STREET,30 ROAD,30 DRIVE,30 ROAD,30 DRIVE,ADDRESS,ASTORIA,14 STREET,,Closed,,The Police Department responded to the complaint and took action to fix the condition.,06/18/2023 11:02:57 PM,01 QUEENS,22,Precinct 114,4005160004,QUEENS,1003417,219731,ONLINE,Unspecified,QUEENS,,,,,,,,40.7697664292887,-73.93080271319388,POINT (-73.930802713194 40.769766429289)
57941316,06/19/2023 08:05:54 PM,06/19/2023 09:14:10 PM,NYPD,New York City Police Department,Noise - Residential,Loud Music/Party,,Residential Building/House,10457,1654 MONROE AVENUE,MONROE AVENUE,EAST MOUNT EDEN AVENUE,EAST  173 STREET,EAST MOUNT EDEN AVENUE,EAST  173 STREET,ADDRESS,BRONX,MONROE AVENUE,,Closed,,The Police Department reviewed your complaint and provided additional information below.,06/19/2023 09:14:15 PM,04 BRONX,15,Precinct 44,2027910005,BRONX,1010037,246441,ONLINE,Unspecified,BRONX,,,,,,,,40.84306113235555,-73.90680040695833,POINT (-73.906800406958 40.843061132356)
57939390,06/18/2023 11:32:41 AM,06/18/2023 11:34:53 AM,NYPD,New York City Police Department,Noise - Commercial,Loud Music/Party,,Store/Commercial,11375,1 TENNIS PLACE,TENNIS PLACE,DARTMOUTH STREET,BURNS STREET,DARTMOUTH STREET,BURNS STREET,ADDRESS,FOREST HILLS,TENNIS PLACE,,Closed,,This complaint does not fall under the Police Department's jurisdiction.,06/18/2023 11:34:56 AM,06 QUEENS,29,Precinct 112,4032190001,QUEENS,1026762,201267,ONLINE,Unspecified,QUEENS,,,,,,,,40.719006004974794,-73.84663871262093,POINT (-73.846638712621 40.719006004975)
57927474,06/18/2023 12:21:43 AM,06/18/2023 12:42:00 AM,NYPD,New York City Police Department,Noise - Residential,Loud Music/Party,,Residential Building/House,11379,69-04 78 STREET,78 STREET,69 AVENUE,69 ROAD,69 AVENUE,69 ROAD,ADDRESS,MIDDLE VILLAGE,78 STREET,,Closed,,The Police Department responded to the complaint and with the information available observed no evidence of the violation at that time.,06/18/2023 12:42:06 AM,05 QUEENS,30,Precinct 104,4037890095,QUEENS,1018959,197789,ONLINE,Unspecified,QUEENS,,,,,,,,40.709493790540975,-73.8748057862758,POINT (-73.874805786276 40.709493790541)
57941019,06/19/2023 11:49:50 AM,06/19/2023 11:50:59 AM,DPR,Department of Parks and Recreation,Animal in a Park,Wildlife Sighting,Other,Park,10464,PELHAM BAY PARK,PELHAM BAY PARK,,PARK DRIVE,,PARK DRIVE,UNRECOGNIZED,BRONX,PELHAM BAY PARK,,Closed,,NYC Parks has reviewed the reported condition and corrected the problem.,06/19/2023 11:51:03 AM,28 BRONX,13,Precinct 45,2056500001,BRONX,1036955,255379,UNKNOWN,Unspecified,BRONX,,,,,,,,40.86747358275403,-73.8094430998493,POINT (-73.809443099849 40.867473582754)
57928860,06/17/2023 10:52:56 PM,06/17/2023 11:07:18 PM,NYPD,New York City Police Department,Noise - Residential,Loud Music/Party,,Residential Building/House,10467,239 EAST MOSHOLU PARKWAY NORTH,EAST MOSHOLU PARKWAY NORTH,EAST  206 STREET,BAINBRIDGE AVENUE,EAST  206 STREET,BAINBRIDGE AVENUE,ADDRESS,BRONX,EAST MOSHOLU PARKWAY NORTH,,Closed,,This complaint does not fall under the Police Department's jurisdiction.,06/17/2023 11:07:22 PM,07 BRONX,11,Precinct 52,2033350046,BRONX,1017090,257655,ONLINE,Unspecified,BRONX,,,,,,,,40.87381675716752,-73.88125448121541,POINT (-73.881254481215 40.873816757168)
57930930,06/17/2023 10:05:39 AM,06/21/2023 02:13:10 PM,DSNY,Department of Sanitation,Missed Collection,Recycling - Metal/Glass/Rigid Plastic,N/A,Street,11210,3903 FARRAGUT ROAD,FARRAGUT ROAD,EAST   39 STREET,EAST   40 STREET,EAST   39 STREET,EAST   40 STREET,ADDRESS,BROOKLYN,FARRAGUT ROAD,,Closed,,The Department of Sanitation collected the requested items.,06/21/2023 09:37:52 AM,17 BROOKLYN,45,Precinct 67,3049860052,BROOKLYN,1001108,171293,ONLINE,Unspecified,BROOKLYN,,,,,,,,40.63682026089375,-73.93925998905979,POINT (-73.93925998906 40.636820260894)
57940794,06/19/2023 05:45:46 PM,06/19/2023 07:02:46 PM,NYPD,New York City Police Department,Abandoned Vehicle,With License Plate,,Street/Sidewalk,11101,10-41 45 AVENUE,45 AVENUE,10 STREET,11 STREET,10 STREET,11 STREET,ADDRESS,LONG ISLAND CITY,45 AVENUE,,Closed,,The Police Department responded to the complaint and determined that police action was not necessary.,06/19/2023 07:02:50 PM,02 QUEENS,26,Precinct 108,4000510016,QUEENS,997767,211822,ONLINE,Unspecified,QUEENS,,,,,,,,40.7480686962224,-73.95121641163152,POINT (-73.951216411632 40.748068696222)
57942018,06/19/2023 04:07:21 PM,06/19/2023 05:17:42 PM,NYPD,New York City Police Department,Illegal Parking,Blocked Hydrant,,Street/Sidewalk,11364,58-16 BELL BOULEVARD,BELL BOULEVARD,58 AVENUE,HORACE HARDING EXPRESSWAY,58 AVENUE,HORACE HARDING EXPRESSWAY,ADDRESS,OAKLAND GARDENS,BELL BOULEVARD,,Closed,,The Police Department responded to the complaint and took action to fix the condition.,06/19/2023 05:17:47 PM,11 QUEENS,23,Precinct 111,4074660013,QUEENS,1050155,212251,MOBILE,Unspecified,QUEENS,,,,,,,,40.749010929244044,-73.76214162539297,POINT (-73.762141625393 40.749010929244)
57935898,06/18/2023 08:36:35 PM,06/18/2023 09:40:20 PM,NYPD,New York City Police Department,Noise - Residential,Loud Music/Party,,Residential Building/House,11418,102-31 85 AVENUE,85 AVENUE,102 STREET,104 STREET,102 STREET,104 STREET,ADDRESS,RICHMOND HILL,85 AVENUE,,Closed,,The Police Department responded to the complaint and took action to fix the condition.,06/18/2023 09:40:25 PM,09 QUEENS,29,Precinct 102,4091820040,QUEENS,1026849,193706,PHONE,Unspecified,QUEENS,,,,,,,,40.698252463515885,-73.84637269898394,POINT (-73.846372698984 40.698252463516)
57933180,06/18/2023 09:18:46 PM,06/18/2023 09:18:46 PM,DOHMH,Department of Health and Mental Hygiene,Rodent,Rat Sighting,,1-2 Family Dwelling,11435,145-07 105 AVENUE,105 AVENUE,INWOOD STREET,PRINCETON STREET,INWOOD STREET,PRINCETON STREET,ADDRESS,JAMAICA,105 AVENUE,,Closed,,The Department of Health and Mental Hygiene inspected the property you reported and did not find any violations at the time of the inspection. The property passed inspection.,06/18/2023 09:18:46 PM,12 QUEENS,28,Precinct 103,4100460026,QUEENS,1037788,191784,MOBILE,Unspecified,QUEENS,,,,,,,,40.692917613929716,-73.80693812564316,POINT (-73.806938125643 40.69291761393)
57932460,06/19/2023 12:10:38 AM,06/19/2023 12:29:42 AM,NYPD,New York City Police Department,Noise - Street/Sidewalk,Loud Music/Party,,Street/Sidewalk,11226,305 PARKSIDE AVENUE,PARKSIDE AVENUE,FLATBUSH AVENUE,BEDFORD AVENUE,FLATBUSH AVENUE,BEDFORD AVENUE,ADDRESS,BROOKLYN,PARKSIDE AVENUE,,Closed,,The Police Department responded to the complaint and with the information available observed no evidence of the violation at that time.,06/19/2023 12:29:46 AM,09 BROOKLYN,40,Precinct 71,3050510001,BROOKLYN,995693,178175,ONLINE,Unspecified,BROOKLYN,,,,,,,,40.65571851333065,-73.95875876095177,POINT (-73.958758760952 40.655718513331)
57931416,06/17/2023 12:22:51 PM,06/17/2023 01:46:15 PM,NYPD,New York City Police Department,Noise - Vehicle,Car/Truck Music,,Street/Sidewalk,11208,1157 GLENMORE AVENUE,GLENMORE AVENUE,SHERIDAN AVENUE,GRANT AVENUE,SHERIDAN AVENUE,GRANT AVENUE,ADDRESS,BROOKLYN,GLENMORE AVENUE,,Closed,,The Police Department responded to the complaint and with the information available observed no evidence of the violation at that time.,06/17/2023 01:46:18 PM,05 BROOKLYN,37,Precinct 75,3042030041,BROOKLYN,1021359,186154,ONLINE,Unspecified,BROOKLYN,,,,,,,,40.67754870535581,-73.86621317481398,POINT (-73.866213174814 40.677548705356)
57940092,06/18/2023 08:41:01 PM,06/18/2023 09:14:17 PM,NYPD,New York City Police Department,Noise - Residential,Banging/Pounding,,Residential Building/House,10459,1022 REV JAMES POLITE AVENUE,REV JAMES POLITE AVENUE,EAST  165 STREET,EAST  166 STREET,EAST  165 STREET,EAST  166 STREET,ADDRESS,BRONX,REV JAMES A POLITE AVENUE,,Closed,,The Police Department responded to the complaint and took action to fix the condition.,06/18/2023 09:14:21 PM,02 BRONX,17,Precinct 41,2026910122,BRONX,1012243,239541,PHONE,Unspecified,BRONX,,,,,,,,40.8241159157086,-73.89885626452619,POINT (-73.898856264526 40.824115915709)
57928896,06/17/2023 11:32:16 PM,06/18/2023 12:16:29 AM,NYPD,New York City Police Department,Noise - Residential,Loud Music/Party,,Residential Building/House,10019,407 WEST   51 STREET,WEST   51 STREET,9 AVENUE,10 AVENUE,9 AVENUE,10 AVENUE,ADDRESS,NEW YORK,WEST   51 STREET,,Closed,,The Police Department responded to the complaint but officers were unable to gain entry into the premises.,06/18/2023 12:16:34 AM,04 MANHATTAN,03,Precinct 18,1010610027,MANHATTAN,987287,217751,ONLINE,Unspecified,MANHATTAN,,,,,,,,40.76435209976726,-73.98903662258837,POINT (-73.989036622588 40.764352099767)
57941172,06/19/2023 11:20:44 AM,06/20/2023 01:46:29 PM,DSNY,Department of Sanitation,Illegal Dumping,Chronic Dumping,N/A,Street,10462,2131 WALLACE AVENUE,WALLACE AVENUE,BRADY AVENUE,LYDIG AVENUE,BRADY AVENUE,LYDIG AVENUE,ADDRESS,BRONX,WALLACE AVENUE,,Closed,,The Department of Sanitation investigated this complaint and issued a Notice of Violation.,06/20/2023 01:46:35 PM,11 BRONX,13,Precinct 49,2042910024,BRONX,1021641,250422,MOBILE,Unspecified,BRONX,,,,,,,,40.85394627842468,-73.86483898777793,POINT (-73.864838987778 40.853946278425)
57932721,06/18/2023 12:18:54 PM,,DSNY,Department of Sanitation,Dirty Condition,Trash,Littering,Yard,11229,1641 EAST   16 STREET,EAST   16 STREET,AVENUE P,KINGS HIGHWAY,AVENUE P,KINGS HIGHWAY,ADDRESS,BROOKLYN,EAST   16 STREET,,In Progress,,,06/22/2023 01:20:45 PM,15 BROOKLYN,48,Precinct 61,,BROOKLYN,996054,161378,ONLINE,Unspecified,BROOKLYN,,,,,,,,40.60961383958463,-73.95748707626505,POINT (-73.957487076265 40.609613839585)
57941055,06/19/2023 10:56:03 PM,10/24/2024 02:00:41 PM,EDC,Economic Development Corporation,Noise - Helicopter,Other,Hovering,Above Address,10025,214 WEST  102 STREET,WEST  102 STREET,AMSTERDAM AVENUE,BROADWAY,AMSTERDAM AVENUE,BROADWAY,ADDRESS,NEW YORK,WEST  102 STREET,,Closed,,"The New York City Economic Development Corporation determined that this issue is not within its jurisdiction because the helicopter did not belong to a tour company departing from a NYC heliport.Â  Instead, it was most likely a law enforcement or news gathering helicopter not subject to the routing protocols established for tour helicopters. It may also have been a helicopter that departed as a charter or tour from another City but flew over NYC airspace. Helicopter tours originating from outside NYC are not subject to the same City regulations as tours departing from heliports managed by NYCEDC. Any City regulation of these flights is pre-empted by federal law and subject only to the jurisdiction of the Federal Aviation Administration. To file a complaint with the FAA, you can contact the New York Flight Standards District Office at the following web address:Â https://www.faa.gov/about/office_org/field_offices/fsdo/",10/24/2024 02:00:43 PM,07 MANHATTAN,07,Precinct 24,1018730041,MANHATTAN,993042,230062,ONLINE,Unspecified,MANHATTAN,,,,,,,,40.798138679135754,-73.96824532821826,POINT (-73.968245328218 40.798138679136)
57936762,06/18/2023 02:38:48 AM,06/18/2023 02:41:21 AM,NYPD,New York City Police Department,Noise - Commercial,Loud Music/Party,,Club/Bar/Restaurant,10032,2145 AMSTERDAM AVENUE,AMSTERDAM AVENUE,WEST  166 STREET,WEST  167 STREET,WEST  166 STREET,WEST  167 STREET,ADDRESS,NEW YORK,AMSTERDAM AVENUE,,Closed,,The Police Department responded to the complaint and determined that police action was not necessary.,06/18/2023 02:41:26 AM,12 MANHATTAN,10,Precinct 33,1021110083,MANHATTAN,1001495,244885,ONLINE,Unspecified,MANHATTAN,,,,,,,,40.8388111804014,-73.93767696356736,POINT (-73.937676963567 40.838811180401)
57939633,06/18/2023 08:40:07 AM,06/21/2023 02:13:44 PM,DSNY,Department of Sanitation,Missed Collection,Recycling - Paper/Metal/Glass/Rigid Plastic,N/A,Street,11229,1641 EAST   12 STREET,EAST   12 STREET,AVENUE P,QUENTIN ROAD,AVENUE P,QUENTIN ROAD,ADDRESS,BROOKLYN,EAST   12 STREET,,Closed,,The Department of Sanitation collected the requested items.,06/21/2023 12:26:42 PM,15 BROOKLYN,48,Precinct 61,3067750063,BROOKLYN,995025,161235,ONLINE,Unspecified,BROOKLYN,,,,,,,,40.60922264496171,-73.9611933187044,POINT (-73.961193318704 40.609222644962)
57934773,06/18/2023 10:16:38 PM,06/18/2023 10:50:23 PM,NYPD,New York City Police Department,Noise - Street/Sidewalk,Loud Music/Party,,Street/Sidewalk,11368,45-37 97 STREET,97 STREET,45 AVENUE,DEAD END,45 AVENUE,DEAD END,ADDRESS,CORONA,97 STREET,,Closed,,The Police Department responded to the complaint and took action to fix the condition.,06/18/2023 10:50:26 PM,04 QUEENS,21,Precinct 110,,QUEENS,1021164,210608,MOBILE,Unspecified,QUEENS,,,,,,,,40.74466985816838,-73.86678211791731,POINT (-73.866782117917 40.744669858168)
57931119,06/17/2023 11:22:44 PM,06/17/2023 11:27:56 PM,NYPD,New York City Police Department,Noise - Street/Sidewalk,Loud Music/Party,,Street/Sidewalk,10040,570 WEST  190 STREET,WEST  190 STREET,AUDUBON AVENUE,ST NICHOLAS AVENUE,AUDUBON AVENUE,ST NICHOLAS AVENUE,ADDRESS,NEW YORK,WEST  190 STREET,,Closed,,The Police Department responded to the complaint and took action to fix the condition.,06/17/2023 11:28:01 PM,12 MANHATTAN,10,Precinct 34,1021580067,MANHATTAN,1003895,250647,ONLINE,Unspecified,MANHATTAN,,,,,,,,40.85462115652687,-73.9289865404921,POINT (-73.928986540492 40.854621156527)
57932028,06/18/2023 11:53:54 AM,01/29/2024 03:38:42 PM,DPR,Department of Parks and Recreation,Maintenance or Facility,Recreation Center,Restroom/Shower,Park,11215,124 11 STREET,11 STREET,2 AVENUE,3 AVENUE,2 AVENUE,3 AVENUE,ADDRESS,BROOKLYN,11 STREET,,Closed,,NYC Parks has completed the requested work order and corrected the problem.,01/29/2024 03:38:46 PM,06 BROOKLYN,38,Precinct 78,3010200011,BROOKLYN,986099,183697,PHONE,Unspecified,BROOKLYN,,,,,,,,40.6708823817729,-73.99333458138987,POINT (-73.99333458139 40.670882381773)
57940830,06/19/2023 12:40:58 PM,06/25/2023 11:44:14 AM,DPR,Department of Parks and Recreation,Damaged Tree,Branch or Limb Has Fallen Down,Fell on House,Street,11229,2216 QUENTIN ROAD,QUENTIN ROAD,EAST   22 STREET,EAST   23 STREET,EAST   22 STREET,EAST   23 STREET,ADDRESS,BROOKLYN,QUENTIN ROAD,,Closed,,NYC Parks informed the responsible public utility who will correct the condition.,06/25/2023 11:44:19 AM,15 BROOKLYN,48,Precinct 61,3068050006,BROOKLYN,997860,161171,UNKNOWN,Unspecified,BROOKLYN,,,,,,,,40.609043077308776,-73.95098306059477,POINT (-73.950983060595 40.609043077309)
57939498,06/18/2023 06:46:27 PM,06/18/2023 07:04:41 PM,NYPD,New York City Police Department,Noise - Residential,Loud Music/Party,,Residential Building/House,10040,79 SHERMAN AVENUE,SHERMAN AVENUE,THAYER STREET,DYCKMAN STREET,THAYER STREET,DYCKMAN STREET,ADDRESS,NEW YORK,SHERMAN AVENUE,,Closed,,The Police Department responded to the complaint and took action to fix the condition.,06/18/2023 07:04:44 PM,12 MANHATTAN,10,Precinct 34,1021740038,MANHATTAN,1004626,253862,ONLINE,Unspecified,MANHATTAN,,,,,,,,40.86344370639763,-73.92633432299584,POINT (-73.926334322996 40.863443706398)
57939714,06/18/2023 02:51:10 AM,06/18/2023 04:50:46 AM,NYPD,New York City Police Department,Illegal Parking,Blocked Hydrant,,Street/Sidewalk,10465,2811 DILL PLACE,DILL PLACE,REVERE AVENUE,EAST TREMONT AVENUE,REVERE AVENUE,EAST TREMONT AVENUE,ADDRESS,BRONX,DILL PLACE,,Closed,,The Police Department responded and upon arrival those responsible for the condition were gone.,06/18/2023 04:50:54 AM,10 BRONX,13,Precinct 45,,BRONX,1033138,240378,ONLINE,Unspecified,BRONX,,,,,,,,40.826322303813306,-73.82335293991059,POINT (-73.823352939911 40.826322303813)
57933270,06/18/2023 07:45:53 PM,06/18/2023 07:54:14 PM,NYPD,New York City Police Department,Noise - Commercial,Loud Music/Party,,Club/Bar/Restaurant,10026,300 WEST  114 STREET,WEST  114 STREET,FREDERICK DOUGLASS BOULEVARD,MANHATTAN AVENUE,FREDERICK DOUGLASS BOULEVARD,MANHATTAN AVENUE,ADDRESS,NEW YORK,WEST  114 STREET,,Closed,,The Police Department responded to the complaint and determined that police action was not necessary.,06/18/2023 07:54:19 PM,10 MANHATTAN,09,Precinct 28,1018470060,MANHATTAN,996281,231908,ONLINE,Unspecified,MANHATTAN,,,,,,,,40.80320162752223,-73.95654350293205,POINT (-73.956543502932 40.803201627522)
57943998,06/19/2023 06:41:00 PM,06/19/2023 07:00:00 PM,DEP,Department of Environmental Protection,Air Quality,"Air: Odor/Fumes, Vehicle Idling (AD3)",AD3,,10036,640 8 AVENUE,8 AVENUE,W 41 ST,W 42 ST,,,ADDRESS,NEW YORK,,N/A,Closed,,The Department of Environmental Protection will keep the location under observation for idling commercial vehicles.Â Summonses will be issued when warranted.,06/19/2023 07:00:00 PM,05 MANHATTAN,03,Precinct 14,1010137501,MANHATTAN,986967,214950,ONLINE,Unspecified,MANHATTAN,,,,,,,,40.75666417742652,-73.99019293432467,POINT (-73.990192934325 40.756664177427)
57929985,06/17/2023 11:37:09 AM,06/17/2023 11:42:18 AM,NYPD,New York City Police Department,Noise - Commercial,Loud Music/Party,,Store/Commercial,11375,1 TENNIS PLACE,TENNIS PLACE,DARTMOUTH STREET,BURNS STREET,DARTMOUTH STREET,BURNS STREET,ADDRESS,FOREST HILLS,TENNIS PLACE,,Closed,,The Police Department responded to the complaint and took action to fix the condition.,06/17/2023 11:42:26 AM,06 QUEENS,29,Precinct 112,4032190001,QUEENS,1026762,201267,MOBILE,Unspecified,QUEENS,,,,,,,,40.719006004974794,-73.84663871262093,POINT (-73.846638712621 40.719006004975)
57935691,06/18/2023 11:38:48 PM,06/18/2023 11:43:31 PM,NYPD,New York City Police Department,Noise - Residential,Loud Music/Party,,Residential Building/House,10460,1490 VYSE AVENUE,VYSE AVENUE,JENNINGS STREET,EAST  172 STREET,JENNINGS STREET,EAST  172 STREET,ADDRESS,BRONX,VYSE AVENUE,,Closed,,The Police Department responded to the complaint and took action to fix the condition.,06/18/2023 11:43:35 PM,03 BRONX,17,Precinct 42,2029950016,BRONX,1015188,242783,ONLINE,Unspecified,BRONX,,,,,,,,40.833004447623686,-73.88820051135666,POINT (-73.888200511357 40.833004447624)
57935790,06/18/2023 06:38:57 PM,06/18/2023 06:43:57 PM,NYPD,New York City Police Department,Noise - Residential,Loud Music/Party,,Residential Building/House,11368,33-34 99 STREET,99 STREET,NORTHERN BOULEVARD,34 AVENUE,NORTHERN BOULEVARD,34 AVENUE,ADDRESS,CORONA,99 STREET,,Closed,,The Police Department responded to the complaint and took action to fix the condition.,06/18/2023 06:44:01 PM,03 QUEENS,21,Precinct 115,4017130023,QUEENS,1020443,214870,ONLINE,Unspecified,QUEENS,,,,,,,,40.756370939092996,-73.86936117178836,POINT (-73.869361171788 40.756370939093)
57936609,06/18/2023 03:41:00 PM,06/26/2023 02:45:00 PM,DEP,Department of Environmental Protection,Noise,"Noise, Ice Cream Truck (NR4)",NR4,,10027,1150 AMSTERDAM AVENUE,AMSTERDAM AVENUE,W 116 ST,W 118 ST,,,ADDRESS,NEW YORK,,N/A,Closed,,"The Department of Environmental Protection (DEP) didn't observe a violation of the NYC Air or Noise Code at the time of inspection and couldn't issue a summons.  If the problem still exists, please go to nyc.gov/311 or call 311 to file a new Service Request. If you're outside of New York City, please call (212) NEW-YORK (212-639-9675).",06/26/2023 02:45:00 PM,09 MANHATTAN,07,Precinct 26,1019730001,MANHATTAN,995111,233376,ONLINE,Unspecified,MANHATTAN,,,,,,,,40.807232398578726,-73.9607672185402,POINT (-73.96076721854 40.807232398579)
57930255,06/17/2023 03:12:13 PM,08/24/2023 05:02:57 AM,HPD,Department of Housing Preservation and Development,GENERAL,BELL/BUZZER/INTERCOM,BROKEN OR MISSING,RESIDENTIAL BUILDING,11228,1112 BAY RIDGE PARKWAY,BAY RIDGE PARKWAY,,,,,ADDRESS,BROOKLYN,,,Closed,,"The Department of Housing Preservation and Development was not able to gain access to inspect the following conditions. The complaint has been closed. If the condition still exists, please file a new complaint.",08/24/2023 12:00:00 AM,10 BROOKLYN,38,Precinct 68,3062200011,BROOKLYN,981107,166123,ONLINE,Unspecified,BROOKLYN,,,,,,,,40.62264518661913,-74.01132194187154,POINT (-74.011321941872 40.622645186619)
57931137,06/17/2023 03:52:25 AM,06/17/2023 03:57:35 AM,NYPD,New York City Police Department,Noise - Street/Sidewalk,Loud Talking,,Street/Sidewalk,10030,2400 7 AVENUE,7 AVENUE,WEST  140 STREET,WEST  141 STREET,WEST  140 STREET,WEST  141 STREET,ADDRESS,NEW YORK,7 AVENUE,,Closed,,The Police Department responded to the complaint and with the information available observed no evidence of the violation at that time.,06/17/2023 03:57:40 AM,10 MANHATTAN,09,Precinct 32,1020260029,MANHATTAN,1000482,237497,ONLINE,Unspecified,MANHATTAN,,,,,,,,40.81853515725049,-73.94135579635707,POINT (-73.941355796357 40.81853515725)
57933225,06/19/2023 01:59:45 AM,06/19/2023 02:19:12 AM,NYPD,New York City Police Department,Illegal Parking,Blocked Hydrant,,Street/Sidewalk,11373,41-22 WARREN STREET,WARREN STREET,41 AVENUE,42 AVENUE,41 AVENUE,42 AVENUE,ADDRESS,ELMHURST,WARREN STREET,,Closed,,The Police Department responded to the complaint and with the information available observed no evidence of the violation at that time.,06/19/2023 02:19:16 AM,04 QUEENS,21,Precinct 110,4015970017,QUEENS,1020489,211485,MOBILE,Unspecified,QUEENS,,,,,,,,40.74707979245236,-73.86921337706241,POINT (-73.869213377062 40.747079792452)
57934296,06/18/2023 10:27:49 PM,06/04/2025 12:19:33 PM,DPR,Department of Parks and Recreation,Damaged Tree,Tree Alive - in Poor Condition,Cracked,Street,11378,60-62 59 DRIVE,59 DRIVE,60 PLACE,60 LANE,60 PLACE,60 LANE,ADDRESS,MASPETH,59 DRIVE,,Closed,,NYC Parks performed the work necessary to correct the condition.,06/04/2025 12:19:37 PM,05 QUEENS,30,Precinct 104,4027310048,QUEENS,1010795,200758,MOBILE,Unspecified,QUEENS,,,,,,,,40.71767124192165,-73.90424133004095,POINT (-73.904241330041 40.717671241922)
57927339,06/17/2023 12:04:32 PM,06/20/2023 11:27:06 AM,DSNY,Department of Sanitation,Illegal Dumping,Removal Request,N/A,Sidewalk,11375,67-73 GROTON STREET,GROTON STREET,YELLOWSTONE BOULEVARD,68 AVENUE,YELLOWSTONE BOULEVARD,68 AVENUE,ADDRESS,FOREST HILLS,GROTON STREET,,Closed,,The Department of Sanitation cleaned the location.,06/17/2023 11:01:34 PM,06 QUEENS,29,Precinct 112,4031870054,QUEENS,1024428,201131,ONLINE,Unspecified,QUEENS,,,,,,,,40.71864362610313,-73.85505937227387,POINT (-73.855059372274 40.718643626103)
57933126,06/18/2023 09:31:26 PM,06/18/2023 10:35:18 PM,NYPD,New York City Police Department,Encampment,N/A,,Store/Commercial,11373,82-12 ST JAMES AVENUE,ST JAMES AVENUE,51 AVENUE,POYER STREET,51 AVENUE,POYER STREET,ADDRESS,ELMHURST,ST JAMES AVENUE,,Closed,,The Police Department visited the location and no Encampment was found.,06/18/2023 10:35:23 PM,04 QUEENS,25,Precinct 110,4015410001,QUEENS,1017237,208260,ONLINE,Unspecified,QUEENS,,,,,,,,40.738240708971425,-73.88096565242257,POINT (-73.880965652423 40.738240708971)
57932226,06/18/2023 11:51:26 PM,06/19/2023 12:47:27 AM,NYPD,New York City Police Department,Noise - Residential,Loud Music/Party,,Residential Building/House,11221,1178 HANCOCK STREET,HANCOCK STREET,CENTRAL AVENUE,WILSON AVENUE,CENTRAL AVENUE,WILSON AVENUE,ADDRESS,BROOKLYN,HANCOCK STREET,,Closed,,The Police Department responded to the complaint and took action to fix the condition.,06/19/2023 12:47:32 AM,04 BROOKLYN,37,Precinct 83,3033970119,BROOKLYN,1008618,191128,ONLINE,Unspecified,BROOKLYN,,,,,,,,40.69124543513647,-73.91212950147771,POINT (-73.912129501478 40.691245435136)
57933846,06/18/2023 03:12:01 PM,06/18/2023 06:37:46 PM,NYPD,New York City Police Department,Blocked Driveway,No Access,,Street/Sidewalk,11040,76-26 270 STREET,270 STREET,76 AVENUE,77 AVENUE,76 AVENUE,77 AVENUE,ADDRESS,NEW HYDE PARK,270 STREET,,Closed,,The Police Department responded and upon arrival those responsible for the condition were gone.,06/18/2023 06:37:50 PM,13 QUEENS,23,Precinct 105,4085470022,QUEENS,1065616,213702,ONLINE,Unspecified,QUEENS,,,,,,,,40.752864788558,-73.70632400199187,POINT (-73.706324001992 40.752864788558)
57937185,06/18/2023 07:48:51 PM,06/18/2023 08:39:27 PM,NYPD,New York City Police Department,Noise - Residential,Banging/Pounding,,Residential Building/House,10031,541 WEST  150 STREET,WEST  150 STREET,AMSTERDAM AVENUE,BROADWAY,AMSTERDAM AVENUE,BROADWAY,ADDRESS,NEW YORK,WEST  150 STREET,,Closed,,The Police Department responded to the complaint and with the information available observed no evidence of the violation at that time.,06/18/2023 08:39:31 PM,09 MANHATTAN,07,Precinct 30,1020820011,MANHATTAN,999031,241292,PHONE,Unspecified,MANHATTAN,,,,,,,,40.82895390099254,-73.94658971824167,POINT (-73.946589718242 40.828953900993)
57941577,06/19/2023 11:24:45 PM,06/20/2023 01:10:26 AM,NYPD,New York City Police Department,Illegal Parking,Commercial Overnight Parking,,Street/Sidewalk,11223,442 VAN SICKLEN STREET,VAN SICKLEN STREET,VILLAGE ROAD SOUTH,WOLF PLACE,VILLAGE ROAD SOUTH,WOLF PLACE,ADDRESS,BROOKLYN,VAN SICKLEN STREET,,Closed,,The Police Department responded to the complaint and took action to fix the condition.,06/20/2023 01:10:30 AM,15 BROOKLYN,44,Precinct 61,3071450035,BROOKLYN,991059,155559,ONLINE,Unspecified,BROOKLYN,,,,,,,,40.59364711295121,-73.97548277923003,POINT (-73.97548277923 40.593647112951)
57932595,06/18/2023 05:20:59 AM,06/18/2023 09:59:39 AM,NYPD,New York City Police Department,Noise - Vehicle,Car/Truck Music,,Street/Sidewalk,11420,109-52 118 STREET,118 STREET,109 AVENUE,111 AVENUE,109 AVENUE,111 AVENUE,ADDRESS,SOUTH OZONE PARK,118 STREET,,Closed,,The Police Department responded to the complaint and with the information available observed no evidence of the violation at that time.,06/18/2023 09:59:43 AM,10 QUEENS,28,Precinct 106,,QUEENS,1033363,187678,ONLINE,Unspecified,QUEENS,,,,,,,,40.68167327068167,-73.82292487902322,POINT (-73.822924879023 40.681673270682)
58023126,06/27/2023 08:23:00 PM,06/30/2023 09:00:00 PM,DEP,Department of Environmental Protection,Noise,"Noise, Ice Cream Truck (NR4)",NR4,,10452,1177 ANDERSON AVENUE,ANDERSON AVENUE,W 167 ST,SHAKESPEARE AVE,,,ADDRESS,BRONX,,N/A,Closed,,"The Department of Environmental Protection (DEP) didn't observe a violation of the NYC Air or Noise Code at the time of inspection and couldn't issue a summons.  If the problem still exists, please go to nyc.gov/311 or call 311 to file a new Service Request. If you're outside of New York City, please call (212) NEW-YORK (212-639-9675).",06/30/2023 09:00:00 PM,04 BRONX,16,Precinct 44,2025100050,BRONX,1005238,243945,PHONE,Unspecified,BRONX,,,,,,,,40.83622305144054,-73.92415279460494,POINT (-73.924152794605 40.836223051441)
57942225,06/19/2023 05:53:15 AM,06/19/2023 08:39:42 AM,NYPD,New York City Police Department,Blocked Driveway,Partial Access,,Street/Sidewalk,10469,2756 FENTON AVENUE,FENTON AVENUE,ALLERTON AVENUE,ARNOW AVENUE,ALLERTON AVENUE,ARNOW AVENUE,ADDRESS,BRONX,FENTON AVENUE,,Closed,,The Police Department responded and upon arrival those responsible for the condition were gone.,06/19/2023 08:39:48 AM,11 BRONX,13,Precinct 49,2045330034,BRONX,1027307,254825,ONLINE,Unspecified,BRONX,,,,,,,,40.86600535673488,-73.84432928286236,POINT (-73.844329282862 40.866005356735)
57929994,06/17/2023 11:03:33 PM,06/17/2023 11:05:19 PM,NYPD,New York City Police Department,Noise - Commercial,Loud Music/Party,,Store/Commercial,11238,1065 PACIFIC STREET,PACIFIC STREET,CLASSON AVENUE,FRANKLIN AVENUE SHUTTLE LINE,CLASSON AVENUE,FRANKLIN AVENUE SHUTTLE LINE,ADDRESS,BROOKLYN,PACIFIC STREET,,Closed,,The Police Department responded to the complaint and took action to fix the condition.,06/17/2023 11:05:24 PM,08 BROOKLYN,35,Precinct 77,3011260086,BROOKLYN,995910,186632,ONLINE,Unspecified,BROOKLYN,,,,,,,,40.67893080980579,-73.95796205328756,POINT (-73.957962053288 40.678930809806)
57939759,06/18/2023 10:42:33 PM,06/18/2023 10:46:16 PM,NYPD,New York City Police Department,Illegal Parking,Double Parked Blocking Vehicle,,Street/Sidewalk,10456,1384 GRAND CONCOURSE,GRAND CONCOURSE,ELLIOT PLACE,EAST  170 STREET,ELLIOT PLACE,EAST  170 STREET,ADDRESS,BRONX,GRAND CONCOURSE,,Closed,,The Police Department responded to the complaint and took action to fix the condition.,06/18/2023 10:46:21 PM,04 BRONX,16,Precinct 44,2028310044,BRONX,1008018,244693,ONLINE,Unspecified,BRONX,,,,,,,,40.838269049296365,-73.91410368388398,POINT (-73.914103683884 40.838269049296)
57927186,06/17/2023 06:34:27 PM,06/17/2023 07:10:10 PM,NYPD,New York City Police Department,Illegal Parking,Blocked Hydrant,,Street/Sidewalk,11237,1397 JEFFERSON AVENUE,JEFFERSON AVENUE,KNICKERBOCKER AVENUE,IRVING AVENUE,KNICKERBOCKER AVENUE,IRVING AVENUE,ADDRESS,BROOKLYN,JEFFERSON AVENUE,,Closed,,The Police Department responded to the complaint and with the information available observed no evidence of the violation at that time.,06/17/2023 07:10:13 PM,04 BROOKLYN,37,Precinct 83,3033850058,BROOKLYN,1009267,192443,MOBILE,Unspecified,BROOKLYN,,,,,,,,40.69485299342845,-73.90978433907692,POINT (-73.909784339077 40.694852993428)
57937554,06/18/2023 05:26:12 PM,06/18/2023 10:17:25 PM,NYPD,New York City Police Department,Illegal Parking,Double Parked Blocking Traffic,,Street/Sidewalk,10457,1503 MORRIS AVENUE,MORRIS AVENUE,EAST  172 STREET,TELLER AVENUE,EAST  172 STREET,TELLER AVENUE,ADDRESS,BRONX,MORRIS AVENUE,,Closed,,The Police Department responded to the complaint and with the information available observed no evidence of the violation at that time.,06/18/2023 10:17:30 PM,04 BRONX,16,Precinct 44,2028200062,BRONX,1009291,245724,MOBILE,Unspecified,BRONX,,,,,,,,40.84109532484952,-73.90949928178765,POINT (-73.909499281788 40.84109532485)
57934647,06/18/2023 07:24:12 AM,06/18/2023 07:54:13 AM,NYPD,New York City Police Department,Noise - Residential,Loud Music/Party,,Residential Building/House,11433,107-09 159 STREET,159 STREET,107 AVENUE,108 AVENUE,107 AVENUE,108 AVENUE,ADDRESS,JAMAICA,159 STREET,,Closed,,The Police Department responded to the complaint and with the information available observed no evidence of the violation at that time.,06/18/2023 07:54:19 AM,12 QUEENS,28,Precinct 103,4101250033,QUEENS,1041091,193174,ONLINE,Unspecified,QUEENS,,,,,,,,40.69671223371353,-73.79501558307801,POINT (-73.795015583078 40.696712233714)
57939471,06/19/2023 12:53:24 AM,06/19/2023 01:17:56 AM,NYPD,New York City Police Department,Noise - Residential,Loud Music/Party,,Residential Building/House,11203,4112 AVENUE D,AVENUE D,ALBANY AVENUE,EAST   42 STREET,ALBANY AVENUE,EAST   42 STREET,ADDRESS,BROOKLYN,AVENUE D,,Closed,,The Police Department responded to the complaint and took action to fix the condition.,06/19/2023 01:18:01 AM,17 BROOKLYN,45,Precinct 67,3049750005,BROOKLYN,1001517,173038,MOBILE,Unspecified,BROOKLYN,,,,,,,,40.641609123724876,-73.93778188138478,POINT (-73.937781881385 40.641609123725)
57941991,06/19/2023 09:42:00 AM,06/19/2023 11:59:41 PM,NYPD,New York City Police Department,Illegal Parking,Blocked Sidewalk,,Street/Sidewalk,11379,68-24 76 STREET,76 STREET,68 AVENUE,69 ROAD,68 AVENUE,69 ROAD,ADDRESS,MIDDLE VILLAGE,76 STREET,,Closed,,The Police Department responded to the complaint and with the information available observed no evidence of the violation at that time.,06/19/2023 11:59:45 PM,05 QUEENS,30,Precinct 104,4037880092,QUEENS,1018583,198065,MOBILE,Unspecified,QUEENS,,,,,,,,40.71025281131155,-73.87616059660276,POINT (-73.876160596603 40.710252811312)
57939750,06/18/2023 04:33:18 PM,06/18/2023 06:34:00 PM,NYPD,New York City Police Department,Blocked Driveway,Partial Access,,Street/Sidewalk,11355,55-30 MAIN STREET,MAIN STREET,PECK AVENUE,56 AVENUE,PECK AVENUE,56 AVENUE,ADDRESS,FLUSHING,MAIN STREET,,Closed,,The Police Department issued a summons in response to the complaint.,06/18/2023 06:34:05 PM,07 QUEENS,20,Precinct 109,4051310042,QUEENS,1032482,212142,ONLINE,Unspecified,QUEENS,,,,,,,,40.74882580845908,-73.82592600414146,POINT (-73.825926004141 40.748825808459)
57935268,06/18/2023 08:40:08 PM,06/18/2023 09:04:41 PM,NYPD,New York City Police Department,Illegal Parking,Posted Parking Sign Violation,,Street/Sidewalk,10007,CHURCH STREET,CHURCH STREET,CHURCH STREET,FULTON STREET,CHURCH STREET,FULTON STREET,INTERSECTION,,,,Closed,,The Police Department responded to the complaint and took action to fix the condition.,06/18/2023 09:04:46 PM,01 MANHATTAN,01,Precinct 1,,MANHATTAN,981349,198508,PHONE,Unspecified,MANHATTAN,,,,,,,,40.71153487787932,-74.01046412781942,POINT (-74.010464127819 40.711534877879)
57930489,06/17/2023 02:25:57 PM,06/17/2023 02:48:16 PM,DHS,Department of Homeless Services,Homeless Person Assistance,,,Street/Sidewalk,10023,169 AMSTERDAM AVENUE,AMSTERDAM AVENUE,WEST 67 STREET,WEST 68 STREET,WEST   67 STREET,WEST   68 STREET,ADDRESS,NEW YORK,AMSTERDAM AVENUE,,Closed,,The Department of Homeless Services did not have enough information to act on your request.,06/17/2023 02:48:16 PM,07 MANHATTAN,06,Precinct 20,1011390001,MANHATTAN,988762,221906,PHONE,Unspecified,MANHATTAN,,,,,,,,40.775755862908284,-73.98370917674673,POINT (-73.983709176747 40.775755862908)
57927627,06/17/2023 06:32:38 PM,06/17/2023 06:48:58 PM,NYPD,New York City Police Department,Illegal Fireworks,N/A,,Street/Sidewalk,10031,BROADWAY,BROADWAY,BROADWAY,WEST  141 STREET,BROADWAY,WEST  141 STREET,INTERSECTION,,,,Closed,,The Police Department responded to the complaint and took action to fix the condition.,06/17/2023 06:49:03 PM,09 MANHATTAN,07,Precinct 30,,MANHATTAN,997450,239445,ONLINE,Unspecified,MANHATTAN,,,,,,,,40.82388691720712,-73.95230620215838,POINT (-73.952306202158 40.823886917207)
57935250,06/18/2023 12:50:22 PM,06/18/2023 01:04:01 PM,NYPD,New York City Police Department,Blocked Driveway,No Access,,Street/Sidewalk,11236,578 EAST   95 STREET,EAST   95 STREET,LINDEN BOULEVARD,AVENUE A,LINDEN BOULEVARD,AVENUE A,ADDRESS,BROOKLYN,EAST   95 STREET,,Closed,,The Police Department issued a summons in response to the complaint.,06/18/2023 01:04:05 PM,17 BROOKLYN,42,Precinct 67,3047150167,BROOKLYN,1007883,177476,PHONE,Unspecified,BROOKLYN,,,,,,,,40.65377576894089,-73.91482776040257,POINT (-73.914827760403 40.653775768941)
57940074,06/18/2023 11:54:05 PM,06/19/2023 12:20:19 AM,NYPD,New York City Police Department,Noise - Residential,Banging/Pounding,,Residential Building/House,11368,96-10 37 AVENUE,37 AVENUE,JUNCTION BOULEVARD,97 STREET,JUNCTION BOULEVARD,97 STREET,ADDRESS,CORONA,37 AVENUE,,Closed,,The Police Department responded to the complaint but officers were unable to gain entry into the premises.,06/19/2023 12:20:24 AM,03 QUEENS,21,Precinct 115,4017590001,QUEENS,1020091,213128,ONLINE,Unspecified,QUEENS,,,,,,,,40.75159103046191,-73.87064100125095,POINT (-73.870641001251 40.751591030462)
57930759,06/17/2023 01:52:27 PM,06/20/2023 03:38:56 PM,DSNY,Department of Sanitation,Dead Animal,Raccoon,Street or Sidewalk,Street,10312,212 NORTH RAILROAD STREET,NORTH RAILROAD STREET,ALBEE AVENUE,IDA COURT,ALBEE AVENUE,IDA COURT,ADDRESS,STATEN ISLAND,NORTH RAILROAD STREET,,Closed,,The Department of Sanitation removed the items.,06/20/2023 05:28:18 AM,03 STATEN ISLAND,51,Precinct 123,5062790143,STATEN ISLAND,932598,135601,ONLINE,Unspecified,STATEN ISLAND,,,,,,,,40.53871851016874,-74.18583104355928,POINT (-74.185831043559 40.538718510169)
57934755,06/18/2023 02:17:01 AM,06/18/2023 02:40:02 AM,NYPD,New York City Police Department,Noise - Residential,Loud Music/Party,,Residential Building/House,10457,1660 TOPPING AVENUE,TOPPING AVENUE,EAST MOUNT EDEN AVENUE,EAST  173 STREET,EAST MOUNT EDEN AVENUE,EAST  173 STREET,ADDRESS,BRONX,TOPPING AVENUE,,Closed,,The Police Department responded to the complaint and with the information available observed no evidence of the violation at that time.,06/18/2023 02:40:05 AM,04 BRONX,15,Precinct 44,2027900010,BRONX,1010289,246498,ONLINE,Unspecified,BRONX,,,,,,,,40.8432168410879,-73.90588940580105,POINT (-73.905889405801 40.843216841088)
57933333,06/18/2023 05:15:00 PM,06/18/2023 07:20:00 PM,DOT,Department of Transportation,Traffic Signal Condition,Controller,Operating Improperly,,11204,,,,,18 AVENUE,59 STREET,INTERSECTION,BROOKLYN,,N/A,Closed,,Service Request status for this request is available on the Department of Transportationâs website. Please click the âLearn Moreâ link below.,06/18/2023 07:20:00 PM,12 BROOKLYN,44,Precinct 66,,BROOKLYN,987951,166112,UNKNOWN,Unspecified,BROOKLYN,,,,,,,,40.62261477838665,-73.98666799623876,POINT (-73.986667996239 40.622614778387)
57933513,06/18/2023 10:55:30 PM,06/18/2023 11:18:48 PM,NYPD,New York City Police Department,Noise - Street/Sidewalk,Loud Music/Party,,Street/Sidewalk,10466,1173 229 DRIVE NORTH,229 DRIVE NORTH,EAST  229 STREET,EAST  229 STREET,EAST  229 STREET,EAST  229 STREET,ADDRESS,BRONX,229 DRIVE NORTH,,Closed,,The Police Department responded to the complaint and took action to fix the condition.,06/18/2023 11:18:52 PM,12 BRONX,12,Precinct 47,2049050001,BRONX,1027577,262251,ONLINE,Unspecified,BRONX,,,,,,,,40.88638608079377,-73.8433050850049,POINT (-73.843305085005 40.886386080794)
57933324,06/18/2023 03:14:02 PM,06/18/2023 03:47:09 PM,NYPD,New York City Police Department,Noise - Residential,Loud Music/Party,,Residential Building/House,10016,120 EAST   31 STREET,EAST   31 STREET,PARK AVENUE SOUTH,LEXINGTON AVENUE,PARK AVENUE SOUTH,LEXINGTON AVENUE,ADDRESS,NEW YORK,EAST   31 STREET,,Closed,,The Police Department responded to the complaint and with the information available observed no evidence of the violation at that time.,06/18/2023 03:47:15 PM,05 MANHATTAN,02,Unspecified,1008860075,MANHATTAN,989306,210614,ONLINE,Unspecified,MANHATTAN,,,,,,,,40.744761924849534,-73.98175352744667,POINT (-73.981753527447 40.74476192485)
57942261,06/19/2023 08:55:08 PM,06/19/2023 10:20:16 PM,NYPD,New York City Police Department,Blocked Driveway,Partial Access,,Street/Sidewalk,11691,10-11 NEILSON STREET,NEILSON STREET,CORNAGA AVENUE,DINSMORE AVENUE,CORNAGA AVENUE,DINSMORE AVENUE,ADDRESS,FAR ROCKAWAY,NEILSON STREET,,Closed,,The Police Department responded to the complaint and with the information available observed no evidence of the violation at that time.,06/19/2023 10:20:21 PM,14 QUEENS,31,Precinct 101,4155560063,QUEENS,1054304,159237,MOBILE,Unspecified,QUEENS,,,,,,,,40.60346820374366,-73.74771855139466,POINT (-73.747718551395 40.603468203744)
57927501,06/17/2023 05:51:32 PM,06/17/2023 06:15:39 PM,NYPD,New York City Police Department,Noise - Residential,Loud Music/Party,,Residential Building/House,10459,1100 EAST  165 STREET,EAST  165 STREET,FAILE STREET,BRYANT AVENUE,FAILE STREET,BRYANT AVENUE,ADDRESS,BRONX,EAST  165 STREET,,Closed,,The Police Department responded to the complaint and with the information available observed no evidence of the violation at that time.,06/17/2023 06:15:42 PM,02 BRONX,17,Precinct 41,2027480025,BRONX,1014806,239914,ONLINE,Unspecified,BRONX,,,,,,,,40.82513119951559,-73.8895939960686,POINT (-73.889593996069 40.825131199516)
57932694,06/18/2023 02:18:19 PM,06/18/2023 03:03:13 PM,NYPD,New York City Police Department,Blocked Driveway,No Access,,Street/Sidewalk,11354,143-04 BAYSIDE AVENUE,BAYSIDE AVENUE,143 STREET,143 STREET,143 STREET,143 STREET,ADDRESS,FLUSHING,BAYSIDE AVENUE,,Closed,,The Police Department issued a summons in response to the complaint.,06/18/2023 03:03:17 PM,07 QUEENS,20,Precinct 109,4047760022,QUEENS,1032500,219944,MOBILE,Unspecified,QUEENS,,,,,,,,40.77024015962065,-73.82580504556215,POINT (-73.825805045562 40.770240159621)
57928662,06/18/2023 12:33:12 AM,06/18/2023 12:45:58 AM,NYPD,New York City Police Department,Noise - Residential,Loud Music/Party,,Residential Building/House,11365,56 AVENUE,56 AVENUE,56 AVENUE,195 STREET,56 AVENUE,195 STREET,INTERSECTION,,,,Closed,,The Police Department responded to the complaint and took action to fix the condition.,06/18/2023 12:46:02 AM,11 QUEENS,20,Precinct 111,,QUEENS,1044403,211020,ONLINE,Unspecified,QUEENS,,,,,,,,40.745673152746654,-73.78291214568654,POINT (-73.782912145687 40.745673152747)
57929184,06/17/2023 09:38:27 AM,06/17/2023 09:50:28 AM,DHS,Department of Homeless Services,Homeless Person Assistance,,,Store/Commercial,10003,327 EAST   14 STREET,EAST   14 STREET,2 AVENUE,1 AVENUE,2 AVENUE,1 AVENUE,ADDRESS,NEW YORK,EAST   14 STREET,,Closed,,The Department of Homeless Services did not have enough information to act on your request.,06/17/2023 09:50:28 AM,06 MANHATTAN,02,Precinct 13,1009210016,MANHATTAN,988714,205935,MOBILE,Unspecified,MANHATTAN,,,,,,,,40.73191954813008,-73.9838930863546,POINT (-73.983893086355 40.73191954813)
57931047,06/18/2023 01:26:54 AM,06/18/2023 01:30:50 AM,NYPD,New York City Police Department,Noise - Residential,Loud Music/Party,,Residential Building/House,10457,1814 WEEKS AVENUE,WEEKS AVENUE,EAST  175 STREET,EAST  176 STREET,EAST  175 STREET,EAST  176 STREET,ADDRESS,BRONX,WEEKS AVENUE,,Closed,,The Police Department responded to the complaint and took action to fix the condition.,06/18/2023 01:30:54 AM,05 BRONX,14,Precinct 46,2028000006,BRONX,1009882,247904,ONLINE,Unspecified,BRONX,,,,,,,,40.8470770869503,-73.9073550165677,POINT (-73.907355016568 40.84707708695)
57927348,06/17/2023 02:13:09 PM,06/20/2023 11:24:56 AM,DSNY,Department of Sanitation,Missed Collection,Recycling - Metal/Glass/Rigid Plastic,N/A,Street,11377,49-08 39 AVENUE,39 AVENUE,49 STREET,50 STREET,49 STREET,50 STREET,ADDRESS,WOODSIDE,39 AVENUE,,Closed,,The Department of Sanitation investigated this complaint and found no condition at the location.,06/19/2023 11:49:46 AM,02 QUEENS,26,Precinct 108,4001320132,QUEENS,1007946,212171,PHONE,Unspecified,QUEENS,,,,,,,,40.74900519508604,-73.91447863548015,POINT (-73.91447863548 40.749005195086)
57928932,06/17/2023 10:36:35 PM,06/17/2023 10:55:24 PM,NYPD,New York City Police Department,Noise - Residential,Loud Music/Party,,Residential Building/House,10303,2892 RICHMOND TERRACE,RICHMOND TERRACE,VAN PELT AVENUE,DE HART AVENUE,VAN PELT AVENUE,DE HART AVENUE,ADDRESS,STATEN ISLAND,RICHMOND TERRACE,,Closed,,The Police Department responded to the complaint and took action to fix the condition.,06/17/2023 10:55:29 PM,01 STATEN ISLAND,49,Precinct 121,5012110080,STATEN ISLAND,940826,171325,ONLINE,Unspecified,STATEN ISLAND,,,,,,,,40.636817693488915,-74.15645837730608,POINT (-74.156458377306 40.636817693489)
57928527,06/17/2023 03:23:57 PM,06/17/2023 03:23:57 PM,DOHMH,Department of Health and Mental Hygiene,Unsanitary Animal Pvt Property,Dog,,3+ Family Apartment Building,10031,640 RIVERSIDE DRIVE,RIVERSIDE DRIVE,WEST 141 STREET,WEST 142 STREET,WEST  141 STREET,WEST  142 STREET,ADDRESS,NEW YORK,RIVERSIDE DRIVE,,Closed,,The Department of Health and Mental Hygiene inspected the property you reported and did not find any violations at the time of the inspection. The property passed inspection.,06/17/2023 03:23:57 PM,09 MANHATTAN,07,Precinct 30,1020880074,MANHATTAN,996947,239821,ONLINE,Unspecified,MANHATTAN,,,,,,,,40.82491966767226,-73.95412291306019,POINT (-73.95412291306 40.824919667672)
57932820,06/18/2023 02:32:13 AM,06/18/2023 02:44:36 AM,NYPD,New York City Police Department,Blocked Driveway,No Access,,Street/Sidewalk,11433,109-58 153 STREET,153 STREET,109 DRIVE,110 AVENUE,109 DRIVE,110 AVENUE,ADDRESS,JAMAICA,153 STREET,,Closed,,The Police Department issued a summons in response to the complaint.,06/18/2023 02:44:40 AM,12 QUEENS,28,Precinct 103,4121420017,QUEENS,1040763,190940,MOBILE,Unspecified,QUEENS,,,,,,,,40.69058253802821,-73.79621717992342,POINT (-73.796217179923 40.690582538028)
57934557,06/18/2023 02:43:29 PM,06/18/2023 07:02:57 PM,NYPD,New York City Police Department,Noise - Residential,Banging/Pounding,,Residential Building/House,10456,1195 CLAY AVENUE,CLAY AVENUE,EAST  167 STREET,EAST  168 STREET,EAST  167 STREET,EAST  168 STREET,ADDRESS,BRONX,CLAY AVENUE,,Closed,,The Police Department responded to the complaint and determined that police action was not necessary.,06/18/2023 07:03:02 PM,04 BRONX,16,Precinct 44,2024300030,BRONX,1008982,242550,ONLINE,Unspecified,BRONX,,,,,,,,40.83238448946505,-73.9106277420031,POINT (-73.910627742003 40.832384489465)
57927132,06/17/2023 10:47:07 PM,06/18/2023 12:55:38 AM,NYPD,New York City Police Department,Illegal Parking,Blocked Hydrant,,Street/Sidewalk,11223,1603 WEST    6 STREET,WEST    6 STREET,AVENUE P,QUENTIN ROAD,AVENUE P,QUENTIN ROAD,ADDRESS,BROOKLYN,WEST    6 STREET,,Closed,,The Police Department issued a summons in response to the complaint.,06/18/2023 12:55:48 AM,11 BROOKLYN,43,Precinct 62,3066260077,BROOKLYN,989909,160689,ONLINE,Unspecified,BROOKLYN,,,,,,,,40.607728730981975,-73.9796192955851,POINT (-73.979619295585 40.607728730982)
57938607,06/18/2023 06:42:24 PM,06/18/2023 07:08:51 PM,NYPD,New York City Police Department,Illegal Parking,Paper License Plates,,Street/Sidewalk,11214,189 BAY   43 STREET,BAY   43 STREET,BATH AVENUE,HARWAY AVENUE,BATH AVENUE,HARWAY AVENUE,ADDRESS,BROOKLYN,BAY   43 STREET,,Closed,,The Police Department issued a summons in response to the complaint.,06/18/2023 07:08:57 PM,13 BROOKLYN,47,Precinct 60,3068980019,BROOKLYN,987320,154819,ONLINE,Unspecified,BROOKLYN,,,,,,,,40.591618045215014,-73.98894616244549,POINT (-73.988946162445 40.591618045215)
57937527,06/18/2023 11:27:41 AM,06/18/2023 11:38:09 AM,NYPD,New York City Police Department,Illegal Parking,Commercial Overnight Parking,,Street/Sidewalk,11209,8001 SHORE ROAD,SHORE ROAD,80 STREET,SHR PKWY GREENWAY-80 ST PED OVAL,80 STREET,SHR PKWY GREENWAY-80 ST PED OVAL,ADDRESS,BROOKLYN,SHORE ROAD,,Closed,,The Police Department responded to the complaint and determined that police action was not necessary.,06/18/2023 11:38:16 AM,10 BROOKLYN,47,Precinct 68,,BROOKLYN,973246,169006,MOBILE,Unspecified,BROOKLYN,,,,,,,,40.63055213881921,-74.0396441021427,POINT (-74.039644102143 40.630552138819)
57934269,06/18/2023 04:17:51 PM,06/18/2023 04:37:40 PM,NYPD,New York City Police Department,Illegal Parking,Blocked Bike Lane,,Street/Sidewalk,10026,1889 7 AVENUE,7 AVENUE,WEST  114 STREET,WEST  115 STREET,WEST  114 STREET,WEST  115 STREET,ADDRESS,NEW YORK,7 AVENUE,,Closed,,The Police Department responded to the complaint and with the information available observed no evidence of the violation at that time.,06/18/2023 04:37:45 PM,10 MANHATTAN,09,Precinct 28,1018240003,MANHATTAN,997192,231545,ONLINE,Unspecified,MANHATTAN,,,,,,,,40.802204004790006,-73.9532536314845,POINT (-73.953253631484 40.80220400479)
57937311,06/18/2023 11:28:15 PM,06/18/2023 11:29:45 PM,NYPD,New York City Police Department,Noise - Vehicle,Car/Truck Music,,Street/Sidewalk,10451,750 GRAND CONCOURSE,GRAND CONCOURSE,EAST  153 STREET,EAST  156 STREET,EAST  153 STREET,EAST  156 STREET,ADDRESS,BRONX,GRAND CONCOURSE,,Closed,,The Police Department responded to the complaint and took action to fix the condition.,06/18/2023 11:29:50 PM,04 BRONX,16,Precinct 44,2024580026,BRONX,1005104,239088,MOBILE,Unspecified,BRONX,,,,,,,,40.822892299365904,-73.92465214640484,POINT (-73.924652146405 40.822892299366)
57927825,06/17/2023 09:22:07 PM,06/17/2023 09:53:07 PM,NYPD,New York City Police Department,Noise - Street/Sidewalk,Loud Music/Party,,Street/Sidewalk,11354,32-35 LINDEN PLACE,LINDEN PLACE,32 AVENUE,LATIMER PLACE,32 AVENUE,LATIMER PLACE,ADDRESS,FLUSHING,LINDEN PLACE,,Closed,,The Police Department responded to the complaint and with the information available observed no evidence of the violation at that time.,06/17/2023 09:53:12 PM,07 QUEENS,20,Precinct 109,4049520001,QUEENS,1030833,218962,MOBILE,Unspecified,QUEENS,,,,,,,,40.76755377139422,-73.8318301370365,POINT (-73.831830137036 40.767553771394)
57936744,06/18/2023 11:23:51 PM,06/19/2023 12:24:47 AM,NYPD,New York City Police Department,Illegal Fireworks,N/A,,Residential Building/House,10472,1212 PUGSLEY AVENUE,PUGSLEY AVENUE,GLEASON AVENUE,ELLIS AVENUE,GLEASON AVENUE,ELLIS AVENUE,ADDRESS,BRONX,PUGSLEY AVENUE,,Closed,,The Police Department responded to the complaint and with the information available observed no evidence of the violation at that time.,06/19/2023 12:24:51 AM,09 BRONX,18,Precinct 43,2038030005,BRONX,1023766,242200,ONLINE,Unspecified,BRONX,,,,,,,,40.83137006744473,-73.85720599815754,POINT (-73.857205998158 40.831370067445)
57930264,06/17/2023 02:04:05 PM,06/25/2023 02:21:30 PM,HPD,Department of Housing Preservation and Development,SAFETY,FIRE ESCAPE,FALLING OFF WALL,RESIDENTIAL BUILDING,10027,118 WEST  123 STREET,WEST  123 STREET,,,,,ADDRESS,NEW YORK,,,Closed,,The Department of Housing Preservation and Development inspected the following conditions. No violations were issued. The complaint has been closed.,06/25/2023 12:00:00 AM,10 MANHATTAN,09,Precinct 28,1019070045,MANHATTAN,998851,233224,PHONE,Unspecified,MANHATTAN,,,,,,,,40.80680981145933,-73.94725769076324,POINT (-73.947257690763 40.806809811459)
57937383,06/18/2023 07:52:51 PM,06/19/2023 11:23:28 AM,DSNY,Department of Sanitation,Dirty Condition,Trash,Littering,Sidewalk,10003,1 EAST   17 STREET,EAST   17 STREET,5 AVENUE,BROADWAY,5 AVENUE,BROADWAY,ADDRESS,NEW YORK,EAST   17 STREET,,Closed,,The Department of Sanitation investigated this complaint and found no condition at the location.,06/19/2023 11:23:32 AM,05 MANHATTAN,03,Precinct 13,1008460001,MANHATTAN,986485,208080,MOBILE,Unspecified,MANHATTAN,,,,,,,,40.73780788855181,-73.99193500599786,POINT (-73.991935005998 40.737807888552)
57936528,06/18/2023 03:51:56 PM,06/18/2023 04:17:18 PM,NYPD,New York City Police Department,Illegal Parking,Blocked Hydrant,,Street/Sidewalk,10007,50 CHURCH STREET,CHURCH STREET,DEY STREET,FULTON STREET,DEY STREET,FULTON STREET,ADDRESS,NEW YORK,CHURCH STREET,,Closed,,The Police Department responded to the complaint and took action to fix the condition.,06/18/2023 04:17:22 PM,01 MANHATTAN,01,Precinct 1,1000580001,MANHATTAN,981314,198443,ONLINE,Unspecified,MANHATTAN,,,,,,,,40.71135645678971,-74.01059034713656,POINT (-74.010590347137 40.71135645679)
57939579,06/18/2023 04:03:17 PM,06/29/2023 08:21:48 AM,HPD,Department of Housing Preservation and Development,WATER LEAK,HEAVY FLOW,AT WALL OR CEILING,RESIDENTIAL BUILDING,10039,206 WEST  148 STREET,WEST  148 STREET,,,,,ADDRESS,NEW YORK,,,Closed,,The Department of Housing Preservation and Development inspected the following conditions. No violations were issued. The complaint has been closed.,06/29/2023 12:00:00 AM,10 MANHATTAN,09,Precinct 32,1020330038,MANHATTAN,1001331,239421,ONLINE,Unspecified,MANHATTAN,,,,,,,,40.823814391623685,-73.93828356816849,POINT (-73.938283568168 40.823814391624)
57928869,06/17/2023 07:39:22 PM,06/17/2023 08:12:34 PM,NYPD,New York City Police Department,Noise - Vehicle,Car/Truck Music,,Street/Sidewalk,11204,2072 73 STREET,73 STREET,20 AVENUE,21 AVENUE,20 AVENUE,21 AVENUE,ADDRESS,BROOKLYN,73 STREET,,Closed,,The Police Department responded to the complaint and took action to fix the condition.,06/17/2023 08:12:41 PM,11 BROOKLYN,43,Precinct 62,3062070034,BROOKLYN,987275,161922,ONLINE,Unspecified,BROOKLYN,,,,,,,,40.61111435358974,-73.9891050084565,POINT (-73.989105008456 40.61111435359)
57931794,06/19/2023 12:37:10 AM,06/19/2023 02:10:13 AM,NYPD,New York City Police Department,Noise - Residential,Banging/Pounding,,Residential Building/House,11237,1321 HALSEY STREET,HALSEY STREET,KNICKERBOCKER AVENUE,IRVING AVENUE,KNICKERBOCKER AVENUE,IRVING AVENUE,ADDRESS,BROOKLYN,HALSEY STREET,,Closed,,The Police Department responded to the complaint and with the information available observed no evidence of the violation at that time.,06/19/2023 02:10:18 AM,04 BROOKLYN,37,Precinct 83,3034060044,BROOKLYN,1010077,192224,MOBILE,Unspecified,BROOKLYN,,,,,,,,40.69424956273765,-73.90686417979688,POINT (-73.906864179797 40.694249562738)
57932514,06/19/2023 12:04:11 AM,06/19/2023 12:38:26 AM,NYPD,New York City Police Department,Noise - Street/Sidewalk,Loud Music/Party,,Street/Sidewalk,11368,CORONA AVENUE,CORONA AVENUE,51 AVENUE,MICHAEL PERNA WAY,51 AVENUE,MICHAEL PERNA WAY,BLOCKFACE,,,,Closed,,The Police Department responded to the complaint and took action to fix the condition.,06/19/2023 12:38:30 AM,Unspecified QUEENS,,Precinct 110,,QUEENS,,,ONLINE,Unspecified,QUEENS,,,,,,,,,,
57929787,06/17/2023 02:35:57 PM,06/17/2023 02:50:20 PM,NYPD,New York City Police Department,Noise - Commercial,Loud Music/Party,,Store/Commercial,11103,42-18 31 AVENUE,31 AVENUE,42 STREET,43 STREET,42 STREET,43 STREET,ADDRESS,ASTORIA,31 AVENUE,,Closed,,The Police Department responded to the complaint and took action to fix the condition.,06/17/2023 02:50:26 PM,01 QUEENS,22,Precinct 114,4006920043,QUEENS,1007721,216342,MOBILE,Unspecified,QUEENS,,,,,,,,40.76045412454783,-73.91527612392564,POINT (-73.915276123926 40.760454124548)
57928752,06/17/2023 02:22:13 AM,06/17/2023 03:08:48 AM,NYPD,New York City Police Department,Noise - Street/Sidewalk,Loud Music/Party,,Street/Sidewalk,11217,280 ASHLAND PLACE,ASHLAND PLACE,FULTON STREET,LAFAYETTE AVENUE,FULTON STREET,LAFAYETTE AVENUE,ADDRESS,BROOKLYN,ASHLAND PLACE,,Closed,,The Police Department responded and upon arrival those responsible for the condition were gone.,06/17/2023 03:08:54 AM,02 BROOKLYN,35,Precinct 88,3021077502,BROOKLYN,990286,189567,ONLINE,Unspecified,BROOKLYN,,,,,,,,40.68699233744125,-73.97823570190413,POINT (-73.978235701904 40.686992337441)
57932001,06/18/2023 03:58:26 PM,06/18/2023 04:18:44 PM,NYPD,New York City Police Department,Illegal Parking,Blocked Sidewalk,,Street/Sidewalk,11362,253-17 PEMBROKE AVENUE,PEMBROKE AVENUE,LITTLE NECK PARKWAY,254 STREET,LITTLE NECK PARKWAY,254 STREET,ADDRESS,LITTLE NECK,PEMBROKE AVENUE,,Closed,,The Police Department responded to the complaint and took action to fix the condition.,06/18/2023 04:18:49 PM,11 QUEENS,19,Precinct 111,4082600221,QUEENS,1057855,220199,MOBILE,Unspecified,QUEENS,,,,,,,,40.77076531176242,-73.73426462294411,POINT (-73.734264622944 40.770765311762)
57938526,06/18/2023 05:56:19 PM,07/05/2023 08:12:58 PM,HPD,Department of Housing Preservation and Development,ELEVATOR,MAINTENANCE,LIGHT FIXTURE BROKEN,RESIDENTIAL BUILDING,11230,1679 EAST    3 STREET,EAST    3 STREET,,,,,ADDRESS,BROOKLYN,,,Closed,,The Department of Housing Preservation and Development inspected the following conditions. No violations were issued. The complaint has been closed.,07/05/2023 12:00:00 AM,12 BROOKLYN,44,Precinct 66,3066100055,BROOKLYN,992301,161402,PHONE,Unspecified,BROOKLYN,,,,,,,,40.60968391930369,-73.97100373592826,POINT (-73.971003735928 40.609683919304)
57940002,06/18/2023 10:49:46 AM,,DPR,Department of Parks and Recreation,Illegal Tree Damage,Branches Damaged,N/A,Street,11372,34-47 82 STREET,82 STREET,34 AVENUE,35 AVENUE,34 AVENUE,35 AVENUE,ADDRESS,JACKSON HEIGHTS,82 STREET,,In Progress,,"NYC Parks created a work order for the tree condition and expects to address the issue within 120 days from the date of the tree assessment, barring any weather-related requests.   NYC Parks work priority categories range from Category A through D, with A being the most critical and time-sensitive. We will complete all work in Category A first and address work in lower priority categories in accordance with available resources. For more information about the Tree Risk Management Program, visit the NYC Urban Forest page on the NYC Parks website at nyc.gov/parks/trees.",06/21/2023 11:14:23 AM,03 QUEENS,25,Precinct 115,4014430049,QUEENS,1016153,213556,MOBILE,Unspecified,QUEENS,,,,,,,,40.75278086606975,-73.88485216542395,POINT (-73.884852165424 40.75278086607)
57931893,06/18/2023 09:43:26 AM,06/18/2023 10:11:49 AM,NYPD,New York City Police Department,Illegal Parking,Blocked Hydrant,,Street/Sidewalk,11214,1815 BENSON AVENUE,BENSON AVENUE,18 AVENUE,BAY   19 STREET,18 AVENUE,BAY   19 STREET,ADDRESS,BROOKLYN,BENSON AVENUE,,Closed,,The Police Department responded to the complaint and with the information available observed no evidence of the violation at that time.,06/18/2023 10:11:54 AM,11 BROOKLYN,38,Precinct 62,3063690094,BROOKLYN,982997,159639,ONLINE,Unspecified,BROOKLYN,,,,,,,,40.60484841390654,-74.00451244401724,POINT (-74.004512444017 40.604848413907)
57932541,06/18/2023 10:19:20 PM,06/18/2023 10:31:37 PM,NYPD,New York City Police Department,Noise - Street/Sidewalk,Loud Music/Party,,Street/Sidewalk,10453,1501 UNDERCLIFF AVENUE,UNDERCLIFF AVENUE,CROSS BRONX EP ET    1 D-1 C WB,WEST  174 STREET,CROSS BRONX EP ET    1 D-1 C WB,WEST  174 STREET,ADDRESS,BRONX,UNDERCLIFF AVENUE,,Closed,,The Police Department reviewed your complaint and provided additional information below.,06/18/2023 10:31:42 PM,05 BRONX,14,Precinct 46,2028800061,BRONX,1005240,247416,ONLINE,Unspecified,BRONX,,,,,,,,40.845749925937085,-73.92413470328373,POINT (-73.924134703284 40.845749925937)
57933036,06/18/2023 08:38:09 AM,06/18/2023 09:05:09 AM,NYPD,New York City Police Department,Illegal Parking,Posted Parking Sign Violation,,Street/Sidewalk,10034,SEAMAN AVENUE,SEAMAN AVENUE,SEAMAN AVENUE,WEST  214 STREET,SEAMAN AVENUE,WEST  214 STREET,INTERSECTION,,,,Closed,,The Police Department issued a summons in response to the complaint.,06/18/2023 09:05:15 AM,12 MANHATTAN,10,Precinct 34,,MANHATTAN,1006582,256620,MOBILE,Unspecified,MANHATTAN,,,,,,,,40.87100884264379,-73.91925357768065,POINT (-73.919253577681 40.871008842644)
57941775,06/19/2023 08:01:31 AM,06/20/2023 03:29:46 PM,HPD,Department of Housing Preservation and Development,HEAT/HOT WATER,ENTIRE BUILDING,NO HOT WATER,RESIDENTIAL BUILDING,10452,974 ANDERSON AVENUE,ANDERSON AVENUE,,,,,ADDRESS,BRONX,,,Closed,,"The Department of Housing Preservation and Development contacted a tenant in the building and verified that the following conditions were corrected. The complaint has been closed. If the condition still exists, please file a new complaint.",06/20/2023 12:00:00 AM,04 BRONX,08,Precinct 44,2025040072,BRONX,1004284,242293,PHONE,Unspecified,BRONX,,,,,,,,40.83169100499876,-73.92760532719244,POINT (-73.927605327192 40.831691004999)
57942999,06/19/2023 03:14:00 PM,06/23/2023 03:45:00 PM,DEP,Department of Environmental Protection,Noise,Noise: Construction Equipment (NC1),NC1,,11436,137-27 134 AVENUE,134 AVENUE,VAN WYCK EXPRESSWAY SR E,140 ST,,,ADDRESS,JAMAICA,,N/A,Closed,,"The Department of Environmental Protection (DEP) didn't observe a violation of the NYC Air or Noise Code at the time of inspection and couldn't issue a summons.  If the problem still exists, please go to nyc.gov/311 or call 311 to file a new Service Request. If you're outside of New York City, please call (212) NEW-YORK (212-639-9675).",06/23/2023 03:45:00 PM,12 QUEENS,28,Precinct 113,4120840165,QUEENS,1039662,182879,PHONE,Unspecified,QUEENS,,,,,,,,40.668463939383344,-73.80025359450072,POINT (-73.800253594501 40.668463939383)
57934134,06/18/2023 04:37:50 PM,06/18/2023 06:45:30 PM,NYPD,New York City Police Department,Illegal Parking,Blocked Hydrant,,Street/Sidewalk,11214,40 BAY   37 STREET,BAY   37 STREET,86 STREET,BENSON AVENUE,86 STREET,BENSON AVENUE,ADDRESS,BROOKLYN,BAY   37 STREET,,Closed,,The Police Department responded to the complaint and determined that police action was not necessary.,06/18/2023 06:45:33 PM,11 BROOKLYN,43,Precinct 62,3068640059,BROOKLYN,987165,157145,MOBILE,Unspecified,BROOKLYN,,,,,,,,40.59800249941266,-73.9895032516429,POINT (-73.989503251643 40.598002499413)
57940119,06/18/2023 11:58:17 PM,06/19/2023 12:03:41 AM,NYPD,New York City Police Department,Illegal Fireworks,N/A,,Street/Sidewalk,10040,190 BENNETT AVENUE,BENNETT AVENUE,WEST  189 STREET,WEST  190 STREET,WEST  189 STREET,WEST  190 STREET,ADDRESS,NEW YORK,BENNETT AVENUE,,Closed,,The Police Department responded to the complaint and determined that police action was not necessary.,06/19/2023 12:03:46 AM,12 MANHATTAN,10,Precinct 34,,MANHATTAN,1002522,251268,ONLINE,Unspecified,MANHATTAN,,,,,,,,40.85632856394759,-73.93394801612456,POINT (-73.933948016125 40.856328563948)
57937590,06/18/2023 08:46:08 PM,06/18/2023 09:00:12 PM,NYPD,New York City Police Department,Noise - Vehicle,Car/Truck Horn,,Street/Sidewalk,11238,796 CLASSON AVENUE,CLASSON AVENUE,ST JOHNS PLACE,LINCOLN PLACE,ST JOHNS PLACE,LINCOLN PLACE,ADDRESS,BROOKLYN,CLASSON AVENUE,,Closed,,The Police Department responded to the complaint and took action to fix the condition.,06/18/2023 09:00:15 PM,08 BROOKLYN,35,Precinct 77,3011770028,BROOKLYN,995133,184468,ONLINE,Unspecified,BROOKLYN,,,,,,,,40.672992107650195,-73.96076687522964,POINT (-73.96076687523 40.67299210765)
57933387,06/18/2023 03:31:40 AM,06/18/2023 04:14:48 AM,NYPD,New York City Police Department,Noise - Residential,Loud Music/Party,,Residential Building/House,11418,104-38 92 AVENUE,92 AVENUE,105 STREET,107 STREET,105 STREET,107 STREET,ADDRESS,RICHMOND HILL,92 AVENUE,,Closed,,The Police Department responded to the complaint and determined that police action was not necessary.,06/18/2023 04:14:53 AM,09 QUEENS,29,Precinct 102,4093120019,QUEENS,1028454,191413,PHONE,Unspecified,QUEENS,,,,,,,,40.69195084920274,-73.84059955256502,POINT (-73.840599552565 40.691950849203)
57939966,06/19/2023 01:32:54 AM,06/19/2023 03:02:03 AM,NYPD,New York City Police Department,Noise - Commercial,Loud Talking,,Store/Commercial,10466,4340 WHITE PLAINS ROAD,WHITE PLAINS ROAD,EAST  236 STREET,EAST  237 STREET,EAST  236 STREET,EAST  237 STREET,ADDRESS,BRONX,WHITE PLAINS ROAD,,Closed,,The Police Department responded to the complaint and took action to fix the condition.,06/19/2023 03:02:06 AM,12 BRONX,11,Precinct 47,2050430028,BRONX,1024188,266003,MOBILE,Unspecified,BRONX,,,,,,,,40.89670010784821,-73.85553922303484,POINT (-73.855539223035 40.896700107848)
57929121,06/17/2023 06:29:00 PM,06/24/2023 02:00:00 PM,DEP,Department of Environmental Protection,Noise,"Noise, Ice Cream Truck (NR4)",NR4,,11385,,,,,SENECA AVENUE,BLEECKER STREET,INTERSECTION,QUEENS,,N/A,Closed,,"The Department of Environmental Protection (DEP) didn't observe a violation of the NYC Air or Noise Code at the time of inspection and couldn't issue a summons.  If the problem still exists, please go to nyc.gov/311 or call 311 to file a new Service Request. If you're outside of New York City, please call (212) NEW-YORK (212-639-9675).",06/24/2023 02:00:00 PM,05 QUEENS,34,Precinct 104,,QUEENS,1008816,196140,ONLINE,Unspecified,QUEENS,,,,,,,,40.70500165283654,-73.91139723747871,POINT (-73.911397237479 40.705001652837)
57938265,06/18/2023 06:45:31 PM,06/18/2023 06:57:43 PM,NYPD,New York City Police Department,Noise - Street/Sidewalk,Loud Music/Party,,Street/Sidewalk,11368,55-38 97 STREET,97 STREET,55 AVENUE,57 AVENUE,55 AVENUE,57 AVENUE,ADDRESS,CORONA,97 STREET,,Closed,,The Police Department responded to the complaint and took action to fix the condition.,06/18/2023 06:57:54 PM,04 QUEENS,25,Precinct 110,4019040045,QUEENS,1021784,208316,MOBILE,Unspecified,QUEENS,,,,,,,,40.73837628667939,-73.86455741054364,POINT (-73.864557410544 40.738376286679)
57943521,06/19/2023 07:37:31 PM,06/19/2023 10:22:34 PM,DPR,Department of Parks and Recreation,Animal in a Park,Dog Off Leash,N/A,Park,10314,WESTERLEIGH PARK,WESTERLEIGH PARK,MAINE AVENUE,GARRISON AVENUE,MAINE AVENUE,GARRISON AVENUE,UNRECOGNIZED,STATEN ISLAND,WESTERLEIGH PARK,,Closed,,NYC Parks couldn't respond to your complaint because they had to devote resources to other critical services at the time. The agency will use your complaint for future planning.,06/19/2023 10:22:38 PM,01 STATEN ISLAND,50,Precinct 121,5004020001,STATEN ISLAND,946918,165194,ONLINE,Unspecified,STATEN ISLAND,,,,,,,,40.620017180615136,-74.13447478760523,POINT (-74.134474787605 40.620017180615)
57931569,06/18/2023 10:03:33 AM,06/20/2023 09:34:43 AM,DSNY,Department of Sanitation,Missed Collection,Trash,N/A,Street,11230,1322 NEWKIRK AVENUE,NEWKIRK AVENUE,ARGYLE ROAD,RUGBY ROAD,ARGYLE ROAD,RUGBY ROAD,ADDRESS,BROOKLYN,NEWKIRK AVENUE,,Closed,,The Department of Sanitation collected the requested items.,06/20/2023 07:18:40 AM,14 BROOKLYN,45,Precinct 70,3052340010,BROOKLYN,994017,170555,ONLINE,Unspecified,BROOKLYN,,,,,,,,40.634805265565916,-73.96481019442771,POINT (-73.964810194428 40.634805265566)
57942891,06/19/2023 10:55:58 AM,06/21/2023 09:27:33 AM,HPD,Department of Housing Preservation and Development,PLUMBING,TOILET,BOWL LOOSE OR WOBBLY,RESIDENTIAL BUILDING,11413,219-11 138 AVENUE,138 AVENUE,,,,,ADDRESS,SPRINGFIELD GARDENS,,,Closed,,The Department of Housing Preservation and Development inspected the following conditions. Violations were issued. Information about specific violations is available at www.nyc.gov/hpd,06/21/2023 12:00:00 AM,13 QUEENS,31,Precinct 105,4131240006,QUEENS,1052781,185002,PHONE,Unspecified,QUEENS,,,,,,,,40.67419924600127,-73.75294152229608,POINT (-73.752941522296 40.674199246001)
57939984,06/18/2023 09:31:13 PM,06/21/2023 06:39:50 AM,DOT,Department of Transportation,Street Condition,Defective Hardware,N/A,Street,10472,1601 WATSON AVENUE,WATSON AVENUE,STRATFORD AVENUE,MORRISON AVENUE,STRATFORD AVENUE,MORRISON AVENUE,ADDRESS,BRONX,WATSON AVENUE,,Closed,,"The Department of Transportation inspected the condition and issued a Corrective Action Repair (CAR) to the contractor or utility company. The responsible party has a maximum of 30 days to correct the condition. If the condition still exists, a summons will be issued. In some cases, the Department of Transportation will make the repairs and charge the responsible party for the costs.",06/21/2023 06:39:58 AM,09 BRONX,18,Precinct 43,2037440044,BRONX,1018919,240439,ONLINE,Unspecified,BRONX,,,,,,,,40.826556987549715,-73.87473006744769,POINT (-73.874730067448 40.82655698755)
57931947,06/18/2023 11:09:19 AM,06/18/2023 11:22:58 AM,NYPD,New York City Police Department,Illegal Parking,Commercial Overnight Parking,,Street/Sidewalk,11236,8607 FLATLANDS AVENUE,FLATLANDS AVENUE,EAST   86 STREET,EAST   87 STREET,EAST   86 STREET,EAST   87 STREET,ADDRESS,BROOKLYN,FLATLANDS AVENUE,,Closed,,The Police Department responded to the complaint and determined that police action was not necessary.,06/18/2023 11:23:06 AM,18 BROOKLYN,46,Precinct 69,3080070007,BROOKLYN,1009574,171893,MOBILE,Unspecified,BROOKLYN,,,,,,,,40.6384469733086,-73.90875443770831,POINT (-73.908754437708 40.638446973309)
57939372,06/18/2023 08:40:52 PM,06/18/2023 09:02:32 PM,NYPD,New York City Police Department,Noise - Street/Sidewalk,Loud Music/Party,,Street/Sidewalk,10031,715 RIVERSIDE DRIVE,RIVERSIDE DRIVE,WEST  148 STREET,WEST  149 STREET,WEST  148 STREET,WEST  149 STREET,ADDRESS,NEW YORK,RIVERSIDE DRIVE,,Closed,,The Police Department responded to the complaint and with the information available observed no evidence of the violation at that time.,06/18/2023 09:02:36 PM,09 MANHATTAN,07,Precinct 30,1020950046,MANHATTAN,998055,241464,ONLINE,Unspecified,MANHATTAN,,,,,,,,40.8294275711348,-73.95011608261902,POINT (-73.950116082619 40.829427571135)
57943656,06/19/2023 11:34:53 AM,06/19/2023 12:34:38 PM,NYPD,New York City Police Department,Abandoned Vehicle,With License Plate,,Street/Sidewalk,11211,638 LORIMER STREET,LORIMER STREET,SKILLMAN AVENUE,JACKSON STREET,SKILLMAN AVENUE,JACKSON STREET,ADDRESS,BROOKLYN,LORIMER STREET,,Closed,,The Police Department responded to the complaint and determined that police action was not necessary.,06/19/2023 12:34:44 PM,01 BROOKLYN,34,Precinct 94,3027470007,BROOKLYN,998203,200131,PHONE,Unspecified,BROOKLYN,,,,,,,,40.71597909841901,-73.94966710837971,POINT (-73.94966710838 40.715979098419)
57940551,06/18/2023 08:36:10 PM,06/18/2023 08:54:55 PM,NYPD,New York City Police Department,Noise - Street/Sidewalk,Loud Music/Party,,Street/Sidewalk,10460,765 EAST  175 STREET,EAST  175 STREET,PROSPECT AVENUE,MARMION AVENUE,PROSPECT AVENUE,MARMION AVENUE,ADDRESS,BRONX,EAST  175 STREET,,Closed,,The Police Department responded to the complaint and took action to fix the condition.,06/18/2023 08:55:00 PM,06 BRONX,15,Precinct 48,2029530001,BRONX,1014375,245872,ONLINE,Unspecified,BRONX,,,,,,,,40.84148566126227,-73.89112454175404,POINT (-73.891124541754 40.841485661262)
57931191,06/17/2023 07:32:03 PM,06/20/2023 09:43:23 AM,DPR,Department of Parks and Recreation,Dead/Dying Tree,Planted More Than 2 Years Ago,N/A,Street,10452,134 WEST  166 STREET,WEST  166 STREET,NELSON AVENUE,OGDEN AVENUE,NELSON AVENUE,OGDEN AVENUE,ADDRESS,BRONX,WEST  166 STREET,,Closed,,"NYC Parks created a work order for the tree condition.  Please note that addressing this work can take up to a year or more depending on the higher priority work identified during this period and resources available to address this work.    NYC Parks work priority categories range from Category A through D, with A being the most critical and time-sensitive. We will complete all work in Category A first and address work in lower priority categories in accordance with available resources. For more information about the Tree Risk Management Program, visit the NYC Urban Forest page on the NYC Parks website at nyc.gov/parks/trees.   Alternatively, you may choose complete the work yourself by hiring an independent contractor. The contractor must complete a Tree Work Permit application on the NYC Parks website at nyc.gov/parks/trees.",06/20/2023 09:43:32 AM,04 BRONX,16,Precinct 44,2025140015,BRONX,1004324,243673,ONLINE,Unspecified,BRONX,,,,,,,,40.83547861522363,-73.9274566538739,POINT (-73.927456653874 40.835478615224)
57933765,06/18/2023 05:13:18 AM,06/18/2023 06:13:12 AM,NYPD,New York City Police Department,Noise - Street/Sidewalk,Loud Music/Party,,Street/Sidewalk,10458,2407 BEAUMONT AVENUE,BEAUMONT AVENUE,EAST  187 STREET,EAST  188 STREET,EAST  187 STREET,EAST  188 STREET,ADDRESS,BRONX,BEAUMONT AVENUE,,Closed,,The Police Department responded to the complaint and took action to fix the condition.,06/18/2023 06:13:16 AM,06 BRONX,15,Precinct 48,2030900025,BRONX,1016251,250596,ONLINE,Unspecified,BRONX,,,,,,,,40.854445037703464,-73.88432190827913,POINT (-73.884321908279 40.854445037703)
57941289,06/19/2023 11:59:53 PM,06/20/2023 12:49:01 AM,NYPD,New York City Police Department,Noise - Commercial,Loud Music/Party,,Club/Bar/Restaurant,11103,28-04 STEINWAY STREET,STEINWAY STREET,28 AVENUE,30 AVENUE,28 AVENUE,30 AVENUE,ADDRESS,ASTORIA,STEINWAY STREET,,Closed,,The Police Department responded to the complaint and took action to fix the condition.,06/20/2023 12:49:10 AM,01 QUEENS,22,Precinct 114,4006620022,QUEENS,1008099,218087,ONLINE,Unspecified,QUEENS,,,,,,,,40.76524268642405,-73.91390545750168,POINT (-73.913905457502 40.765242686424)
57947391,06/19/2023 11:11:48 PM,06/20/2023 01:11:49 AM,NYPD,New York City Police Department,Illegal Parking,Posted Parking Sign Violation,,Street/Sidewalk,10301,115 STUYVESANT PLACE,STUYVESANT PLACE,WALL STREET,SCHUYLER STREET,WALL STREET,SCHUYLER STREET,ADDRESS,STATEN ISLAND,STUYVESANT PLACE,,Closed,,The Police Department responded and upon arrival those responsible for the condition were gone.,06/20/2023 01:11:52 AM,01 STATEN ISLAND,49,Precinct 120,5000070050,STATEN ISLAND,962828,173672,PHONE,Unspecified,STATEN ISLAND,,,,,,,,40.643340241873794,-74.07719182120226,POINT (-74.077191821202 40.643340241874)
57946680,06/19/2023 04:11:55 AM,06/19/2023 04:42:42 AM,NYPD,New York City Police Department,Noise - Residential,Loud Music/Party,,Residential Building/House,11207,1014 HALSEY STREET,HALSEY STREET,BROADWAY,BUSHWICK AVENUE,BROADWAY,BUSHWICK AVENUE,ADDRESS,BROOKLYN,HALSEY STREET,,Closed,,The Police Department responded to the complaint and with the information available observed no evidence of the violation at that time.,06/19/2023 04:42:45 AM,04 BROOKLYN,37,Precinct 83,3034080029,BROOKLYN,1008017,189451,ONLINE,Unspecified,BROOKLYN,,,,,,,,40.68664409211151,-73.91430260958248,POINT (-73.914302609582 40.686644092112)
57941145,06/19/2023 03:56:00 PM,07/05/2023 07:45:00 AM,DEP,Department of Environmental Protection,Noise,Noise: Construction Equipment (NC1),NC1,,11201,28 FRONT STREET,FRONT STREET,DOCK ST,YORK ST,,,ADDRESS,BROOKLYN,,N/A,Closed,,"The Department of Environmental Protection (DEP) didn't observe a violation of the NYC Air or Noise Code at the time of inspection and couldn't issue a summons.  If the problem still exists, please go to nyc.gov/311 or call 311 to file a new Service Request. If you're outside of New York City, please call (212) NEW-YORK (212-639-9675).",07/05/2023 07:45:00 AM,02 BROOKLYN,33,Precinct 84,,BROOKLYN,986420,195249,ONLINE,Unspecified,BROOKLYN,,,,,,,,40.70258990211608,-73.99217369508904,POINT (-73.992173695089 40.702589902116)
57943476,06/19/2023 02:32:30 AM,06/19/2023 02:46:28 AM,NYPD,New York City Police Department,Noise - Residential,Loud Talking,,Residential Building/House,11208,252 RIDGEWOOD AVENUE,RIDGEWOOD AVENUE,NORWOOD AVENUE,LOGAN STREET,NORWOOD AVENUE,LOGAN STREET,ADDRESS,BROOKLYN,RIDGEWOOD AVENUE,,Closed,,The Police Department responded to the complaint and took action to fix the condition.,06/19/2023 02:46:35 AM,05 BROOKLYN,37,Precinct 75,3041250011,BROOKLYN,1017746,188421,MOBILE,Unspecified,BROOKLYN,,,,,,,,40.683785508441304,-73.87922761860074,POINT (-73.879227618601 40.683785508441)
57935556,06/18/2023 03:47:25 AM,08/23/2023 08:31:46 AM,TLC,Taxi and Limousine Commission,Taxi Complaint,Driver Complaint - Non Passenger,Unsafe Driving - Non-Passenger,Street,10007,BROADWAY,BROADWAY,BROADWAY,CHAMBERS STREET,BROADWAY,CHAMBERS STREET,INTERSECTION,,,,Closed,,"Based on the information provided by the customer, the Taxi and Limousine Commission has determined that a hearing is not necessary or not possible.",08/23/2023 08:31:50 AM,01 MANHATTAN,01,Precinct 1,,MANHATTAN,982501,199466,PHONE,Unspecified,MANHATTAN,,,"BROADWAY AND CHAMBERS STREET, MANHATTAN, NY, 10007",,,,,40.71416466233701,-74.0063090250317,POINT (-74.006309025032 40.714164662337)
57939831,06/19/2023 12:30:35 AM,06/19/2023 01:13:39 AM,NYPD,New York City Police Department,Illegal Parking,Blocked Hydrant,,Street/Sidewalk,10472,1329 COMMONWEALTH AVENUE,COMMONWEALTH AVENUE,EAST  172 STREET,EAST  174 STREET,EAST  172 STREET,EAST  174 STREET,ADDRESS,BRONX,COMMONWEALTH AVENUE,,Closed,,The Police Department issued a summons in response to the complaint.,06/19/2023 01:13:42 AM,09 BRONX,18,Precinct 43,2038740063,BRONX,1020596,242945,ONLINE,Unspecified,BRONX,,,,,,,,40.83342849023004,-73.86865697421297,POINT (-73.868656974213 40.83342849023)
57942333,06/19/2023 03:54:25 AM,06/19/2023 04:14:13 AM,NYPD,New York City Police Department,Noise - Street/Sidewalk,Loud Music/Party,,Street/Sidewalk,10034,251 DYCKMAN STREET,DYCKMAN STREET,SEAMAN AVENUE,PAYSON AVENUE,SEAMAN AVENUE,PAYSON AVENUE,ADDRESS,NEW YORK,DYCKMAN STREET,,Closed,,The Police Department responded to the complaint and took action to fix the condition.,06/19/2023 04:14:21 AM,12 MANHATTAN,10,Precinct 34,1022470056,MANHATTAN,1004072,254951,ONLINE,Unspecified,MANHATTAN,,,,,,,,40.86643394166972,-73.92833398605853,POINT (-73.928333986059 40.86643394167)
57942243,06/19/2023 04:21:07 PM,06/19/2023 05:20:59 PM,NYPD,New York City Police Department,Blocked Driveway,No Access,,Street/Sidewalk,11208,86 LOGAN STREET,LOGAN STREET,ETNA STREET,RIDGEWOOD AVENUE,ETNA STREET,RIDGEWOOD AVENUE,ADDRESS,BROOKLYN,LOGAN STREET,,Closed,,The Police Department responded and upon arrival those responsible for the condition were gone.,06/19/2023 05:21:02 PM,05 BROOKLYN,37,Precinct 75,3041130041,BROOKLYN,1017939,188733,ONLINE,Unspecified,BROOKLYN,,,,,,,,40.68464114394409,-73.87853018334106,POINT (-73.878530183341 40.684641143944)
57951000,06/20/2023 09:16:58 AM,06/21/2023 11:36:09 AM,DOT,Department of Transportation,Curb Condition,Defacement,N/A,Curb,11368,55-14 96 STREET,96 STREET,55 AVENUE,57 AVENUE,55 AVENUE,57 AVENUE,ADDRESS,CORONA,96 STREET,,Closed,,The Department of Transportation inspected the condition you reported and issued a notice to the responsible party to correct the condition.,06/21/2023 11:36:15 AM,04 QUEENS,25,Precinct 110,4019030037,QUEENS,1021558,208165,UNKNOWN,Unspecified,QUEENS,,,,,,,,40.73796278581437,-73.86537377460843,POINT (-73.865373774608 40.737962785814)
57937320,06/18/2023 04:58:34 AM,06/27/2023 05:47:15 PM,HPD,Department of Housing Preservation and Development,UNSANITARY CONDITION,PESTS,ROACHES,RESIDENTIAL BUILDING,10452,974 ANDERSON AVENUE,ANDERSON AVENUE,,,,,ADDRESS,BRONX,,,Closed,,The Department of Housing Preservation and Development inspected the following conditions. No violations were issued. The complaint has been closed.,06/27/2023 12:00:00 AM,04 BRONX,16,Precinct 44,2025040072,BRONX,1004284,242293,PHONE,Unspecified,BRONX,,,,,,,,40.83169100499876,-73.92760532719244,POINT (-73.927605327192 40.831691004999)
57952242,06/20/2023 12:35:00 AM,06/20/2023 11:45:00 PM,DEP,Department of Environmental Protection,Noise,Noise:  lawn care equipment (NCL),NLC,,11373,88-01 QUEENS BOULEVARD,QUEENS BOULEVARD,55 RD,56 AVE,,,ADDRESS,ELMHURST,,N/A,Closed,,"The Department of Environmental Protection (DEP) didn't observe a violation of the NYC Air or Noise Code at the time of inspection and couldn't issue a summons.  If the problem still exists, please go to nyc.gov/311 or call 311 to file a new Service Request. If you're outside of New York City, please call (212) NEW-YORK (212-639-9675).",06/20/2023 11:45:00 PM,04 QUEENS,25,Precinct 110,4018437501,QUEENS,1018813,207136,ONLINE,Unspecified,QUEENS,,,,,,,,40.735149591323975,-73.87528440236768,POINT (-73.875284402368 40.735149591324)
57947265,06/19/2023 06:29:00 PM,06/19/2023 07:00:00 PM,DEP,Department of Environmental Protection,Air Quality,"Air: Smoke, Vehicular (AA4)",AA4,,11366,78-15 PARSONS BOULEVARD,PARSONS BOULEVARD,78 AVE,78 RD,,,ADDRESS,FRESH MEADOWS,,N/A,Closed,,The Department of Environmental Protection will keep the location under observation for idling commercial vehicles.Â Summonses will be issued when warranted.,06/19/2023 07:00:00 PM,08 QUEENS,24,Precinct 107,4068290001,QUEENS,1037000,202363,ONLINE,Unspecified,QUEENS,,,,,,,,40.72195913199264,-73.80969682426189,POINT (-73.809696824262 40.721959131993)
57937545,06/18/2023 11:28:43 AM,06/18/2023 11:31:51 AM,NYPD,New York City Police Department,Illegal Parking,Posted Parking Sign Violation,,Street/Sidewalk,11366,78-15 PARSONS BOULEVARD,PARSONS BOULEVARD,78 AVENUE,78 ROAD,78 AVENUE,78 ROAD,ADDRESS,FRESH MEADOWS,PARSONS BOULEVARD,,Closed,,The Police Department responded to the complaint and with the information available observed no evidence of the violation at that time.,06/18/2023 11:31:56 AM,08 QUEENS,24,Precinct 107,4068290001,QUEENS,1037000,202363,ONLINE,Unspecified,QUEENS,,,,,,,,40.72195913199264,-73.80969682426189,POINT (-73.809696824262 40.721959131993)
57945339,06/19/2023 12:49:39 PM,06/19/2023 02:20:06 PM,NYPD,New York City Police Department,Illegal Parking,Blocked Crosswalk,,Street/Sidewalk,11239,526 SCHROEDERS AVENUE,SCHROEDERS AVENUE,ELTON STREET,ESSEX STREET,ELTON STREET,ESSEX STREET,ADDRESS,BROOKLYN,SCHROEDERS AVENUE,,Closed,,The Police Department responded to the complaint and with the information available observed no evidence of the violation at that time.,06/19/2023 02:20:16 PM,05 BROOKLYN,42,Precinct 75,3044527505,BROOKLYN,1019630,177965,ONLINE,Unspecified,BROOKLYN,,,,,,,,40.655078823851085,-73.87248959993701,POINT (-73.872489599937 40.655078823851)
57936375,06/18/2023 08:53:40 AM,06/18/2023 03:32:46 PM,NYPD,New York City Police Department,Illegal Parking,Blocked Hydrant,,Street/Sidewalk,10453,137 WEST TREMONT AVENUE,WEST TREMONT AVENUE,HARRISON AVENUE,UNIVERSITY AVENUE,HARRISON AVENUE,UNIVERSITY AVENUE,ADDRESS,BRONX,WEST TREMONT AVENUE,,Closed,,The Police Department responded to the complaint and took action to fix the condition.,06/18/2023 03:32:50 PM,05 BRONX,14,Precinct 46,2028680081,BRONX,1007950,248976,MOBILE,Unspecified,BRONX,,,,,,,,40.85002480608151,-73.91433429495969,POINT (-73.91433429496 40.850024806082)
57943215,06/19/2023 12:50:42 PM,06/19/2023 01:17:59 PM,NYPD,New York City Police Department,Blocked Driveway,No Access,,Street/Sidewalk,10303,59 LAKE AVENUE,LAKE AVENUE,RICHMOND TERRACE,STATEN ISLAND RAILWAY LINE,RICHMOND TERRACE,STATEN ISLAND RAILWAY LINE,ADDRESS,STATEN ISLAND,LAKE AVENUE,,Closed,,The Police Department responded and upon arrival those responsible for the condition were gone.,06/19/2023 01:18:05 PM,01 STATEN ISLAND,49,Precinct 121,5011590025,STATEN ISLAND,942445,170837,MOBILE,Unspecified,STATEN ISLAND,,,,,,,,40.6354860285306,-74.15062204511011,POINT (-74.15062204511 40.635486028531)
57935664,06/18/2023 01:42:47 PM,06/18/2023 05:27:21 PM,NYPD,New York City Police Department,Abandoned Vehicle,With License Plate,,Street/Sidewalk,11413,224-04 145 ROAD,145 ROAD,224 STREET,225 STREET,224 STREET,225 STREET,ADDRESS,SPRINGFIELD GARDENS,145 ROAD,,Closed,,The Police Department issued a summons in response to the complaint.,06/18/2023 05:27:25 PM,13 QUEENS,31,Precinct 105,4134720031,QUEENS,1052149,180648,ONLINE,Unspecified,QUEENS,,,,,,,,40.66225340316086,-73.75526376319104,POINT (-73.755263763191 40.662253403161)
57946725,06/19/2023 02:15:27 AM,06/19/2023 03:25:44 AM,NYPD,New York City Police Department,Noise - Street/Sidewalk,Loud Music/Party,,Street/Sidewalk,10468,2324 WALTON AVENUE,WALTON AVENUE,EAST  183 STREET,EAST  184 STREET,EAST  183 STREET,EAST  184 STREET,ADDRESS,BRONX,WALTON AVENUE,,Closed,,The Police Department responded to the complaint and took action to fix the condition.,06/19/2023 03:25:50 AM,05 BRONX,14,Precinct 46,2031830013,BRONX,1011279,252313,ONLINE,Unspecified,BRONX,,,,,,,,40.859174307480025,-73.90228789050697,POINT (-73.902287890507 40.85917430748)
57946113,06/19/2023 10:12:02 PM,06/20/2023 12:03:12 AM,DSNY,Department of Sanitation,Vendor Enforcement,Food Vendor,Unlicensed,Street,11102,25-06 31 STREET,31 STREET,HOYT AVENUE SOUTH,ASTORIA BOULEVARD,HOYT AVENUE SOUTH,ASTORIA BOULEVARD,ADDRESS,ASTORIA,31 STREET,,Closed,,N/A,06/20/2023 12:03:36 AM,01 QUEENS,22,Precinct 114,4008380108,QUEENS,1007006,219921,PHONE,Unspecified,QUEENS,,,,,,,,40.77027941935558,-73.9178449598229,POINT (-73.917844959823 40.770279419356)
57951711,06/20/2023 07:03:23 PM,06/20/2023 09:02:26 PM,DSNY,Department of Sanitation,Vendor Enforcement,Food Vendor,Unlicensed,Street,11372,81-20 NORTHERN BOULEVARD,NORTHERN BOULEVARD,81 STREET,82 STREET,81 STREET,82 STREET,ADDRESS,JACKSON HEIGHTS,NORTHERN BOULEVARD,,Closed,,N/A,06/20/2023 09:02:30 PM,03 QUEENS,25,Precinct 115,4012540006,QUEENS,1015827,214539,PHONE,Unspecified,QUEENS,,,,,,,,40.755480119349905,-73.88602418296742,POINT (-73.886024182967 40.75548011935)
57936789,06/18/2023 04:27:42 PM,06/18/2023 04:35:43 PM,NYPD,New York City Police Department,Drug Activity,Use Outside,,Street/Sidewalk,11366,78-15 PARSONS BOULEVARD,PARSONS BOULEVARD,78 AVENUE,78 ROAD,78 AVENUE,78 ROAD,ADDRESS,FRESH MEADOWS,PARSONS BOULEVARD,,Closed,,The Police Department responded to the complaint and determined that police action was not necessary.,06/18/2023 04:35:47 PM,08 QUEENS,24,Precinct 107,4068290001,QUEENS,1037000,202363,ONLINE,Unspecified,QUEENS,,,,,,,,40.72195913199264,-73.80969682426189,POINT (-73.809696824262 40.721959131993)
57944169,06/19/2023 10:13:15 AM,06/19/2023 10:17:04 AM,NYPD,New York City Police Department,Illegal Parking,Posted Parking Sign Violation,,Street/Sidewalk,10001,1313 BROADWAY,BROADWAY,WEST   34 STREET,WEST   35 STREET,WEST   34 STREET,WEST   35 STREET,ADDRESS,NEW YORK,BROADWAY,,Closed,,The Police Department responded to the complaint and determined that police action was not necessary.,06/19/2023 10:17:09 AM,05 MANHATTAN,03,Precinct 14,1008100040,MANHATTAN,987596,212514,ONLINE,Unspecified,MANHATTAN,,,,,,,,40.74997775968308,-73.98792375849172,POINT (-73.987923758492 40.749977759683)
57947418,06/19/2023 11:52:04 AM,06/19/2023 01:24:08 PM,NYPD,New York City Police Department,Illegal Parking,Blocked Hydrant,,Street/Sidewalk,10468,2849 WEBB AVENUE,WEBB AVENUE,WEST  197 STREET,RESERVOIR AVENUE,WEST  197 STREET,RESERVOIR AVENUE,ADDRESS,BRONX,WEBB AVENUE,,Closed,,The Police Department responded to the complaint and with the information available observed no evidence of the violation at that time.,06/19/2023 01:24:12 PM,08 BRONX,14,Precinct 50,2032500036,BRONX,1011718,257438,MOBILE,Unspecified,BRONX,,,,,,,,40.873239511871404,-73.90067986315618,POINT (-73.900679863156 40.873239511871)
57947742,06/19/2023 08:09:16 PM,06/19/2023 08:28:07 PM,NYPD,New York City Police Department,Noise - Street/Sidewalk,Loud Music/Party,,Street/Sidewalk,11207,589 SUTTER AVENUE,SUTTER AVENUE,ALABAMA AVENUE,GEORGIA AVENUE,ALABAMA AVENUE,GEORGIA AVENUE,ADDRESS,BROOKLYN,SUTTER AVENUE,,Closed,,The Police Department responded to the complaint and with the information available observed no evidence of the violation at that time.,06/19/2023 08:28:12 PM,05 BROOKLYN,42,Precinct 75,3037520036,BROOKLYN,1012756,183057,ONLINE,Unspecified,BROOKLYN,,,,,,,,40.66908002576468,-73.89724211360704,POINT (-73.897242113607 40.669080025765)
57936807,06/18/2023 09:59:29 PM,06/18/2023 10:10:49 PM,NYPD,New York City Police Department,Noise - Residential,Loud Music/Party,,Residential Building/House,11235,2916 BRIGHTON    3 STREET,BRIGHTON    3 STREET,NEPTUNE AVENUE,BRIGHTON    2 PLACE,NEPTUNE AVENUE,BRIGHTON    2 PLACE,ADDRESS,BROOKLYN,BRIGHTON    3 STREET,,Closed,,The Police Department responded to the complaint and took action to fix the condition.,06/18/2023 10:10:53 PM,13 BROOKLYN,48,Precinct 60,3086620110,BROOKLYN,993858,150712,ONLINE,Unspecified,BROOKLYN,,,,,,,,40.58034047229148,-73.96541128979334,POINT (-73.965411289793 40.580340472291)
57947967,06/19/2023 07:17:07 PM,10/24/2024 01:59:39 PM,EDC,Economic Development Corporation,Noise - Helicopter,News Gathering,Flying Too Low,Above Address,11201,403 HENRY STREET,HENRY STREET,WARREN STREET,BALTIC STREET,WARREN STREET,BALTIC STREET,ADDRESS,BROOKLYN,HENRY STREET,,Closed,,"The New York City Economic Development Corporation determined that this issue is not within its jurisdiction because the helicopter did not belong to a tour company departing from a NYC heliport.Â  Instead, it was most likely a law enforcement or news gathering helicopter not subject to the routing protocols established for tour helicopters. It may also have been a helicopter that departed as a charter or tour from another City but flew over NYC airspace. Helicopter tours originating from outside NYC are not subject to the same City regulations as tours departing from heliports managed by NYCEDC. Any City regulation of these flights is pre-empted by federal law and subject only to the jurisdiction of the Federal Aviation Administration. To file a complaint with the FAA, you can contact the New York Flight Standards District Office at the following web address:Â https://www.faa.gov/about/office_org/field_offices/fsdo/",10/24/2024 01:59:41 PM,06 BROOKLYN,39,Precinct 76,3003060050,BROOKLYN,984886,189815,ONLINE,Unspecified,BROOKLYN,,,,,,,,40.68767507589175,-73.99770672048088,POINT (-73.997706720481 40.687675075892)
57936852,06/18/2023 11:10:05 PM,06/19/2023 01:41:35 AM,NYPD,New York City Police Department,Noise - Residential,Banging/Pounding,,Residential Building/House,10455,454 EAST  148 STREET,EAST  148 STREET,BERGEN AVENUE,BROOK AVENUE,BERGEN AVENUE,BROOK AVENUE,ADDRESS,BRONX,EAST  148 STREET,,Closed,,The Police Department responded to the complaint and took action to fix the condition.,06/19/2023 01:41:38 AM,01 BRONX,08,Precinct 40,2022920037,BRONX,1007336,236097,PHONE,Unspecified,BRONX,,,,,,,,40.81467729817504,-73.91659797261006,POINT (-73.91659797261 40.814677298175)
57947310,06/19/2023 03:13:34 AM,06/19/2023 05:57:03 AM,NYPD,New York City Police Department,Illegal Parking,Blocked Hydrant,,Street/Sidewalk,11204,1464 WEST    5 STREET,WEST    5 STREET,65 STREET,AVENUE O,65 STREET,AVENUE O,ADDRESS,BROOKLYN,WEST    5 STREET,,Closed,,The Police Department responded to the complaint and determined that police action was not necessary.,06/19/2023 05:57:08 AM,11 BROOKLYN,43,Precinct 62,3065790038,BROOKLYN,989987,162067,MOBILE,Unspecified,BROOKLYN,,,,,,,,40.611511007888105,-73.97933721048216,POINT (-73.979337210482 40.611511007888)
57949299,06/19/2023 06:37:12 PM,10/24/2024 01:59:26 PM,EDC,Economic Development Corporation,Noise - Helicopter,Other,Hovering,Above Address,10025,214 WEST  102 STREET,WEST  102 STREET,AMSTERDAM AVENUE,BROADWAY,AMSTERDAM AVENUE,BROADWAY,ADDRESS,NEW YORK,WEST  102 STREET,,Closed,,"The New York City Economic Development Corporation determined that this issue is not within its jurisdiction because the helicopter did not belong to a tour company departing from a NYC heliport.Â  Instead, it was most likely a law enforcement or news gathering helicopter not subject to the routing protocols established for tour helicopters. It may also have been a helicopter that departed as a charter or tour from another City but flew over NYC airspace. Helicopter tours originating from outside NYC are not subject to the same City regulations as tours departing from heliports managed by NYCEDC. Any City regulation of these flights is pre-empted by federal law and subject only to the jurisdiction of the Federal Aviation Administration. To file a complaint with the FAA, you can contact the New York Flight Standards District Office at the following web address:Â https://www.faa.gov/about/office_org/field_offices/fsdo/",10/24/2024 01:59:30 PM,07 MANHATTAN,07,Precinct 24,1018730041,MANHATTAN,993042,230062,ONLINE,Unspecified,MANHATTAN,,,,,,,,40.798138679135754,-73.96824532821826,POINT (-73.968245328218 40.798138679136)
57939867,06/18/2023 04:16:25 AM,06/18/2023 04:38:32 AM,NYPD,New York City Police Department,Illegal Parking,Posted Parking Sign Violation,,Street/Sidewalk,11368,108-51 37 DRIVE,37 DRIVE,108 STREET,DEAD END,108 STREET,DEAD END,ADDRESS,CORONA,37 DRIVE,,Closed,,The Police Department issued a summons in response to the complaint.,06/18/2023 04:38:39 AM,03 QUEENS,21,Precinct 115,4017770024,QUEENS,1023151,213734,MOBILE,Unspecified,QUEENS,,,,,,,,40.75324141228486,-73.85959321977009,POINT (-73.85959321977 40.753241412285)
57951468,06/20/2023 02:20:00 PM,06/22/2023 10:54:00 AM,DSNY,Department of Sanitation,Derelict Vehicles,Derelict Vehicles,,Street,11433,112-01 159 STREET,159 STREET,111 AVENUE,MEYER AVENUE,,,ADDRESS,JAMAICA,,,Closed,,"The Department of Sanitation (DSNY) tagged the vehicle to confirm it was abandoned. When DSNY returned, the vehicle wasn't in the same exact location. This indicated that the vehicle wasn't abandoned. DSNY closed your Service Request. No further action will be taken.",06/22/2023 12:00:00 PM,12 QUEENS,28,Precinct 113,4121780017,QUEENS,1042694,190311,PHONE,Unspecified,QUEENS,,,,,,,,40.68884354204566,-73.78925958148895,POINT (-73.789259581489 40.688843542046)
57944637,06/19/2023 08:44:20 PM,06/22/2023 04:15:23 PM,HPD,Department of Housing Preservation and Development,GENERAL,BELL/BUZZER/INTERCOM,BROKEN OR MISSING,RESIDENTIAL BUILDING,10451,514 EAST  163 STREET,EAST  163 STREET,,,,,ADDRESS,BRONX,,,Closed,,"The Department of Housing Preservation and Development contacted an occupant of the apartment and verified that the following conditions were corrected. The complaint has been closed. If the condition still exists, please file a new complaint.",06/22/2023 12:00:00 AM,03 BRONX,17,Precinct 42,2023670020,BRONX,1009383,239574,ONLINE,Unspecified,BRONX,,,,,,,,40.824215092110634,-73.9091898266397,POINT (-73.90918982664 40.824215092111)
57937401,06/18/2023 06:25:27 PM,06/18/2023 09:39:59 PM,NYPD,New York City Police Department,Illegal Parking,Blocked Crosswalk,,Street/Sidewalk,11209,7701 5 AVENUE,5 AVENUE,77 STREET,78 STREET,77 STREET,78 STREET,ADDRESS,BROOKLYN,5 AVENUE,,Closed,,The Police Department responded and upon arrival those responsible for the condition were gone.,06/18/2023 09:40:04 PM,10 BROOKLYN,47,Precinct 68,3059620010,BROOKLYN,977784,168023,MOBILE,Unspecified,BROOKLYN,,,,,,,,40.62785848596538,-74.02329411240056,POINT (-74.023294112401 40.627858485965)
57937293,06/18/2023 06:47:38 PM,06/18/2023 07:35:01 PM,NYPD,New York City Police Department,Noise - Street/Sidewalk,Loud Music/Party,,Street/Sidewalk,11435,138-42 90 AVENUE,90 AVENUE,138 PLACE,139 STREET,138 PLACE,139 STREET,ADDRESS,JAMAICA,90 AVENUE,,Closed,,The Police Department responded to the complaint and took action to fix the condition.,06/18/2023 07:35:04 PM,12 QUEENS,24,Precinct 103,4099780006,QUEENS,1036070,194826,PHONE,Unspecified,QUEENS,,,,,,,,40.7012774032881,-73.81310993403221,POINT (-73.813109934032 40.701277403288)
57936150,06/18/2023 08:52:28 PM,06/18/2023 08:54:53 PM,NYPD,New York City Police Department,Noise - Street/Sidewalk,Loud Music/Party,,Street/Sidewalk,10034,237 DYCKMAN STREET,DYCKMAN STREET,BROADWAY,SEAMAN AVENUE,BROADWAY,SEAMAN AVENUE,ADDRESS,NEW YORK,DYCKMAN STREET,,Closed,,The Police Department responded to the complaint and determined that police action was not necessary.,06/18/2023 08:54:57 PM,12 MANHATTAN,10,Precinct 34,1022370008,MANHATTAN,1004199,254815,MOBILE,Unspecified,MANHATTAN,,,,,,,,40.86606037701009,-73.9278752253558,POINT (-73.927875225356 40.86606037701)
57946626,06/19/2023 10:09:13 PM,06/19/2023 10:30:53 PM,NYPD,New York City Police Department,Noise - Commercial,Loud Music/Party,,Store/Commercial,10468,2497 JEROME AVENUE,JEROME AVENUE,EAST FORDHAM ROAD,EAST  190 STREET,EAST FORDHAM ROAD,EAST  190 STREET,ADDRESS,BRONX,JEROME AVENUE,,Closed,,The Police Department issued a summons in response to the complaint.,06/19/2023 10:30:58 PM,07 BRONX,14,Precinct 52,2032000016,BRONX,1011792,253928,MOBILE,Unspecified,BRONX,,,,,,,,40.86360540738985,-73.90042671735782,POINT (-73.900426717358 40.86360540739)
57950541,06/20/2023 03:54:41 PM,06/20/2023 04:00:33 PM,NYPD,New York City Police Department,Non-Emergency Police Matter,Other (complaint details),,Street/Sidewalk,11375,99-47 67 ROAD,67 ROAD,AUSTIN STREET,BOOTH STREET,AUSTIN STREET,BOOTH STREET,ADDRESS,FOREST HILLS,67 ROAD,,Closed,,The Police Department responded to the complaint and determined that police action was not necessary.,06/20/2023 04:00:39 PM,06 QUEENS,29,Precinct 112,,QUEENS,1024702,203269,ONLINE,Unspecified,QUEENS,,,,,,,,40.724510663081126,-73.85405807950359,POINT (-73.854058079504 40.724510663081)
57940083,06/18/2023 11:56:00 AM,06/20/2023 11:34:00 AM,DSNY,Department of Sanitation,Electronics Waste Appointment,Ewaste appointment,,Sidewalk,10304,52 QUINN STREET,QUINN STREET,TOMPKINS STREET,HARRISON STREET,,,ADDRESS,STATEN ISLAND,,,Closed,,The Department of Sanitation collected the E-waste.,06/20/2023 11:34:00 AM,01 STATEN ISLAND,49,Precinct 120,5005330019,STATEN ISLAND,962587,166605,PHONE,Unspecified,STATEN ISLAND,,,,,,,,40.623942247657205,-74.07803755165955,POINT (-74.07803755166 40.623942247657)
57937716,06/18/2023 11:33:38 AM,06/18/2023 11:34:23 AM,NYPD,New York City Police Department,Drug Activity,Use Outside,,Street/Sidewalk,11366,78-15 PARSONS BOULEVARD,PARSONS BOULEVARD,78 AVENUE,78 ROAD,78 AVENUE,78 ROAD,ADDRESS,FRESH MEADOWS,PARSONS BOULEVARD,,Closed,,The Police Department responded to the complaint and with the information available observed no evidence of the violation at that time.,06/18/2023 11:34:26 AM,08 QUEENS,24,Precinct 107,4068290001,QUEENS,1037000,202363,ONLINE,Unspecified,QUEENS,,,,,,,,40.72195913199264,-73.80969682426189,POINT (-73.809696824262 40.721959131993)
57942450,06/19/2023 05:20:25 PM,06/19/2023 06:16:58 PM,NYPD,New York City Police Department,Noise - Residential,Loud Talking,,Residential Building/House,11225,317 LEFFERTS AVENUE,LEFFERTS AVENUE,NOSTRAND AVENUE,NEW YORK AVENUE,NOSTRAND AVENUE,NEW YORK AVENUE,ADDRESS,BROOKLYN,LEFFERTS AVENUE,,Closed,,The Police Department responded to the complaint and took action to fix the condition.,06/19/2023 06:17:03 PM,09 BROOKLYN,40,Precinct 71,3013210001,BROOKLYN,997926,180598,ONLINE,Unspecified,BROOKLYN,,,,,,,,40.66236594717979,-73.95070598618686,POINT (-73.950705986187 40.66236594718)
57942423,06/19/2023 08:35:22 PM,06/20/2023 12:05:57 AM,NYPD,New York City Police Department,Noise - Residential,Loud Music/Party,,Residential Building/House,10465,270 HOSMER AVENUE,HOSMER AVENUE,HARDING AVENUE,MILES AVENUE,HARDING AVENUE,MILES AVENUE,ADDRESS,BRONX,HOSMER AVENUE,,Closed,,The Police Department reviewed your complaint and provided additional information below.,06/20/2023 12:06:01 AM,10 BRONX,13,Precinct 45,2056000035,BRONX,1032077,236128,ONLINE,Unspecified,BRONX,,,,,,,,40.814663084541195,-73.82721693251511,POINT (-73.827216932515 40.814663084541)
57948111,06/19/2023 07:17:00 PM,06/21/2023 11:40:00 AM,DSNY,Department of Sanitation,Electronics Waste Appointment,Ewaste appointment,,Sidewalk,10308,372 BARLOW AVENUE,BARLOW AVENUE,BARLOW COURT,ARMSTRONG AVENUE,,,ADDRESS,STATEN ISLAND,,,Closed,,The Department of Sanitation collected the E-waste.,06/21/2023 11:40:00 AM,03 STATEN ISLAND,51,Precinct 122,5054750024,STATEN ISLAND,939648,142640,PHONE,Unspecified,STATEN ISLAND,,,,,,,,40.55807744617026,-74.16051336378835,POINT (-74.160513363788 40.55807744617)
57945951,06/19/2023 06:12:00 PM,10/24/2024 01:59:21 PM,EDC,Economic Development Corporation,Noise - Helicopter,Other,Flying Too Low,Above Address,10025,214 WEST  102 STREET,WEST  102 STREET,AMSTERDAM AVENUE,BROADWAY,AMSTERDAM AVENUE,BROADWAY,ADDRESS,NEW YORK,WEST  102 STREET,,Closed,,"The New York City Economic Development Corporation determined that this issue is not within its jurisdiction because the helicopter did not belong to a tour company departing from a NYC heliport.Â  Instead, it was most likely a law enforcement or news gathering helicopter not subject to the routing protocols established for tour helicopters. It may also have been a helicopter that departed as a charter or tour from another City but flew over NYC airspace. Helicopter tours originating from outside NYC are not subject to the same City regulations as tours departing from heliports managed by NYCEDC. Any City regulation of these flights is pre-empted by federal law and subject only to the jurisdiction of the Federal Aviation Administration. To file a complaint with the FAA, you can contact the New York Flight Standards District Office at the following web address:Â https://www.faa.gov/about/office_org/field_offices/fsdo/",10/24/2024 01:59:29 PM,07 MANHATTAN,07,Precinct 24,1018730041,MANHATTAN,993042,230062,ONLINE,Unspecified,MANHATTAN,,,,,,,,40.798138679135754,-73.96824532821826,POINT (-73.968245328218 40.798138679136)
57944196,06/19/2023 08:53:06 PM,06/19/2023 09:39:31 PM,NYPD,New York City Police Department,Illegal Parking,Posted Parking Sign Violation,,Street/Sidewalk,11208,2603 PITKIN AVENUE,PITKIN AVENUE,LOGAN STREET,FOUNTAIN AVENUE,LOGAN STREET,FOUNTAIN AVENUE,ADDRESS,BROOKLYN,PITKIN AVENUE,,Closed,,The Police Department responded to the complaint and determined that police action was not necessary.,06/19/2023 09:39:35 PM,05 BROOKLYN,42,Precinct 75,3042090042,BROOKLYN,1018647,185157,MOBILE,Unspecified,BROOKLYN,,,,,,,,40.674823121431594,-73.87599565855025,POINT (-73.87599565855 40.674823121432)
57939102,06/18/2023 12:20:00 PM,06/18/2023 02:59:40 PM,NYPD,New York City Police Department,Animal-Abuse,Neglected,Dog,Residential Building/House,10305,140 ST JOHNS AVENUE,ST JOHNS AVENUE,DEAL COURT,DAYNA DRIVE,DEAL COURT,DAYNA DRIVE,ADDRESS,STATEN ISLAND,ST JOHNS AVENUE,,Closed,,The Police Department responded to the complaint and took action to fix the condition.,06/18/2023 02:59:43 PM,01 STATEN ISLAND,49,Precinct 120,5028610016,STATEN ISLAND,965186,161621,ONLINE,Unspecified,STATEN ISLAND,,,,,,,,40.61026817926481,-74.06866099399882,POINT (-74.068660993999 40.610268179265)
57949740,06/20/2023 09:28:56 AM,07/12/2023 02:56:51 PM,EDC,Economic Development Corporation,Noise - Helicopter,Other,Flying Too Low,Above Address,11225,49 CROWN STREET,CROWN STREET,FRANKLIN AVENUE SHUTTLE LINE,FRANKLIN AVENUE,FRANKLIN AVENUE SHUTTLE LINE,FRANKLIN AVENUE,ADDRESS,BROOKLYN,CROWN STREET,,Closed,,"The New York City Economic Development Corporation determined that this issue is not within its jurisdiction because the helicopter did not belong to a tour company departing from a NYC heliport.Â  Instead, it was most likely a law enforcement or news gathering helicopter not subject to the routing protocols established for tour helicopters. It may also have been a helicopter that departed as a charter or tour from another City but flew over NYC airspace. Helicopter tours originating from outside NYC are not subject to the same City regulations as tours departing from heliports managed by NYCEDC. Any City regulation of these flights is pre-empted by federal law and subject only to the jurisdiction of the Federal Aviation Administration. To file a complaint with the FAA, you can contact the New York Flight Standards District Office at the following web address:Â https://www.faa.gov/about/office_org/field_offices/fsdo/",07/12/2023 02:56:55 PM,09 BROOKLYN,35,Precinct 71,3011890060,BROOKLYN,995283,182413,ONLINE,Unspecified,BROOKLYN,,,,,,,,40.66735140693541,-73.9602294900116,POINT (-73.960229490012 40.667351406935)
57937995,06/18/2023 10:30:04 PM,06/18/2023 11:42:45 PM,NYPD,New York City Police Department,Noise - Residential,Loud Music/Party,,Residential Building/House,11355,147-15A 45 AVENUE,45 AVENUE,147 STREET,149 STREET,147 STREET,149 STREET,ADDRESS,FLUSHING,45 AVENUE,,Closed,,The Police Department responded to the complaint and with the information available observed no evidence of the violation at that time.,06/18/2023 11:42:51 PM,07 QUEENS,20,Precinct 109,4054060045,QUEENS,1035509,214594,ONLINE,Unspecified,QUEENS,,,,,,,,40.75553888414224,-73.81498260586027,POINT (-73.81498260586 40.755538884142)
57951288,06/20/2023 12:50:06 PM,06/21/2023 12:30:47 PM,DSNY,Department of Sanitation,Missed Collection,Bulky Trash,N/A,Street,11355,134-38 57 AVENUE,57 AVENUE,134 STREET,136 STREET,134 STREET,136 STREET,ADDRESS,FLUSHING,57 AVENUE,,Closed,,The Department of Sanitation investigated and found this complaint to be out of jurisdiction. The Department of Sanitation reviewed this and found it not to be meeting the criteria for a complaint or service request.,06/21/2023 12:30:47 PM,07 QUEENS,20,Precinct 109,4063610019,QUEENS,1031156,211549,ONLINE,Unspecified,QUEENS,,,,,,,,40.74720530875823,-73.83071579147057,POINT (-73.830715791471 40.747205308758)
57946122,06/19/2023 01:36:22 PM,06/20/2023 09:57:16 AM,DSNY,Department of Sanitation,Residential Disposal Complaint,Waste Set Out Too Early or Too Late,N/A,Sidewalk,10465,740 HOLLYWOOD AVENUE,HOLLYWOOD AVENUE,RANDALL AVENUE,PHILIP AVENUE,RANDALL AVENUE,PHILIP AVENUE,ADDRESS,BRONX,HOLLYWOOD AVENUE,,Closed,,The Department of Sanitation investigated this complaint and found no condition at the location.,06/20/2023 09:57:21 AM,10 BRONX,13,Precinct 45,2054340025,BRONX,1034106,241072,ONLINE,Unspecified,BRONX,,,,,,,,40.82822172096103,-73.81985011718035,POINT (-73.81985011718 40.828221720961)
57940902,06/19/2023 09:41:26 PM,06/20/2023 01:28:23 PM,DOHMH,Department of Health and Mental Hygiene,Rodent,Rat Sighting,,3+ Family Apt. Building,11238,80 LEXINGTON AVENUE,LEXINGTON AVENUE,CLASSON AVENUE,FRANKLIN AVENUE,CLASSON AVENUE,FRANKLIN AVENUE,ADDRESS,BROOKLYN,LEXINGTON AVENUE,,Closed,,This service request was closed because the Department of Health and Mental Hygiene received an earlier complaint about the same location.  You can find inspection results for this address by going to the online Rat Portal at www.nyc.gov/rats.,06/19/2023 09:41:26 PM,03 BROOKLYN,35,Precinct 79,3019700013,BROOKLYN,995709,189490,MOBILE,Unspecified,BROOKLYN,,,,,,,,40.68677563047879,-73.95868186082733,POINT (-73.958681860827 40.686775630479)
57946059,06/19/2023 06:57:14 PM,10/24/2024 01:59:32 PM,EDC,Economic Development Corporation,Noise - Helicopter,Other,Flying Too Low,Above Address,10016,499 EAST   34 STREET,EAST   34 STREET,CONNECTOR,FRANKLIN D ROOSEVELT DRIVE,CONNECTOR,FRANKLIN D ROOSEVELT DRIVE,ADDRESS,NEW YORK,EAST   34 STREET,,Closed,,"The New York City Economic Development Corporation determined that this issue is not within its jurisdiction because the helicopter did not belong to a tour company departing from a NYC heliport.Â  Instead, it was most likely a law enforcement or news gathering helicopter not subject to the routing protocols established for tour helicopters. It may also have been a helicopter that departed as a charter or tour from another City but flew over NYC airspace. Helicopter tours originating from outside NYC are not subject to the same City regulations as tours departing from heliports managed by NYCEDC. Any City regulation of these flights is pre-empted by federal law and subject only to the jurisdiction of the Federal Aviation Administration. To file a complaint with the FAA, you can contact the New York Flight Standards District Office at the following web address:Â https://www.faa.gov/about/office_org/field_offices/fsdo/",10/24/2024 01:59:37 PM,06 MANHATTAN,04,Precinct 17,1009620050,MANHATTAN,991892,209689,ONLINE,Unspecified,MANHATTAN,,,,,,,,40.742221174418034,-73.97242202788439,POINT (-73.972422027884 40.742221174418)
57948426,06/19/2023 12:03:31 PM,06/19/2023 03:23:19 PM,NYPD,New York City Police Department,Illegal Parking,Posted Parking Sign Violation,,Street/Sidewalk,11208,112 WELDON STREET,WELDON STREET,CRESCENT STREET,AUTUMN AVENUE,CRESCENT STREET,AUTUMN AVENUE,ADDRESS,BROOKLYN,WELDON STREET,,Closed,,The Police Department responded to the complaint and determined that police action was not necessary.,06/19/2023 03:23:23 PM,05 BROOKLYN,37,Precinct 75,3041690009,BROOKLYN,1020076,187142,MOBILE,Unspecified,BROOKLYN,,,,,,,,40.68026582415455,-73.8708334377001,POINT (-73.8708334377 40.680265824155)
57939516,06/18/2023 08:28:38 PM,06/18/2023 08:34:14 PM,NYPD,New York City Police Department,Noise - Street/Sidewalk,Loud Music/Party,,Street/Sidewalk,10034,238 DYCKMAN STREET,DYCKMAN STREET,BROADWAY,SEAMAN AVENUE,BROADWAY,SEAMAN AVENUE,ADDRESS,NEW YORK,DYCKMAN STREET,,Closed,,The Police Department responded to the complaint and determined that police action was not necessary.,06/18/2023 08:34:20 PM,12 MANHATTAN,10,Precinct 34,,MANHATTAN,1004209,254794,ONLINE,Unspecified,MANHATTAN,,,,,,,,40.866002715801336,-73.92783913333584,POINT (-73.927839133336 40.866002715801)
57949227,06/19/2023 06:39:04 PM,06/19/2023 07:04:00 PM,NYPD,New York City Police Department,Animal-Abuse,Neglected,Dog,Residential Building/House,11421,84-08 WOODHAVEN BOULEVARD,WOODHAVEN BOULEVARD,PARK LANE SOUTH,85 AVENUE,PARK LANE SOUTH,85 AVENUE,ADDRESS,WOODHAVEN,WOODHAVEN BOULEVARD,,Closed,,The Police Department responded to the complaint and with the information available observed no evidence of the violation at that time.,06/19/2023 07:04:05 PM,09 QUEENS,32,Precinct 102,4088790023,QUEENS,1025064,193331,ONLINE,Unspecified,QUEENS,,,,,,,,40.69723158981426,-73.85281231038292,POINT (-73.852812310383 40.697231589814)
57949686,06/20/2023 06:44:46 PM,11/14/2023 10:32:55 AM,DPR,Department of Parks and Recreation,Maintenance or Facility,Grass/Weeds,Grass - Needs to be Cut,Park,11238,MOUNT PROSPECT PARK,MOUNT PROSPECT PARK,GRAND ARMY PLAZA,EAST DRIVE,GRAND ARMY PLAZA,EAST DRIVE,UNRECOGNIZED,BROOKLYN,MOUNT PROSPECT PARK,,Closed,,NYC Parks has completed the requested work order and corrected the problem.,11/14/2023 10:33:00 AM,55 BROOKLYN,35,Precinct 78,3011830008,BROOKLYN,993459,184014,MOBILE,Mount Prospect Park,BROOKLYN,,,,,,,,40.67174787918547,-73.96680225098689,POINT (-73.966802250987 40.671747879185)
57942441,06/19/2023 03:09:06 PM,06/19/2023 03:18:19 PM,NYPD,New York City Police Department,Noise - Street/Sidewalk,Loud Music/Party,,Street/Sidewalk,10009,535 EAST   11 STREET,EAST   11 STREET,AVENUE A,AVENUE B,AVENUE A,AVENUE B,ADDRESS,NEW YORK,EAST   11 STREET,,Closed,,The Police Department responded to the complaint and with the information available observed no evidence of the violation at that time.,06/19/2023 03:18:28 PM,03 MANHATTAN,02,Precinct 9,1004050045,MANHATTAN,989551,204532,MOBILE,Unspecified,MANHATTAN,,,,,,,,40.7280681943791,-73.98087414542462,POINT (-73.980874145425 40.728068194379)
57944502,06/19/2023 11:58:50 AM,06/19/2023 01:45:11 PM,NYPD,New York City Police Department,Noise - Residential,Loud Music/Party,,Residential Building/House,11233,1965 BERGEN STREET,BERGEN STREET,SARATOGA AVENUE,THOMAS S BOYLAND STREET,SARATOGA AVENUE,THOMAS S BOYLAND STREET,ADDRESS,BROOKLYN,BERGEN STREET,,Closed,,The Police Department responded to the complaint and took action to fix the condition.,06/19/2023 01:45:15 PM,16 BROOKLYN,41,Precinct 73,3014470072,BROOKLYN,1007648,184929,ONLINE,Unspecified,BROOKLYN,,,,,,,,40.67423321728949,-73.91564882410432,POINT (-73.915648824104 40.674233217289)
57952350,06/20/2023 04:30:39 PM,05/13/2025 04:51:32 PM,DPR,Department of Parks and Recreation,New Tree Request,For One Address,Street Tree,Street,10308,25 SYCAMORE STREET,SYCAMORE STREET,HOLLY AVENUE,ACACIA AVENUE,HOLLY AVENUE,ACACIA AVENUE,ADDRESS,STATEN ISLAND,SYCAMORE STREET,,Closed,,"In an effort to more fully and efficiently service each city block, NYC Parks is shifting their street tree planting program to a neighborhood approach.  If the site that you requested meets the criteria for planting, NYC Parks will plant a tree through their new Neighborhood Tree Planting Program.   NYC Parks is no longer accepting new tree planting requests. Each neighborhood will be surveyed, inspected, and planted sequentially. NYC Parks foresters will be conducting tree removal, stump removal, and planting block by block and closing all unplantable tree beds. The most heat-vulnerable neighborhoods will be prioritized first.  To learn more about this program, visit nyc.gov/parks/street-tree-planting.  To learn more about the trees in your neighborhood, visit the NYC Tree Map at nyc.gov/parks/treemap.",05/13/2025 04:52:15 PM,03 STATEN ISLAND,51,Precinct 122,5052520038,STATEN ISLAND,941883,137815,PHONE,Unspecified,STATEN ISLAND,,,,,,,,40.54484472018003,-74.1524398604489,POINT (-74.152439860449 40.54484472018)
57949758,06/21/2023 12:15:11 AM,06/21/2023 05:15:24 AM,NYPD,New York City Police Department,Noise - Residential,Loud Talking,,Residential Building/House,11420,129-41 134 STREET,134 STREET,SUTTER AVENUE,131 AVENUE,SUTTER AVENUE,131 AVENUE,ADDRESS,SOUTH OZONE PARK,134 STREET,,Closed,,The Police Department responded to the complaint and with the information available observed no evidence of the violation at that time.,06/21/2023 05:15:29 AM,10 QUEENS,28,Precinct 106,4117730114,QUEENS,1038487,184151,MOBILE,Unspecified,QUEENS,,,,,,,,40.671962562516164,-73.80447892704406,POINT (-73.804478927044 40.671962562516)
57940893,06/19/2023 07:08:22 AM,07/10/2023 02:03:41 PM,DSNY,Department of Sanitation,Litter Basket Request,Replacement Basket,N/A,Street,10035,2127 3 AVENUE,3 AVENUE,EAST  116 STREET,EAST  117 STREET,EAST  116 STREET,EAST  117 STREET,ADDRESS,NEW YORK,3 AVENUE,,Closed,,A Litter Basket was placed at the location.,06/20/2023 01:23:22 PM,11 MANHATTAN,08,Precinct 25,1016660002,MANHATTAN,1000894,230057,ONLINE,Unspecified,MANHATTAN,,,,,,,,40.79811365421294,-73.93988573835783,POINT (-73.939885738358 40.798113654213)
57938184,06/18/2023 01:48:14 PM,06/18/2023 02:07:04 PM,NYPD,New York City Police Department,Noise - Street/Sidewalk,Loud Music/Party,,Street/Sidewalk,10458,2608 BRIGGS AVENUE,BRIGGS AVENUE,EAST KINGSBRIDGE ROAD,EAST  194 STREET,EAST KINGSBRIDGE ROAD,EAST  194 STREET,ADDRESS,BRONX,BRIGGS AVENUE,,Closed,,The Police Department responded to the complaint and took action to fix the condition.,06/18/2023 02:07:08 PM,07 BRONX,15,Precinct 52,2032930043,BRONX,1013783,254174,MOBILE,Unspecified,BRONX,,,,,,,,40.86427416611321,-73.89322752800955,POINT (-73.89322752801 40.864274166113)
57950694,06/20/2023 05:36:15 PM,06/23/2023 01:13:19 PM,HPD,Department of Housing Preservation and Development,PLUMBING,BASIN/SINK,SINK DETACHED FROM WALL,RESIDENTIAL BUILDING,10451,815 GERARD AVENUE,GERARD AVENUE,,,,,ADDRESS,BRONX,,,Closed,,"The Department of Housing Preservation and Development contacted an occupant of the apartment and verified that the following conditions were corrected. The complaint has been closed. If the condition still exists, please file a new complaint.",06/23/2023 12:00:00 AM,04 BRONX,16,Precinct 44,2024830023,BRONX,1004728,240112,PHONE,Unspecified,BRONX,,,,,,,,40.82570376736279,-73.92600755094807,POINT (-73.926007550948 40.825703767363)
57943278,06/19/2023 10:01:23 PM,06/19/2023 10:01:54 PM,NYPD,New York City Police Department,Noise - Park,Loud Music/Party,,Park/Playground,10028,1000 5 AVENUE,5 AVENUE,EAST   81 STREET,EAST   82 STREET,EAST   81 STREET,EAST   82 STREET,ADDRESS,NEW YORK,5 AVENUE,,Closed,,The Police Department responded to the complaint and determined that police action was not necessary.,06/19/2023 10:02:00 PM,64 MANHATTAN,06,Precinct 22,1011110001,MANHATTAN,994623,222956,ONLINE,Central Park,MANHATTAN,,,,,,,,40.77863290127972,-73.96254609596876,POINT (-73.962546095969 40.77863290128)
57946104,06/19/2023 12:23:22 PM,06/23/2023 03:36:11 PM,DSNY,Department of Sanitation,Obstruction,Merchandise,Sidewalk,Sidewalk,11367,72-02 MAIN STREET,MAIN STREET,72 AVENUE,72 ROAD,72 AVENUE,72 ROAD,ADDRESS,FLUSHING,MAIN STREET,,Closed,,The Department of Sanitation investigated this complaint and found no violation at the location.,06/23/2023 03:36:15 PM,08 QUEENS,24,Precinct 107,4066210002,QUEENS,1033654,204022,PHONE,Unspecified,QUEENS,,,,,,,,40.72653199449306,-73.82175578525107,POINT (-73.821755785251 40.726531994493)
57938850,06/18/2023 10:56:00 PM,06/19/2023 12:05:00 PM,DEP,Department of Environmental Protection,Water Quality,Cloudy Or Milky Water (QB1),QB1,,10025,850 WEST END AVENUE,WEST END AVENUE,W 101 ST,W 102 ST,,,ADDRESS,NEW YORK,,N/A,Closed,,The Department of Environmental Protection resolved this complaint by speaking to the complainant on the phone.,06/19/2023 12:05:00 PM,07 MANHATTAN,06,Precinct 24,1018730063,MANHATTAN,992386,230300,ONLINE,Unspecified,MANHATTAN,,,,,,,,40.79879255263061,-73.97061436003844,POINT (-73.970614360038 40.798792552631)
57951630,06/20/2023 07:11:23 AM,06/20/2023 07:12:20 AM,NYPD,New York City Police Department,Illegal Parking,Commercial Overnight Parking,,Street/Sidewalk,10469,2250 WILLIAMSBRIDGE ROAD,WILLIAMSBRIDGE ROAD,PELHAM PARKWAY NORTH,ASTOR AVENUE,PELHAM PARKWAY NORTH,ASTOR AVENUE,ADDRESS,BRONX,WILLIAMSBRIDGE ROAD,,Closed,,The Police Department responded to the complaint and determined that police action was not necessary.,06/20/2023 07:12:23 AM,11 BRONX,13,Precinct 49,2043620002,BRONX,1023809,252195,MOBILE,Unspecified,BRONX,,,,,,,,40.85880317921402,-73.8569916502656,POINT (-73.856991650266 40.858803179214)
57940056,06/18/2023 07:07:12 PM,06/18/2023 07:26:24 PM,NYPD,New York City Police Department,Noise - Park,Loud Music/Party,,Park/Playground,11232,4200 5 AVENUE,5 AVENUE,42 STREET,43 STREET,42 STREET,43 STREET,ADDRESS,BROOKLYN,5 AVENUE,,Closed,,The Police Department responded to the complaint and took action to fix the condition.,06/18/2023 07:26:29 PM,07 BROOKLYN,38,Precinct 72,,BROOKLYN,982653,175907,ONLINE,Sunset Park,BROOKLYN,,,,,,,,40.649500597233825,-74.00575514447839,POINT (-74.005755144478 40.649500597234)
57941694,06/19/2023 06:55:31 AM,06/19/2023 08:00:38 AM,DPR,Department of Parks and Recreation,Animal in a Park,Dog Off Leash,N/A,Park,11222,MSGR MCGOLRICK PARK,MSGR MCGOLRICK PARK,DRIGGS AVENUE,NASSAU AVENUE,DRIGGS AVENUE,NASSAU AVENUE,UNRECOGNIZED,BROOKLYN,MONSIGNOR MCGOLRICK PARK,,Closed,,NYC Parks couldn't respond to your complaint because they had to devote resources to other critical services at the time. The agency will use your complaint for future planning.,06/19/2023 08:00:45 AM,01 BROOKLYN,33,Precinct 94,3026870001,BROOKLYN,999951,203215,ONLINE,Unspecified,BROOKLYN,,,,,,,,40.724441004030766,-73.94335432615917,POINT (-73.943354326159 40.724441004031)
57943170,06/19/2023 08:35:59 PM,06/19/2023 08:45:35 PM,NYPD,New York City Police Department,Illegal Parking,Posted Parking Sign Violation,,Street/Sidewalk,10040,570 WEST  190 STREET,WEST  190 STREET,AUDUBON AVENUE,ST NICHOLAS AVENUE,AUDUBON AVENUE,ST NICHOLAS AVENUE,ADDRESS,NEW YORK,WEST  190 STREET,,Closed,,The Police Department issued a summons in response to the complaint.,06/19/2023 08:45:40 PM,12 MANHATTAN,10,Precinct 34,1021580067,MANHATTAN,1003895,250647,ONLINE,Unspecified,MANHATTAN,,,,,,,,40.85462115652687,-73.9289865404921,POINT (-73.928986540492 40.854621156527)
57937077,06/18/2023 10:49:04 PM,06/18/2023 11:10:30 PM,NYPD,New York City Police Department,Noise - Street/Sidewalk,Loud Music/Party,,Street/Sidewalk,10029,400 EAST  105 STREET,EAST  105 STREET,1 AVENUE,FRANKLIN D ROOSEVELT DRIVE,1 AVENUE,FRANKLIN D ROOSEVELT DRIVE,ADDRESS,NEW YORK,EAST  105 STREET,,Closed,,The Police Department responded to the complaint and took action to fix the condition.,06/18/2023 11:10:35 PM,11 MANHATTAN,08,Precinct 23,1016960001,MANHATTAN,1000730,226703,PHONE,Unspecified,MANHATTAN,,,,,,,,40.78890814013802,-73.94048629825895,POINT (-73.940486298259 40.788908140138)
57937689,06/18/2023 10:37:09 AM,06/18/2023 10:49:40 AM,NYPD,New York City Police Department,Illegal Parking,Posted Parking Sign Violation,,Street/Sidewalk,11207,1786 BROADWAY,BROADWAY,CHAUNCEY STREET,PILLING STREET,CHAUNCEY STREET,PILLING STREET,ADDRESS,BROOKLYN,BROADWAY,,Closed,,The Police Department responded and upon arrival those responsible for the condition were gone.,06/18/2023 10:49:44 AM,16 BROOKLYN,37,Precinct 73,3015170025,BROOKLYN,1009349,187890,PHONE,Unspecified,BROOKLYN,,,,,,,,40.68235582882706,-73.90950559494082,POINT (-73.909505594941 40.682355828827)
57949326,06/19/2023 04:51:50 AM,06/19/2023 04:51:50 AM,DOB,Department of Buildings,General Construction/Plumbing,Sidewalk Shed/Pipe Scafford - Inadequate Defective/None,,,10005,44 WALL STREET,WALL STREET,,,,,ADDRESS,NEW YORK,,,Closed,,The Department of Buildings investigated this complaint and determined that no further action was necessary.,06/19/2023 12:00:00 AM,01 MANHATTAN,01,Precinct 1,1000430001,MANHATTAN,981543,196694,UNKNOWN,Unspecified,MANHATTAN,,,,,,,,40.70655593911392,-74.0097636257465,POINT (-74.009763625746 40.706555939114)
57947796,06/19/2023 11:33:33 PM,06/20/2023 01:54:10 AM,NYPD,New York City Police Department,Noise - Street/Sidewalk,Loud Music/Party,,Street/Sidewalk,10462,1439 WOOD ROAD,WOOD ROAD,WOOD AVENUE,WEST AVENUE,WOOD AVENUE,WEST AVENUE,ADDRESS,BRONX,WOOD ROAD,,Closed,,The Police Department responded to the complaint and took action to fix the condition.,06/20/2023 01:54:16 AM,09 BRONX,18,Precinct 43,2039377501,BRONX,1022371,243922,MOBILE,Unspecified,BRONX,,,,,,,,40.836102586629735,-73.86223713969274,POINT (-73.862237139693 40.83610258663)
57961224,06/21/2023 01:47:44 PM,06/21/2023 01:53:46 PM,NYPD,New York City Police Department,Blocked Driveway,No Access,,Street/Sidewalk,11232,161 34 STREET,34 STREET,3 AVENUE,4 AVENUE,3 AVENUE,4 AVENUE,ADDRESS,BROOKLYN,34 STREET,,Closed,,The Police Department responded to the complaint and with the information available observed no evidence of the violation at that time.,06/21/2023 01:53:49 PM,07 BROOKLYN,38,Precinct 72,3006840051,BROOKLYN,983134,178239,MOBILE,Unspecified,BROOKLYN,,,,,,,,40.65590150264573,-74.00402213994053,POINT (-74.004022139941 40.655901502646)
57944475,06/19/2023 06:10:05 PM,06/19/2023 06:11:20 PM,NYPD,New York City Police Department,Noise - Residential,Loud Music/Party,,Residential Building/House,11377,61 STREET,61 STREET,61 STREET,NORTHERN BOULEVARD,61 STREET,NORTHERN BOULEVARD,INTERSECTION,,,,Closed,,The Police Department responded to the complaint and determined that police action was not necessary.,06/19/2023 06:11:24 PM,01 QUEENS,25,Precinct 114,,QUEENS,1011619,213959,ONLINE,Unspecified,QUEENS,,,,,,,,40.753902194423326,-73.90121512412604,POINT (-73.901215124126 40.753902194423)
57942324,06/19/2023 09:56:47 PM,06/19/2023 11:08:04 PM,NYPD,New York City Police Department,Illegal Fireworks,N/A,,Park/Playground,11234,EAST   52 STREET,EAST   52 STREET,EAST   52 STREET,EAST   53 STREET,EAST   52 STREET,EAST   53 STREET,INTERSECTION,,,,Closed,,The Police Department responded and upon arrival those responsible for the condition were gone.,06/19/2023 11:08:08 PM,18 BROOKLYN,46,Precinct 63,,BROOKLYN,1005598,162033,PHONE,Unspecified,BROOKLYN,,,,,,,,40.611393825877435,-73.92311164216912,POINT (-73.923111642169 40.611393825877)
57948597,06/19/2023 03:14:43 PM,06/20/2023 12:00:00 AM,DOB,Department of Buildings,General Construction/Plumbing,Sidewalk Shed/Pipe Scafford - Inadequate Defective/None,,,10002,520 GRAND STREET,GRAND STREET,,,,,ADDRESS,NEW YORK,,,Closed,,The Department of Buildings investigated this complaint and determined that no further action was necessary.,06/20/2023 12:00:00 AM,03 MANHATTAN,01,Precinct 7,1003310001,MANHATTAN,989262,199607,UNKNOWN,Unspecified,MANHATTAN,,,,,,,,40.71455042689102,-73.9819205164858,POINT (-73.981920516486 40.714550426891)
57936780,06/18/2023 05:50:21 PM,06/18/2023 07:22:24 PM,NYPD,New York City Police Department,Noise - Residential,Banging/Pounding,,Residential Building/House,10453,74 CLINTON PLACE,CLINTON PLACE,GRAND AVENUE,AQUEDUCT AVENUE EAST,GRAND AVENUE,AQUEDUCT AVENUE EAST,ADDRESS,BRONX,CLINTON PLACE,,Closed,,The Police Department responded to the complaint and with the information available observed no evidence of the violation at that time.,06/18/2023 07:22:27 PM,05 BRONX,14,Precinct 46,2032070010,BRONX,1009788,251636,ONLINE,Unspecified,BRONX,,,,,,,,40.857320585488836,-73.90768055621362,POINT (-73.907680556214 40.857320585489)
57950568,06/20/2023 11:35:07 PM,06/20/2023 11:57:18 PM,NYPD,New York City Police Department,Noise - Vehicle,Car/Truck Music,,Street/Sidewalk,11215,461 7 STREET,7 STREET,6 AVENUE,7 AVENUE,6 AVENUE,7 AVENUE,ADDRESS,BROOKLYN,7 STREET,,Closed,,The Police Department responded to the complaint and with the information available observed no evidence of the violation at that time.,06/20/2023 11:57:21 PM,06 BROOKLYN,39,Precinct 78,3009950052,BROOKLYN,989452,182808,ONLINE,Unspecified,BROOKLYN,,,,,,,,40.668440940160274,-73.98124811321433,POINT (-73.981248113214 40.66844094016)
57940695,06/18/2023 11:14:07 PM,06/21/2023 06:03:47 PM,HPD,Department of Housing Preservation and Development,HEAT/HOT WATER,ENTIRE BUILDING,NO HOT WATER,RESIDENTIAL BUILDING,10461,1632 CROSBY AVENUE,CROSBY AVENUE,,,,,ADDRESS,BRONX,,,Closed,,"The Department of Housing Preservation and Development was not able to gain access to your apartment or others in the building to inspect for a lack of heat or hot water. The complaint has been closed. If the condition still exists, please file a new complaint.",06/21/2023 12:00:00 AM,10 BRONX,13,Precinct 45,2041680022,BRONX,1031079,247082,PHONE,Unspecified,BRONX,,,,,,,,40.8447339680093,-73.83074590341256,POINT (-73.830745903413 40.844733968009)
57942351,06/19/2023 09:07:55 PM,06/19/2023 09:30:25 PM,NYPD,New York City Police Department,Noise - Residential,Loud Music/Party,,Residential Building/House,11208,99 LOGAN STREET,LOGAN STREET,ETNA STREET,RIDGEWOOD AVENUE,ETNA STREET,RIDGEWOOD AVENUE,ADDRESS,BROOKLYN,LOGAN STREET,,Closed,,The Police Department responded to the complaint and took action to fix the condition.,06/19/2023 09:30:29 PM,05 BROOKLYN,37,Precinct 75,3041140006,BROOKLYN,1017963,188642,MOBILE,Unspecified,BROOKLYN,,,,,,,,40.68439127858187,-73.87844410382175,POINT (-73.878444103822 40.684391278582)
57944241,06/19/2023 03:54:08 PM,06/19/2023 11:15:58 PM,DHS,Department of Homeless Services,Homeless Person Assistance,,,Street/Sidewalk,10016,EAST 35 STREET,EAST 35 STREET,5 AVENUE,EAST   35 STREET,5 AVENUE,EAST 35 STREET,INTERSECTION,MANHATTAN,,,Closed,,The individual was found and outreach assistance was offered.,06/19/2023 11:15:58 PM,05 MANHATTAN,04,Unspecified,,MANHATTAN,988662,212195,MOBILE,Unspecified,MANHATTAN,,,,,,,,40.749101717507905,-73.9840766057945,POINT (-73.984076605794 40.749101717508)
57935682,06/18/2023 10:52:54 PM,06/18/2023 11:20:20 PM,NYPD,New York City Police Department,Noise - Residential,Loud Music/Party,,Residential Building/House,11207,90 MILLER AVENUE,MILLER AVENUE,ARLINGTON AVENUE,FULTON STREET,ARLINGTON AVENUE,FULTON STREET,ADDRESS,BROOKLYN,MILLER AVENUE,,Closed,,The Police Department responded to the complaint and took action to fix the condition.,06/18/2023 11:20:23 PM,05 BROOKLYN,37,Precinct 75,3036640028,BROOKLYN,1013957,186705,MOBILE,Unspecified,BROOKLYN,,,,,,,,40.67908900964059,-73.89289669736954,POINT (-73.89289669737 40.679089009641)
57938229,06/18/2023 07:30:14 PM,06/18/2023 08:06:21 PM,NYPD,New York City Police Department,Noise - Street/Sidewalk,Loud Music/Party,,Street/Sidewalk,10463,229 WEST  231 STREET,WEST  231 STREET,BROADWAY,GODWIN TERRACE,BROADWAY,GODWIN TERRACE,ADDRESS,BRONX,WEST  231 STREET,,Closed,,The Police Department responded to the complaint and with the information available observed no evidence of the violation at that time.,06/18/2023 08:06:27 PM,08 BRONX,11,Precinct 50,2057040050,BRONX,1010345,259663,MOBILE,Unspecified,BRONX,,,,,,,,40.879350612431885,-73.9056357529483,POINT (-73.905635752948 40.879350612432)
57942009,06/19/2023 09:04:43 PM,06/19/2023 11:21:00 PM,NYPD,New York City Police Department,Illegal Parking,Commercial Overnight Parking,,Street/Sidewalk,11365,HORACE HARDING EXPRESSWAY,HORACE HARDING EXPRESSWAY,198 STREET,HORACE HARDING EXPRESSWAY,198 STREET,HORACE HARDING EXPRESSWAY,INTERSECTION,,,,Closed,,The Police Department responded to the complaint and took action to fix the condition.,06/19/2023 11:21:07 PM,11 QUEENS,20,Precinct 111,,QUEENS,1045818,210166,MOBILE,Unspecified,QUEENS,,,,,,,,40.743319405651874,-73.77781335143,POINT (-73.77781335143 40.743319405652)
57952269,06/20/2023 12:39:26 PM,,DCWP,Department of Consumer and Worker Protection,Consumer Complaint,Restaurant,Tip Required,Business,11104,43-01 QUEENS BOULEVARD,QUEENS BOULEVARD,43 STREET,44 STREET,43 STREET,44 STREET,ADDRESS,SUNNYSIDE,QUEENS BOULEVARD,,In Progress,,"The Department of Consumer and Worker Protection (DCWP) sent you a complaint form.  To help you, DCWP must get the completed form and any requested documents within 30 days.  You can send requested information by email, fax, or mail. Contact information is on the complaint form.  You may also be able to submit requested information at nyc.gov/dcwp. You must enter your NYC311 Service Request number.  If you didn't receive the complaint form within 15 days from the date you filed your Service Request, call DCWP Consumer Services at (212) 487-4110. You must provide your NYC311 Service Request number.  DCWP will contact you about 30 days after getting your completed form and documents.",06/22/2023 12:37:23 PM,02 QUEENS,26,Precinct 108,4001620008,QUEENS,1006047,210154,PHONE,Unspecified,QUEENS,,,,,,,,40.743473923126594,-73.92133885997774,POINT (-73.921338859978 40.743473923127)
57937797,06/18/2023 10:56:56 AM,07/12/2023 02:53:15 PM,EDC,Economic Development Corporation,Noise - Helicopter,Other,Flying Too Low,Above Address,10023,147 WEST   73 STREET,WEST   73 STREET,COLUMBUS AVENUE,AMSTERDAM AVENUE,COLUMBUS AVENUE,AMSTERDAM AVENUE,ADDRESS,NEW YORK,WEST   73 STREET,,Closed,,"The New York City Economic Development Corporation determined that this issue is not within its jurisdiction because the helicopter did not belong to a tour company departing from a NYC heliport.Â  Instead, it was most likely a law enforcement or news gathering helicopter not subject to the routing protocols established for tour helicopters. It may also have been a helicopter that departed as a charter or tour from another City but flew over NYC airspace. Helicopter tours originating from outside NYC are not subject to the same City regulations as tours departing from heliports managed by NYCEDC. Any City regulation of these flights is pre-empted by federal law and subject only to the jurisdiction of the Federal Aviation Administration. To file a complaint with the FAA, you can contact the New York Flight Standards District Office at the following web address:Â https://www.faa.gov/about/office_org/field_offices/fsdo/",07/12/2023 02:53:17 PM,07 MANHATTAN,06,Precinct 20,1011450012,MANHATTAN,989886,222970,ONLINE,Unspecified,MANHATTAN,,,,,,,,40.77867561741777,-73.97965002082323,POINT (-73.979650020823 40.778675617418)
57937581,06/18/2023 11:59:31 PM,07/06/2023 11:12:31 AM,HPD,Department of Housing Preservation and Development,APPLIANCE,REFRIGERATOR,BROKEN DOOR SEAL,RESIDENTIAL BUILDING,10472,1134 STRATFORD AVENUE,STRATFORD AVENUE,,,,,ADDRESS,BRONX,,,Closed,,"The Department of Housing Preservation and Development was not able to gain access to inspect the following conditions. The complaint has been closed. If the condition still exists, please file a new complaint.",07/06/2023 12:00:00 AM,09 BRONX,18,Precinct 43,2037440057,BRONX,1018805,240859,PHONE,Unspecified,BRONX,,,,,,,,40.82771021333198,-73.87513982136143,POINT (-73.875139821361 40.827710213332)
57943197,06/19/2023 09:52:00 AM,,DPR,Department of Parks and Recreation,Maintenance or Facility,Recreation Center,Other,Park,11105,22-55 STEINWAY STREET,STEINWAY STREET,DITMARS BOULEVARD,23 AVENUE,DITMARS BOULEVARD,23 AVENUE,ADDRESS,ASTORIA,STEINWAY STREET,,In Progress,,,,01 QUEENS,22,Precinct 114,4007950005,QUEENS,1009952,220515,ONLINE,Unspecified,QUEENS,,,,,,,,40.7719017189908,-73.90720687437863,POINT (-73.907206874379 40.771901718991)
57947166,06/19/2023 02:30:49 PM,06/26/2023 03:38:35 PM,DPR,Department of Parks and Recreation,Maintenance or Facility,Broken Glass,Other,Park,10009,162 EAST    4 STREET,EAST    4 STREET,1 AVENUE,AVENUE A,1 AVENUE,AVENUE A,ADDRESS,NEW YORK,EAST    4 STREET,,Closed,,NYC Parks didn't take action because the issue you reported is out of their jurisdiction.,06/26/2023 03:38:39 PM,03 MANHATTAN,02,Precinct 9,1004310020,MANHATTAN,988127,203321,MOBILE,McKinley Playground,MANHATTAN,,,,,,,,40.724745032772766,-73.98601259378336,POINT (-73.986012593783 40.724745032773)
57938391,06/18/2023 10:42:07 PM,06/18/2023 10:56:37 PM,NYPD,New York City Police Department,Noise - Residential,Loud Music/Party,,Residential Building/House,11236,1011 EAST   96 STREET,EAST   96 STREET,FARRAGUT ROAD,SMITHS LANE,FARRAGUT ROAD,SMITHS LANE,ADDRESS,BROOKLYN,EAST   96 STREET,,Closed,,The Police Department responded to the complaint and took action to fix the condition.,06/18/2023 10:56:41 PM,18 BROOKLYN,46,Precinct 69,3081650030,BROOKLYN,1010738,174619,MOBILE,Unspecified,BROOKLYN,,,,,,,,40.64592584909347,-73.90454969964735,POINT (-73.904549699647 40.645925849093)
57942945,06/19/2023 11:38:07 PM,08/03/2023 07:35:01 AM,HPD,Department of Housing Preservation and Development,WATER LEAK,SLOW LEAK,AT WALL OR CEILING,RESIDENTIAL BUILDING,10455,460 EAST  147 STREET,EAST  147 STREET,,,,,ADDRESS,BRONX,,,Closed,,The Department of Housing Preservation and Development inspected the following conditions. No violations were issued. The complaint has been closed.,08/03/2023 12:00:00 AM,01 BRONX,08,Precinct 40,2022910030,BRONX,1007310,235826,ONLINE,Unspecified,BRONX,,,,,,,,40.81393354712747,-73.91669283297651,POINT (-73.916692832977 40.813933547127)
57949704,06/20/2023 04:41:09 PM,08/24/2023 03:43:33 PM,DPR,Department of Parks and Recreation,Maintenance or Facility,Structure - Outdoors,Drinking Fountain,Park,10025,RIVERSIDE PARK,RIVERSIDE PARK,HENRY HUDSON PY SB EN W   96 ST,HENRY HUDSON PARKWAY ET   12 NB,HENRY HUDSON PY SB EN W   96 ST,HENRY HUDSON PARKWAY ET   12 NB,UNRECOGNIZED,NEW YORK,RIVERSIDE PARK,,Closed,,NYC Parks has completed the requested work order and corrected the problem.,08/24/2023 03:43:36 PM,07 MANHATTAN,07,Precinct 24,1012540002,MANHATTAN,991626,230829,PHONE,Unspecified,MANHATTAN,,,,,,,,40.800245180318555,-73.97335875005403,POINT (-73.973358750054 40.800245180319)
57947643,06/19/2023 09:25:27 PM,06/19/2023 10:06:38 PM,NYPD,New York City Police Department,Noise - Residential,Loud Music/Party,,Residential Building/House,11429,104-07 FRANCIS LEWIS BOULEVARD,FRANCIS LEWIS BOULEVARD,104 AVENUE,109 AVENUE,104 AVENUE,109 AVENUE,ADDRESS,QUEENS VILLAGE,FRANCIS LEWIS BOULEVARD,,Closed,,The Police Department responded to the complaint and with the information available observed no evidence of the violation at that time.,06/19/2023 10:06:43 PM,13 QUEENS,27,Precinct 105,4109100054,QUEENS,1052916,198049,ONLINE,Unspecified,QUEENS,,,,,,,,40.710009058468266,-73.75232185140528,POINT (-73.752321851405 40.710009058468)
57944979,06/19/2023 09:54:27 PM,10/24/2024 02:00:21 PM,EDC,Economic Development Corporation,Noise - Helicopter,Other,Hovering,Above Address,10128,50 EAST   96 STREET,EAST   96 STREET,MADISON AVENUE,PARK AVENUE,MADISON AVENUE,PARK AVENUE,ADDRESS,NEW YORK,EAST   96 STREET,,Closed,,"The New York City Economic Development Corporation determined that this issue is not within its jurisdiction because the helicopter did not belong to a tour company departing from a NYC heliport.Â  Instead, it was most likely a law enforcement or news gathering helicopter not subject to the routing protocols established for tour helicopters. It may also have been a helicopter that departed as a charter or tour from another City but flew over NYC airspace. Helicopter tours originating from outside NYC are not subject to the same City regulations as tours departing from heliports managed by NYCEDC. Any City regulation of these flights is pre-empted by federal law and subject only to the jurisdiction of the Federal Aviation Administration. To file a complaint with the FAA, you can contact the New York Flight Standards District Office at the following web address:Â https://www.faa.gov/about/office_org/field_offices/fsdo/",10/24/2024 02:00:24 PM,08 MANHATTAN,05,Precinct 19,1015070050,MANHATTAN,997019,226043,ONLINE,Unspecified,MANHATTAN,,,,,,,,40.78710275822787,-73.95388896675728,POINT (-73.953888966757 40.787102758228)
57937221,06/19/2023 01:45:53 AM,06/19/2023 01:55:12 AM,NYPD,New York City Police Department,Noise - Residential,Loud Music/Party,,Residential Building/House,10452,1210 WOODYCREST AVENUE,WOODYCREST AVENUE,WEST  167 STREET,WEST  168 STREET,WEST  167 STREET,WEST  168 STREET,ADDRESS,BRONX,WOODYCREST AVENUE,,Closed,,The Police Department responded to the complaint and with the information available observed no evidence of the violation at that time.,06/19/2023 01:55:17 AM,04 BRONX,16,Precinct 44,2025100010,BRONX,1005151,244300,ONLINE,Unspecified,BRONX,,,,,,,,40.83719762959903,-73.92446609200726,POINT (-73.924466092007 40.837197629599)
57938778,06/18/2023 11:56:19 AM,06/18/2023 12:29:52 PM,NYPD,New York City Police Department,Illegal Parking,Blocked Sidewalk,,Street/Sidewalk,11214,1602 81 STREET,81 STREET,16 AVENUE,17 AVENUE,16 AVENUE,17 AVENUE,ADDRESS,BROOKLYN,81 STREET,,Closed,,The Police Department responded to the complaint and took action to fix the condition.,06/18/2023 12:29:58 PM,11 BROOKLYN,38,Precinct 62,3062950007,BROOKLYN,983150,162487,PHONE,Unspecified,BROOKLYN,,,,,,,,40.612665610335995,-74.00396190716175,POINT (-74.003961907162 40.612665610336)
57936294,06/18/2023 09:47:23 AM,06/24/2023 01:32:16 PM,DSNY,Department of Sanitation,Dead Animal,Cat,Street or Sidewalk,Street,11228,1052 77 STREET,77 STREET,10 AVENUE,11 AVENUE,10 AVENUE,11 AVENUE,ADDRESS,BROOKLYN,77 STREET,,Closed,,The Department of Sanitation cleaned the location.,06/23/2023 06:33:13 AM,10 BROOKLYN,38,Precinct 68,3059650028,BROOKLYN,980354,166032,PHONE,Unspecified,BROOKLYN,,,,,,,,40.62239511149339,-74.0140344003597,POINT (-74.01403440036 40.622395111493)
57940488,06/18/2023 08:48:09 PM,06/18/2023 08:50:18 PM,NYPD,New York City Police Department,Noise - Park,Loud Music/Party,,Park/Playground,10028,1000 5 AVENUE,5 AVENUE,EAST   81 STREET,EAST   82 STREET,EAST   81 STREET,EAST   82 STREET,ADDRESS,NEW YORK,5 AVENUE,,Closed,,The Police Department responded to the complaint and with the information available observed no evidence of the violation at that time.,06/18/2023 08:50:25 PM,64 MANHATTAN,06,Precinct 22,1011110001,MANHATTAN,994623,222956,ONLINE,Central Park,MANHATTAN,,,,,,,,40.77863290127972,-73.96254609596876,POINT (-73.962546095969 40.77863290128)
57946203,06/19/2023 05:08:00 PM,06/19/2023 09:50:00 PM,DEP,Department of Environmental Protection,Water System,Hydrant Running Full (WA4),WA4,,11237,1581 DE KALB AVENUE,DE KALB AVENUE,IRVING AVE,WYCKOFF AVE,,,ADDRESS,BROOKLYN,,,Closed,,The Department of Environmental Protection investigated this complaint and shut the running hydrant.,06/19/2023 09:50:00 PM,04 BROOKLYN,37,Precinct 83,3032370051,BROOKLYN,1006403,195569,MOBILE,Unspecified,BROOKLYN,,,,,,,,40.7034407628994,-73.92010213393264,POINT (-73.920102133933 40.703440762899)
57950127,06/20/2023 11:38:44 PM,06/21/2023 01:57:01 AM,NYPD,New York City Police Department,Illegal Parking,Blocked Hydrant,,Street/Sidewalk,11368,50-32 97 STREET,97 STREET,50 AVENUE,51 AVENUE,50 AVENUE,51 AVENUE,ADDRESS,CORONA,97 STREET,,Closed,,The Police Department issued a summons in response to the complaint.,06/21/2023 01:57:05 AM,04 QUEENS,25,Precinct 110,4018880052,QUEENS,1021408,209524,ONLINE,Unspecified,QUEENS,,,,,,,,40.74169353040562,-73.86590754309428,POINT (-73.865907543094 40.741693530406)
57938895,06/18/2023 12:00:49 PM,07/21/2023 11:39:26 AM,DPR,Department of Parks and Recreation,New Tree Request,For One Address,Street Tree,Street,11229,OCEAN AVENUE,OCEAN AVENUE,AVENUE V,OCEAN AVENUE,AVENUE V,OCEAN AVENUE,INTERSECTION,,,,Closed,,"The Service Request submitted did not have sufficient location or complaint information for NYC Parks to respond.  Please submit a new Service Request with adequate site details, including a full street address and descriptive location information.",07/21/2023 11:39:29 AM,15 BROOKLYN,48,Precinct 61,,BROOKLYN,997856,156879,UNKNOWN,Unspecified,BROOKLYN,,,,,,,,40.59726241863315,-73.95100611242795,POINT (-73.951006112428 40.597262418633)
57937257,06/19/2023 01:41:49 AM,06/19/2023 01:44:05 AM,NYPD,New York City Police Department,Noise - Street/Sidewalk,Loud Music/Party,,Street/Sidewalk,10457,2248 BASSFORD AVENUE,BASSFORD AVENUE,FLETCHER PLACE,EAST  183 STREET,FLETCHER PLACE,EAST  183 STREET,ADDRESS,BRONX,BASSFORD AVENUE,,Closed,,The Police Department responded to the complaint and took action to fix the condition.,06/19/2023 01:44:08 AM,06 BRONX,15,Precinct 48,2030500098,BRONX,1013803,250503,ONLINE,Unspecified,BRONX,,,,,,,,40.85419831415736,-73.89317140660847,POINT (-73.893171406608 40.854198314157)
57937662,06/18/2023 09:50:45 PM,06/18/2023 10:26:50 PM,NYPD,New York City Police Department,Illegal Parking,Blocked Hydrant,,Street/Sidewalk,10469,2551 HERING AVENUE,HERING AVENUE,MACE AVENUE,ALLERTON AVENUE,MACE AVENUE,ALLERTON AVENUE,ADDRESS,BRONX,HERING AVENUE,,Closed,,The Police Department responded and upon arrival those responsible for the condition were gone.,06/18/2023 10:26:55 PM,11 BRONX,13,Precinct 49,2044570061,BRONX,1024664,254003,MOBILE,Unspecified,BRONX,,,,,,,,40.86376171496236,-73.85388987355829,POINT (-73.853889873558 40.863761714962)
57944790,06/19/2023 04:11:50 PM,06/19/2023 04:11:50 PM,DOHMH,Department of Health and Mental Hygiene,Rodent,Rat Sighting,,Other (Explain Below),11217,46 6 AVENUE,6 AVENUE,DEAN STREET,BERGEN STREET,DEAN STREET,BERGEN STREET,ADDRESS,BROOKLYN,6 AVENUE,,Closed,,The Department of Health and Mental Hygiene found violations on the property you reported. Follow-up inspections will be scheduled.,06/19/2023 04:11:50 PM,06 BROOKLYN,35,Precinct 78,3011350023,BROOKLYN,991388,187544,PHONE,Unspecified,BROOKLYN,,,,,,,,40.68143884424042,-73.97426431031266,POINT (-73.974264310313 40.68143884424)
57947787,06/19/2023 06:28:43 PM,06/19/2023 06:56:43 PM,NYPD,New York City Police Department,Noise - Street/Sidewalk,Loud Music/Party,,Street/Sidewalk,10027,75 WEST  128 STREET,WEST  128 STREET,5 AVENUE,LENOX AVENUE,5 AVENUE,LENOX AVENUE,ADDRESS,NEW YORK,WEST  128 STREET,,Closed,,The Police Department responded to the complaint and took action to fix the condition.,06/19/2023 06:56:48 PM,10 MANHATTAN,09,Precinct 32,1017260009,MANHATTAN,1000034,234109,MOBILE,Unspecified,MANHATTAN,,,,,,,,40.809236856951564,-73.94298233173173,POINT (-73.942982331732 40.809236856952)
57938454,06/18/2023 09:21:57 PM,06/18/2023 10:32:32 PM,NYPD,New York City Police Department,Noise - Street/Sidewalk,Loud Music/Party,,Street/Sidewalk,11368,47-01 98 STREET,98 STREET,CORONA AVENUE,ALSTYNE AVENUE,CORONA AVENUE,ALSTYNE AVENUE,ADDRESS,CORONA,98 STREET,,Closed,,The Police Department responded to the complaint and took action to fix the condition.,06/18/2023 10:32:36 PM,04 QUEENS,21,Precinct 110,,QUEENS,1021654,210502,ONLINE,Unspecified,QUEENS,,,,,,,,40.74437685609227,-73.86501436315649,POINT (-73.865014363156 40.744376856092)
57938580,06/18/2023 11:48:19 AM,06/20/2023 11:45:45 AM,DSNY,Department of Sanitation,Missed Collection,Bulky Trash,N/A,Street,11105,22-51 47 STREET,47 STREET,DITMARS BOULEVARD,ASTORIA BOULEVARD NORTH,DITMARS BOULEVARD,ASTORIA BOULEVARD NORTH,ADDRESS,ASTORIA,47 STREET,,Closed,,The Department of Sanitation investigated this complaint and found no condition at the location.,06/19/2023 08:10:55 AM,01 QUEENS,22,Precinct 114,4007590007,QUEENS,1011170,219437,ONLINE,Unspecified,QUEENS,,,,,,,,40.76893926636826,-73.90281379386535,POINT (-73.902813793865 40.768939266368)
57939183,06/18/2023 04:45:16 PM,06/18/2023 05:09:01 PM,NYPD,New York City Police Department,Noise - Park,Loud Music/Party,,Park/Playground,10471,5998 BROADWAY,BROADWAY,MANHATTAN COLLEGE PARKWAY,MANHATTAN COLLEGE PARKWAY,MANHATTAN COLLEGE PARKWAY,MANHATTAN COLLEGE PARKWAY,ADDRESS,BRONX,BROADWAY,,Closed,,The Police Department responded to the complaint and took action to fix the condition.,06/18/2023 05:09:05 PM,26 BRONX,11,Precinct 50,2059000150,BRONX,1012536,263784,PHONE,Van Cortlandt Pool,BRONX,,,,,,,,40.8906547093156,-73.89769530262842,POINT (-73.897695302628 40.890654709316)
57940389,06/18/2023 05:47:10 PM,06/18/2023 09:32:58 PM,NYPD,New York City Police Department,Noise - Street/Sidewalk,Loud Music/Party,,Street/Sidewalk,10452,1370 UNIVERSITY AVENUE,UNIVERSITY AVENUE,WEST  170 STREET,HIGHBRIDGE PARK PATH,WEST  170 STREET,HIGHBRIDGE PARK PATH,ADDRESS,BRONX,UNIVERSITY AVENUE,,Closed,,The Police Department responded to the complaint and took action to fix the condition.,06/18/2023 09:33:01 PM,04 BRONX,16,Precinct 44,2025340003,BRONX,1004713,246156,MOBILE,Unspecified,BRONX,,,,,,,,40.84229283340486,-73.92604331201022,POINT (-73.92604331201 40.842292833405)
57938400,06/18/2023 10:41:46 PM,06/18/2023 11:18:34 PM,NYPD,New York City Police Department,Noise - Residential,Loud Music/Party,,Residential Building/House,11207,435 NEW JERSEY AVENUE,NEW JERSEY AVENUE,SUTTER AVENUE,BLAKE AVENUE,SUTTER AVENUE,BLAKE AVENUE,ADDRESS,BROOKLYN,NEW JERSEY AVENUE,,Closed,,The Police Department responded to the complaint and took action to fix the condition.,06/18/2023 11:18:38 PM,05 BROOKLYN,42,Precinct 75,3037730013,BROOKLYN,1013652,182918,ONLINE,Unspecified,BROOKLYN,,,,,,,,40.6686955717579,-73.89401283921664,POINT (-73.894012839217 40.668695571758)
57939039,06/18/2023 08:53:18 PM,06/18/2023 09:05:12 PM,NYPD,New York City Police Department,Noise - Commercial,Loud Music/Party,,Store/Commercial,10452,1481 JEROME AVENUE,JEROME AVENUE,EAST  171 STREET,EAST  172 STREET,EAST  171 STREET,EAST  172 STREET,ADDRESS,BRONX,JEROME AVENUE,,Closed,,The Police Department responded to the complaint and with the information available observed no evidence of the violation at that time.,06/18/2023 09:05:15 PM,04 BRONX,16,Precinct 44,2028580015,BRONX,1007314,245947,ONLINE,Unspecified,BRONX,,,,,,,,40.84171277934273,-73.91664358922992,POINT (-73.91664358923 40.841712779343)
57939552,06/18/2023 06:37:17 PM,06/18/2023 06:57:07 PM,NYPD,New York City Police Department,Noise - Vehicle,Car/Truck Music,,Street/Sidewalk,11238,400 ST MARKS AVENUE,ST MARKS AVENUE,GRAND AVENUE,CLASSON AVENUE,GRAND AVENUE,CLASSON AVENUE,ADDRESS,BROOKLYN,ST MARKS AVENUE,,Closed,,The Police Department responded to the complaint and took action to fix the condition.,06/18/2023 06:57:11 PM,08 BROOKLYN,35,Precinct 77,3011550020,BROOKLYN,994904,185956,MOBILE,Unspecified,BROOKLYN,,,,,,,,40.677076610803546,-73.96159006609929,POINT (-73.961590066099 40.677076610804)
57945672,06/20/2023 12:05:15 AM,06/20/2023 01:12:29 AM,NYPD,New York City Police Department,Noise - Street/Sidewalk,Loud Talking,,Street/Sidewalk,11375,106-10 68 ROAD,68 ROAD,YELLOWSTONE BOULEVARD,108 STREET,YELLOWSTONE BOULEVARD,108 STREET,ADDRESS,FOREST HILLS,68 ROAD,,Closed,,The Police Department responded to the complaint and determined that police action was not necessary.,06/20/2023 01:12:32 AM,06 QUEENS,29,Precinct 112,,QUEENS,1026615,203814,MOBILE,Unspecified,QUEENS,,,,,,,,40.72599759862106,-73.84715297901165,POINT (-73.847152979012 40.725997598621)
57935997,06/18/2023 07:00:43 PM,06/18/2023 07:46:08 PM,NYPD,New York City Police Department,Noise - Residential,Banging/Pounding,,Residential Building/House,10036,255 WEST   43 STREET,WEST   43 STREET,7 AVENUE,8 AVENUE,7 AVENUE,8 AVENUE,ADDRESS,NEW YORK,WEST   43 STREET,,Closed,,The Police Department responded to the complaint and determined that police action was not necessary.,06/18/2023 07:46:13 PM,05 MANHATTAN,03,Precinct 14,1010150001,MANHATTAN,987582,215203,ONLINE,Unspecified,MANHATTAN,,,,,,,,40.7573583875063,-73.9879729542043,POINT (-73.987972954204 40.757358387506)
57947922,06/19/2023 01:48:39 PM,06/21/2023 01:12:58 PM,HPD,Department of Housing Preservation and Development,UNSANITARY CONDITION,MOLD,N/A,RESIDENTIAL BUILDING,11238,386 PROSPECT PLACE,PROSPECT PLACE,,,,,ADDRESS,BROOKLYN,,,Closed,,The Department of Housing Preservation and Development inspected the following conditions. Violations were issued. Information about specific violations is available at www.nyc.gov/hpd,06/21/2023 12:00:00 AM,08 BROOKLYN,35,Precinct 77,3011600035,BROOKLYN,994213,185802,PHONE,Unspecified,BROOKLYN,,,,,,,,40.67665472027955,-73.96408149529921,POINT (-73.964081495299 40.67665472028)
57940461,06/19/2023 12:55:49 AM,06/19/2023 01:15:39 AM,NYPD,New York City Police Department,Noise - Commercial,Loud Music/Party,,Club/Bar/Restaurant,10027,701 WEST  133 STREET,WEST  133 STREET,12 AVENUE,AMTRAK-NORTHEAST LINE,12 AVENUE,AMTRAK-NORTHEAST LINE,ADDRESS,NEW YORK,WEST  133 STREET,,Closed,,The Police Department responded to the complaint and took action to fix the condition.,06/19/2023 01:15:42 AM,09 MANHATTAN,07,Precinct 30,1020050012,MANHATTAN,995619,238041,ONLINE,Unspecified,MANHATTAN,,,,,,,,40.82003588119596,-73.95892428773308,POINT (-73.958924287733 40.820035881196)
57937707,06/18/2023 06:35:00 PM,06/27/2023 08:00:00 PM,DEP,Department of Environmental Protection,Noise,"Noise, Ice Cream Truck (NR4)",NR4,,10036,650 WEST   42 STREET,WEST   42 STREET,11 AVE,12 AVE,,,ADDRESS,NEW YORK,,N/A,Closed,,"The Department of Environmental Protection (DEP) didn't observe a violation of the NYC Air or Noise Code at the time of inspection and couldn't issue a summons.  If the problem still exists, please go to nyc.gov/311 or call 311 to file a new Service Request. If you're outside of New York City, please call (212) NEW-YORK (212-639-9675).",06/27/2023 08:00:00 PM,04 MANHATTAN,03,Precinct 10,1010890001,MANHATTAN,984231,216730,ONLINE,Unspecified,MANHATTAN,,,,,,,,40.76155023928446,-74.00006858590966,POINT (-74.00006858591 40.761550239284)
57940155,06/17/2023 09:14:33 PM,07/17/2023 12:00:00 AM,DOB,Department of Buildings,Elevator,Elevator - Single Device On Property/No Alternate Service,,,10452,1485 MACOMBS ROAD,MACOMBS ROAD,,,,,ADDRESS,BRONX,,,Closed,,"The Department of Buildings reviewed this complaint and closed it. If the problem still exists, please call 311 and file a new complaint. If you are outside of New York City, please call (212) NEW-YORK (212-639-9675).",07/17/2023 12:00:00 AM,04 BRONX,16,Precinct 44,2028570028,BRONX,1006942,246271,UNKNOWN,Unspecified,BRONX,,,,,,,,40.84260302805871,-73.91798695034466,POINT (-73.917986950345 40.842603028059)
57947562,06/19/2023 09:34:00 AM,06/19/2023 11:05:00 AM,DOT,Department of Transportation,Traffic Signal Condition,Pedestrian Signal,Hanging,,11213,,,,,KINGSTON AVENUE,UNION STREET,INTERSECTION,BROOKLYN,,N/A,Closed,,Service Request status for this request is available on the Department of Transportationâs website. Please click the âLearn Moreâ link below.,06/19/2023 11:05:00 AM,09 BROOKLYN,35,Precinct 71,,BROOKLYN,1000261,182820,UNKNOWN,Unspecified,BROOKLYN,,,,,,,,40.66846092810004,-73.94228439663064,POINT (-73.942284396631 40.6684609281)
57950451,06/21/2023 12:22:40 AM,06/21/2023 12:43:09 AM,NYPD,New York City Police Department,Noise - Residential,Banging/Pounding,,Residential Building/House,10028,344 EAST   85 STREET,EAST   85 STREET,2 AVENUE,1 AVENUE,2 AVENUE,1 AVENUE,ADDRESS,NEW YORK,EAST   85 STREET,,Closed,,The Police Department responded to the complaint and took action to fix the condition.,06/21/2023 12:43:16 AM,08 MANHATTAN,05,Precinct 19,1015470032,MANHATTAN,997781,222262,ONLINE,Unspecified,MANHATTAN,,,,,,,,40.776723784199525,-73.95114487064093,POINT (-73.951144870641 40.7767237842)
57938103,06/19/2023 12:40:07 AM,06/19/2023 12:46:34 AM,NYPD,New York City Police Department,Noise - Street/Sidewalk,Loud Music/Party,,Street/Sidewalk,10457,1660 TOPPING AVENUE,TOPPING AVENUE,EAST MOUNT EDEN AVENUE,EAST  173 STREET,EAST MOUNT EDEN AVENUE,EAST  173 STREET,ADDRESS,BRONX,TOPPING AVENUE,,Closed,,The Police Department responded to the complaint and took action to fix the condition.,06/19/2023 12:46:40 AM,04 BRONX,15,Precinct 44,2027900010,BRONX,1010289,246498,ONLINE,Unspecified,BRONX,,,,,,,,40.8432168410879,-73.90588940580105,POINT (-73.905889405801 40.843216841088)
57949461,06/20/2023 10:17:06 PM,06/21/2023 02:07:25 AM,NYPD,New York City Police Department,Abandoned Vehicle,With License Plate,,Street/Sidewalk,10457,601 EAST  182 STREET,EAST  182 STREET,ARTHUR AVENUE,ARTHUR AVENUE,ARTHUR AVENUE,ARTHUR AVENUE,ADDRESS,BRONX,EAST  182 STREET,,Closed,,The Police Department responded to the complaint and took action to fix the condition.,06/21/2023 02:07:35 AM,06 BRONX,15,Precinct 48,2030710006,BRONX,1014726,249767,MOBILE,Unspecified,BRONX,,,,,,,,40.85217507685369,-73.8898382827293,POINT (-73.889838282729 40.852175076854)
57936960,06/18/2023 11:07:08 PM,06/19/2023 12:21:42 AM,NYPD,New York City Police Department,Noise - Residential,Loud Music/Party,,Residential Building/House,11419,109-08 103 AVENUE,103 AVENUE,109 STREET,110 STREET,109 STREET,110 STREET,ADDRESS,SOUTH RICHMOND HILL,103 AVENUE,,Closed,,The Police Department responded to the complaint and took action to fix the condition.,06/19/2023 12:21:46 AM,10 QUEENS,29,Precinct 106,4095140004,QUEENS,1030499,189106,MOBILE,Unspecified,QUEENS,,,,,,,,40.68560822544693,-73.83324109892312,POINT (-73.833241098923 40.685608225447)
57951576,06/20/2023 11:02:18 AM,06/21/2023 06:40:15 AM,DSNY,Department of Sanitation,Dirty Condition,Trash,Not Cleaned by Property Owner,Street,10024,350 WEST   88 STREET,WEST   88 STREET,WEST END AVENUE,RIVERSIDE DRIVE,WEST END AVENUE,RIVERSIDE DRIVE,ADDRESS,NEW YORK,WEST   88 STREET,,Closed,,The Department of Sanitation investigated this complaint and found no condition at the location.,06/21/2023 06:40:19 AM,07 MANHATTAN,06,Precinct 24,1012490054,MANHATTAN,990328,227337,ONLINE,Unspecified,MANHATTAN,,,,,,,,40.79066157543726,-73.97805013458935,POINT (-73.978050134589 40.790661575437)
57952521,06/20/2023 09:59:40 AM,07/09/2024 01:11:09 PM,DPR,Department of Parks and Recreation,Maintenance or Facility,Graffiti or Vandalism,Restroom/Comfort Station,Park,11413,146-02 SPRINGFIELD BOULEVARD,SPRINGFIELD BOULEVARD,146 AVENUE,147 AVENUE,146 AVENUE,147 AVENUE,ADDRESS,SPRINGFIELD GARDENS,SPRINGFIELD BOULEVARD,,Closed,,"Upon inspection the reported condition was not found, and, therefore, no action was taken.",07/09/2024 01:11:12 PM,13 QUEENS,31,Precinct 105,4133610100,QUEENS,1050672,180479,ONLINE,Unspecified,QUEENS,,,,,,,,40.661800740521635,-73.7605891235501,POINT (-73.76058912355 40.661800740522)
57942306,06/19/2023 04:33:53 AM,06/19/2023 04:46:35 AM,NYPD,New York City Police Department,Noise - Park,Loud Music/Party,,Park/Playground,11379,71-01 JUNIPER BLVD SOUTH,JUNIPER BLVD SOUTH,71 STREET,72 STREET,71 STREET,72 STREET,ADDRESS,MIDDLE VILLAGE,JUNIPER BOULEVARD SOUTH,,Closed,,The Police Department responded to the complaint and with the information available observed no evidence of the violation at that time.,06/19/2023 04:46:39 AM,05 QUEENS,30,Precinct 104,,QUEENS,1016375,200734,ONLINE,Juniper Valley Park,QUEENS,,,,,,,,40.717586865277504,-73.88411212421667,POINT (-73.884112124217 40.717586865278)
57948336,06/19/2023 09:26:00 AM,06/24/2023 05:55:00 AM,DEP,Department of Environmental Protection,Water System,Dirty Water (WE),WE,,11226,18 CLARKSON AVENUE,CLARKSON AVENUE,FLATBUSH AVE,BEDFORD AVE,,,ADDRESS,BROOKLYN,,,Closed,,The Department of Environmental Protection investigated this complaint and opened fire hydrants to flush water mains in the area.,06/24/2023 05:55:00 AM,14 BROOKLYN,40,Precinct 70,3050647502,BROOKLYN,995678,177872,ONLINE,Unspecified,BROOKLYN,,,,,,,,40.65488686407945,-73.95881333527113,POINT (-73.958813335271 40.654886864079)
57939768,06/18/2023 10:18:29 PM,06/18/2023 11:06:08 PM,NYPD,New York City Police Department,Illegal Parking,Commercial Overnight Parking,,Street/Sidewalk,11234,5612 AVENUE M,AVENUE M,EAST   56 STREET,EAST   57 STREET,EAST   56 STREET,EAST   57 STREET,ADDRESS,BROOKLYN,AVENUE M,,Closed,,The Police Department responded to the complaint and determined that police action was not necessary.,06/18/2023 11:06:12 PM,18 BROOKLYN,46,Precinct 63,3078810033,BROOKLYN,1006145,165797,MOBILE,Unspecified,BROOKLYN,,,,,,,,40.621723887076996,-73.92112932598965,POINT (-73.92112932599 40.621723887077)
57947274,06/19/2023 02:28:25 PM,07/03/2023 10:11:33 AM,HPD,Department of Housing Preservation and Development,DOOR/WINDOW,WINDOW FRAME,LOOSE OR DEFECTIVE,RESIDENTIAL BUILDING,11434,161-16 140 AVENUE,140 AVENUE,,,,,ADDRESS,JAMAICA,,,Closed,,"The Department of Housing Preservation and Development was not able to gain access to inspect the following conditions. The complaint has been closed. If the condition still exists, please file a new complaint.",07/03/2023 12:00:00 AM,12 QUEENS,31,Precinct 113,4123170088,QUEENS,1046842,183594,PHONE,Unspecified,QUEENS,,,,,,,,40.670378598163516,-73.77436495870438,POINT (-73.774364958704 40.670378598164)
57941208,06/19/2023 11:20:00 AM,06/19/2023 01:00:00 PM,DEP,Department of Environmental Protection,Sewer,Sewer Backup (Use Comments) (SA),SA,,11209,333 OVINGTON AVENUE,OVINGTON AVENUE,3 AVE,4 AVE,,,ADDRESS,BROOKLYN,,,Closed,,The Department of Environmental Protection investigated this complaint and found there was no sewer back up in the city system at the time of the inspection.,06/19/2023 01:00:00 PM,10 BROOKLYN,43,Precinct 68,3058720071,BROOKLYN,977142,170451,ONLINE,Unspecified,BROOKLYN,,,,,,,,40.634522340502905,-74.02560950899898,POINT (-74.025609508999 40.634522340503)
57941325,06/19/2023 09:49:30 PM,06/19/2023 10:29:27 PM,NYPD,New York City Police Department,Noise - Residential,Banging/Pounding,,Residential Building/House,11239,1201 PENNSYLVANIA AVENUE,PENNSYLVANIA AVENUE,FLATLANDS AVENUE,VANDALIA AVENUE,FLATLANDS AVENUE,VANDALIA AVENUE,ADDRESS,BROOKLYN,PENNSYLVANIA AVENUE,,Closed,,The Police Department responded to the complaint and took action to fix the condition.,06/19/2023 10:29:33 PM,05 BROOKLYN,42,Precinct 75,3044350001,BROOKLYN,1016138,176537,ONLINE,Unspecified,BROOKLYN,,,,,,,,40.65117254213723,-73.88508159129591,POINT (-73.885081591296 40.651172542137)
57944700,06/19/2023 04:28:53 PM,06/22/2023 08:24:32 PM,HPD,Department of Housing Preservation and Development,SAFETY,WINDOW GUARD BROKEN/MISSING,NO CHILD UNDER 11,RESIDENTIAL BUILDING,10458,2414 BELMONT AVENUE,BELMONT AVENUE,,,,,ADDRESS,BRONX,,,Closed,,The Department of Housing Preservation and Development inspected the following conditions. No violations were issued. The complaint has been closed.,06/22/2023 12:00:00 AM,06 BRONX,15,Precinct 48,2030750006,BRONX,1015811,250863,PHONE,Unspecified,BRONX,,,,,,,,40.85517945631178,-73.88591117347879,POINT (-73.885911173479 40.855179456312)
57940587,06/18/2023 06:01:56 PM,06/18/2023 06:21:57 PM,NYPD,New York City Police Department,Noise - Street/Sidewalk,Loud Music/Party,,Street/Sidewalk,10031,393 EDGECOMBE AVENUE,EDGECOMBE AVENUE,WEST  150 STREET,WEST  155 STREET,WEST  150 STREET,WEST  155 STREET,ADDRESS,NEW YORK,EDGECOMBE AVENUE,,Closed,,The Police Department responded to the complaint and took action to fix the condition.,06/18/2023 06:22:00 PM,09 MANHATTAN,09,Precinct 30,1020540053,MANHATTAN,1000741,241085,ONLINE,Unspecified,MANHATTAN,,,,,,,,40.82838271804322,-73.94041124356445,POINT (-73.940411243564 40.828382718043)
57937014,06/18/2023 03:22:33 AM,06/21/2023 09:31:04 PM,DHS,Department of Homeless Services,Homeless Person Assistance,,,Subway,,,,,,,,ADDRESS,,,,Closed,,The mobile outreach response team went to the location provided but could not find the individual that you reported.,06/21/2023 09:31:04 PM,Unspecified BROOKLYN,,Unspecified,,BROOKLYN,991914,185945,MOBILE,Unspecified,BROOKLYN,,,,Q,,,Platform,40.677049511904656,-73.97236966310787,POINT (-73.972369663108 40.677049511905)
57943665,06/19/2023 10:52:40 AM,02/14/2024 10:55:07 AM,DPR,Department of Parks and Recreation,Overgrown Tree/Branches,Blocking Street,N/A,Street,11434,120-68 171 STREET,171 STREET,120 AVENUE,BAISLEY BOULEVARD,120 AVENUE,BAISLEY BOULEVARD,ADDRESS,JAMAICA,171 STREET,,Closed,,"Under NYC Parksâ Tree Risk Management Program, work is prioritized to address the conditions with the highest risk first.  NYC Parks determined that the issue will be addressed in the next pruning cycle through the routine block pruning program.  For more information about the Tree Risk Management Program, visit the NYC Urban Forest page on the NYC Parks website at nyc.gov/parks/trees.   To learn more about the trees in your neighborhood, visit the NYC Tree Map at nyc.gov/parks/treemap.",02/14/2024 10:55:13 AM,12 QUEENS,28,Precinct 113,4123870074,QUEENS,1047088,187809,PHONE,Unspecified,QUEENS,,,,,,,,40.681946041262414,-73.77343886968302,POINT (-73.773438869683 40.681946041262)
57951216,06/20/2023 07:05:29 AM,06/20/2023 12:14:21 PM,DHS,Department of Homeless Services,Homeless Person Assistance,,,Subway,,,,,,,,ADDRESS,,,,Closed,,The mobile outreach response team went to the location provided but could not find the individual that you reported.,06/20/2023 12:14:21 PM,Unspecified BROOKLYN,,Unspecified,,BROOKLYN,1011129,185337,PHONE,Unspecified,BROOKLYN,,,,L,,,Entrance,40.67534319988552,-73.9030979953927,POINT (-73.903097995393 40.675343199886)
57940362,06/18/2023 12:56:11 PM,06/18/2023 01:29:02 PM,NYPD,New York City Police Department,Noise - Street/Sidewalk,Loud Music/Party,,Street/Sidewalk,10456,1398 GRAND CONCOURSE,GRAND CONCOURSE,ELLIOT PLACE,EAST  170 STREET,ELLIOT PLACE,EAST  170 STREET,ADDRESS,BRONX,GRAND CONCOURSE,,Closed,,The Police Department responded to the complaint and took action to fix the condition.,06/18/2023 01:29:09 PM,04 BRONX,16,Precinct 44,2028310048,BRONX,1008079,244798,ONLINE,Unspecified,BRONX,,,,,,,,40.83855707927812,-73.91388286014495,POINT (-73.913882860145 40.838557079278)
57939453,06/18/2023 02:47:15 PM,07/03/2023 10:11:06 AM,HPD,Department of Housing Preservation and Development,DOOR/WINDOW,DOOR,NOT SELF-CLOSING,RESIDENTIAL BUILDING,10002,137 RIVINGTON STREET,RIVINGTON STREET,,,,,ADDRESS,NEW YORK,,,Closed,,The Department of Housing Preservation and Development inspected the following conditions. Violations were issued. Information about specific violations is available at www.nyc.gov/hpd,07/03/2023 12:00:00 AM,03 MANHATTAN,01,Precinct 7,1003530060,MANHATTAN,988027,201399,ONLINE,Unspecified,MANHATTAN,,,,,,,,40.719469650571455,-73.98637445148556,POINT (-73.986374451486 40.719469650571)
57940110,06/18/2023 07:18:07 AM,05/13/2025 04:51:12 PM,DPR,Department of Parks and Recreation,New Tree Request,For One Address,Street Tree,Street,10036,606 WEST   47 STREET,WEST   47 STREET,11 AVENUE,12 AVENUE,11 AVENUE,12 AVENUE,ADDRESS,NEW YORK,WEST   47 STREET,,Closed,,"In an effort to more fully and efficiently service each city block, NYC Parks is shifting their street tree planting program to a neighborhood approach.  If the site that you requested meets the criteria for planting, NYC Parks will plant a tree through their new Neighborhood Tree Planting Program.   NYC Parks is no longer accepting new tree planting requests. Each neighborhood will be surveyed, inspected, and planted sequentially. NYC Parks foresters will be conducting tree removal, stump removal, and planting block by block and closing all unplantable tree beds. The most heat-vulnerable neighborhoods will be prioritized first.  To learn more about this program, visit nyc.gov/parks/street-tree-planting.  To learn more about the trees in your neighborhood, visit the NYC Tree Map at nyc.gov/parks/treemap.",05/13/2025 04:51:23 PM,04 MANHATTAN,03,Precinct 18,1010940038,MANHATTAN,985247,217680,UNKNOWN,Unspecified,MANHATTAN,,,,,,,,40.76415768850864,-73.9964009037378,POINT (-73.996400903738 40.764157688509)
57938031,06/18/2023 10:12:00 PM,06/18/2023 11:48:11 PM,NYPD,New York City Police Department,Noise - Residential,Loud Music/Party,,Residential Building/House,10460,593 VAN NEST AVENUE,VAN NEST AVENUE,TAYLOR AVENUE,GARFIELD STREET,TAYLOR AVENUE,GARFIELD STREET,ADDRESS,BRONX,VAN NEST AVENUE,,Closed,,The Police Department responded to the complaint and took action to fix the condition.,06/18/2023 11:48:15 PM,11 BRONX,13,Precinct 49,2040210028,BRONX,1020709,246198,ONLINE,Unspecified,BRONX,,,,,,,,40.84235655547509,-73.86823094527675,POINT (-73.868230945277 40.842356555475)
57942495,06/19/2023 08:20:15 AM,06/27/2023 05:46:54 PM,HPD,Department of Housing Preservation and Development,ELEVATOR,MAINTENANCE,DIRTY OR UNSANITARY,RESIDENTIAL BUILDING,10463,3111 HEATH AVENUE,HEATH AVENUE,,,,,ADDRESS,BRONX,,,Closed,,The Department of Housing Preservation and Development inspected the following conditions. No violations were issued. The complaint has been closed.,06/27/2023 12:00:00 AM,08 BRONX,14,Precinct 50,2032610046,BRONX,1011697,259371,ONLINE,Unspecified,BRONX,,,,,,,,40.878545062435755,-73.90074787653406,POINT (-73.900747876534 40.878545062436)
57935637,06/18/2023 02:43:21 PM,06/18/2023 03:09:57 PM,NYPD,New York City Police Department,Noise - Residential,Loud Music/Party,,Residential Building/House,11237,1398 JEFFERSON AVENUE,JEFFERSON AVENUE,KNICKERBOCKER AVENUE,IRVING AVENUE,KNICKERBOCKER AVENUE,IRVING AVENUE,ADDRESS,BROOKLYN,JEFFERSON AVENUE,,Closed,,The Police Department responded to the complaint and took action to fix the condition.,06/18/2023 03:10:02 PM,04 BROOKLYN,37,Precinct 83,3033920022,BROOKLYN,1009271,192440,ONLINE,Unspecified,BROOKLYN,,,,,,,,40.694844747820305,-73.90976992553387,POINT (-73.909769925534 40.69484474782)
57945744,06/19/2023 11:44:34 AM,06/28/2023 09:00:50 AM,HPD,Department of Housing Preservation and Development,PAINT/PLASTER,CEILING,CHIPPED/PEELING/FLAKING,RESIDENTIAL BUILDING,11420,127-02 116 AVENUE,116 AVENUE,,,,,ADDRESS,SOUTH OZONE PARK,,,Closed,,The Department of Housing Preservation and Development inspected the following conditions. No violations were issued. The complaint has been closed.,06/28/2023 12:00:00 AM,10 QUEENS,28,Precinct 106,4116840001,QUEENS,1036514,186088,PHONE,Unspecified,QUEENS,,,,,,,,40.67729104703088,-73.81157642914715,POINT (-73.811576429147 40.677291047031)
57940938,06/19/2023 01:21:39 PM,06/19/2023 01:44:39 PM,NYPD,New York City Police Department,Noise - Vehicle,Engine Idling,,Street/Sidewalk,11103,32-32 49 STREET,49 STREET,NEWTOWN ROAD,NORTHERN BOULEVARD,NEWTOWN ROAD,NORTHERN BOULEVARD,ADDRESS,ASTORIA,49 STREET,,Closed,,The Police Department responded to the complaint and with the information available observed no evidence of the violation at that time.,06/19/2023 01:44:44 PM,01 QUEENS,26,Precinct 114,4007340047,QUEENS,1008474,214236,ONLINE,Unspecified,QUEENS,,,,,,,,40.75467166407535,-73.91256559006712,POINT (-73.912565590067 40.754671664075)
57949488,06/20/2023 04:38:55 PM,,DPR,Department of Parks and Recreation,Damaged Tree,Branch Cracked and Will Fall,Hanging from Wires,Street,11432,80-39 159 STREET,159 STREET,UNION TURNPIKE,GOETHALS AVENUE,UNION TURNPIKE,GOETHALS AVENUE,ADDRESS,JAMAICA,159 STREET,,In Progress,,"NYC Parks created a work order for the tree condition and expects to address the issue within 120 days from the date of the tree assessment, barring any weather-related requests.   NYC Parks work priority categories range from Category A through D, with A being the most critical and time-sensitive. We will complete all work in Category A first and address work in lower priority categories in accordance with available resources. For more information about the Tree Risk Management Program, visit the NYC Urban Forest page on the NYC Parks website at nyc.gov/parks/trees.",08/14/2023 02:10:26 PM,08 QUEENS,24,Precinct 107,4068540011,QUEENS,1037502,201476,PHONE,Unspecified,QUEENS,,,,,,,,40.71952152911856,-73.80789281096415,POINT (-73.807892810964 40.719521529119)
57950469,06/20/2023 02:29:56 AM,06/20/2023 03:01:31 AM,NYPD,New York City Police Department,Noise - Commercial,Loud Music/Party,,Club/Bar/Restaurant,11236,1663 RALPH AVENUE,RALPH AVENUE,EAST   77 STREET,EAST   76 STREET,EAST   77 STREET,EAST   76 STREET,ADDRESS,BROOKLYN,RALPH AVENUE,,Closed,,The Police Department responded to the complaint and took action to fix the condition.,06/20/2023 03:01:35 AM,18 BROOKLYN,45,Precinct 69,3079817501,BROOKLYN,1006721,171099,ONLINE,Unspecified,BROOKLYN,,,,,,,,40.63627531109799,-73.9190367941174,POINT (-73.919036794117 40.636275311098)
57941127,06/19/2023 06:28:27 AM,06/22/2023 02:38:24 PM,DOT,Department of Transportation,Street Sign - Missing,St Name - Attached to Pole,N/A,Street,11230,360 AVENUE M,AVENUE M,EAST    3 STREET,EAST    4 STREET,EAST    3 STREET,EAST    4 STREET,ADDRESS,BROOKLYN,AVENUE M,,Closed,,"The Department of Transportation inspected the condition you reported. You can find additional information in the ""Notes to Customer"" field.",06/22/2023 02:38:29 PM,12 BROOKLYN,44,Precinct 66,,BROOKLYN,992079,163960,ONLINE,Unspecified,BROOKLYN,,,,,,,,40.6167053002871,-73.97180031924198,POINT (-73.971800319242 40.616705300287)
57946977,06/19/2023 10:40:58 AM,,DPR,Department of Parks and Recreation,Dead/Dying Tree,Planted More Than 2 Years Ago,N/A,Street,11223,1881 OCEAN PARKWAY,OCEAN PARKWAY,AVENUE R,AVENUE S,AVENUE R,AVENUE S,ADDRESS,BROOKLYN,OCEAN PARKWAY,,In Progress,,"NYC Parks created a work order for the tree condition and expects to address the issue within 120 days from the date of the tree assessment, barring any weather-related requests.   NYC Parks work priority categories range from Category A through D, with A being the most critical and time-sensitive. We will complete all work in Category A first and address work in lower priority categories in accordance with available resources. For more information about the Tree Risk Management Program, visit the NYC Urban Forest page on the NYC Parks website at nyc.gov/parks/trees.",07/11/2023 11:26:01 AM,15 BROOKLYN,44,Precinct 61,3066820062,BROOKLYN,993559,159011,ONLINE,Unspecified,BROOKLYN,,,,,,,,40.603119881129935,-73.96647625312636,POINT (-73.966476253126 40.60311988113)
57938004,06/18/2023 10:07:42 PM,06/18/2023 10:23:03 PM,NYPD,New York City Police Department,Noise - Residential,Loud Music/Party,,Residential Building/House,11236,960 EAST   95 STREET,EAST   95 STREET,FOSTER AVENUE,FARRAGUT ROAD,FOSTER AVENUE,FARRAGUT ROAD,ADDRESS,BROOKLYN,EAST   95 STREET,,Closed,,The Police Department responded to the complaint and took action to fix the condition.,06/18/2023 10:23:07 PM,18 BROOKLYN,42,Precinct 69,3081440048,BROOKLYN,1010164,174792,ONLINE,Unspecified,BROOKLYN,,,,,,,,40.64640239461751,-73.90661745965009,POINT (-73.90661745965 40.646402394618)
57943431,06/19/2023 05:43:30 AM,06/19/2023 06:02:48 AM,NYPD,New York City Police Department,Noise - Street/Sidewalk,Loud Music/Party,,Street/Sidewalk,10457,EAST  171 STREET,EAST  171 STREET,EAST  171 STREET,THIRD AVENUE,EAST  171 STREET,THIRD AVENUE,INTERSECTION,,,,Closed,,The Police Department responded to the complaint and took action to fix the condition.,06/19/2023 06:02:56 AM,03 BRONX,16,Precinct 42,,BRONX,1011377,244297,ONLINE,Unspecified,BRONX,,,,,,,,40.83717246556866,-73.90196604368661,POINT (-73.901966043687 40.837172465569)
57949731,06/20/2023 06:15:43 AM,07/12/2023 02:55:28 PM,EDC,Economic Development Corporation,Noise - Helicopter,Other,Flying Too Low,Above Address,11201,267A STATE STREET,STATE STREET,SMITH STREET,HOYT STREET,SMITH STREET,HOYT STREET,ADDRESS,BROOKLYN,STATE STREET,,Closed,,"The New York City Economic Development Corporation determined that this issue is not within its jurisdiction because the helicopter did not belong to a tour company departing from a NYC heliport.Â  Instead, it was most likely a law enforcement or news gathering helicopter not subject to the routing protocols established for tour helicopters. It may also have been a helicopter that departed as a charter or tour from another City but flew over NYC airspace. Helicopter tours originating from outside NYC are not subject to the same City regulations as tours departing from heliports managed by NYCEDC. Any City regulation of these flights is pre-empted by federal law and subject only to the jurisdiction of the Federal Aviation Administration. To file a complaint with the FAA, you can contact the New York Flight Standards District Office at the following web address:Â https://www.faa.gov/about/office_org/field_offices/fsdo/",07/12/2023 02:55:33 PM,02 BROOKLYN,33,Precinct 84,3001700060,BROOKLYN,987531,190313,ONLINE,Unspecified,BROOKLYN,,,,,,,,40.68904138624274,-73.98816917562395,POINT (-73.988169175624 40.689041386243)
57940146,06/18/2023 10:55:53 PM,06/18/2023 10:56:45 PM,NYPD,New York City Police Department,Noise - Park,Loud Music/Party,,Park/Playground,10028,1000 5 AVENUE,5 AVENUE,EAST   81 STREET,EAST   82 STREET,EAST   81 STREET,EAST   82 STREET,ADDRESS,NEW YORK,5 AVENUE,,Closed,,The Police Department responded to the complaint and with the information available observed no evidence of the violation at that time.,06/18/2023 10:56:51 PM,64 MANHATTAN,06,Precinct 22,1011110001,MANHATTAN,994623,222956,ONLINE,Central Park,MANHATTAN,,,,,,,,40.77863290127972,-73.96254609596876,POINT (-73.962546095969 40.77863290128)
57945204,06/19/2023 01:21:23 PM,06/19/2023 01:29:41 PM,NYPD,New York City Police Department,Illegal Parking,Blocked Hydrant,,Street/Sidewalk,11377,48-46 64 STREET,64 STREET,48 AVENUE,50 AVENUE,48 AVENUE,50 AVENUE,ADDRESS,WOODSIDE,64 STREET,,Closed,,The Police Department responded to the complaint and took action to fix the condition.,06/19/2023 01:29:45 PM,02 QUEENS,26,Precinct 108,4023370001,QUEENS,1011456,208016,PHONE,Unspecified,QUEENS,,,,,,,,40.73759066238476,-73.90182749122849,POINT (-73.901827491228 40.737590662385)
57948057,06/19/2023 05:14:00 PM,06/20/2023 08:27:00 PM,DSNY,Department of Sanitation,Derelict Vehicles,Derelict Vehicles,,Street,11214,8693 23 AVENUE,23 AVENUE,BENSON AVENUE,BATH AVENUE,,,ADDRESS,BROOKLYN,,,Closed,,The vehicle you reported exceeds the monetary value eligible for collection as junk. The Department of Sanitation has forwarded the request to the NYPD for further action.,06/20/2023 12:00:00 PM,11 BROOKLYN,43,Precinct 62,3068730041,BROOKLYN,985986,157327,PHONE,Unspecified,BROOKLYN,,,,,,,,40.59850236198067,-73.99374871645337,POINT (-73.993748716453 40.598502361981)
57946923,06/19/2023 10:18:07 PM,06/19/2023 11:06:40 PM,NYPD,New York City Police Department,Animal-Abuse,Chained,Dog,Residential Building/House,11412,194-04 113 ROAD,113 ROAD,194 STREET,196 STREET,194 STREET,196 STREET,ADDRESS,SAINT ALBANS,113 ROAD,,Closed,,The Police Department responded to the complaint and with the information available observed no evidence of the violation at that time.,06/19/2023 11:06:44 PM,12 QUEENS,27,Precinct 113,,QUEENS,1050673,194123,ONLINE,Unspecified,QUEENS,,,,,,,,40.699250275596796,-73.76045103336013,POINT (-73.76045103336 40.699250275597)
57936411,06/18/2023 02:10:56 PM,06/18/2023 02:56:13 PM,NYPD,New York City Police Department,Illegal Parking,Posted Parking Sign Violation,,Street/Sidewalk,11693,90-00 SHORE FRONT PARKWAY,SHORE FRONT PARKWAY,BEACH   90 STREET,BEACH   91 STREET,BEACH   90 STREET,BEACH   91 STREET,ADDRESS,FAR ROCKAWAY,SHORE FRONT PARKWAY,,Closed,,The Police Department responded to the complaint and took action to fix the condition.,06/18/2023 02:56:22 PM,14 QUEENS,32,Precinct 100,,QUEENS,1036342,152315,MOBILE,Unspecified,QUEENS,,,,,,,,40.58459253630078,-73.8124572085582,POINT (-73.812457208558 40.584592536301)
57950964,06/20/2023 07:20:05 PM,06/20/2023 08:02:14 PM,NYPD,New York City Police Department,Animal-Abuse,Other (complaint details),,Street/Sidewalk,11230,AVENUE M,AVENUE M,AVENUE M,EAST   15 STREET,AVENUE M,EAST   15 STREET,INTERSECTION,,,,Closed,,The Police Department responded to the complaint and with the information available observed no evidence of the violation at that time.,06/20/2023 08:02:19 PM,14 BROOKLYN,44,Precinct 70,,BROOKLYN,995343,164437,PHONE,Unspecified,BROOKLYN,,,,,,,,40.61801108088083,-73.96004276618872,POINT (-73.960042766189 40.618011080881)
57947778,06/19/2023 04:12:57 PM,06/19/2023 06:15:14 PM,DPR,Department of Parks and Recreation,Animal in a Park,Dog Off Leash,N/A,Park,10460,1041 EAST  172 STREET,EAST  172 STREET,BOONE AVENUE,WEST FARMS ROAD,BOONE AVENUE,WEST FARMS ROAD,ADDRESS,BRONX,EAST  172 STREET,,Closed,,NYC Parks has reviewed the reported condition and corrected the problem.,06/19/2023 06:15:18 PM,03 BRONX,17,Precinct 42,,BRONX,1016011,242606,PHONE,Unspecified,BRONX,,,,,,,,40.83251571262095,-73.88522730857399,POINT (-73.885227308574 40.832515712621)
57949938,06/20/2023 11:24:14 PM,06/21/2023 12:15:06 AM,NYPD,New York City Police Department,Illegal Parking,Paper License Plates,,Street/Sidewalk,11201,122 ASHLAND PLACE,ASHLAND PLACE,MYRTLE AVENUE,WILLOUGHBY STREET,MYRTLE AVENUE,WILLOUGHBY STREET,ADDRESS,BROOKLYN,ASHLAND PLACE,,Closed,,The Police Department responded to the complaint and determined that police action was not necessary.,06/21/2023 12:15:12 AM,02 BROOKLYN,35,Precinct 88,3020610040,BROOKLYN,990064,191560,MOBILE,Unspecified,BROOKLYN,,,,,,,,40.69246281230813,-73.97903445808508,POINT (-73.979034458085 40.692462812308)
57942576,06/19/2023 11:37:30 AM,06/25/2023 07:18:11 AM,DPR,Department of Parks and Recreation,Damaged Tree,Branch Cracked and Will Fall,Hanging from Other Branches,Street,11237,HART STREET,HART STREET,HART STREET,KNICKERBOCKER AVENUE,HART STREET,KNICKERBOCKER AVENUE,INTERSECTION,,,,Closed,,"NYC Parks created a work order for the tree condition.  Please note that addressing this work can take up to a year or more depending on the higher priority work identified during this period and resources available to address this work.    NYC Parks work priority categories range from Category A through D, with A being the most critical and time-sensitive. We will complete all work in Category A first and address work in lower priority categories in accordance with available resources. For more information about the Tree Risk Management Program, visit the NYC Urban Forest page on the NYC Parks website at nyc.gov/parks/trees.   Alternatively, you may choose complete the work yourself by hiring an independent contractor. The contractor must complete a Tree Work Permit application on the NYC Parks website at nyc.gov/parks/trees.",06/25/2023 07:18:16 AM,04 BROOKLYN,37,Precinct 83,,BROOKLYN,1005563,194872,PHONE,Unspecified,BROOKLYN,,,,,,,,40.70152972519845,-73.92313391468367,POINT (-73.923133914684 40.701529725198)
57952584,06/20/2023 03:14:34 AM,06/20/2023 12:16:21 PM,DHS,Department of Homeless Services,Homeless Person Assistance,,,Store/Commercial,10009,428 EAST   14 STREET,EAST   14 STREET,1 AVENUE,AVENUE A,1 AVENUE,AVENUE A,ADDRESS,NEW YORK,EAST   14 STREET,,Closed,,"The mobile outreach response team offered services to the individual, but the individual did not accept assistance.",06/20/2023 12:16:21 PM,03 MANHATTAN,02,Precinct 9,1004410020,MANHATTAN,989422,205546,MOBILE,Unspecified,MANHATTAN,,,,,,,,40.73085145285425,-73.98133879429486,POINT (-73.981338794295 40.730851452854)
57944412,06/19/2023 09:47:45 PM,06/19/2023 10:04:47 PM,NYPD,New York City Police Department,Illegal Fireworks,N/A,,Street/Sidewalk,11411,120 AVENUE,120 AVENUE,120 AVENUE,227 STREET,120 AVENUE,227 STREET,INTERSECTION,,,,Closed,,The Police Department responded to the complaint and took action to fix the condition.,06/19/2023 10:04:52 PM,13 QUEENS,27,Precinct 105,,QUEENS,1057305,190174,ONLINE,Unspecified,QUEENS,,,,,,,,40.68835896888153,-73.7365762482975,POINT (-73.736576248297 40.688358968882)
57946536,06/19/2023 01:46:34 PM,06/22/2023 08:30:09 AM,DSNY,Department of Sanitation,Missed Collection,Bulky Recycling,N/A,Street,10314,100 WARWICK AVENUE,WARWICK AVENUE,PURDY AVENUE,NORTH GANNON AVENUE,PURDY AVENUE,NORTH GANNON AVENUE,ADDRESS,STATEN ISLAND,WARWICK AVENUE,,Closed,,The Department of Sanitation investigated this complaint and found no condition at the location.,06/21/2023 11:31:09 AM,01 STATEN ISLAND,50,Precinct 121,5007390021,STATEN ISLAND,946138,161235,ONLINE,Unspecified,STATEN ISLAND,,,,,,,,40.60914723604026,-74.13726209965533,POINT (-74.137262099655 40.60914723604)
57938796,06/19/2023 12:24:20 AM,06/19/2023 01:28:07 AM,NYPD,New York City Police Department,Illegal Parking,Commercial Overnight Parking,,Street/Sidewalk,11204,5659 20 AVENUE,20 AVENUE,54 STREET,57 STREET,54 STREET,57 STREET,ADDRESS,BROOKLYN,20 AVENUE,,Closed,,The Police Department issued a summons in response to the complaint.,06/19/2023 01:28:11 AM,12 BROOKLYN,44,Precinct 66,,BROOKLYN,989515,165578,MOBILE,Unspecified,BROOKLYN,,,,,,,,40.62114826846139,-73.98103446153424,POINT (-73.981034461534 40.621148268461)
57937329,06/18/2023 09:21:28 AM,06/21/2023 03:09:24 PM,HPD,Department of Housing Preservation and Development,UNSANITARY CONDITION,PESTS,ROACHES,RESIDENTIAL BUILDING,10452,974 ANDERSON AVENUE,ANDERSON AVENUE,,,,,ADDRESS,BRONX,,,Closed,,The Department of Housing Preservation and Development inspected the following conditions. No violations were issued. The complaint has been closed.,06/21/2023 12:00:00 AM,04 BRONX,16,Precinct 44,2025040072,BRONX,1004284,242293,PHONE,Unspecified,BRONX,,,,,,,,40.83169100499876,-73.92760532719244,POINT (-73.927605327192 40.831691004999)
57951423,06/20/2023 02:03:14 PM,06/20/2023 03:16:38 PM,NYPD,New York City Police Department,Illegal Parking,Blocked Hydrant,,Street/Sidewalk,10309,18 BROOKSIDE LOOP,BROOKSIDE LOOP,WOODROW ROAD,BEND,WOODROW ROAD,BEND,ADDRESS,STATEN ISLAND,BROOKSIDE LOOP,,Closed,,The Police Department responded and upon arrival those responsible for the condition were gone.,06/20/2023 03:16:42 PM,03 STATEN ISLAND,51,Precinct 123,5070220001,STATEN ISLAND,924699,136455,MOBILE,Unspecified,STATEN ISLAND,,,,,,,,40.54101306052047,-74.2142570893153,POINT (-74.214257089315 40.54101306052)
57943377,06/19/2023 11:11:39 PM,06/20/2023 12:29:57 AM,NYPD,New York City Police Department,Noise - Residential,Loud Music/Party,,Residential Building/House,11221,558 KNICKERBOCKER AVENUE,KNICKERBOCKER AVENUE,LINDEN STREET,GATES AVENUE,LINDEN STREET,GATES AVENUE,ADDRESS,BROOKLYN,KNICKERBOCKER AVENUE,,Closed,,The Police Department responded to the complaint but officers were unable to gain entry into the premises.,06/20/2023 12:30:04 AM,04 BROOKLYN,37,Precinct 83,3033340001,BROOKLYN,1007784,193211,PHONE,Unspecified,BROOKLYN,,,,,,,,40.69696504198906,-73.91512960869329,POINT (-73.915129608693 40.696965041989)
57941946,06/19/2023 01:00:31 PM,06/26/2023 10:46:48 AM,DOT,Department of Transportation,Outdoor Dining,Site Setup Condition,Abandoned,Street,10024,212 WEST   79 STREET,WEST   79 STREET,AMSTERDAM AVENUE,BROADWAY,AMSTERDAM AVENUE,BROADWAY,ADDRESS,NEW YORK,WEST   79 STREET,,Closed,,The Department of Transportation inspected the condition and determined that it is in compliance with its standards.,06/26/2023 10:46:56 AM,07 MANHATTAN,06,Precinct 20,1011700040,MANHATTAN,990090,224685,PHONE,Unspecified,MANHATTAN,,,,,,,,40.78338270547271,-73.9789119446289,POINT (-73.978911944629 40.783382705473)
57936663,06/18/2023 05:26:00 PM,06/20/2023 04:32:00 AM,DSNY,Department of Sanitation,Derelict Vehicles,Derelict Vehicles,,Street,10039,231 WEST  145 STREET,WEST  145 STREET,ADAM CLAYTON POWELL JR BOULEVARD,FREDERICK DOUGLASS BOULEVARD,,,ADDRESS,NEW YORK,,,Closed,,The Department of Sanitation does NOT have jurisdiction over vehicles (abandoned or otherwise) that have license plates affixed to them. Your request will be referred to the NYPD for further action.,06/20/2023 12:00:00 PM,10 MANHATTAN,09,Precinct 32,1020310014,MANHATTAN,1000814,238797,PHONE,Unspecified,MANHATTAN,,,,,,,,40.8221026734222,-73.94015311305006,POINT (-73.94015311305 40.822102673422)
57948840,06/19/2023 07:59:46 PM,06/19/2023 08:29:43 PM,NYPD,New York City Police Department,Noise - Street/Sidewalk,Loud Music/Party,,Street/Sidewalk,11224,2836 WEST   23 STREET,WEST   23 STREET,NEPTUNE AVENUE,MERMAID AVENUE,NEPTUNE AVENUE,MERMAID AVENUE,ADDRESS,BROOKLYN,WEST   23 STREET,,Closed,,The Police Department responded to the complaint and with the information available observed no evidence of the violation at that time.,06/19/2023 08:29:47 PM,13 BROOKLYN,47,Precinct 60,3070150015,BROOKLYN,986927,149691,MOBILE,Unspecified,BROOKLYN,,,,,,,,40.57754283105025,-73.99036322891654,POINT (-73.990363228917 40.57754283105)
57947580,06/19/2023 11:09:11 AM,06/19/2023 01:00:09 PM,DOHMH,Department of Health and Mental Hygiene,Mosquitoes,Large Number of Mosquitoes,N/A,Residential Property,11422,243-50 MAYDA ROAD,MAYDA ROAD,243 STREET,249 STREET,243 STREET,249 STREET,ADDRESS,ROSEDALE,MAYDA ROAD,,Closed,,Thank you for your report. The Department of Health and Mental Hygiene will use the information that you provided to help track and control mosquito populations throughout the City. No further information will be available from 311 on your report.,06/19/2023 01:00:20 PM,13 QUEENS,31,Precinct 105,4135670079,QUEENS,1056401,179453,PHONE,Unspecified,QUEENS,,,,,,,,40.65893977830431,-73.73995066102896,POINT (-73.739950661029 40.658939778304)
57946500,06/19/2023 10:21:46 AM,06/22/2023 12:00:00 AM,DOB,Department of Buildings,Electrical,Electrical Wiring Defective/Exposed,,,10036,305 WEST   45 STREET,WEST   45 STREET,,,,,ADDRESS,NEW YORK,,,Closed,,The Department of Buildings investigated this complaint and determined that no further action was necessary.,06/22/2023 12:00:00 AM,04 MANHATTAN,03,Precinct 18,1010360028,MANHATTAN,987327,215941,UNKNOWN,Unspecified,MANHATTAN,,,,,,,,40.75938410124301,-73.98889305360727,POINT (-73.988893053607 40.759384101243)
57939903,06/18/2023 04:55:00 PM,06/19/2023 09:40:00 PM,DOT,Department of Transportation,Street Light Condition,Street Light Out,Location Type: Intersection,,11221,,,,,CENTRAL AVENUE,PUTNAM AVENUE,INTERSECTION,BROOKLYN,,,Closed,,"Service Request status for this request is available on the Department of Transportation's website. Please click the ""Learn More"" link below.",06/19/2023 09:40:00 PM,04 BROOKLYN,37,Precinct 83,,BROOKLYN,1007890,191462,UNKNOWN,Unspecified,BROOKLYN,,,,,,,,40.69216416210601,-73.9147534804979,POINT (-73.914753480498 40.692164162106)
57936168,06/18/2023 02:30:01 PM,06/18/2023 02:53:43 PM,NYPD,New York City Police Department,Noise - Vehicle,Car/Truck Music,,Street/Sidewalk,11237,1396 JEFFERSON AVENUE,JEFFERSON AVENUE,KNICKERBOCKER AVENUE,IRVING AVENUE,KNICKERBOCKER AVENUE,IRVING AVENUE,ADDRESS,BROOKLYN,JEFFERSON AVENUE,,Closed,,The Police Department responded to the complaint and took action to fix the condition.,06/18/2023 02:53:49 PM,04 BROOKLYN,37,Precinct 83,3033920021,BROOKLYN,1009263,192429,MOBILE,Unspecified,BROOKLYN,,,,,,,,40.6948145780013,-73.90979881575089,POINT (-73.909798815751 40.694814578001)
57944799,06/19/2023 05:58:10 PM,06/19/2023 06:54:07 PM,NYPD,New York City Police Department,Abandoned Vehicle,With License Plate,,Street/Sidewalk,11417,88-04 SPRITZ ROAD,SPRITZ ROAD,88 STREET,WHITELAW STREET,88 STREET,WHITELAW STREET,ADDRESS,OZONE PARK,SPRITZ ROAD,,Closed,,The Police Department responded to the complaint and a report was prepared.,06/19/2023 06:54:13 PM,10 QUEENS,32,Precinct 106,4114000001,QUEENS,1026556,184493,ONLINE,Unspecified,QUEENS,,,,,,,,40.672966329566975,-73.84748720774762,POINT (-73.847487207748 40.672966329567)
57937167,06/18/2023 10:35:36 PM,06/18/2023 11:13:45 PM,NYPD,New York City Police Department,Noise - Park,Loud Music/Party,,Park/Playground,10032,BUSHMAN STEPS,BUSHMAN STEPS,EDGECOMBE AVENUE,ST NICHOLAS AVENUE,EDGECOMBE AVENUE,ST NICHOLAS AVENUE,UNRECOGNIZED,NEW YORK,BUSHMAN STEPS,,Closed,,The Police Department responded to the complaint and with the information available observed no evidence of the violation at that time.,06/18/2023 11:13:50 PM,12 MANHATTAN,10,Precinct 33,1201099999,MANHATTAN,1000783,242447,ONLINE,Bushman Steps,MANHATTAN,,,,,,,,40.83212093828888,-73.94025612377756,POINT (-73.940256123778 40.832120938289)
57942297,06/19/2023 10:26:07 PM,06/19/2023 10:45:36 PM,NYPD,New York City Police Department,Noise - Park,Loud Music/Party,,Park/Playground,10035,2 EAST  124 STREET,EAST  124 STREET,5 AVENUE,MADISON AVENUE,5 AVENUE,MADISON AVENUE,ADDRESS,NEW YORK,EAST  124 STREET,,Closed,,The Police Department responded to the complaint and took action to fix the condition.,06/19/2023 10:45:39 PM,11 MANHATTAN,09,Precinct 25,1017190001,MANHATTAN,1000225,232762,ONLINE,Marcus Garvey Pool,MANHATTAN,,,,,,,,40.80553937162583,-73.94229557438949,POINT (-73.942295574389 40.805539371626)
57947814,06/20/2023 12:15:33 AM,06/20/2023 12:56:59 AM,NYPD,New York City Police Department,Noise - Street/Sidewalk,Loud Talking,,Street/Sidewalk,11368,99-42 41 AVENUE,41 AVENUE,99 STREET,100 STREET,99 STREET,100 STREET,ADDRESS,CORONA,41 AVENUE,,Closed,,The Police Department responded to the complaint and with the information available observed no evidence of the violation at that time.,06/20/2023 12:57:05 AM,04 QUEENS,21,Precinct 110,4016160024,QUEENS,1021594,211815,ONLINE,Unspecified,QUEENS,,,,,,,,40.74798096107039,-73.86522360365291,POINT (-73.865223603653 40.74798096107)
57939426,06/18/2023 09:01:40 PM,06/18/2023 09:29:00 PM,NYPD,New York City Police Department,Noise - Vehicle,Car/Truck Music,,Street/Sidewalk,10033,602 WEST  184 STREET,WEST  184 STREET,ST NICHOLAS AVENUE,WADSWORTH AVENUE,ST NICHOLAS AVENUE,WADSWORTH AVENUE,ADDRESS,NEW YORK,WEST  184 STREET,,Closed,,The Police Department responded to the complaint and with the information available observed no evidence of the violation at that time.,06/18/2023 09:29:03 PM,12 MANHATTAN,10,Precinct 34,1021650063,MANHATTAN,1002877,249395,MOBILE,Unspecified,MANHATTAN,,,,,,,,40.85118699615938,-73.93266992103403,POINT (-73.932669921034 40.851186996159)
57942990,06/19/2023 06:53:00 PM,06/20/2023 10:00:00 PM,DEP,Department of Environmental Protection,Noise,Noise: Construction Before/After Hours (NM1),NM1,,10463,35 DASH PLACE,DASH PLACE,BEND,W 242 ST,,,ADDRESS,BRONX,,N/A,Closed,,The Department of Environmental Protection (DEP) observed a violation of the NYC Air or Noise Code during the inspection. DEP issued a summons.,06/20/2023 10:00:00 PM,08 BRONX,11,Precinct 50,2057780879,BRONX,1010860,263315,ONLINE,Unspecified,BRONX,,,,,,,,40.889372666404434,-73.90375891169204,POINT (-73.903758911692 40.889372666404)
57951594,06/20/2023 12:08:00 PM,06/21/2023 09:30:00 AM,DEP,Department of Environmental Protection,Water System,Leak (Use Comments) (WA2),WA2,,11226,2846 CHURCH AVENUE,CHURCH AVENUE,LLOYD ST,NOSTRAND AVE,,,ADDRESS,BROOKLYN,,,Closed,,"The Department of Environment Protection inspected your complaint but could not find the problem you reported. If the condition persists, please call 311 (or 212-639-9675 if calling from a non-New York City area code) with more detailed information to submit a new complaint.",06/21/2023 09:30:00 AM,17 BROOKLYN,40,Precinct 67,3051050037,BROOKLYN,997899,176361,PHONE,Unspecified,BROOKLYN,,,,,,,,40.65073635427035,-73.95081188101602,POINT (-73.950811881016 40.65073635427)
57947022,06/19/2023 12:57:36 PM,06/19/2023 02:03:40 PM,DSNY,Department of Sanitation,Vendor Enforcement,Non-Food Vendor,Unlicensed,Street,10010,200 5 AVENUE,5 AVENUE,EAST   23 STREET,WEST   24 STREET,EAST   23 STREET,WEST   24 STREET,ADDRESS,NEW YORK,5 AVENUE,,Closed,,N/A,06/19/2023 02:03:45 PM,05 MANHATTAN,03,Precinct 13,1008250031,MANHATTAN,987197,209558,ONLINE,Unspecified,MANHATTAN,,,,,,,,40.741864422857496,-73.98936510762854,POINT (-73.989365107629 40.741864422858)
57936879,06/18/2023 05:49:49 PM,06/18/2023 05:49:49 PM,DOHMH,Department of Health and Mental Hygiene,Rodent,Rat Sighting,,Commercial Building,11205,471 FLUSHING AVENUE,FLUSHING AVENUE,BEDFORD AVENUE,SPENCER STREET,BEDFORD AVENUE,SPENCER STREET,ADDRESS,BROOKLYN,FLUSHING AVENUE,,Closed,,The Department of Health and Mental Hygiene found violations on the property you reported. Follow-up inspections will be scheduled.,06/18/2023 05:49:49 PM,01 BROOKLYN,33,Precinct 90,3022630081,BROOKLYN,996391,193974,ONLINE,Unspecified,BROOKLYN,,,,,,,,40.69908226297211,-73.9562146670475,POINT (-73.956214667047 40.699082262972)
57945627,06/19/2023 03:02:58 AM,06/19/2023 03:23:25 AM,NYPD,New York City Police Department,Noise - Residential,Loud Music/Party,,Residential Building/House,11221,1126 GREENE AVENUE,GREENE AVENUE,BUSHWICK AVENUE,EVERGREEN AVENUE,BUSHWICK AVENUE,EVERGREEN AVENUE,ADDRESS,BROOKLYN,GREENE AVENUE,,Closed,,The Police Department responded to the complaint and with the information available observed no evidence of the violation at that time.,06/19/2023 03:23:30 AM,04 BROOKLYN,37,Precinct 83,3032950005,BROOKLYN,1005331,191945,ONLINE,Unspecified,BROOKLYN,,,,,,,,40.69349635036639,-73.92397979161532,POINT (-73.923979791615 40.693496350366)
57950622,06/20/2023 07:58:39 PM,06/20/2023 08:02:12 PM,NYPD,New York City Police Department,Blocked Driveway,Partial Access,,Street/Sidewalk,10034,235 SEAMAN AVENUE,SEAMAN AVENUE,WEST  214 STREET,WEST  215 STREET,WEST  214 STREET,WEST  215 STREET,ADDRESS,NEW YORK,SEAMAN AVENUE,,Closed,,The Police Department responded to the complaint and with the information available observed no evidence of the violation at that time.,06/20/2023 08:02:19 PM,12 MANHATTAN,10,Precinct 34,1022430358,MANHATTAN,1006730,256749,MOBILE,Unspecified,MANHATTAN,,,,,,,,40.87136253230875,-73.91871801754282,POINT (-73.918718017543 40.871362532309)
57942801,06/19/2023 04:25:36 PM,06/21/2023 04:02:41 PM,DOT,Department of Transportation,Street Sign - Dangling,Stop,,Street,11205,SANFORD STREET,SANFORD STREET,SANFORD STREET,WILLOUGHBY AVENUE,SANFORD STREET,WILLOUGHBY AVENUE,INTERSECTION,,,,Closed,,The Department of Transportation has completed the request or corrected the condition.,06/21/2023 04:02:46 PM,03 BROOKLYN,33,Precinct 79,,BROOKLYN,997256,191871,PHONE,Unspecified,BROOKLYN,,,,,,,,40.6933087883808,-73.95309919017043,POINT (-73.95309919017 40.693308788381)
57944052,06/19/2023 07:14:00 PM,06/19/2023 07:14:00 PM,DEP,Department of Environmental Protection,Sewer,Sewer Backup (Use Comments) (SA),SA,,11385,61-41 WOODBINE STREET,WOODBINE STREET,FRESH POND RD,64 ST,,,ADDRESS,RIDGEWOOD,,,Closed,,"The Department of Environmental Protection has investigated this complaint. Upon investigation, there was no indication of a city sewer issue and there is a suspected sewer backup due to an internal plumbing issue.",06/19/2023 07:00:00 PM,05 QUEENS,30,Precinct 104,4036130038,QUEENS,1012739,197182,PHONE,Unspecified,QUEENS,,,,,,,,40.7078499340687,-73.89724366581031,POINT (-73.89724366581 40.707849934069)
57942153,06/19/2023 09:41:59 AM,06/19/2023 10:09:14 AM,NYPD,New York City Police Department,Illegal Parking,Blocked Crosswalk,,Street/Sidewalk,10467,3341 RESERVOIR OVAL WEST,RESERVOIR OVAL WEST,EAST  208 STREET,WAYNE AVENUE,EAST  208 STREET,WAYNE AVENUE,ADDRESS,BRONX,RESERVOIR OVAL WEST,,Closed,,The Police Department issued a summons in response to the complaint.,06/19/2023 10:09:19 AM,07 BRONX,11,Precinct 52,2033430359,BRONX,1017939,259415,MOBILE,Unspecified,BRONX,,,,,,,,40.87864420954078,-73.878175751956,POINT (-73.878175751956 40.878644209541)
57941928,06/19/2023 05:06:21 PM,06/19/2023 05:17:53 PM,NYPD,New York City Police Department,Illegal Parking,Blocked Hydrant,,Street/Sidewalk,11421,87-32 97 STREET,97 STREET,JAMAICA AVENUE,89 AVENUE,JAMAICA AVENUE,89 AVENUE,ADDRESS,WOODHAVEN,97 STREET,,Closed,,The Police Department responded and upon arrival those responsible for the condition were gone.,06/19/2023 05:17:57 PM,09 QUEENS,32,Precinct 102,4089370022,QUEENS,1026272,192225,PHONE,Unspecified,QUEENS,,,,,,,,40.694190227427626,-73.84846280372156,POINT (-73.848462803722 40.694190227428)
57939435,06/18/2023 02:13:33 AM,06/18/2023 02:57:14 AM,NYPD,New York City Police Department,Noise - Residential,Loud Music/Party,,Residential Building/House,10457,1667 CLAY AVENUE,CLAY AVENUE,EAST  173 STREET,EAST  174 STREET,EAST  173 STREET,EAST  174 STREET,ADDRESS,BRONX,CLAY AVENUE,,Closed,,The Police Department responded to the complaint and took action to fix the condition.,06/18/2023 02:57:21 AM,04 BRONX,15,Precinct 44,2027900057,BRONX,1010550,246575,ONLINE,Unspecified,BRONX,,,,,,,,40.84342740993327,-73.90494579393832,POINT (-73.904945793938 40.843427409933)
57947940,06/19/2023 08:11:01 AM,06/23/2023 07:33:03 AM,HPD,Department of Housing Preservation and Development,HEAT/HOT WATER,ENTIRE BUILDING,NO HOT WATER,RESIDENTIAL BUILDING,11218,2 EAST   10 STREET,EAST   10 STREET,,,,,ADDRESS,BROOKLYN,,,Closed,,"The Department of Housing Preservation and Development responded to a complaint of no heat or hot water and was advised by a tenant in the building that heat and hot water had been restored. If the condition still exists, please file a new complaint.",06/23/2023 12:00:00 AM,14 BROOKLYN,40,Precinct 70,3050700005,BROOKLYN,992394,175440,PHONE,Unspecified,BROOKLYN,,,,,,,,40.648215182846386,-73.97065185066516,POINT (-73.970651850665 40.648215182846)
57936519,06/18/2023 02:29:56 AM,06/18/2023 07:21:33 AM,NYPD,New York City Police Department,Illegal Parking,Blocked Hydrant,,Street/Sidewalk,11419,120-14 ATLANTIC AVENUE,ATLANTIC AVENUE,120 STREET,121 STREET,120 STREET,121 STREET,ADDRESS,SOUTH RICHMOND HILL,ATLANTIC AVENUE,,Closed,,The Police Department responded to the complaint and with the information available observed no evidence of the violation at that time.,06/18/2023 07:21:37 AM,09 QUEENS,29,Precinct 102,4094380006,QUEENS,1032303,192301,ONLINE,Unspecified,QUEENS,,,,,,,,40.69436813769891,-73.82671368709654,POINT (-73.826713687097 40.694368137699)
57937878,06/18/2023 05:37:33 PM,06/18/2023 06:09:10 PM,NYPD,New York City Police Department,Noise - Residential,Banging/Pounding,,Residential Building/House,10459,1100 EAST  165 STREET,EAST  165 STREET,FAILE STREET,BRYANT AVENUE,FAILE STREET,BRYANT AVENUE,ADDRESS,BRONX,EAST  165 STREET,,Closed,,The Police Department responded to the complaint and with the information available observed no evidence of the violation at that time.,06/18/2023 06:09:17 PM,02 BRONX,17,Precinct 41,2027480025,BRONX,1014806,239914,ONLINE,Unspecified,BRONX,,,,,,,,40.82513119951559,-73.8895939960686,POINT (-73.889593996069 40.825131199516)
57936006,06/18/2023 08:18:02 PM,06/18/2023 08:22:19 PM,NYPD,New York City Police Department,Noise - Street/Sidewalk,Loud Music/Party,,Street/Sidewalk,11222,332 DRIGGS AVENUE,DRIGGS AVENUE,MANHATTAN AVENUE,LORIMER STREET,MANHATTAN AVENUE,LORIMER STREET,ADDRESS,BROOKLYN,DRIGGS AVENUE,,Closed,,The Police Department responded to the complaint and took action to fix the condition.,06/18/2023 08:22:24 PM,01 BROOKLYN,33,Precinct 94,3026790042,BROOKLYN,997961,202246,MOBILE,Unspecified,BROOKLYN,,,,,,,,40.721784642253326,-73.95053577066717,POINT (-73.950535770667 40.721784642253)
57939741,06/18/2023 10:34:10 PM,06/19/2023 01:17:58 AM,NYPD,New York City Police Department,Illegal Parking,Blocked Hydrant,,Street/Sidewalk,11419,104-33 129 STREET,129 STREET,LIBERTY AVENUE,107 AVENUE,LIBERTY AVENUE,107 AVENUE,ADDRESS,SOUTH RICHMOND HILL,129 STREET,,Closed,,The Police Department responded and upon arrival those responsible for the condition were gone.,06/19/2023 01:18:03 AM,10 QUEENS,28,Precinct 106,4095830072,QUEENS,1035261,190310,MOBILE,Unspecified,QUEENS,,,,,,,,40.688886758654625,-73.81606180298867,POINT (-73.816061802989 40.688886758655)
57940506,06/18/2023 09:49:50 PM,06/18/2023 10:30:18 PM,NYPD,New York City Police Department,Noise - Residential,Loud Music/Party,,Residential Building/House,11432,84-64 161 STREET,161 STREET,84 DRIVE,85 AVENUE,84 DRIVE,85 AVENUE,ADDRESS,JAMAICA,161 STREET,,Closed,,The Police Department responded to the complaint and took action to fix the condition.,06/18/2023 10:30:22 PM,08 QUEENS,24,Precinct 107,4097840024,QUEENS,1038611,199089,ONLINE,Unspecified,QUEENS,,,,,,,,40.7129630571386,-73.80391137041904,POINT (-73.803911370419 40.712963057139)
57945888,06/19/2023 01:13:44 PM,06/23/2023 02:17:45 PM,DPR,Department of Parks and Recreation,Maintenance or Facility,Garbage or Litter,Other Litter,Park,10451,40 EAST  161 STREET,EAST  161 STREET,RUPPERT PLAZA,RIVER AVENUE,RUPPERT PLAZA,RIVER AVENUE,ADDRESS,BRONX,EAST  161 STREET,,Closed,,NYC Parks has completed the requested work order and corrected the problem.,06/23/2023 02:17:50 PM,04 BRONX,16,Precinct 44,2024910001,BRONX,1004575,240944,MOBILE,Macombs Dam Park,BRONX,,,,,,,,40.82798772279551,-73.92655785984594,POINT (-73.926557859846 40.827987722796)
57935925,06/18/2023 11:30:07 PM,06/18/2023 11:51:03 PM,NYPD,New York City Police Department,Noise - Street/Sidewalk,Loud Talking,,Street/Sidewalk,10460,1705 HOE AVENUE,HOE AVENUE,EAST  173 STREET,EAST  174 STREET,EAST  173 STREET,EAST  174 STREET,ADDRESS,BRONX,HOE AVENUE,,Closed,,The Police Department responded and upon arrival those responsible for the condition were gone.,06/18/2023 11:51:08 PM,03 BRONX,17,Precinct 42,2029830030,BRONX,1015446,244002,ONLINE,Unspecified,BRONX,,,,,,,,40.83634934042209,-73.88726251817741,POINT (-73.887262518177 40.836349340422)
57951819,06/21/2023 12:03:44 AM,06/21/2023 12:58:57 AM,NYPD,New York City Police Department,Noise - Residential,Banging/Pounding,,Residential Building/House,10025,131 WEST   93 STREET,WEST   93 STREET,COLUMBUS AVENUE,AMSTERDAM AVENUE,COLUMBUS AVENUE,AMSTERDAM AVENUE,ADDRESS,NEW YORK,WEST   93 STREET,,Closed,,The Police Department responded to the complaint and with the information available observed no evidence of the violation at that time.,06/21/2023 12:59:01 AM,07 MANHATTAN,07,Precinct 24,1012240016,MANHATTAN,992520,227624,MOBILE,Unspecified,MANHATTAN,,,,,,,,40.791447533697166,-73.97013367364798,POINT (-73.970133673648 40.791447533697)
57940542,06/18/2023 07:59:38 PM,06/18/2023 08:56:49 PM,NYPD,New York City Police Department,Noise - Street/Sidewalk,Loud Music/Party,,Street/Sidewalk,11377,45 STREET,45 STREET,45 STREET,48 AVENUE,45 STREET,48 AVENUE,INTERSECTION,,,,Closed,,The Police Department responded to the complaint and took action to fix the condition.,06/18/2023 08:56:55 PM,02 QUEENS,26,Precinct 108,,QUEENS,1006310,208676,ONLINE,Unspecified,QUEENS,,,,,,,,40.739416530657806,-73.9203945917616,POINT (-73.920394591762 40.739416530658)
57948687,06/19/2023 03:39:51 PM,06/19/2023 06:08:30 PM,NYPD,New York City Police Department,Illegal Fireworks,N/A,,Street/Sidewalk,11428,93-45 215 PLACE,215 PLACE,93 AVENUE,94 ROAD,93 AVENUE,94 ROAD,ADDRESS,QUEENS VILLAGE,215 PLACE,,Closed,,The Police Department responded to the complaint and with the information available observed no evidence of the violation at that time.,06/19/2023 06:08:34 PM,13 QUEENS,23,Precinct 105,4106190008,QUEENS,1055928,201558,ONLINE,Unspecified,QUEENS,,,,,,,,40.71961649500638,-73.74142027198252,POINT (-73.741420271983 40.719616495006)
57950415,06/20/2023 05:54:58 PM,06/20/2023 06:16:12 PM,NYPD,New York City Police Department,Noise - Commercial,Loud Music/Party,,Store/Commercial,11231,159 PIONEER STREET,PIONEER STREET,IMLAY STREET,CONOVER STREET,IMLAY STREET,CONOVER STREET,ADDRESS,BROOKLYN,PIONEER STREET,,Closed,,The Police Department responded to the complaint and determined that police action was not necessary.,06/20/2023 06:16:16 PM,06 BROOKLYN,38,Precinct 76,3005450010,BROOKLYN,980980,186806,MOBILE,Unspecified,BROOKLYN,,,,,,,,40.67941547578501,-74.01178945796946,POINT (-74.011789457969 40.679415475785)
57939417,06/19/2023 01:20:56 AM,06/19/2023 01:50:39 AM,NYPD,New York City Police Department,Noise - Residential,Banging/Pounding,,Residential Building/House,11378,67-38 52 AVENUE,52 AVENUE,67 STREET,69 STREET,67 STREET,69 STREET,ADDRESS,MASPETH,52 AVENUE,,Closed,,The Police Department responded to the complaint and with the information available observed no evidence of the violation at that time.,06/19/2023 01:50:43 AM,05 QUEENS,30,Precinct 104,4024120021,QUEENS,1012641,206557,ONLINE,Unspecified,QUEENS,,,,,,,,40.73358234552026,-73.89755759445997,POINT (-73.89755759446 40.73358234552)
57942594,06/19/2023 09:01:59 AM,09/22/2023 09:59:18 AM,DPR,Department of Parks and Recreation,New Tree Request,For One Address,Street Tree,Street,10472,2056 HAVILAND AVENUE,HAVILAND AVENUE,PUGSLEY AVENUE,OLMSTEAD AVENUE,PUGSLEY AVENUE,OLMSTEAD AVENUE,ADDRESS,BRONX,HAVILAND AVENUE,,Closed,,NYC Parks determined that the requested location cannot receive a new tree because of conflicts with surrounding infrastructure.,09/22/2023 09:59:22 AM,09 BRONX,18,Precinct 43,2038000035,BRONX,1024448,241679,PHONE,Unspecified,BRONX,,,,,,,,40.829936996089096,-73.85474466684647,POINT (-73.854744666846 40.829936996089)
57941028,06/19/2023 10:30:23 AM,06/19/2023 02:19:19 PM,NYPD,New York City Police Department,Blocked Driveway,No Access,,Street/Sidewalk,11233,209 MOTHER GASTON BOULEVARD,MOTHER GASTON BOULEVARD,DEAN STREET,BERGEN STREET,DEAN STREET,BERGEN STREET,ADDRESS,BROOKLYN,MOTHER GASTON BOULEVARD,,Closed,,The Police Department responded and upon arrival those responsible for the condition were gone.,06/19/2023 02:19:26 PM,16 BROOKLYN,37,Precinct 73,3014500005,BROOKLYN,1009679,184952,ONLINE,Unspecified,BROOKLYN,,,,,,,,40.67429074604246,-73.90832686716354,POINT (-73.908326867164 40.674290746042)
57950487,06/20/2023 03:11:06 PM,06/20/2023 03:29:16 PM,NYPD,New York City Police Department,Noise - Street/Sidewalk,Loud Talking,,Street/Sidewalk,10033,1380 ST NICHOLAS AVENUE,ST NICHOLAS AVENUE,WEST  179 STREET,WEST  180 STREET,WEST  179 STREET,WEST  180 STREET,ADDRESS,NEW YORK,ST NICHOLAS AVENUE,,Closed,,The Police Department responded to the complaint and with the information available observed no evidence of the violation at that time.,06/20/2023 03:29:21 PM,12 MANHATTAN,10,Precinct 34,1021530029,MANHATTAN,1002339,248266,ONLINE,Unspecified,MANHATTAN,,,,,,,,40.84808934448149,-73.9346176478132,POINT (-73.934617647813 40.848089344481)
57942918,06/19/2023 04:30:17 AM,06/26/2023 03:45:57 PM,HPD,Department of Housing Preservation and Development,UNSANITARY CONDITION,GARBAGE/RECYCLING STORAGE,ACCUMULATION,RESIDENTIAL BUILDING,10452,957 WOODYCREST AVENUE,WOODYCREST AVENUE,,,,,ADDRESS,BRONX,,,Closed,,"The Department of Housing Preservation and Development contacted a tenant in the building and verified that the following conditions were corrected. The complaint has been closed. If the condition still exists, please file a new complaint.",06/26/2023 12:00:00 AM,04 BRONX,16,Precinct 44,2025110068,BRONX,1003936,242233,ONLINE,Unspecified,BRONX,,,,,,,,40.8315271048226,-73.92886303221528,POINT (-73.928863032215 40.831527104823)
57940560,06/18/2023 09:53:37 AM,06/18/2023 10:13:06 AM,NYPD,New York City Police Department,Noise - Residential,Loud Music/Party,,Residential Building/House,11203,387 EAST   35 STREET,EAST   35 STREET,TILDEN AVENUE,BEVERLEY ROAD,TILDEN AVENUE,BEVERLEY ROAD,ADDRESS,BROOKLYN,EAST   35 STREET,,Closed,,The Police Department responded to the complaint and took action to fix the condition.,06/18/2023 10:13:13 AM,17 BROOKLYN,45,Precinct 67,3049200034,BROOKLYN,999735,174573,MOBILE,Unspecified,BROOKLYN,,,,,,,,40.64582566241245,-73.94419943034299,POINT (-73.944199430343 40.645825662412)
57947904,06/19/2023 09:14:14 AM,06/22/2023 09:49:40 AM,HPD,Department of Housing Preservation and Development,PLUMBING,TOILET,TANK CRACKED OR LEAKING,RESIDENTIAL BUILDING,11203,243 EAST   54 STREET,EAST   54 STREET,,,,,ADDRESS,BROOKLYN,,,Closed,,The Department of Housing Preservation and Development inspected the following conditions. No violations were issued. The complaint has been closed.,06/22/2023 12:00:00 AM,17 BROOKLYN,41,Precinct 67,3046800056,BROOKLYN,1004618,177172,ONLINE,Unspecified,BROOKLYN,,,,,,,,40.65294946726214,-73.92659558162082,POINT (-73.926595581621 40.652949467262)
57942864,06/19/2023 08:11:10 AM,06/27/2023 05:46:53 PM,HPD,Department of Housing Preservation and Development,UNSANITARY CONDITION,GARBAGE/RECYCLING STORAGE,MISSING OR INADEQUATE CANS/LID,RESIDENTIAL BUILDING,10463,3111 HEATH AVENUE,HEATH AVENUE,,,,,ADDRESS,BRONX,,,Closed,,The Department of Housing Preservation and Development inspected the following conditions. No violations were issued. The complaint has been closed.,06/27/2023 12:00:00 AM,08 BRONX,14,Precinct 50,2032610046,BRONX,1011697,259371,ONLINE,Unspecified,BRONX,,,,,,,,40.878545062435755,-73.90074787653406,POINT (-73.900747876534 40.878545062436)
57937779,06/18/2023 09:53:47 AM,06/04/2024 12:50:33 AM,DOHMH,Department of Health and Mental Hygiene,Food Establishment,Pet/Animal,Pet or Bird Present,Restaurant/Bar/Deli/Bakery,10021,1286 1 AVENUE,1 AVENUE,EAST   69 STREET,EAST   70 STREET,EAST   69 STREET,EAST   70 STREET,ADDRESS,NEW YORK,1 AVENUE,,Closed,,This SR was administratively closed. The issue you reported was addressed.,06/04/2024 12:50:37 AM,08 MANHATTAN,05,Precinct 19,1014647503,MANHATTAN,996068,218339,PHONE,Unspecified,MANHATTAN,,,,,,,,40.765958630348536,-73.95733673876772,POINT (-73.957336738768 40.765958630349)
57937698,06/18/2023 12:37:31 PM,06/26/2023 12:00:00 AM,DOB,Department of Buildings,General Construction/Plumbing,Wall/Retaining Wall - Bulging/Cracked,,,10471,6167 LIEBIG AVENUE,LIEBIG AVENUE,,,,,ADDRESS,BRONX,,,Closed,,The Department of Buildings investigated this complaint and determined that no further action was necessary.,06/26/2023 12:00:00 AM,08 BRONX,11,Precinct 50,2058861406,BRONX,1011566,271081,UNKNOWN,Unspecified,BRONX,,,,,,,,40.91068567420105,-73.90117381704736,POINT (-73.901173817047 40.910685674201)
57945312,06/19/2023 07:41:23 PM,06/19/2023 07:59:34 PM,NYPD,New York City Police Department,Encampment,N/A,,Street/Sidewalk,11374,97-44 63 ROAD,63 ROAD,97 STREET,98 STREET,97 STREET,98 STREET,ADDRESS,REGO PARK,63 ROAD,,Closed,,The Police Department visited the location and no Encampment was found.,06/19/2023 07:59:39 PM,06 QUEENS,24,Precinct 112,,QUEENS,1023022,205742,ONLINE,Unspecified,QUEENS,,,,,,,,40.73130595941634,-73.86010489081542,POINT (-73.860104890815 40.731305959416)
57943107,06/19/2023 01:52:09 PM,02/27/2024 12:00:00 AM,DOB,Department of Buildings,General Construction/Plumbing,Curb Cut/Driveway/Carport - Illegal,,,11234,2721 EAST   63 STREET,EAST   63 STREET,,,,,ADDRESS,BROOKLYN,,,Closed,,"The Department of Buildings determined that the conditions described in this complaint were addressed under another service request number. Click on ""Learn More"" in the ""Did You Know"" section below for more information.",02/27/2024 12:00:00 AM,18 BROOKLYN,46,Precinct 63,3085950030,BROOKLYN,1008285,160533,UNKNOWN,Unspecified,BROOKLYN,,,,,,,,40.60726975460824,-73.91343931114308,POINT (-73.913439311143 40.607269754608)
57946302,06/19/2023 04:44:36 AM,06/19/2023 05:16:11 AM,NYPD,New York City Police Department,Illegal Parking,Blocked Hydrant,,Street/Sidewalk,11220,445 58 STREET,58 STREET,4 AVENUE,5 AVENUE,4 AVENUE,5 AVENUE,ADDRESS,BROOKLYN,58 STREET,,Closed,,The Police Department responded to the complaint and with the information available observed no evidence of the violation at that time.,06/19/2023 05:16:16 AM,07 BROOKLYN,38,Precinct 72,3008470057,BROOKLYN,979769,172935,MOBILE,Unspecified,BROOKLYN,,,,,,,,40.64134210874057,-74.01614630520673,POINT (-74.016146305207 40.641342108741)
57941307,06/19/2023 09:41:07 PM,06/19/2023 09:51:19 PM,NYPD,New York City Police Department,Noise - Park,Loud Music/Party,,Park/Playground,10028,1000 5 AVENUE,5 AVENUE,EAST   81 STREET,EAST   82 STREET,EAST   81 STREET,EAST   82 STREET,ADDRESS,NEW YORK,5 AVENUE,,Closed,,The Police Department responded to the complaint and determined that police action was not necessary.,06/19/2023 09:51:22 PM,64 MANHATTAN,06,Precinct 22,1011110001,MANHATTAN,994623,222956,ONLINE,Central Park,MANHATTAN,,,,,,,,40.77863290127972,-73.96254609596876,POINT (-73.962546095969 40.77863290128)
57936195,06/18/2023 07:06:46 PM,07/24/2023 01:33:31 PM,HPD,Department of Housing Preservation and Development,UNSANITARY CONDITION,MOLD,N/A,RESIDENTIAL BUILDING,11229,2077 EAST   12 STREET,EAST   12 STREET,,,,,ADDRESS,BROOKLYN,,,Closed,,The Department of Housing Preservation and Development inspected the following conditions. No violations were issued. The complaint has been closed.,07/24/2023 12:00:00 AM,15 BROOKLYN,48,Precinct 61,3073160044,BROOKLYN,995295,157554,ONLINE,Unspecified,BROOKLYN,,,,,,,,40.599118718601545,-73.96022692024555,POINT (-73.960226920246 40.599118718602)
57950928,06/20/2023 10:25:23 AM,06/20/2023 10:25:23 AM,DOHMH,Department of Health and Mental Hygiene,Rodent,Rat Sighting,,1-2 Family Dwelling,10302,465 PORT RICHMOND AVENUE,PORT RICHMOND AVENUE,PORT RICHMOND AVENUE,RAINBOW AVENUE,PORT RICHMOND AVENUE,RAINBOW AVENUE,ADDRESS,STATEN ISLAND,,,Closed,,The Department of Health and Mental Hygiene inspected the property you reported and did not find any violations at the time of the inspection. The property passed inspection.,06/20/2023 10:25:23 AM,01 STATEN ISLAND,49,Precinct 121,5010480001,STATEN ISLAND,945707,169236,PHONE,Unspecified,STATEN ISLAND,,,,,,,,40.63110642327339,-74.13886004248309,POINT (-74.138860042483 40.631106423273)
57940803,06/19/2023 08:24:54 PM,06/20/2023 06:40:55 AM,NYPD,New York City Police Department,Blocked Driveway,No Access,,Street/Sidewalk,11378,73-15 52 DRIVE,52 DRIVE,73 STREET,74 STREET,73 STREET,74 STREET,ADDRESS,MASPETH,52 DRIVE,,Closed,,The Police Department issued a summons in response to the complaint.,06/20/2023 06:41:03 AM,05 QUEENS,30,Precinct 104,4024870051,QUEENS,1014766,206208,PHONE,Unspecified,QUEENS,,,,,,,,40.73261735072864,-73.88989161051254,POINT (-73.889891610513 40.732617350729)
57948246,06/19/2023 08:30:06 PM,06/21/2023 01:24:47 PM,DSNY,Department of Sanitation,Commercial Disposal Complaint,No Private Carter,N/A,Street,10028,1584 2 AVENUE,2 AVENUE,EAST   82 STREET,EAST   83 STREET,EAST   82 STREET,EAST   83 STREET,ADDRESS,NEW YORK,2 AVENUE,,Closed,,The Department of Sanitation investigated this complaint and found no violation at the location.,06/21/2023 01:24:51 PM,08 MANHATTAN,05,Precinct 19,1015450001,MANHATTAN,997127,221793,ONLINE,Unspecified,MANHATTAN,,,,,,,,40.77543747962276,-73.9535071062277,POINT (-73.953507106228 40.775437479623)
57950037,06/20/2023 12:56:00 PM,08/23/2023 01:55:00 PM,DEP,Department of Environmental Protection,Water System,Hydrant Defective (WC2),WC2,,11372,37-39 76 STREET,76 STREET,BEND,37 RD,,,ADDRESS,JACKSON HEIGHTS,,,Closed,,The Department of Environmental Protection investigated this complaint and repaired or replaced the hydrant.,08/23/2023 01:55:00 PM,03 QUEENS,25,Precinct 115,4012870058,QUEENS,1014797,211836,PHONE,Unspecified,QUEENS,,,,,,,,40.748064692574395,-73.88975419836461,POINT (-73.889754198365 40.748064692574)
57941118,06/19/2023 08:59:00 AM,06/20/2023 11:25:00 PM,DSNY,Department of Sanitation,Derelict Vehicles,Derelict Vehicles,,Street,10455,576 SOUTHERN BOULEVARD,SOUTHERN BOULEVARD,EAST 149 STREET,AVENUE ST JOHN,,,ADDRESS,BRONX,,DSNY Garage,Closed,,DSNY already has a request to investigate this reportedly abandoned vehicle and cannot open multiple service requests for the same vehicle at once. Your request is being closed while we action the prior report.,06/20/2023 12:00:00 PM,02 BRONX,08,Precinct 41,2026030017,BRONX,1011126,235299,PHONE,Unspecified,BRONX,,,,,,,,40.81247629491569,-73.90290917094163,POINT (-73.902909170942 40.812476294916)
57952017,06/20/2023 08:02:26 AM,07/17/2023 09:05:26 AM,HPD,Department of Housing Preservation and Development,ELECTRIC,OUTLET/SWITCH,OUTLET SEALED OR DEFECTIVE,RESIDENTIAL BUILDING,11212,413 EAST   98 STREET,EAST   98 STREET,,,,,ADDRESS,BROOKLYN,,,Closed,,"The Department of Housing Preservation and Development was not able to gain access to inspect the following conditions. The complaint has been closed. If the condition still exists, please file a new complaint.",07/17/2023 12:00:00 AM,16 BROOKLYN,42,Precinct 73,3036070008,BROOKLYN,1007726,179104,PHONE,Unspecified,BROOKLYN,,,,,,,,40.6582446879526,-73.91538791350143,POINT (-73.915387913501 40.658244687953)
57941334,06/19/2023 11:16:52 PM,06/20/2023 12:12:58 AM,NYPD,New York City Police Department,Noise - Residential,Banging/Pounding,,Residential Building/House,11423,91-61 193 STREET,193 STREET,JAMAICA AVENUE,WOODHULL AVENUE,JAMAICA AVENUE,WOODHULL AVENUE,ADDRESS,HOLLIS,193 STREET,,Closed,,The Police Department responded to the complaint but officers were unable to gain entry into the premises.,06/20/2023 12:13:03 AM,12 QUEENS,27,Precinct 103,4108210001,QUEENS,1048874,198702,ONLINE,Unspecified,QUEENS,,,,,,,,40.71183182753478,-73.76689499988953,POINT (-73.76689499989 40.711831827535)
57938418,06/18/2023 10:08:08 PM,06/18/2023 10:21:37 PM,NYPD,New York City Police Department,Noise - Residential,Loud Music/Party,,Residential Building/House,11234,1736 EAST   33 STREET,EAST   33 STREET,QUENTIN ROAD,AVENUE R,QUENTIN ROAD,AVENUE R,ADDRESS,BROOKLYN,EAST   33 STREET,,Closed,,The Police Department responded to the complaint and took action to fix the condition.,06/18/2023 10:21:42 PM,18 BROOKLYN,46,Precinct 63,3077150058,BROOKLYN,1001406,162448,ONLINE,Unspecified,BROOKLYN,,,,,,,,40.61254202307938,-73.93820876450468,POINT (-73.938208764505 40.612542023079)
57943764,06/19/2023 03:42:17 PM,06/19/2023 04:19:17 PM,NYPD,New York City Police Department,Illegal Parking,Parking Permit Improper Use,Parked In 'No Standing' Area,Street/Sidewalk,11435,145-37 BRINKERHOFF AVENUE,BRINKERHOFF AVENUE,INWOOD STREET,LIVERPOOL STREET,INWOOD STREET,LIVERPOOL STREET,ADDRESS,JAMAICA,BRINKERHOFF AVENUE,,Closed,,The Police Department responded to the complaint and with the information available observed no evidence of the violation at that time.,06/19/2023 04:19:20 PM,12 QUEENS,28,Precinct 103,4119420341,QUEENS,1039828,189976,MOBILE,Unspecified,QUEENS,,,,,,,,40.68794250750106,-73.79959668008284,POINT (-73.799596680083 40.687942507501)
57952008,06/20/2023 01:54:48 PM,09/25/2023 07:44:31 AM,HPD,Department of Housing Preservation and Development,GENERAL,BELL/BUZZER/INTERCOM,BROKEN OR MISSING,RESIDENTIAL BUILDING,10458,2526 VALENTINE AVENUE,VALENTINE AVENUE,,,,,ADDRESS,BRONX,,,Closed,,"The Department of Housing Preservation and Development was not able to gain access to inspect the following conditions. The complaint has been closed. If the condition still exists, please file a new complaint.",09/25/2023 12:00:00 AM,07 BRONX,15,Precinct 52,2031540065,BRONX,1013207,253708,ONLINE,Unspecified,BRONX,,,,,,,,40.862997046199524,-73.89531198771142,POINT (-73.895311987711 40.8629970462)
57949200,06/19/2023 07:59:56 AM,06/20/2023 12:09:07 PM,DSNY,Department of Sanitation,Residential Disposal Complaint,Waste Set Out Too Early or Too Late,N/A,Sidewalk,10013,305 SPRING STREET,SPRING STREET,RENWICK STREET,GREENWICH STREET,RENWICK STREET,GREENWICH STREET,ADDRESS,NEW YORK,SPRING STREET,,Closed,,The Department of Sanitation investigated this complaint and found no violation at the location.,06/20/2023 12:09:15 PM,02 MANHATTAN,03,Precinct 1,1005970032,MANHATTAN,981916,203753,ONLINE,Unspecified,MANHATTAN,,,,,,,,40.72593130954307,-74.00842073437161,POINT (-74.008420734372 40.725931309543)
57942171,06/19/2023 07:34:28 PM,06/21/2023 09:05:32 PM,DSNY,Department of Sanitation,Commercial Disposal Complaint,Private Carter Decal Not Posted,N/A,Street,10065,1298 2 AVENUE,2 AVENUE,EAST   68 STREET,EAST   69 STREET,EAST   68 STREET,EAST   69 STREET,ADDRESS,NEW YORK,2 AVENUE,,Closed,,The Department of Sanitation investigated this complaint and found no violation at the location.,06/21/2023 09:05:35 PM,08 MANHATTAN,05,Precinct 19,1014430001,MANHATTAN,995300,218497,ONLINE,Unspecified,MANHATTAN,,,,,,,,40.76639329271332,-73.96010897689932,POINT (-73.960108976899 40.766393292713)
57938193,06/18/2023 03:49:49 AM,06/18/2023 04:14:15 AM,NYPD,New York City Police Department,Noise - Street/Sidewalk,Loud Music/Party,,Street/Sidewalk,11203,EAST   45 STREET,EAST   45 STREET,EAST   45 STREET,GLENWOOD ROAD,EAST   45 STREET,GLENWOOD ROAD,INTERSECTION,,,,Closed,,The Police Department responded to the complaint and with the information available observed no evidence of the violation at that time.,06/18/2023 04:14:23 AM,17 BROOKLYN,45,Precinct 67,,BROOKLYN,1002727,170589,ONLINE,Unspecified,BROOKLYN,,,,,,,,40.63488470195669,-73.93342860073406,POINT (-73.933428600734 40.634884701957)
57946284,06/19/2023 03:05:16 PM,06/19/2023 04:25:47 PM,NYPD,New York City Police Department,Illegal Parking,Blocked Sidewalk,,Street/Sidewalk,11214,8614 26 AVENUE,26 AVENUE,STILLWELL AVENUE,BENSON AVENUE,STILLWELL AVENUE,BENSON AVENUE,ADDRESS,BROOKLYN,26 AVENUE,,Closed,,The Police Department responded to the complaint and with the information available observed no evidence of the violation at that time.,06/19/2023 04:25:51 PM,11 BROOKLYN,43,Precinct 62,3068690041,BROOKLYN,988258,156437,MOBILE,Unspecified,BROOKLYN,,,,,,,,40.59605875543968,-73.98556784122812,POINT (-73.985567841228 40.59605875544)
57951441,06/20/2023 10:33:00 AM,06/20/2023 11:14:00 PM,DSNY,Department of Sanitation,Derelict Vehicles,Derelict Vehicles,,Street,11369,98-15 31 AVENUE,31 AVENUE,98 STREET,99 STREET,,,ADDRESS,EAST ELMHURST,,,Closed,,The owner claimed the vehicle.Â Your request is now closed and no further action will be taken.,06/20/2023 12:00:00 PM,03 QUEENS,21,Precinct 115,4013780048,QUEENS,1020028,216497,PHONE,Unspecified,QUEENS,,,,,,,,40.76083832216961,-73.87085045594199,POINT (-73.870850455942 40.76083832217)
57952143,06/20/2023 09:46:45 PM,06/21/2023 06:04:08 PM,HPD,Department of Housing Preservation and Development,PLUMBING,WATER SUPPLY,NO WATER,RESIDENTIAL BUILDING,10462,14 METROPOLITAN OVAL,METROPOLITAN OVAL,,,,,ADDRESS,BRONX,,,Closed,,The Department of Housing Preservation and Development inspected the following conditions. No violations were issued. The complaint has been closed.,06/21/2023 12:00:00 AM,09 BRONX,18,Precinct 43,2039437501,BRONX,1023226,244720,ONLINE,Unspecified,BRONX,,,,,,,,40.838289130462634,-73.85914268202058,POINT (-73.859142682021 40.838289130463)
57936924,06/18/2023 06:47:28 AM,06/18/2023 07:04:07 AM,NYPD,New York City Police Department,Noise - Residential,Loud Music/Party,,Residential Building/House,11415,83-43 118 STREET,118 STREET,83 AVENUE,CURZON ROAD,83 AVENUE,CURZON ROAD,ADDRESS,KEW GARDENS,118 STREET,,Closed,,The Police Department responded to the complaint but officers were unable to gain entry into the premises.,06/18/2023 07:04:13 AM,09 QUEENS,29,Precinct 102,4033220040,QUEENS,1030156,196472,ONLINE,Unspecified,QUEENS,,,,,,,,40.705827934664974,-73.8344276414311,POINT (-73.834427641431 40.705827934665)
57942648,06/19/2023 11:23:01 PM,07/06/2023 05:02:59 AM,HPD,Department of Housing Preservation and Development,GENERAL,COOKING GAS,SHUT-OFF,RESIDENTIAL BUILDING,11207,662 GEORGIA AVENUE,GEORGIA AVENUE,,,,,ADDRESS,BROOKLYN,,,Closed,,"The Department of Housing Preservation and Development was not able to gain access to inspect the following conditions. The complaint has been closed. If the condition still exists, please file a new complaint.",07/06/2023 12:00:00 AM,05 BROOKLYN,42,Precinct 75,3042960020,BROOKLYN,1013630,179868,ONLINE,Unspecified,BROOKLYN,,,,,,,,40.660324077100505,-73.89410543491533,POINT (-73.894105434915 40.660324077101)
57941154,06/19/2023 11:25:27 AM,07/13/2023 12:00:00 AM,DOB,Department of Buildings,Elevator,Elevator - Single Device On Property/No Alternate Service,,,10462,1519 METROPOLITAN AVENUE,METROPOLITAN AVENUE,,,,,ADDRESS,BRONX,,,Closed,,"The Department of Buildings reviewed this complaint and closed it. If the problem still exists, please call 311 and file a new complaint. If you are outside of New York City, please call (212) NEW-YORK (212-639-9675).",07/13/2023 12:00:00 AM,09 BRONX,18,Precinct 43,2039447501,BRONX,1023374,245120,UNKNOWN,Unspecified,BRONX,,,,,,,,40.839386358351405,-73.85860548496548,POINT (-73.858605484965 40.839386358351)
57941460,06/19/2023 10:33:16 PM,06/20/2023 01:10:39 AM,NYPD,New York City Police Department,Noise - Street/Sidewalk,Loud Music/Party,,Street/Sidewalk,10451,180 EAST  162 STREET,EAST  162 STREET,GRAND CONCOURSE,SHERIDAN AVENUE,GRAND CONCOURSE,SHERIDAN AVENUE,ADDRESS,BRONX,EAST  162 STREET,,Closed,,The Police Department responded to the complaint and with the information available observed no evidence of the violation at that time.,06/20/2023 01:10:45 AM,04 BRONX,16,Precinct 44,2024600010,BRONX,1005991,240749,MOBILE,Unspecified,BRONX,,,,,,,,40.82744913168516,-73.92144193496979,POINT (-73.92144193497 40.827449131685)
57935601,06/19/2023 01:09:16 AM,06/19/2023 01:28:03 AM,NYPD,New York City Police Department,Noise - Commercial,Loud Music/Party,,Store/Commercial,11208,3259 FULTON STREET,FULTON STREET,CHESTNUT STREET,EUCLID AVENUE,CHESTNUT STREET,EUCLID AVENUE,ADDRESS,BROOKLYN,FULTON STREET,,Closed,,The Police Department responded to the complaint and took action to fix the condition.,06/19/2023 01:28:06 AM,05 BROOKLYN,37,Precinct 75,3041280066,BROOKLYN,1018952,188098,ONLINE,Unspecified,BROOKLYN,,,,,,,,40.68289430196205,-73.87488096292957,POINT (-73.87488096293 40.682894301962)
57947634,06/19/2023 11:41:43 AM,06/19/2023 11:43:23 AM,NYPD,New York City Police Department,Illegal Parking,Blocked Crosswalk,,Street/Sidewalk,10019,2 COLUMBUS CIRCLE,COLUMBUS CIRCLE,BROADWAY,8 AVENUE,BROADWAY,8 AVENUE,ADDRESS,NEW YORK,COLUMBUS CIRCLE,,Closed,,The Police Department responded to the complaint and with the information available observed no evidence of the violation at that time.,06/19/2023 11:43:27 AM,05 MANHATTAN,06,Precinct 18,1010300001,MANHATTAN,989248,218971,MOBILE,Unspecified,MANHATTAN,,,,,,,,40.767699792898384,-73.9819566299384,POINT (-73.981956629938 40.767699792898)
57943629,06/19/2023 09:40:43 PM,06/19/2023 09:53:28 PM,NYPD,New York City Police Department,Illegal Parking,Parking Permit Improper Use,Parked In 'No Standing' Area,Street/Sidewalk,10031,755 RIVERSIDE DRIVE,RIVERSIDE DRIVE,WEST  152 STREET,WEST  153 STREET,WEST  152 STREET,WEST  153 STREET,ADDRESS,NEW YORK,RIVERSIDE DRIVE,,Closed,,The Police Department responded and upon arrival those responsible for the condition were gone.,06/19/2023 09:53:32 PM,09 MANHATTAN,07,Precinct 30,,MANHATTAN,998276,242399,MOBILE,Unspecified,MANHATTAN,,,,,,,,40.8319935293306,-73.94931555162186,POINT (-73.949315551622 40.831993529331)
57941730,06/19/2023 01:57:59 PM,06/24/2023 06:02:58 PM,HPD,Department of Housing Preservation and Development,ELECTRIC,NO LIGHTING,ONE ROOM OR AREA,RESIDENTIAL BUILDING,10032,425 WEST  162 STREET,WEST  162 STREET,,,,,ADDRESS,NEW YORK,,,Closed,,The Department of Housing Preservation and Development inspected the following conditions. No violations were issued. The complaint has been closed.,06/24/2023 12:00:00 AM,12 MANHATTAN,10,Precinct 33,1021100041,MANHATTAN,1001324,243543,PHONE,Unspecified,MANHATTAN,,,,,,,,40.83512811239958,-73.93829836966584,POINT (-73.938298369666 40.8351281124)
57942099,06/19/2023 08:07:45 PM,06/30/2023 11:29:18 AM,DSNY,Department of Sanitation,Missed Collection,Bulky Trash,N/A,Street,10462,840 MORRIS PARK AVENUE,MORRIS PARK AVENUE,MATTHEWS AVENUE,GRAHAM STREET,MATTHEWS AVENUE,GRAHAM STREET,ADDRESS,BRONX,MORRIS PARK AVENUE,,Closed,,The Department of Sanitation collected the requested items.,06/20/2023 10:30:58 PM,11 BRONX,13,Precinct 49,2040460007,BRONX,1022615,247604,PHONE,Unspecified,BRONX,,,,,,,,40.84620753335769,-73.86133430286917,POINT (-73.861334302869 40.846207533358)
57935880,06/18/2023 09:09:27 PM,06/18/2023 10:28:13 PM,NYPD,New York City Police Department,Noise - Street/Sidewalk,Loud Music/Party,,Street/Sidewalk,11416,101-55 102 STREET,102 STREET,101 AVENUE,103 AVENUE,101 AVENUE,103 AVENUE,ADDRESS,OZONE PARK,102 STREET,,Closed,,The Police Department responded to the complaint and took action to fix the condition.,06/18/2023 10:28:17 PM,09 QUEENS,29,Precinct 102,4094200045,QUEENS,1028464,189022,PHONE,Unspecified,QUEENS,,,,,,,,40.68538806442042,-73.8405791838592,POINT (-73.840579183859 40.68538806442)
57943548,06/19/2023 09:35:22 AM,07/14/2023 10:30:10 AM,HPD,Department of Housing Preservation and Development,GENERAL,CABINET,DAMAGED OR MISSING,RESIDENTIAL BUILDING,11207,875 PENNSYLVANIA AVENUE,PENNSYLVANIA AVENUE,,,,,ADDRESS,BROOKLYN,,,Closed,,The Department of Housing Preservation and Development inspected the following conditions. No violations were issued. The complaint has been closed.,07/14/2023 12:00:00 AM,05 BROOKLYN,42,Precinct 75,3043690001,BROOKLYN,1015059,178434,PHONE,Unspecified,BROOKLYN,,,,,,,,40.65638320846473,-73.88896143606928,POINT (-73.888961436069 40.656383208465)
57947400,06/19/2023 06:26:00 PM,06/19/2023 06:30:00 PM,DEP,Department of Environmental Protection,Water System,No Water (WNW),WNW,,10314,730 WILLOWBROOK ROAD,WILLOWBROOK ROAD,DREYER AVE,WESTWOOD AVE,,,ADDRESS,STATEN ISLAND,,,Closed,,The Department of Environmental Protection investigated this complaint and found it to be a temporary condition.,06/19/2023 06:30:00 PM,02 STATEN ISLAND,50,Precinct 121,5020910004,STATEN ISLAND,943305,160350,PHONE,Unspecified,STATEN ISLAND,,,,,,,,40.60670545809746,-74.14745989370282,POINT (-74.147459893703 40.606705458097)
57938805,06/18/2023 07:51:44 PM,06/18/2023 08:08:37 PM,NYPD,New York City Police Department,Illegal Parking,Posted Parking Sign Violation,,Street/Sidewalk,11216,77 NEW YORK AVENUE,NEW YORK AVENUE,PACIFIC STREET,DEAN STREET,PACIFIC STREET,DEAN STREET,ADDRESS,BROOKLYN,NEW YORK AVENUE,,Closed,,The Police Department issued a summons in response to the complaint.,06/18/2023 08:08:42 PM,08 BROOKLYN,36,Precinct 77,3012080001,BROOKLYN,998951,186070,PHONE,Unspecified,BROOKLYN,,,,,,,,40.677383719190395,-73.94699952553975,POINT (-73.94699952554 40.67738371919)
57946428,06/20/2023 12:58:39 AM,07/11/2023 05:23:29 PM,DSNY,Department of Sanitation,Litter Basket Request,Replacement Basket,N/A,Street,10025,BROADWAY,BROADWAY,BROADWAY,WEST  101 STREET,BROADWAY,WEST  101 STREET,INTERSECTION,,,,Closed,,The Department of Sanitation investigated this complaint and found no condition at the location.,06/20/2023 05:39:57 AM,07 MANHATTAN,07,Precinct 24,,MANHATTAN,992707,229952,PHONE,Unspecified,MANHATTAN,,,,,,,,40.79783708606363,-73.96945540921905,POINT (-73.969455409219 40.797837086064)
57938517,06/18/2023 08:14:00 AM,06/18/2023 10:05:00 AM,DOT,Department of Transportation,Traffic Signal Condition,Veh Sgnl Mult Lamps,Out,,11221,,,,,CENTRAL AVENUE,PUTNAM AVENUE,INTERSECTION,BROOKLYN,,N/A,Closed,,Service Request status for this request is available on the Department of Transportationâs website. Please click the âLearn Moreâ link below.,06/18/2023 10:05:00 AM,04 BROOKLYN,37,Precinct 83,,BROOKLYN,1007890,191462,UNKNOWN,Unspecified,BROOKLYN,,,,,,,,40.69216416210601,-73.9147534804979,POINT (-73.914753480498 40.692164162106)
57948273,06/19/2023 02:07:13 PM,07/28/2023 12:00:00 AM,DOB,Department of Buildings,Elevator,Elevator - Single Device On Property/No Alternate Service,,,10452,1491 MACOMBS ROAD,MACOMBS ROAD,,,,,ADDRESS,BRONX,,,Closed,,The Department of Buildings investigated this complaint and determined that no further action was necessary.,07/28/2023 12:00:00 AM,04 BRONX,16,Precinct 44,2028720320,BRONX,1007019,246566,UNKNOWN,Unspecified,BRONX,,,,,,,,40.84341251819143,-73.9177076567708,POINT (-73.917707656771 40.843412518191)
57941352,06/19/2023 06:57:17 PM,06/19/2023 08:02:11 PM,NYPD,New York City Police Department,Noise - Residential,Loud Music/Party,,Residential Building/House,11413,142-04 232 STREET,232 STREET,SOUTH CONDUIT AVENUE,143 AVENUE,SOUTH CONDUIT AVENUE,143 AVENUE,ADDRESS,SPRINGFIELD GARDENS,232 STREET,,Closed,,The Police Department responded to the complaint and with the information available observed no evidence of the violation at that time.,06/19/2023 08:02:16 PM,13 QUEENS,31,Precinct 105,,QUEENS,1055270,181743,ONLINE,Unspecified,QUEENS,,,,,,,,40.66523443916085,-73.74400290940201,POINT (-73.744002909402 40.665234439161)
57942612,06/19/2023 01:13:42 PM,06/19/2023 01:13:42 PM,DOHMH,Department of Health and Mental Hygiene,Rodent,Mouse Sighting,,3+ Family Apt. Building,11215,458 15 STREET,15 STREET,8 AVENUE,PROSPECT PARK WEST,8 AVENUE,PROSPECT PARK WEST,ADDRESS,BROOKLYN,15 STREET,,Closed,,The Department of Health and Mental Hygiene found violations on the property you reported. Follow-up inspections will be scheduled.,06/19/2023 01:13:42 PM,07 BROOKLYN,39,Precinct 72,3011050029,BROOKLYN,989541,180282,MOBILE,Unspecified,BROOKLYN,,,,,,,,40.661507577978206,-73.98092927323354,POINT (-73.980929273234 40.661507577978)
57943440,06/19/2023 05:48:38 AM,06/19/2023 09:05:29 AM,NYPD,New York City Police Department,Noise - Street/Sidewalk,Loud Music/Party,,Street/Sidewalk,10452,1510 JEROME AVENUE,JEROME AVENUE,EAST  172 STREET,GOBLE PLACE,EAST  172 STREET,GOBLE PLACE,ADDRESS,BRONX,JEROME AVENUE,,Closed,,The Police Department responded to the complaint and with the information available observed no evidence of the violation at that time.,06/19/2023 09:05:33 AM,04 BRONX,16,Precinct 44,2028460006,BRONX,1007507,246289,MOBILE,Unspecified,BRONX,,,,,,,,40.84265096279681,-73.91594487553867,POINT (-73.915944875539 40.842650962797)
57942342,06/19/2023 04:09:14 PM,06/19/2023 04:24:55 PM,NYPD,New York City Police Department,Noise - Residential,Banging/Pounding,,Residential Building/House,11217,730 SACKETT STREET,SACKETT STREET,4 AVENUE,5 AVENUE,4 AVENUE,5 AVENUE,ADDRESS,BROOKLYN,SACKETT STREET,,Closed,,The Police Department responded to the complaint and determined that police action was not necessary.,06/19/2023 04:25:01 PM,06 BROOKLYN,39,Precinct 78,3009520031,BROOKLYN,989626,186022,ONLINE,Unspecified,BROOKLYN,,,,,,,,40.6772625447059,-73.98061832406435,POINT (-73.980618324064 40.677262544706)
57941298,06/19/2023 01:47:15 PM,06/19/2023 02:02:32 PM,NYPD,New York City Police Department,Noise - House of Worship,Banging/Pounding,,House of Worship,10025,800 AMSTERDAM AVENUE,AMSTERDAM AVENUE,WEST   99 STREET,WEST  100 STREET,WEST   99 STREET,WEST  100 STREET,ADDRESS,NEW YORK,AMSTERDAM AVENUE,,Closed,,The Police Department responded to the complaint and determined that police action was not necessary.,06/19/2023 02:02:37 PM,07 MANHATTAN,07,Precinct 24,1018710029,MANHATTAN,992863,229316,ONLINE,Unspecified,MANHATTAN,,,,,,,,40.79609128831788,-73.96889279160675,POINT (-73.968892791607 40.796091288318)
57952305,06/20/2023 11:32:31 AM,06/21/2023 09:13:09 AM,DPR,Department of Parks and Recreation,Overgrown Tree/Branches,Hitting Power Lines,Power Lines,Street,11412,111-16 199 STREET,199 STREET,111 AVENUE,112 AVENUE,111 AVENUE,112 AVENUE,ADDRESS,SAINT ALBANS,199 STREET,,Closed,,No action was taken because NYC Parks determined that the issue is out of its jurisdiction. The condition may be on private property or in an area serviced by another organization.,06/21/2023 09:13:15 AM,12 QUEENS,27,Precinct 113,4109560013,QUEENS,1051555,195664,PHONE,Unspecified,QUEENS,,,,,,,,40.70347327928097,-73.7572547900692,POINT (-73.757254790069 40.703473279281)
57946221,06/19/2023 12:14:00 PM,06/19/2023 01:00:00 PM,DEP,Department of Environmental Protection,Water System,Hydrant Running Full (WA4),WA4,,10029,2175 2 AVENUE,2 AVENUE,E 111 ST,E 112 ST,,,ADDRESS,NEW YORK,,,Closed,,"The Department of Environment Protection inspected your complaint but could not find the problem you reported. If the condition persists, please call 311 (or 212-639-9675 if calling from a non-New York City area code) with more detailed information to submit a new complaint.",06/19/2023 01:00:00 PM,11 MANHATTAN,08,Precinct 23,1016610027,MANHATTAN,1000919,228649,PHONE,Unspecified,MANHATTAN,,,,,,,,40.79424903012824,-73.93979893910506,POINT (-73.939798939105 40.794249030128)
55853109,10/30/2022 05:04:07 PM,10/31/2022 01:30:00 PM,DOT,Department of Transportation,Street Condition,Pothole,,,11422,,,,,148 DRIVE,BROOKVILLE BOULEVARD,INTERSECTION,QUEENS,,N/A,Closed,,The Department of Transportation inspected this complaint and repaired the problem.,10/31/2022 01:30:00 PM,13 QUEENS,31,Precinct 105,,QUEENS,1054603,177398,UNKNOWN,Unspecified,QUEENS,,,,,,,,40.65331374531082,-73.74645248180232,POINT (-73.746452481802 40.653313745311)
57935745,06/18/2023 04:15:14 AM,06/18/2023 04:37:40 AM,NYPD,New York City Police Department,Noise - Residential,Banging/Pounding,,Residential Building/House,10025,2612 BROADWAY,BROADWAY,WEST   98 STREET,WEST   99 STREET,WEST   98 STREET,WEST   99 STREET,ADDRESS,NEW YORK,BROADWAY,,Closed,,The Police Department responded to the complaint and took action to fix the condition.,06/18/2023 04:37:49 AM,07 MANHATTAN,07,Precinct 24,1018700045,MANHATTAN,992408,229409,ONLINE,Unspecified,MANHATTAN,,,,,,,,40.79634697983548,-73.97053598278849,POINT (-73.970535982788 40.796346979835)
57937896,06/18/2023 09:08:24 AM,06/18/2023 10:54:14 AM,NYPD,New York City Police Department,Illegal Parking,Blocked Bike Lane,,Street/Sidewalk,10456,970 TINTON AVENUE,TINTON AVENUE,EAST  163 STREET,EAST  165 STREET,EAST  163 STREET,EAST  165 STREET,ADDRESS,BRONX,TINTON AVENUE,,Closed,,The Police Department responded to the complaint and with the information available observed no evidence of the violation at that time.,06/18/2023 10:54:19 AM,03 BRONX,17,Precinct 42,2026690006,BRONX,1011159,239340,MOBILE,Unspecified,BRONX,,,,,,,,40.82356759693528,-73.90277375397044,POINT (-73.90277375397 40.823567596935)
57948003,06/19/2023 05:49:22 PM,06/19/2023 05:49:22 PM,DOHMH,Department of Health and Mental Hygiene,Rodent,Rat Sighting,,3+ Family Apt. Building,10040,578 WEST  193 STREET,WEST  193 STREET,AUDUBON AVENUE,FORT GEORGE AVENUE,AUDUBON AVENUE,FORT GEORGE AVENUE,ADDRESS,NEW YORK,WEST  193 STREET,,Closed,,The Department of Health and Mental Hygiene found violations on the property you reported. Follow-up inspections will be scheduled.,06/19/2023 05:49:22 PM,12 MANHATTAN,10,Precinct 34,1021610021,MANHATTAN,1004206,251380,PHONE,Unspecified,MANHATTAN,,,,,,,,40.85663232451312,-73.927860144787,POINT (-73.927860144787 40.856632324513)
57946689,06/19/2023 11:05:57 PM,06/19/2023 11:21:52 PM,NYPD,New York City Police Department,Noise - Residential,Loud Music/Party,,Residential Building/House,11206,248 MC KIBBIN STREET,MC KIBBIN STREET,MC KIBBIN COURT,SEIGEL COURT,MC KIBBIN COURT,SEIGEL COURT,ADDRESS,BROOKLYN,MC KIBBIN STREET,,Closed,,The Police Department responded to the complaint and determined that police action was not necessary.,06/19/2023 11:21:57 PM,01 BROOKLYN,34,Precinct 90,3030910027,BROOKLYN,1001557,196353,ONLINE,Unspecified,BROOKLYN,,,,,,,,40.705603462976015,-73.93757788313589,POINT (-73.937577883136 40.705603462976)
57943260,06/19/2023 06:09:29 PM,06/20/2023 10:55:56 AM,DSNY,Department of Sanitation,Illegal Dumping,Removal Request,N/A,Sidewalk,11233,2408 DEAN STREET,DEAN STREET,MOTHER GASTON BOULEVARD,SACKMAN STREET,MOTHER GASTON BOULEVARD,SACKMAN STREET,ADDRESS,BROOKLYN,DEAN STREET,,Closed,,"The Department of Sanitation has investigated the complaint and addressed the issue. If the problem persists, call 311 to enter a new complaint. If you are outside of New York City, please call (212) NEW-YORK (212-639-9675).",06/20/2023 10:55:55 AM,16 BROOKLYN,37,Precinct 73,3014500015,BROOKLYN,1009904,185048,PHONE,Unspecified,BROOKLYN,,,,,,,,40.67455359513225,-73.90751536331881,POINT (-73.907515363319 40.674553595132)
57948894,06/19/2023 11:31:31 PM,06/20/2023 12:13:31 AM,NYPD,New York City Police Department,Noise - Street/Sidewalk,Loud Music/Party,,Street/Sidewalk,10002,52 RIVINGTON STREET,RIVINGTON STREET,FORSYTH STREET,ELDRIDGE STREET,FORSYTH STREET,ELDRIDGE STREET,ADDRESS,NEW YORK,RIVINGTON STREET,,Closed,,The Police Department responded to the complaint and with the information available observed no evidence of the violation at that time.,06/20/2023 12:13:36 AM,03 MANHATTAN,01,Precinct 5,1004217501,MANHATTAN,986813,201888,MOBILE,Unspecified,MANHATTAN,,,,,,,,40.72081227275736,-73.9907537769954,POINT (-73.990753776995 40.720812272757)
57938940,06/18/2023 08:07:24 PM,06/18/2023 10:05:05 PM,NYPD,New York City Police Department,Illegal Parking,Blocked Bike Lane,,Street/Sidewalk,11101,23-10 44 DRIVE,44 DRIVE,23 STREET,HUNTER STREET,23 STREET,HUNTER STREET,ADDRESS,LONG ISLAND CITY,44 DRIVE,,Closed,,The Police Department responded and upon arrival those responsible for the condition were gone.,06/18/2023 10:05:10 PM,02 QUEENS,26,Precinct 108,4000790029,QUEENS,999631,211633,MOBILE,Unspecified,QUEENS,,,,,,,,40.747546893137134,-73.94448956817017,POINT (-73.94448956817 40.747546893137)
57945978,06/19/2023 07:46:04 AM,06/26/2023 02:19:28 PM,DOT,Department of Transportation,Curb Condition,Broken Curb,1-3 Residential Units,Sidewalk,11234,6303 STRICKLAND AVENUE,STRICKLAND AVENUE,EAST   63 STREET,EAST   64 STREET,EAST   63 STREET,EAST   64 STREET,ADDRESS,BROOKLYN,STRICKLAND AVENUE,,Closed,,The Department of Transportation has determined that this issue is not within its jurisdiction.,06/26/2023 02:19:35 PM,18 BROOKLYN,46,Precinct 63,3084640044,BROOKLYN,1008903,163132,PHONE,Unspecified,BROOKLYN,,,,,,,,40.614401773860685,-73.91120413248368,POINT (-73.911204132484 40.614401773861)
57944943,06/19/2023 09:32:56 AM,06/28/2023 12:00:00 AM,DOB,Department of Buildings,Elevator,Elevator - Single Device On Property/No Alternate Service,,,10457,2051 RYER AVENUE,RYER AVENUE,,,,,ADDRESS,BRONX,,,Closed,,"The Department of Buildings determined that the conditions described in this complaint were addressed under another service request number. Click on ""Learn More"" in the ""Did You Know"" section below for more information.",06/28/2023 12:00:00 AM,05 BRONX,15,Precinct 46,2031560070,BRONX,1011579,249623,UNKNOWN,Unspecified,BRONX,,,,,,,,40.85179014156923,-73.9012143328287,POINT (-73.901214332829 40.851790141569)
57936249,06/18/2023 10:20:27 AM,06/18/2023 10:52:51 AM,NYPD,New York City Police Department,Illegal Parking,Blocked Crosswalk,,Street/Sidewalk,11231,51 BAY STREET,BAY STREET,COLUMBIA STREET,HICKS STREET,COLUMBIA STREET,HICKS STREET,ADDRESS,BROOKLYN,BAY STREET,,Closed,,The Police Department responded to the complaint and determined that police action was not necessary.,06/18/2023 10:52:53 AM,06 BROOKLYN,38,Precinct 76,,BROOKLYN,982008,184553,ONLINE,Unspecified,BROOKLYN,,,,,,,,40.673231819081316,-74.0080824202025,POINT (-74.008082420202 40.673231819081)
57936672,06/18/2023 09:46:34 AM,06/18/2023 10:18:57 AM,NYPD,New York City Police Department,Abandoned Vehicle,With License Plate,,Street/Sidewalk,11103,31-82 42 STREET,42 STREET,31 AVENUE,BROADWAY,31 AVENUE,BROADWAY,ADDRESS,ASTORIA,42 STREET,,Closed,,The Police Department responded to the complaint and took action to fix the condition.,06/18/2023 10:19:01 AM,01 QUEENS,22,Precinct 114,4006790074,QUEENS,1007269,215756,ONLINE,Unspecified,QUEENS,,,,,,,,40.758846893756214,-73.91690972549875,POINT (-73.916909725499 40.758846893756)
57946023,06/19/2023 02:11:42 PM,11/09/2023 01:27:34 PM,DPR,Department of Parks and Recreation,Root/Sewer/Sidewalk Condition,Trees and Sidewalks Program,Free Repair,Street,11220,230 62 STREET,62 STREET,2 AVENUE,3 AVENUE,2 AVENUE,3 AVENUE,ADDRESS,BROOKLYN,62 STREET,,Closed,,"NYC Parks inspected the requested repair site. This site meets the criteria for repair under the Trees & Sidewalks Program. The timeframe for repair work depends on available funding for the program, the severity of damage, and the other sidewalk requests in the surrounding district.",11/09/2023 01:27:41 PM,07 BROOKLYN,38,Precinct 72,3057980021,BROOKLYN,977815,173119,PHONE,Unspecified,BROOKLYN,,,,,,,,40.64184594511741,-74.02318729282932,POINT (-74.023187292829 40.641845945117)
57943791,06/19/2023 04:41:16 PM,06/28/2023 09:35:28 AM,DPR,Department of Parks and Recreation,Damaged Tree,Branch or Limb Has Fallen Down,Blocking Driveway,Street,11234,1232 EAST   54 STREET,EAST   54 STREET,AVENUE J,AVENUE K,AVENUE J,AVENUE K,ADDRESS,BROOKLYN,EAST   54 STREET,,Closed,,NYC Parks performed the work necessary to correct the condition.,06/28/2023 09:35:36 AM,18 BROOKLYN,46,Precinct 63,3078010048,BROOKLYN,1005369,167948,PHONE,Unspecified,BROOKLYN,,,,,,,,40.62762981297155,-73.92391791984504,POINT (-73.923917919845 40.627629812972)
57949497,06/20/2023 05:55:50 PM,06/20/2023 06:08:14 PM,NYPD,New York City Police Department,Animal-Abuse,Neglected,Dog,Residential Building/House,11209,95 73 STREET,73 STREET,NARROWS AVENUE,COLONIAL ROAD,NARROWS AVENUE,COLONIAL ROAD,ADDRESS,BROOKLYN,73 STREET,,Closed,,The Police Department responded to the complaint and took action to fix the condition.,06/20/2023 06:08:17 PM,10 BROOKLYN,47,Precinct 68,3059050061,BROOKLYN,974828,170421,ONLINE,Unspecified,BROOKLYN,,,,,,,,40.63443783775267,-74.0339466081668,POINT (-74.033946608167 40.634437837753)
57942459,06/19/2023 02:45:57 PM,06/19/2023 02:57:43 PM,NYPD,New York City Police Department,Non-Emergency Police Matter,Other (complaint details),,Street/Sidewalk,10019,800 9 AVENUE,9 AVENUE,WEST   53 STREET,WEST   54 STREET,WEST   53 STREET,WEST   54 STREET,ADDRESS,NEW YORK,9 AVENUE,,Closed,,The Police Department responded to the complaint and with the information available observed no evidence of the violation at that time.,06/19/2023 02:57:49 PM,04 MANHATTAN,03,Precinct 18,1010440001,MANHATTAN,987712,218153,ONLINE,Unspecified,MANHATTAN,,,,,,,,40.76545532971392,-73.98750219251181,POINT (-73.987502192512 40.765455329714)
57942549,06/19/2023 04:28:53 PM,06/22/2023 08:24:33 PM,HPD,Department of Housing Preservation and Development,FLOORING/STAIRS,FLOOR,TILE BROKEN OR MISSING,RESIDENTIAL BUILDING,10458,2414 BELMONT AVENUE,BELMONT AVENUE,,,,,ADDRESS,BRONX,,,Closed,,The Department of Housing Preservation and Development inspected the following conditions. No violations were issued. The complaint has been closed.,06/22/2023 12:00:00 AM,06 BRONX,15,Precinct 48,2030750006,BRONX,1015811,250863,PHONE,Unspecified,BRONX,,,,,,,,40.85517945631178,-73.88591117347879,POINT (-73.885911173479 40.855179456312)
57935943,06/18/2023 10:05:59 PM,06/18/2023 10:35:04 PM,NYPD,New York City Police Department,Illegal Fireworks,N/A,,Residential Building/House,10454,CYPRESS AVENUE,CYPRESS AVENUE,CYPRESS AVENUE,EAST  140 STREET,CYPRESS AVENUE,EAST  140 STREET,INTERSECTION,,,,Closed,,The Police Department responded to the complaint and with the information available observed no evidence of the violation at that time.,06/18/2023 10:35:08 PM,01 BRONX,08,Precinct 40,,BRONX,1008128,233279,PHONE,Unspecified,BRONX,,,,,,,,40.806940569587816,-73.91374676656051,POINT (-73.91374676656 40.806940569588)
57936429,06/18/2023 05:57:35 PM,07/06/2023 12:20:48 PM,DSNY,Department of Sanitation,Illegal Dumping,Removal Request,N/A,Sidewalk,11354,32 AVENUE,32 AVENUE,32 AVENUE,140 STREET,32 AVENUE,140 STREET,INTERSECTION,,,,Closed,,The Department of Sanitation cleaned the location.,06/22/2023 06:10:43 AM,07 QUEENS,20,Precinct 109,,QUEENS,1031719,219316,MOBILE,Unspecified,QUEENS,,,,,,,,40.7685206945894,-73.82862908541787,POINT (-73.828629085418 40.768520694589)
57948021,06/19/2023 09:08:02 PM,07/12/2023 02:54:14 PM,EDC,Economic Development Corporation,Noise - Helicopter,Other,Flying Too Low,Above Address,10128,50 EAST   96 STREET,EAST   96 STREET,MADISON AVENUE,PARK AVENUE,MADISON AVENUE,PARK AVENUE,ADDRESS,NEW YORK,EAST   96 STREET,,Closed,,"The New York City Economic Development Corporation determined that this issue is not within its jurisdiction because the helicopter did not belong to a tour company departing from a NYC heliport.Â  Instead, it was most likely a law enforcement or news gathering helicopter not subject to the routing protocols established for tour helicopters. It may also have been a helicopter that departed as a charter or tour from another City but flew over NYC airspace. Helicopter tours originating from outside NYC are not subject to the same City regulations as tours departing from heliports managed by NYCEDC. Any City regulation of these flights is pre-empted by federal law and subject only to the jurisdiction of the Federal Aviation Administration. To file a complaint with the FAA, you can contact the New York Flight Standards District Office at the following web address:Â https://www.faa.gov/about/office_org/field_offices/fsdo/",07/12/2023 02:54:17 PM,08 MANHATTAN,05,Precinct 19,1015070050,MANHATTAN,997019,226043,ONLINE,Unspecified,MANHATTAN,,,,,,,,40.78710275822787,-73.95388896675728,POINT (-73.953888966757 40.787102758228)
57943674,06/19/2023 12:06:28 PM,06/20/2023 11:31:19 AM,DPR,Department of Parks and Recreation,Illegal Tree Damage,Bicycle Chained to Tree,N/A,Street,10468,2850 WEBB AVENUE,WEBB AVENUE,WEST  197 STREET,RESERVOIR AVENUE,WEST  197 STREET,RESERVOIR AVENUE,ADDRESS,BRONX,WEBB AVENUE,,Closed,,NYC Parks visited the site and inspected the condition. No work is necessary at this time.,06/20/2023 11:31:21 AM,08 BRONX,14,Precinct 50,2032500065,BRONX,1011725,257442,MOBILE,Unspecified,BRONX,,,,,,,,40.87325046884873,-73.90065453583262,POINT (-73.900654535833 40.873250468849)
57946572,06/19/2023 10:12:10 PM,06/19/2023 11:02:34 PM,NYPD,New York City Police Department,Noise - Residential,Loud Music/Party,,Residential Building/House,10457,322 EAST  173 STREET,EAST  173 STREET,MONROE AVENUE,TOPPING AVENUE,MONROE AVENUE,TOPPING AVENUE,ADDRESS,BRONX,EAST  173 STREET,,Closed,,The Police Department responded to the complaint and took action to fix the condition.,06/19/2023 11:02:37 PM,04 BRONX,15,Precinct 44,2027910017,BRONX,1010223,246639,ONLINE,Unspecified,BRONX,,,,,,,,40.84360403896184,-73.90612739782256,POINT (-73.906127397823 40.843604038962)
57944403,06/19/2023 09:30:17 AM,06/19/2023 09:39:08 AM,NYPD,New York City Police Department,Blocked Driveway,Partial Access,,Street/Sidewalk,11421,81-14 91 AVENUE,91 AVENUE,81 STREET,82 STREET,81 STREET,82 STREET,ADDRESS,WOODHAVEN,91 AVENUE,,Closed,,The Police Department issued a summons in response to the complaint.,06/19/2023 09:39:12 AM,09 QUEENS,32,Precinct 102,4089610019,QUEENS,1023145,189530,PHONE,Unspecified,QUEENS,,,,,,,,40.68680737811851,-73.85975474166716,POINT (-73.859754741667 40.686807378119)
57942783,06/19/2023 11:28:12 PM,06/20/2023 02:44:19 AM,NYPD,New York City Police Department,Noise - Residential,Loud Music/Party,,Residential Building/House,10453,60 EAST  177 STREET,EAST  177 STREET,WALTON AVENUE,MORRIS AVENUE,WALTON AVENUE,MORRIS AVENUE,ADDRESS,BRONX,EAST  177 STREET,,Closed,,The Police Department responded to the complaint and with the information available observed no evidence of the violation at that time.,06/20/2023 02:44:24 AM,05 BRONX,14,Precinct 46,2028270042,BRONX,1009472,248904,ONLINE,Unspecified,BRONX,,,,,,,,40.84982297098418,-73.90883316869436,POINT (-73.908833168694 40.849822970984)
57937392,06/18/2023 10:23:37 AM,06/19/2023 12:00:00 AM,DOB,Department of Buildings,General Construction/Plumbing,Site Conditions Endangering Workers,,,10314,57 BRAISTED AVENUE,BRAISTED AVENUE,,,,,ADDRESS,STATEN ISLAND,,N/A,Closed,,The Department of Buildings investigated this complaint and determined that no further action was necessary.,06/19/2023 12:00:00 AM,02 STATEN ISLAND,50,Precinct 121,5023730027,STATEN ISLAND,942295,153711,UNKNOWN,Unspecified,STATEN ISLAND,,,,,,,,40.58847804690065,-74.15105608372473,POINT (-74.151056083725 40.588478046901)
57943080,06/19/2023 12:40:05 PM,06/19/2023 01:09:37 PM,NYPD,New York City Police Department,Illegal Parking,Posted Parking Sign Violation,,Street/Sidewalk,10031,596 RIVERSIDE DRIVE,RIVERSIDE DRIVE,WEST  136 STREET,WEST  137 STREET,WEST  136 STREET,WEST  137 STREET,ADDRESS,NEW YORK,RIVERSIDE DRIVE,,Closed,,The Police Department responded to the complaint and took action to fix the condition.,06/19/2023 01:09:45 PM,09 MANHATTAN,07,Precinct 30,1020020067,MANHATTAN,996361,238819,MOBILE,Unspecified,MANHATTAN,,,,,,,,40.82217028504987,-73.9562420696668,POINT (-73.956242069667 40.82217028505)
57939282,06/18/2023 04:18:12 AM,06/18/2023 05:25:50 AM,NYPD,New York City Police Department,Noise - Residential,Loud Music/Party,,Residential Building/House,11436,145-28 SUTTER AVENUE,SUTTER AVENUE,INWOOD STREET,146 STREET,INWOOD STREET,146 STREET,ADDRESS,JAMAICA,SUTTER AVENUE,,Closed,,The Police Department responded to the complaint and with the information available observed no evidence of the violation at that time.,06/18/2023 05:25:55 AM,12 QUEENS,28,Precinct 113,4120710018,QUEENS,1041823,184120,ONLINE,Unspecified,QUEENS,,,,,,,,40.671856408284555,-73.7924531592438,POINT (-73.792453159244 40.671856408285)
57940029,06/18/2023 11:39:42 AM,08/18/2023 12:00:00 AM,DOB,Department of Buildings,Elevator,Elevator - Multiple Devices On Property,,,11375,103-10 QUEENS BOULEVARD,QUEENS BOULEVARD,,,,,ADDRESS,FOREST HILLS,,,Closed,,"The Department of Buildings determined that the conditions described in this complaint were addressed under another service request number. Click on ""Learn More"" in the ""Did You Know"" section below for more information.",08/18/2023 12:00:00 AM,06 QUEENS,29,Precinct 112,4031730046,QUEENS,1025780,203364,UNKNOWN,Unspecified,QUEENS,,,,,,,,40.724766419362616,-73.85016831380442,POINT (-73.850168313804 40.724766419363)
57952215,06/20/2023 02:34:18 PM,,DPR,Department of Parks and Recreation,Dead/Dying Tree,Planted More Than 2 Years Ago,N/A,Street,11220,414 60 STREET,60 STREET,4 AVENUE,5 AVENUE,4 AVENUE,5 AVENUE,ADDRESS,BROOKLYN,60 STREET,,In Progress,,,,07 BROOKLYN,38,Precinct 72,3057820010,BROOKLYN,979305,172613,ONLINE,Unspecified,BROOKLYN,,,,,,,,40.64045804086254,-74.01781799185649,POINT (-74.017817991856 40.640458040863)
57948408,06/19/2023 01:25:47 PM,06/19/2023 02:26:05 PM,NYPD,New York City Police Department,Illegal Parking,Double Parked Blocking Traffic,,Street/Sidewalk,11373,88-01 QUEENS BOULEVARD,QUEENS BOULEVARD,55 ROAD,56 AVENUE,55 ROAD,56 AVENUE,ADDRESS,ELMHURST,QUEENS BOULEVARD,,Closed,,The Police Department responded to the complaint and took action to fix the condition.,06/19/2023 02:26:11 PM,04 QUEENS,25,Precinct 110,4018437501,QUEENS,1018813,207136,MOBILE,Unspecified,QUEENS,,,,,,,,40.735149591323975,-73.87528440236768,POINT (-73.875284402368 40.735149591324)
57940020,06/19/2023 02:05:40 AM,06/19/2023 02:41:13 AM,NYPD,New York City Police Department,Noise - Residential,Loud Music/Party,,Residential Building/House,11216,581 ST MARKS AVENUE,ST MARKS AVENUE,FRANKLIN AVENUE,BEDFORD AVENUE,FRANKLIN AVENUE,BEDFORD AVENUE,ADDRESS,BROOKLYN,ST MARKS AVENUE,,Closed,,The Police Department responded to the complaint and took action to fix the condition.,06/19/2023 02:41:18 AM,08 BROOKLYN,35,Precinct 77,3012170066,BROOKLYN,996858,185430,MOBILE,Unspecified,BROOKLYN,,,,,,,,40.675630292280225,-73.95454646605162,POINT (-73.954546466052 40.67563029228)
57944367,06/19/2023 01:06:34 PM,07/11/2023 05:24:09 PM,DSNY,Department of Sanitation,Illegal Dumping,Removal Request,N/A,Street,10023,AMSTERDAM AVENUE,AMSTERDAM AVENUE,AMSTERDAM AVENUE,WEST   72 STREET,AMSTERDAM AVENUE,WEST   72 STREET,INTERSECTION,,,,Closed,,The Department of Sanitation cleaned the location.,06/21/2023 09:22:15 AM,07 MANHATTAN,06,Precinct 20,,MANHATTAN,989340,222945,PHONE,Unspecified,MANHATTAN,,,,,,,,40.77860733030423,-73.98162148906776,POINT (-73.981621489068 40.778607330304)
57944853,06/19/2023 07:09:00 PM,06/20/2023 06:51:00 AM,DSNY,Department of Sanitation,Derelict Vehicles,Derelict Vehicles,,Street,11378,61-07 60 DRIVE,60 DRIVE,61 STREET,FRESH POND ROAD,,,ADDRESS,MASPETH,,,Closed,,The vehicle you reported exceeds the monetary value eligible for collection as junk. The Department of Sanitation has forwarded the request to the NYPD for further action.,06/20/2023 12:00:00 PM,05 QUEENS,30,Precinct 104,4027440048,QUEENS,1011347,199985,PHONE,Unspecified,QUEENS,,,,,,,,40.71554786998974,-73.9022531535733,POINT (-73.902253153573 40.71554786999)
57948858,06/19/2023 07:39:36 PM,06/19/2023 08:51:20 PM,NYPD,New York City Police Department,Noise - Residential,Loud Music/Party,,Residential Building/House,11428,94-42 212 STREET,212 STREET,94 ROAD,JAMAICA AVENUE,94 ROAD,JAMAICA AVENUE,ADDRESS,QUEENS VILLAGE,212 STREET,,Closed,,The Police Department responded to the complaint and with the information available observed no evidence of the violation at that time.,06/19/2023 08:51:24 PM,13 QUEENS,23,Precinct 105,4105460058,QUEENS,1054418,200379,ONLINE,Unspecified,QUEENS,,,,,,,,40.716392542242275,-73.7468798847831,POINT (-73.746879884783 40.716392542242)
57942216,06/19/2023 09:17:00 AM,06/22/2023 07:38:35 AM,DSNY,Department of Sanitation,Missed Collection,Recycling - Paper/Metal/Glass/Rigid Plastic,N/A,Street,10469,2549 WESTERVELT AVENUE,WESTERVELT AVENUE,MACE AVENUE,ALLERTON AVENUE,MACE AVENUE,ALLERTON AVENUE,ADDRESS,BRONX,WESTERVELT AVENUE,,Closed,,The Department of Sanitation collected the requested items.,06/19/2023 11:22:17 AM,11 BRONX,13,Precinct 49,2044860063,BRONX,1028543,253909,ONLINE,Unspecified,BRONX,,,,,,,,40.863485103179336,-73.83986664235552,POINT (-73.839866642356 40.863485103179)
57937815,06/18/2023 11:28:34 PM,06/19/2023 05:52:27 PM,NYPD,New York City Police Department,Noise - Residential,Loud Music/Party,,Residential Building/House,10461,MIDDLETOWN ROAD,MIDDLETOWN ROAD,MAYFLOWER AVENUE,PILGRIM AVENUE,MAYFLOWER AVENUE,PILGRIM AVENUE,BLOCKFACE,,,,Closed,,The Police Department responded to the complaint and with the information available observed no evidence of the violation at that time.,06/19/2023 05:52:33 PM,Unspecified BRONX,,Precinct 45,,BRONX,,,ONLINE,Unspecified,BRONX,,,,,,,,,,
57946455,06/19/2023 05:32:32 AM,06/19/2023 06:00:54 AM,NYPD,New York City Police Department,Blocked Driveway,No Access,,Street/Sidewalk,11235,26 BRIGHTON   11 STREET,BRIGHTON   11 STREET,CASS PLACE,OCEAN VIEW AVENUE,CASS PLACE,OCEAN VIEW AVENUE,ADDRESS,BROOKLYN,BRIGHTON   11 STREET,,Closed,,The Police Department responded and upon arrival those responsible for the condition were gone.,06/19/2023 06:01:01 AM,13 BROOKLYN,48,Precinct 60,3087070375,BROOKLYN,996343,151213,MOBILE,Unspecified,BROOKLYN,,,,,,,,40.58171257651474,-73.95646441795729,POINT (-73.956464417957 40.581712576515)
57943026,06/19/2023 11:34:08 AM,06/19/2023 04:56:00 PM,NYPD,New York City Police Department,Illegal Parking,Blocked Hydrant,,Street/Sidewalk,11385,78-48 64 PLACE,64 PLACE,78 AVENUE,80 AVENUE,78 AVENUE,80 AVENUE,ADDRESS,RIDGEWOOD,64 PLACE,,Closed,,The Police Department reviewed your complaint and provided additional information below.,06/19/2023 04:56:05 PM,05 QUEENS,30,Precinct 104,4037190041,QUEENS,1014557,193260,MOBILE,Unspecified,QUEENS,,,,,,,,40.69707893204808,-73.89070401936785,POINT (-73.890704019368 40.697078932048)
57945708,06/19/2023 02:04:05 PM,06/25/2023 10:25:37 AM,HPD,Department of Housing Preservation and Development,APPLIANCE,ELECTRIC/GAS RANGE,NO GAS OR ELECTRICITY,RESIDENTIAL BUILDING,10032,425 WEST  162 STREET,WEST  162 STREET,,,,,ADDRESS,NEW YORK,,,Closed,,The Department of Housing Preservation and Development inspected the following conditions. Violations were issued. Information about specific violations is available at www.nyc.gov/hpd,06/25/2023 12:00:00 AM,12 MANHATTAN,10,Precinct 33,1021100041,MANHATTAN,1001324,243543,PHONE,Unspecified,MANHATTAN,,,,,,,,40.83512811239958,-73.93829836966584,POINT (-73.938298369666 40.8351281124)
57935574,06/18/2023 10:58:40 PM,06/18/2023 11:22:54 PM,NYPD,New York City Police Department,Noise - Commercial,Loud Music/Party,,Store/Commercial,11216,370 TOMPKINS AVENUE,TOMPKINS AVENUE,MADISON STREET,PUTNAM AVENUE,MADISON STREET,PUTNAM AVENUE,ADDRESS,BROOKLYN,TOMPKINS AVENUE,,Closed,,The Police Department responded to the complaint and took action to fix the condition.,06/18/2023 11:23:00 PM,03 BROOKLYN,36,Precinct 79,3018240047,BROOKLYN,999721,188778,MOBILE,Unspecified,BROOKLYN,,,,,,,,40.68481525027431,-73.94421728264615,POINT (-73.944217282646 40.684815250274)
57945582,06/19/2023 10:45:51 PM,06/19/2023 11:09:56 PM,NYPD,New York City Police Department,Noise - Residential,Loud Music/Party,,Residential Building/House,10460,912 EAST  178 STREET,EAST  178 STREET,HONEYWELL AVENUE,DALY AVENUE,HONEYWELL AVENUE,DALY AVENUE,ADDRESS,BRONX,EAST  178 STREET,,Closed,,The Police Department responded to the complaint and took action to fix the condition.,06/19/2023 11:09:59 PM,06 BRONX,15,Precinct 48,2031210046,BRONX,1016479,246363,ONLINE,Unspecified,BRONX,,,,,,,,40.84282588333603,-73.88351807575677,POINT (-73.883518075757 40.842825883336)
57936726,06/18/2023 05:33:01 AM,06/18/2023 05:58:46 AM,NYPD,New York City Police Department,Noise - Commercial,Loud Music/Party,,Club/Bar/Restaurant,11423,196 STREET,196 STREET,196 STREET,JAMAICA AVENUE,196 STREET,JAMAICA AVENUE,INTERSECTION,,,,Closed,,The Police Department responded to the complaint and took action to fix the condition.,06/18/2023 05:58:51 AM,12 QUEENS,27,Precinct 103,,QUEENS,1049670,199246,ONLINE,Unspecified,QUEENS,,,,,,,,40.713319122702266,-73.76401847873738,POINT (-73.764018478737 40.713319122702)
57936312,06/18/2023 03:07:23 PM,06/18/2023 03:21:09 PM,NYPD,New York City Police Department,Illegal Parking,Blocked Crosswalk,,Street/Sidewalk,10009,44 AVENUE A,AVENUE A,EAST    3 STREET,EAST    4 STREET,EAST    3 STREET,EAST    4 STREET,ADDRESS,NEW YORK,AVENUE A,,Closed,,The Police Department responded and upon arrival those responsible for the condition were gone.,06/18/2023 03:21:14 PM,03 MANHATTAN,02,Precinct 9,1003990001,MANHATTAN,988362,202976,MOBILE,Unspecified,MANHATTAN,,,,,,,,40.72379798531929,-73.98516497367729,POINT (-73.985164973677 40.723797985319)
57935565,06/18/2023 08:40:00 AM,06/20/2023 04:42:00 AM,DSNY,Department of Sanitation,Derelict Vehicles,Derelict Vehicles,,Street,11209,6929 5 AVENUE,5 AVENUE,BAY RIDGE AVENUE,OVINGTON AVENUE,,,ADDRESS,BROOKLYN,,,Closed,,The Department of Sanitation (DSNY) couldn't find the condition. Please file a new Service Request with more details about the location.,06/20/2023 12:00:00 PM,10 BROOKLYN,47,Precinct 68,3058740001,BROOKLYN,978365,169885,PHONE,Unspecified,BROOKLYN,,,,,,,,40.632969687607286,-74.02120265241157,POINT (-74.021202652412 40.632969687607)
57950676,06/20/2023 09:22:16 AM,10/06/2023 06:51:26 AM,HPD,Department of Housing Preservation and Development,GENERAL,BELL/BUZZER/INTERCOM,BROKEN OR MISSING,RESIDENTIAL BUILDING,11203,787 EAST   46 STREET,EAST   46 STREET,,,,,ADDRESS,BROOKLYN,,,Closed,,"The Department of Housing Preservation and Development was not able to gain access to inspect the following conditions. The complaint has been closed. If the condition still exists, please file a new complaint.",10/06/2023 12:00:00 AM,17 BROOKLYN,45,Precinct 67,3049630044,BROOKLYN,1002770,173295,ONLINE,Unspecified,BROOKLYN,,,,,,,,40.64231200193763,-73.93326624722118,POINT (-73.933266247221 40.642312001938)
57937635,06/18/2023 03:29:00 PM,06/24/2023 09:00:00 AM,DEP,Department of Environmental Protection,Noise,Noise: Construction Before/After Hours (NM1),NM1,,10033,854 WEST  180 STREET,WEST  180 STREET,PINEHURST AVE,CABRINI BLVD,,,ADDRESS,NEW YORK,,N/A,Closed,,"The Department of Environmental Protection (DEP) didn't observe a violation of the NYC Air or Noise Code at the time of inspection and couldn't issue a summons.  If the problem still exists, please go to nyc.gov/311 or call 311 to file a new Service Request. If you're outside of New York City, please call (212) NEW-YORK (212-639-9675).",06/24/2023 09:00:00 AM,12 MANHATTAN,10,Precinct 34,1021770163,MANHATTAN,1000823,249055,ONLINE,Unspecified,MANHATTAN,,,,,,,,40.85025789143697,-73.94009524940759,POINT (-73.940095249408 40.850257891437)
57949587,06/20/2023 07:25:19 PM,06/20/2023 07:25:19 PM,DOHMH,Department of Health and Mental Hygiene,Rodent,Rat Sighting,,1-2 Family Dwelling,11373,90-26 51 AVENUE,51 AVENUE,90 STREET,92 STREET,90 STREET,92 STREET,ADDRESS,ELMHURST,51 AVENUE,,Closed,,The Department of Health and Mental Hygiene found violations on the property you reported. Follow-up inspections will be scheduled.,06/20/2023 07:25:19 PM,04 QUEENS,25,Precinct 110,4018530018,QUEENS,1019260,208750,ONLINE,Unspecified,QUEENS,,,,,,,,40.73957785930881,-73.87366307011536,POINT (-73.873663070115 40.739577859309)
57946473,06/19/2023 12:59:53 PM,06/22/2023 03:41:28 PM,DSNY,Department of Sanitation,Illegal Dumping,Removal Request,N/A,Sidewalk,11419,116-04 LIBERTY AVENUE,LIBERTY AVENUE,116 STREET,117 STREET,116 STREET,117 STREET,ADDRESS,SOUTH RICHMOND HILL,LIBERTY AVENUE,,Closed,,The Department of Sanitation cleaned the location.,06/20/2023 04:21:16 AM,10 QUEENS,28,Precinct 106,4095700002,QUEENS,1032317,189197,ONLINE,Unspecified,QUEENS,,,,,,,,40.6858483129883,-73.82668534787206,POINT (-73.826685347872 40.685848312988)
57952053,06/20/2023 08:48:54 AM,06/23/2023 11:44:08 AM,HPD,Department of Housing Preservation and Development,FLOORING/STAIRS,FLOOR,TILE BROKEN OR MISSING,RESIDENTIAL BUILDING,10003,113 EAST   19 STREET,EAST   19 STREET,,,,,ADDRESS,NEW YORK,,,Closed,,The Department of Housing Preservation and Development inspected the following conditions. No violations were issued. The complaint has been closed.,06/23/2023 12:00:00 AM,06 MANHATTAN,02,Precinct 13,1008750012,MANHATTAN,987823,207894,PHONE,Unspecified,MANHATTAN,,,,,,,,40.73729692525792,-73.98710693393681,POINT (-73.987106933937 40.737296925258)
57952080,06/20/2023 03:12:52 PM,07/22/2023 01:45:02 PM,HPD,Department of Housing Preservation and Development,PAINT/PLASTER,WALL,CHIPPED/PEELING/FLAKING,RESIDENTIAL BUILDING,11223,1684 WEST   10 STREET,WEST   10 STREET,,,,,ADDRESS,BROOKLYN,,,Closed,,The Department of Housing Preservation and Development inspected the following conditions. No violations were issued. The complaint has been closed.,07/22/2023 12:00:00 AM,11 BROOKLYN,44,Precinct 62,3066210042,BROOKLYN,988921,160073,ONLINE,Unspecified,BROOKLYN,,,,,,,,40.60603851285432,-73.98317797138695,POINT (-73.983177971387 40.606038512854)
57948885,06/19/2023 11:21:53 PM,06/20/2023 02:00:10 AM,NYPD,New York City Police Department,Noise - Residential,Loud Talking,,Residential Building/House,11357,20-16 147 STREET,147 STREET,20 AVENUE,20 ROAD,20 AVENUE,20 ROAD,ADDRESS,WHITESTONE,147 STREET,,Closed,,The Police Department responded to the complaint and with the information available observed no evidence of the violation at that time.,06/20/2023 02:00:16 AM,07 QUEENS,19,Precinct 109,4046320024,QUEENS,1034362,223940,ONLINE,Unspecified,QUEENS,,,,,,,,40.78119774717972,-73.81905296315558,POINT (-73.819052963156 40.78119774718)
57936051,06/18/2023 01:09:02 PM,06/18/2023 05:01:31 PM,NYPD,New York City Police Department,Noise - Residential,Loud Music/Party,,Residential Building/House,10301,496 HOWARD AVENUE,HOWARD AVENUE,SIGNAL HILL ROAD,STRATFORD AVENUE,SIGNAL HILL ROAD,STRATFORD AVENUE,ADDRESS,STATEN ISLAND,HOWARD AVENUE,,Closed,,The Police Department responded to the complaint and with the information available observed no evidence of the violation at that time.,06/18/2023 05:01:37 PM,01 STATEN ISLAND,49,Precinct 120,5005950015,STATEN ISLAND,958832,164662,ONLINE,Unspecified,STATEN ISLAND,,,,,,,,40.61859914306815,-74.09155702392474,POINT (-74.091557023925 40.618599143068)
57943467,06/19/2023 07:29:09 PM,06/19/2023 10:21:45 PM,DPR,Department of Parks and Recreation,Animal in a Park,Dog Off Leash,N/A,Park,11222,5 COMMERCIAL STREET,COMMERCIAL STREET,DUPONT STREET,BLUE SLIP,DUPONT STREET,BLUE SLIP,ADDRESS,BROOKLYN,COMMERCIAL STREET,,Closed,,NYC Parks couldn't respond to your complaint because they had to devote resources to other critical services at the time. The agency will use your complaint for future planning.,06/19/2023 10:21:48 PM,01 BROOKLYN,33,Precinct 94,3024720075,BROOKLYN,995368,207264,ONLINE,Unspecified,BROOKLYN,,,,,,,,40.73556146470334,-73.95988206563493,POINT (-73.959882065635 40.735561464703)
57940839,06/19/2023 08:11:00 PM,06/26/2023 04:00:00 PM,DEP,Department of Environmental Protection,Noise,"Noise, Barking Dog (NR5)",NR5,,11237,309 HARMAN STREET,HARMAN STREET,KNICKERBOCKER AVE,IRVING AVE,,,ADDRESS,BROOKLYN,,N/A,Closed,,"The Department of Environmental Protection (DEP) didn't observe a violation of the NYC Air or Noise Code at the time of inspection and couldn't issue a summons.  If the problem still exists, please go to nyc.gov/311 or call 311 to file a new Service Request. If you're outside of New York City, please call (212) NEW-YORK (212-639-9675).",06/26/2023 04:00:00 PM,04 BROOKLYN,37,Precinct 83,3032790044,BROOKLYN,1006819,194385,ONLINE,Unspecified,BROOKLYN,,,,,,,,40.700189910488014,-73.91860574098054,POINT (-73.918605740981 40.700189910488)
57949038,06/19/2023 10:24:57 AM,08/30/2023 08:02:12 AM,HPD,Department of Housing Preservation and Development,PLUMBING,BATHTUB/SHOWER,BROKEN OR MISSING,RESIDENTIAL BUILDING,10466,621 EAST  231 STREET,EAST  231 STREET,,,,,ADDRESS,BRONX,,,Closed,,The Department of Housing Preservation and Development inspected the following conditions. No violations were issued. The complaint has been closed.,08/30/2023 12:00:00 AM,12 BRONX,12,Precinct 47,2048340044,BRONX,1022814,264587,PHONE,Unspecified,BRONX,,,,,,,,40.89281975544115,-73.86051730117656,POINT (-73.860517301177 40.892819755441)
57946743,06/19/2023 02:30:44 AM,06/19/2023 02:54:39 AM,NYPD,New York City Police Department,Noise - Street/Sidewalk,Loud Talking,,Street/Sidewalk,11419,115-22 LIBERTY AVENUE,LIBERTY AVENUE,115 STREET,116 STREET,115 STREET,116 STREET,ADDRESS,SOUTH RICHMOND HILL,LIBERTY AVENUE,,Closed,,The Police Department responded to the complaint and took action to fix the condition.,06/19/2023 02:54:45 AM,10 QUEENS,28,Precinct 106,4095380008,QUEENS,1032101,189166,MOBILE,Unspecified,QUEENS,,,,,,,,40.68576439562681,-73.82746439483222,POINT (-73.827464394832 40.685764395627)
57947553,06/19/2023 01:03:05 PM,06/19/2023 06:30:19 PM,NYPD,New York City Police Department,Blocked Driveway,Partial Access,,Street/Sidewalk,11419,135-56 107 AVENUE,107 AVENUE,135 STREET,VAN WYCK EXPRESSWAY,135 STREET,VAN WYCK EXPRESSWAY,ADDRESS,SOUTH RICHMOND HILL,107 AVENUE,,Closed,,The Police Department responded to the complaint and determined that police action was not necessary.,06/19/2023 06:30:24 PM,10 QUEENS,28,Precinct 106,,QUEENS,1037093,190098,PHONE,Unspecified,QUEENS,,,,,,,,40.688294120372795,-73.8094575625226,POINT (-73.809457562523 40.688294120373)
57940578,06/18/2023 10:08:25 PM,06/18/2023 11:31:34 PM,NYPD,New York City Police Department,Noise - Residential,Loud Music/Party,,Residential Building/House,10470,260 EAST  236 STREET,EAST  236 STREET,KEPLER AVENUE,KATONAH AVENUE,KEPLER AVENUE,KATONAH AVENUE,ADDRESS,BRONX,EAST  236 STREET,,Closed,,The Police Department reviewed your complaint and provided additional information below.,06/18/2023 11:31:38 PM,12 BRONX,11,Precinct 47,2033760038,BRONX,1020534,266512,ONLINE,Unspecified,BRONX,,,,,,,,40.8981129314761,-73.86875342201463,POINT (-73.868753422015 40.898112931476)
57945366,06/19/2023 04:55:28 PM,06/19/2023 06:23:15 PM,NYPD,New York City Police Department,Illegal Parking,Blocked Crosswalk,,Street/Sidewalk,11364,64 AVENUE,64 AVENUE,64 AVENUE,219 STREET,64 AVENUE,219 STREET,INTERSECTION,,,,Closed,,The Police Department responded to the complaint and took action to fix the condition.,06/19/2023 06:23:19 PM,11 QUEENS,23,Precinct 111,,QUEENS,1051301,211421,MOBILE,Unspecified,QUEENS,,,,,,,,40.74672418129076,-73.7580138817172,POINT (-73.758013881717 40.746724181291)
57939255,06/18/2023 08:19:26 PM,06/18/2023 08:27:03 PM,NYPD,New York City Police Department,Noise - Residential,Loud Music/Party,,Residential Building/House,11207,90 MILLER AVENUE,MILLER AVENUE,ARLINGTON AVENUE,FULTON STREET,ARLINGTON AVENUE,FULTON STREET,ADDRESS,BROOKLYN,MILLER AVENUE,,Closed,,The Police Department responded to the complaint and took action to fix the condition.,06/18/2023 08:27:09 PM,05 BROOKLYN,37,Precinct 75,3036640028,BROOKLYN,1013957,186705,MOBILE,Unspecified,BROOKLYN,,,,,,,,40.67908900964059,-73.89289669736954,POINT (-73.89289669737 40.679089009641)
57939147,06/18/2023 10:01:14 PM,06/18/2023 11:35:41 PM,NYPD,New York City Police Department,Noise - Residential,Loud Music/Party,,Residential Building/House,10462,1936 BOGART AVENUE,BOGART AVENUE,RHINELANDER AVENUE,NEILL AVENUE,RHINELANDER AVENUE,NEILL AVENUE,ADDRESS,BRONX,BOGART AVENUE,,Closed,,The Police Department responded to the complaint and took action to fix the condition.,06/18/2023 11:35:45 PM,11 BRONX,13,Precinct 49,2042660015,BRONX,1022973,249029,MOBILE,Unspecified,BRONX,,,,,,,,40.85011717027921,-73.86003212719872,POINT (-73.860032127199 40.850117170279)
57949119,06/19/2023 02:48:29 PM,10/23/2024 01:58:08 PM,DPR,Department of Parks and Recreation,Maintenance or Facility,Structure - Outdoors,Other,Park,11379,71-01 JUNIPER BLVD SOUTH,JUNIPER BLVD SOUTH,71 STREET,72 STREET,71 STREET,72 STREET,ADDRESS,MIDDLE VILLAGE,JUNIPER BOULEVARD SOUTH,,Closed,,"Upon inspection the reported condition was not found, and, therefore, no action was taken.",10/23/2024 01:58:12 PM,05 QUEENS,30,Precinct 104,,QUEENS,1016375,200734,MOBILE,Juniper Valley Park,QUEENS,,,,,,,,40.717586865277504,-73.88411212421667,POINT (-73.884112124217 40.717586865278)
57935619,06/18/2023 09:07:06 PM,06/18/2023 09:51:41 PM,NYPD,New York City Police Department,Noise - Park,Loud Music/Party,,Park/Playground,10033,301 FT WASHINGTON AVENUE,FT WASHINGTON AVENUE,WEST  173 STREET,WEST  174 STREET,WEST  173 STREET,WEST  174 STREET,ADDRESS,NEW YORK,FORT WASHINGTON AVENUE,,Closed,,The Police Department responded to the complaint and took action to fix the condition.,06/18/2023 09:51:44 PM,12 MANHATTAN,10,Precinct 33,1021390404,MANHATTAN,1000716,247312,ONLINE,J. Hood Wright Park,MANHATTAN,,,,,,,,40.84547407167203,-73.94048629178738,POINT (-73.940486291787 40.845474071672)
57951585,06/20/2023 06:34:12 PM,06/20/2023 06:58:59 PM,NYPD,New York City Police Department,Illegal Parking,Blocked Hydrant,,Street/Sidewalk,11209,8612 RIDGE BOULEVARD,RIDGE BOULEVARD,86 STREET,87 STREET,86 STREET,87 STREET,ADDRESS,BROOKLYN,RIDGE BOULEVARD,,Closed,,The Police Department responded to the complaint and took action to fix the condition.,06/20/2023 06:59:03 PM,10 BROOKLYN,47,Precinct 68,3060420036,BROOKLYN,974861,166592,MOBILE,Unspecified,BROOKLYN,,,,,,,,40.62392807583631,-74.03382238555359,POINT (-74.033822385554 40.623928075836)
57951243,06/20/2023 10:47:07 AM,06/20/2023 02:33:31 PM,DPR,Department of Parks and Recreation,Dead/Dying Tree,Planted More Than 2 Years Ago,N/A,Street,11214,1923 81 STREET,81 STREET,19 AVENUE,20 AVENUE,19 AVENUE,20 AVENUE,ADDRESS,BROOKLYN,81 STREET,,Closed,,"NYC Parks created a work order for the tree condition.  Please note that addressing this work can take up to a year or more depending on the higher priority work identified during this period and resources available to address this work.    NYC Parks work priority categories range from Category A through D, with A being the most critical and time-sensitive. We will complete all work in Category A first and address work in lower priority categories in accordance with available resources. For more information about the Tree Risk Management Program, visit the NYC Urban Forest page on the NYC Parks website at nyc.gov/parks/trees.   Alternatively, you may choose complete the work yourself by hiring an independent contractor. The contractor must complete a Tree Work Permit application on the NYC Parks website at nyc.gov/parks/trees.",06/20/2023 02:33:35 PM,11 BROOKLYN,38,Precinct 62,3062860069,BROOKLYN,985133,160923,ONLINE,Unspecified,BROOKLYN,,,,,,,,40.608372776020744,-73.99681987357275,POINT (-73.996819873573 40.608372776021)
57942288,06/19/2023 05:41:25 PM,06/19/2023 07:07:49 PM,NYPD,New York City Police Department,Blocked Driveway,Partial Access,,Street/Sidewalk,11370,31-48 75 STREET,75 STREET,31 AVENUE,32 AVENUE,31 AVENUE,32 AVENUE,ADDRESS,EAST ELMHURST,75 STREET,,Closed,,The Police Department responded to the complaint and with the information available observed no evidence of the violation at that time.,06/19/2023 07:07:55 PM,03 QUEENS,25,Precinct 115,4011450001,QUEENS,1014058,215375,ONLINE,Unspecified,QUEENS,,,,,,,,40.757780865118654,-73.89240559905843,POINT (-73.892405599058 40.757780865119)
57940452,06/18/2023 10:45:03 PM,06/18/2023 11:14:21 PM,NYPD,New York City Police Department,Noise - Residential,Loud Music/Party,,Residential Building/House,11233,1218 HERKIMER STREET,HERKIMER STREET,THOMAS S BOYLAND STREET,MARCONI PLACE,THOMAS S BOYLAND STREET,MARCONI PLACE,ADDRESS,BROOKLYN,HERKIMER STREET,,Closed,,The Police Department responded to the complaint and took action to fix the condition.,06/18/2023 11:14:25 PM,16 BROOKLYN,41,Precinct 73,3015650023,BROOKLYN,1008367,186169,MOBILE,Unspecified,BROOKLYN,,,,,,,,40.67763480650885,-73.91305235107151,POINT (-73.913052351072 40.677634806509)
57942486,06/19/2023 03:05:51 PM,09/15/2023 06:45:13 AM,HPD,Department of Housing Preservation and Development,DOOR/WINDOW,DOOR,NEEDS KEY FOR EXIT,RESIDENTIAL BUILDING,10467,806 EAST  216 STREET,EAST  216 STREET,,,,,ADDRESS,BRONX,,,Closed,,"The Department of Housing Preservation and Development was not able to gain access to inspect the following conditions. The complaint has been closed. If the condition still exists, please file a new complaint.",09/15/2023 12:00:00 AM,12 BRONX,12,Precinct 47,2046740154,BRONX,1022812,260049,PHONE,Unspecified,BRONX,,,,,,,,40.88036439446614,-73.86055066433545,POINT (-73.860550664335 40.880364394466)
57938274,06/19/2023 01:27:52 AM,06/19/2023 01:28:29 AM,NYPD,New York City Police Department,Noise - Commercial,Car/Truck Music,,Store/Commercial,11208,3259 FULTON STREET,FULTON STREET,CHESTNUT STREET,EUCLID AVENUE,CHESTNUT STREET,EUCLID AVENUE,ADDRESS,BROOKLYN,FULTON STREET,,Closed,,The Police Department responded to the complaint and took action to fix the condition.,06/19/2023 01:28:33 AM,05 BROOKLYN,37,Precinct 75,3041280066,BROOKLYN,1018952,188098,ONLINE,Unspecified,BROOKLYN,,,,,,,,40.68289430196205,-73.87488096292957,POINT (-73.87488096293 40.682894301962)
57944592,06/19/2023 12:27:04 PM,06/19/2023 12:52:52 PM,NYPD,New York City Police Department,Non-Emergency Police Matter,Other (complaint details),,Street/Sidewalk,10019,1619 BROADWAY,BROADWAY,WEST   49 STREET,WEST   50 STREET,WEST   49 STREET,WEST   50 STREET,ADDRESS,NEW YORK,BROADWAY,,Closed,,The Police Department responded to the complaint and took action to fix the condition.,06/19/2023 12:53:00 PM,05 MANHATTAN,03,Precinct 18,1010210019,MANHATTAN,988591,216551,ONLINE,Unspecified,MANHATTAN,,,,,,,,40.76105786456666,-73.98433004028819,POINT (-73.984330040288 40.761057864567)
57936708,06/18/2023 01:23:03 PM,06/22/2023 11:51:44 AM,DOT,Department of Transportation,Street Sign - Damaged,St Name - Attached to Pole,N/A,Street,10036,1500 BROADWAY,BROADWAY,WEST   43 STREET,WEST   44 STREET,WEST   43 STREET,WEST   44 STREET,ADDRESS,NEW YORK,BROADWAY,,Closed,,"The Department of Transportation inspected the condition you reported. You can find additional information in the ""Notes to Customer"" field.",06/22/2023 11:51:51 AM,05 MANHATTAN,04,Precinct 14,1009960001,MANHATTAN,988136,215020,ONLINE,Unspecified,MANHATTAN,,,,,,,,40.7568558730713,-73.98597336511823,POINT (-73.985973365118 40.756855873071)
57936492,06/18/2023 07:35:54 PM,06/18/2023 07:48:03 PM,NYPD,New York City Police Department,Non-Emergency Police Matter,Trespassing,,Residential Building/House,10029,322 EAST  115 STREET,EAST  115 STREET,2 AVENUE,1 AVENUE,2 AVENUE,1 AVENUE,ADDRESS,NEW YORK,EAST  115 STREET,,Closed,,The Police Department responded and upon arrival those responsible for the condition were gone.,06/18/2023 07:48:08 PM,11 MANHATTAN,08,Precinct 23,1016840001,MANHATTAN,1001572,229265,ONLINE,Unspecified,MANHATTAN,,,,,,,,40.79593852691809,-73.93743900362408,POINT (-73.937439003624 40.795938526918)
59450085,09/29/2023 10:12:52 AM,10/04/2023 12:00:00 AM,HPD,Department of Housing Preservation and Development,Electric,Wiring,Exposed,Apartment,10025,120 WEST   97 STREET,WEST   97 STREET,COLUMBUS AVENUE,AMSTERDAM AVENUE,COLUMBUS AVENUE,AMSTERDAM AVENUE,ADDRESS,NEW YORK,WEST   97 STREET,,Closed,,,10/04/2023 12:00:00 AM,07 MANHATTAN,07,Precinct 24,,MANHATTAN,993141,228521,PHONE,Unspecified,MANHATTAN,,,,,,,,40.793908953480674,-73.96788980334472,POINT (-73.967889803345 40.793908953481)
57941784,06/19/2023 02:16:22 PM,07/03/2023 10:11:06 AM,HPD,Department of Housing Preservation and Development,PLUMBING,BASIN/SINK,PIPE LEAKING,RESIDENTIAL BUILDING,10025,947 COLUMBUS AVENUE,COLUMBUS AVENUE,,,,,ADDRESS,NEW YORK,,,Closed,,"The Department of Housing Preservation and Development was not able to gain access to inspect the following conditions. The complaint has been closed. If the condition still exists, please file a new complaint.",07/03/2023 12:00:00 AM,07 MANHATTAN,07,Precinct 24,1018420004,MANHATTAN,994596,230575,ONLINE,Unspecified,MANHATTAN,,,,,,,,40.79954504133564,-73.96263184964297,POINT (-73.962631849643 40.799545041336)
57940407,06/18/2023 12:59:44 PM,06/18/2023 02:47:11 PM,DHS,Department of Homeless Services,Homeless Person Assistance,,,Store/Commercial,11201,84 FRONT STREET,FRONT STREET,WASHINGTON STREET,ADAMS STREET,WASHINGTON STREET,ADAMS STREET,ADDRESS,BROOKLYN,FRONT STREET,,Closed,,The mobile outreach response team went to the location provided but could not find the individual that you reported.,06/18/2023 02:47:11 PM,02 BROOKLYN,33,Precinct 84,3000517501,BROOKLYN,987221,195218,MOBILE,Unspecified,BROOKLYN,,,,,,,,40.702504581706826,-73.98928482849821,POINT (-73.989284828498 40.702504581707)
57936699,06/18/2023 11:10:06 AM,07/12/2023 02:53:22 PM,EDC,Economic Development Corporation,Noise - Helicopter,Other,Flying Too Low,Above Address,10023,118 WEST   74 STREET,WEST   74 STREET,COLUMBUS AVENUE,AMSTERDAM AVENUE,COLUMBUS AVENUE,AMSTERDAM AVENUE,ADDRESS,NEW YORK,WEST   74 STREET,,Closed,,"The New York City Economic Development Corporation determined that this issue is not within its jurisdiction because the helicopter did not belong to a tour company departing from a NYC heliport.Â  Instead, it was most likely a law enforcement or news gathering helicopter not subject to the routing protocols established for tour helicopters. It may also have been a helicopter that departed as a charter or tour from another City but flew over NYC airspace. Helicopter tours originating from outside NYC are not subject to the same City regulations as tours departing from heliports managed by NYCEDC. Any City regulation of these flights is pre-empted by federal law and subject only to the jurisdiction of the Federal Aviation Administration. To file a complaint with the FAA, you can contact the New York Flight Standards District Office at the following web address:Â https://www.faa.gov/about/office_org/field_offices/fsdo/",07/12/2023 02:53:25 PM,07 MANHATTAN,06,Precinct 20,1011450040,MANHATTAN,990197,223093,ONLINE,Unspecified,MANHATTAN,,,,,,,,40.77901301615559,-73.97852698021678,POINT (-73.978526980217 40.779013016156)
57947364,06/19/2023 08:44:38 PM,06/19/2023 09:44:03 PM,NYPD,New York City Police Department,Illegal Parking,Blocked Hydrant,,Street/Sidewalk,11215,339 SECOND STREET,SECOND STREET,4 AVENUE,5 AVENUE,4 AVENUE,5 AVENUE,ADDRESS,BROOKLYN,2 STREET,,Closed,,The Police Department responded to the complaint and determined that police action was not necessary.,06/19/2023 09:44:07 PM,06 BROOKLYN,39,Precinct 78,3009690048,BROOKLYN,988848,184730,MOBILE,Unspecified,BROOKLYN,,,,,,,,40.67371673414178,-73.98342406848273,POINT (-73.983424068483 40.673716734142)
57942900,06/19/2023 04:20:03 PM,06/22/2023 06:18:00 PM,HPD,Department of Housing Preservation and Development,SAFETY,SMOKE DETECTOR,BROKEN OR MISSING,RESIDENTIAL BUILDING,11226,31 EAST   31 STREET,EAST   31 STREET,,,,,ADDRESS,BROOKLYN,,,Closed,,The Department of Housing Preservation and Development inspected the following conditions. No violations were issued. The complaint has been closed.,06/22/2023 12:00:00 AM,17 BROOKLYN,40,Precinct 67,3048850054,BROOKLYN,998541,176104,PHONE,Unspecified,BROOKLYN,,,,,,,,40.65002993245494,-73.94849879338881,POINT (-73.948498793389 40.650029932455)
57937266,06/18/2023 11:36:09 AM,06/20/2023 03:30:36 PM,HPD,Department of Housing Preservation and Development,HEAT/HOT WATER,ENTIRE BUILDING,NO HOT WATER,RESIDENTIAL BUILDING,10454,545 EAST  144 STREET,EAST  144 STREET,,,,,ADDRESS,BRONX,,,Closed,,"The Department of Housing Preservation and Development was not able to gain access to your apartment or others in the building to inspect for a lack of heat or hot water. The complaint has been closed. If the condition still exists, please file a new complaint.",06/20/2023 12:00:00 AM,01 BRONX,08,Precinct 40,2022710005,BRONX,1007607,234853,ONLINE,Unspecified,BRONX,,,,,,,,40.81126215420042,-73.91562326941923,POINT (-73.915623269419 40.8112621542)
57941910,06/19/2023 09:53:00 PM,06/20/2023 08:35:00 AM,DEP,Department of Environmental Protection,Water Conservation,Illegal Use Of A Hydrant (CIN),CIN,,10469,,,,,BOSTON ROAD,GUNHILL ROAD,INTERSECTION,BRONX,,,Closed,,The Department of Environmental Protection scheduled an inspection.,06/20/2023 08:35:00 AM,12 BRONX,12,Precinct 47,,BRONX,1024728,257479,ONLINE,Unspecified,BRONX,,,,,,,,40.873301968701476,-73.85363749509766,POINT (-73.853637495098 40.873301968701)
57943359,06/19/2023 12:15:51 PM,06/19/2023 09:35:45 PM,NYPD,New York City Police Department,Blocked Driveway,No Access,,Street/Sidewalk,10456,795 EAST  169 STREET,EAST  169 STREET,TINTON AVENUE,UNION AVENUE,TINTON AVENUE,UNION AVENUE,ADDRESS,BRONX,EAST  169 STREET,,Closed,,The Police Department responded to the complaint and with the information available observed no evidence of the violation at that time.,06/19/2023 09:35:50 PM,03 BRONX,17,Precinct 42,2029610002,BRONX,1012199,241785,MOBILE,Unspecified,BRONX,,,,,,,,40.830275190940526,-73.89900589630429,POINT (-73.899005896304 40.830275190941)
57941829,06/19/2023 10:27:55 AM,06/26/2023 07:37:45 PM,HPD,Department of Housing Preservation and Development,UNSANITARY CONDITION,PESTS,ROACHES,RESIDENTIAL BUILDING,11226,1901 DORCHESTER ROAD,DORCHESTER ROAD,,,,,ADDRESS,BROOKLYN,,,Closed,,The Department of Housing Preservation and Development inspected the following conditions. Violations were issued. Information about specific violations is available at www.nyc.gov/hpd,06/26/2023 12:00:00 AM,14 BROOKLYN,40,Precinct 70,3051620046,BROOKLYN,995257,172823,ONLINE,Unspecified,BROOKLYN,,,,,,,,40.64102898682599,-73.96033886353464,POINT (-73.960338863535 40.641028986826)
57944457,06/19/2023 08:30:42 PM,06/19/2023 09:14:27 PM,NYPD,New York City Police Department,Noise - Residential,Loud Music/Party,,Residential Building/House,10031,3458 BROADWAY,BROADWAY,WEST  141 STREET,WEST  142 STREET,WEST  141 STREET,WEST  142 STREET,ADDRESS,NEW YORK,BROADWAY,,Closed,,The Police Department responded to the complaint and with the information available observed no evidence of the violation at that time.,06/19/2023 09:14:31 PM,09 MANHATTAN,07,Precinct 30,1020730001,MANHATTAN,997471,239478,PHONE,Unspecified,MANHATTAN,,,,,,,,40.82397746142348,-73.95223026065425,POINT (-73.952230260654 40.823977461423)
57937770,06/18/2023 09:37:58 AM,01/04/2024 01:41:53 PM,DPR,Department of Parks and Recreation,Damaged Tree,Branch or Limb Has Fallen Down,Fell on Vehicle,Street,11229,1784 EAST   26 STREET,EAST   26 STREET,QUENTIN ROAD,AVENUE R,QUENTIN ROAD,AVENUE R,ADDRESS,BROOKLYN,EAST   26 STREET,,Closed,,"NYC Parks created a work order for the tree condition.  Please note that addressing this work can take up to a year or more depending on the higher priority work identified during this period and resources available to address this work.    NYC Parks work priority categories range from Category A through D, with A being the most critical and time-sensitive. We will complete all work in Category A first and address work in lower priority categories in accordance with available resources. For more information about the Tree Risk Management Program, visit the NYC Urban Forest page on the NYC Parks website at nyc.gov/parks/trees.   Alternatively, you may choose complete the work yourself by hiring an independent contractor. The contractor must complete a Tree Work Permit application on the NYC Parks website at nyc.gov/parks/trees.",01/04/2024 01:41:57 PM,15 BROOKLYN,48,Precinct 61,3068080042,BROOKLYN,998935,160643,PHONE,Unspecified,BROOKLYN,,,,,,,,40.60759210944421,-73.94711255569223,POINT (-73.947112555692 40.607592109444)
57948147,06/19/2023 11:09:09 AM,06/19/2023 02:00:43 PM,NYPD,New York City Police Department,Abandoned Vehicle,With License Plate,,Street/Sidewalk,11428,219-48 92 AVENUE,92 AVENUE,SPRINGFIELD BOULEVARD,220 STREET,SPRINGFIELD BOULEVARD,220 STREET,ADDRESS,QUEENS VILLAGE,92 AVENUE,,Closed,,The Police Department responded to the complaint and determined that police action was not necessary.,06/19/2023 02:00:47 PM,13 QUEENS,23,Precinct 105,4107050008,QUEENS,1056628,203429,PHONE,Unspecified,QUEENS,,,,,,,,40.724746215697905,-73.73887490322696,POINT (-73.738874903227 40.724746215698)
57941937,06/19/2023 09:44:06 PM,06/19/2023 10:53:12 PM,NYPD,New York City Police Department,Panhandling,N/A,,Subway,,,,,,,,,,,,Closed,,The Police Department responded to the complaint and took action to fix the condition.,06/19/2023 10:53:17 PM,Unspecified MANHATTAN,,Unspecified,,MANHATTAN,985516,203634,MOBILE,Unspecified,MANHATTAN,,,,6,,,Mezzanine,40.72560490078649,-73.99543247751178,POINT (-73.995432477512 40.725604900786)
57948381,06/19/2023 10:58:14 AM,06/19/2023 11:51:40 AM,NYPD,New York City Police Department,Illegal Parking,Blocked Hydrant,,Street/Sidewalk,11104,47-42 39 PLACE,39 PLACE,47 AVENUE,48 AVENUE,47 AVENUE,48 AVENUE,ADDRESS,SUNNYSIDE,39 PLACE,,Closed,,The Police Department issued a summons in response to the complaint.,06/19/2023 11:51:46 AM,02 QUEENS,26,Precinct 108,4002000054,QUEENS,1004822,209281,MOBILE,Unspecified,QUEENS,,,,,,,,40.74108069110368,-73.92576231490551,POINT (-73.925762314906 40.741080691104)
57945258,06/19/2023 09:45:44 PM,06/19/2023 11:13:31 PM,NYPD,New York City Police Department,Illegal Parking,Commercial Overnight Parking,,Street/Sidewalk,11208,281 AUTUMN AVENUE,AUTUMN AVENUE,FULTON STREET,ATLANTIC AVENUE,FULTON STREET,ATLANTIC AVENUE,ADDRESS,BROOKLYN,AUTUMN AVENUE,,Closed,,The Police Department responded to the complaint and determined that police action was not necessary.,06/19/2023 11:13:34 PM,05 BROOKLYN,37,Precinct 75,3041490011,BROOKLYN,1020287,188239,ONLINE,Unspecified,BROOKLYN,,,,,,,,40.68327597989793,-73.87006683572932,POINT (-73.870066835729 40.683275979898)
57942144,06/19/2023 11:51:59 PM,06/20/2023 01:39:57 AM,NYPD,New York City Police Department,Blocked Driveway,No Access,,Street/Sidewalk,10301,33 CORSON AVENUE,CORSON AVENUE,DANIEL LOW TERRACE,SHERMAN AVENUE,DANIEL LOW TERRACE,SHERMAN AVENUE,ADDRESS,STATEN ISLAND,CORSON AVENUE,,Closed,,The Police Department responded and upon arrival those responsible for the condition were gone.,06/20/2023 01:40:03 AM,01 STATEN ISLAND,49,Precinct 120,,STATEN ISLAND,962069,171776,PHONE,Unspecified,STATEN ISLAND,,,,,,,,40.63813426194453,-74.07992055944823,POINT (-74.079920559448 40.638134261945)
57939624,06/18/2023 11:19:04 AM,06/20/2023 05:27:31 AM,DSNY,Department of Sanitation,Dirty Condition,Trash,Not Cleaned by Property Owner,Sidewalk,10002,92 RIVINGTON STREET,RIVINGTON STREET,ORCHARD STREET,LUDLOW STREET,ORCHARD STREET,LUDLOW STREET,ADDRESS,NEW YORK,RIVINGTON STREET,,Closed,,The Department of Sanitation investigated this complaint and found no condition at the location.,06/20/2023 05:27:38 AM,03 MANHATTAN,01,Precinct 7,1004110036,MANHATTAN,987374,201665,ONLINE,Unspecified,MANHATTAN,,,,,,,,40.720200011199765,-73.98873002913149,POINT (-73.988730029131 40.7202000112)
57942432,06/19/2023 06:30:01 AM,06/19/2023 06:49:43 AM,NYPD,New York City Police Department,Noise - Street/Sidewalk,Loud Music/Party,,Street/Sidewalk,10457,245 EAST  180 STREET,EAST  180 STREET,ANTHONY AVENUE,RYER AVENUE,ANTHONY AVENUE,RYER AVENUE,ADDRESS,BRONX,EAST  180 STREET,,Closed,,The Police Department responded to the complaint and took action to fix the condition.,06/19/2023 06:49:50 AM,05 BRONX,15,Precinct 46,2031560129,BRONX,1011595,250047,ONLINE,Unspecified,BRONX,,,,,,,,40.852953845357526,-73.9011547685295,POINT (-73.901154768529 40.852953845358)
57938868,06/18/2023 07:08:14 PM,06/18/2023 07:49:17 PM,NYPD,New York City Police Department,Illegal Parking,Posted Parking Sign Violation,,Street/Sidewalk,11694,206 BEACH  123 STREET,BEACH  123 STREET,ROCKAWAY BEACH BOULEVARD,NEWPORT AVENUE,ROCKAWAY BEACH BOULEVARD,NEWPORT AVENUE,ADDRESS,FAR ROCKAWAY,BEACH  123 STREET,,Closed,,The Police Department responded to the complaint and took action to fix the condition.,06/18/2023 07:49:21 PM,14 QUEENS,32,Precinct 100,4162180039,QUEENS,1027797,149968,ONLINE,Unspecified,QUEENS,,,,,,,,40.57819659217144,-73.84323615943565,POINT (-73.843236159436 40.578196592171)
57945843,06/19/2023 07:28:33 PM,08/21/2023 10:48:41 AM,TLC,Taxi and Limousine Commission,Taxi Complaint,Driver Complaint - Passenger,Fare/Tip Complaint,Street,11370,83-00 23 AVENUE,23 AVENUE,83 STREET,PLANEVIEW PARK PATH,83 STREET,PLANEVIEW PARK PATH,ADDRESS,EAST ELMHURST,23 AVENUE,,Closed,,"Based on the information provided by the customer, the Taxi and Limousine Commission has determined that a hearing is not necessary or not possible.",08/21/2023 10:48:48 AM,03 QUEENS,22,Precinct 115,,QUEENS,1015779,218610,ONLINE,Unspecified,QUEENS,,,"83-00 23 AVENUE, QUEENS (EAST ELMHURST), NY, 11370",,,,,40.76665413104535,-73.88617834356363,POINT (-73.886178343564 40.766654131045)
57952224,06/20/2023 07:18:53 AM,09/22/2023 10:56:10 AM,DPR,Department of Parks and Recreation,New Tree Request,For One Address,Street Tree,Street,11234,827 EAST   56 STREET,EAST   56 STREET,FOSTER AVENUE,FARRAGUT ROAD,FOSTER AVENUE,FARRAGUT ROAD,ADDRESS,BROOKLYN,EAST   56 STREET,,Closed,,NYC Parks determined that the requested location cannot receive a new tree because of conflicts with surrounding infrastructure.,09/22/2023 10:56:13 AM,18 BROOKLYN,45,Precinct 63,3079740012,BROOKLYN,1005655,171037,MOBILE,Unspecified,BROOKLYN,,,,,,,,40.63610777456942,-73.92287779590689,POINT (-73.922877795907 40.636107774569)
57952089,06/20/2023 02:25:44 PM,06/21/2023 07:27:22 PM,HPD,Department of Housing Preservation and Development,UNSANITARY CONDITION,MOLD,N/A,RESIDENTIAL BUILDING,11372,37-30 74 STREET,74 STREET,,,,,ADDRESS,JACKSON HEIGHTS,,,Closed,,The Department of Housing Preservation and Development inspected the following conditions. No violations were issued. The complaint has been closed.,06/21/2023 12:00:00 AM,03 QUEENS,25,Precinct 115,4012840051,QUEENS,1014261,211848,PHONE,Unspecified,QUEENS,,,,,,,,40.74809946485075,-73.89168859628005,POINT (-73.89168859628 40.748099464851)
57946212,06/19/2023 03:38:00 PM,06/19/2023 03:55:00 PM,DEP,Department of Environmental Protection,Water System,Leak (Use Comments) (WA2),WA2,,11385,61-47 WOODBINE STREET,WOODBINE STREET,FRESH POND RD,64 ST,,,ADDRESS,RIDGEWOOD,,,Closed,,The Department of Environmental Protection determined that this complaint is a duplicate of a previously filed complaint. The original complaint is being addressed.,06/19/2023 03:55:00 PM,05 QUEENS,30,Precinct 104,4036130035,QUEENS,1012740,197182,PHONE,Unspecified,QUEENS,,,,,,,,40.70784993084889,-73.89724005893608,POINT (-73.897240058936 40.707849930849)
57945690,06/19/2023 06:37:03 PM,06/19/2023 06:50:18 PM,NYPD,New York City Police Department,Noise - Street/Sidewalk,Loud Talking,,Street/Sidewalk,10032,870 RIVERSIDE DRIVE,RIVERSIDE DRIVE,EDWARD M MORGAN PLACE,WEST  160 STREET,EDWARD M MORGAN PLACE,WEST  160 STREET,ADDRESS,NEW YORK,RIVERSIDE DRIVE,,Closed,,The Police Department responded to the complaint and took action to fix the condition.,06/19/2023 06:50:23 PM,12 MANHATTAN,07,Precinct 33,1021360036,MANHATTAN,998972,244109,MOBILE,Unspecified,MANHATTAN,,,,,,,,40.83668585237408,-73.94679672886782,POINT (-73.946796728868 40.836685852374)
57943413,06/19/2023 01:18:38 PM,06/19/2023 01:18:58 PM,DPR,Department of Parks and Recreation,Animal in a Park,Dog Off Leash,N/A,Park,10468,101 WEST FORDHAM ROAD,WEST FORDHAM ROAD,UNIVERSITY AVENUE,ANDREWS AVENUE NORTH,UNIVERSITY AVENUE,ANDREWS AVENUE NORTH,ADDRESS,BRONX,WEST FORDHAM ROAD,,Closed,,"Upon inspection the reported condition was not found, and, therefore, no action was taken.",06/19/2023 01:19:05 PM,07 BRONX,14,Precinct 52,2032190001,BRONX,1010377,253623,UNKNOWN,Unspecified,BRONX,,,,,,,,40.86277257637668,-73.90554358725367,POINT (-73.905543587254 40.862772576377)
57940605,06/18/2023 10:06:14 PM,06/18/2023 10:19:27 PM,NYPD,New York City Police Department,Noise - Street/Sidewalk,Loud Music/Party,,Street/Sidewalk,10025,7 WEST  108 STREET,WEST  108 STREET,CENTRAL PARK WEST,MANHATTAN AVENUE,CENTRAL PARK WEST,MANHATTAN AVENUE,ADDRESS,NEW YORK,WEST  108 STREET,,Closed,,The Police Department responded to the complaint and took action to fix the condition.,06/18/2023 10:19:31 PM,07 MANHATTAN,07,Precinct 24,1018440025,MANHATTAN,995472,230568,MOBILE,Unspecified,MANHATTAN,,,,,,,,40.79952475913887,-73.95946788538738,POINT (-73.959467885387 40.799524759139)
57947472,06/19/2023 07:56:46 AM,06/21/2023 01:41:28 PM,DSNY,Department of Sanitation,Residential Disposal Complaint,Trash or Recycling Not Secure,N/A,Sidewalk,10075,1469 2 AVENUE,2 AVENUE,EAST   76 STREET,EAST   77 STREET,EAST   76 STREET,EAST   77 STREET,ADDRESS,NEW YORK,2 AVENUE,,Closed,,The Department of Sanitation investigated this complaint and found no violation at the location.,06/21/2023 01:41:32 PM,08 MANHATTAN,05,Precinct 19,1014310021,MANHATTAN,996356,220415,ONLINE,Unspecified,MANHATTAN,,,,,,,,40.77165632044935,-73.95629331274522,POINT (-73.956293312745 40.771656320449)
57940749,06/19/2023 03:24:32 PM,,DCWP,Department of Consumer and Worker Protection,Consumer Complaint,Supermarket or Grocery Store,Scale Inaccurate or Broken,Business,10011,431 WEST   16 STREET,WEST   16 STREET,9 AVENUE,HIGH LINE,9 AVENUE,HIGH LINE,ADDRESS,NEW YORK,WEST   16 STREET,,In Progress,,"The Department of Consumer and Worker Protection (DCWP) sent you a complaint form.  To help you, DCWP must get the completed form and any requested documents within 30 days.  You can send requested information by email, fax, or mail. Contact information is on the complaint form.  You may also be able to submit requested information at nyc.gov/dcwp. You must enter your NYC311 Service Request number.  If you didn't receive the complaint form within 15 days from the date you filed your Service Request, call DCWP Consumer Services at (212) 487-4110. You must provide your NYC311 Service Request number.  DCWP will contact you about 30 days after getting your completed form and documents.",06/22/2023 10:39:23 AM,04 MANHATTAN,03,Precinct 10,1007140016,MANHATTAN,982635,209930,PHONE,Unspecified,MANHATTAN,,,,,,,,40.74288581365414,-74.00582816914093,POINT (-74.005828169141 40.742885813654)
57950325,06/20/2023 03:40:35 PM,06/22/2023 09:01:18 PM,DSNY,Department of Sanitation,Obstruction,Merchandise,Sidewalk,Sidewalk,10013,416 BROADWAY,BROADWAY,LISPENARD STREET,CANAL STREET,LISPENARD STREET,CANAL STREET,ADDRESS,NEW YORK,BROADWAY,,Closed,,The Department of Sanitation investigated this complaint and found no violation at the location.,06/22/2023 09:01:22 PM,01 MANHATTAN,01,Precinct 5,1001960009,MANHATTAN,983722,201358,PHONE,Unspecified,MANHATTAN,,,,,,,,40.719357905960415,-74.00190475973656,POINT (-74.001904759737 40.71935790596)
57943368,06/20/2023 12:10:55 AM,06/20/2023 01:14:41 AM,NYPD,New York City Police Department,Noise - Street/Sidewalk,Loud Music/Party,,Street/Sidewalk,10460,1859 ARCHER STREET,ARCHER STREET,THIERIOT AVENUE,LELAND AVENUE,THIERIOT AVENUE,LELAND AVENUE,ADDRESS,BRONX,ARCHER STREET,,Closed,,The Police Department responded to the complaint and took action to fix the condition.,06/20/2023 01:14:45 AM,09 BRONX,18,Precinct 43,2039220032,BRONX,1021700,244527,MOBILE,Unspecified,BRONX,,,,,,,,40.8377660052961,-73.86465863852777,POINT (-73.864658638528 40.837766005296)
57944358,06/19/2023 04:14:22 PM,06/19/2023 04:52:53 PM,NYPD,New York City Police Department,Blocked Driveway,Partial Access,,Street/Sidewalk,11218,1119 41 STREET,41 STREET,FORT HAMILTON PARKWAY,12 AVENUE,FORT HAMILTON PARKWAY,12 AVENUE,ADDRESS,BROOKLYN,41 STREET,,Closed,,The Police Department issued a summons in response to the complaint.,06/19/2023 04:52:56 PM,12 BROOKLYN,39,Precinct 66,3055880061,BROOKLYN,986670,173110,ONLINE,Unspecified,BROOKLYN,,,,,,,,40.641823249124066,-73.99127999549366,POINT (-73.991279995494 40.641823249124)
57942531,06/20/2023 12:15:06 AM,06/20/2023 02:29:00 AM,NYPD,New York City Police Department,Blocked Driveway,Partial Access,,Street/Sidewalk,11355,134-38 BLOSSOM AVENUE,BLOSSOM AVENUE,SAULL STREET,MAIN STREET,SAULL STREET,MAIN STREET,ADDRESS,FLUSHING,BLOSSOM AVENUE,,Closed,,The Police Department responded to the complaint and determined that police action was not necessary.,06/20/2023 02:29:04 AM,07 QUEENS,20,Precinct 109,4051240027,QUEENS,1031771,213621,ONLINE,Unspecified,QUEENS,,,,,,,,40.752889131477886,-73.82848161424302,POINT (-73.828481614243 40.752889131478)
57950892,06/20/2023 01:45:32 PM,06/28/2023 10:09:59 AM,DPR,Department of Parks and Recreation,Damaged Tree,Branch or Limb Has Fallen Down,Blocking Sidewalk,Street,11377,39-19 50 STREET,50 STREET,39 AVENUE,SKILLMAN AVENUE,39 AVENUE,SKILLMAN AVENUE,ADDRESS,WOODSIDE,50 STREET,,Closed,,"NYC Parks created a work order for the tree condition.  Please note that addressing this work can take up to a year or more depending on the higher priority work identified during this period and resources available to address this work.    NYC Parks work priority categories range from Category A through D, with A being the most critical and time-sensitive. We will complete all work in Category A first and address work in lower priority categories in accordance with available resources. For more information about the Tree Risk Management Program, visit the NYC Urban Forest page on the NYC Parks website at nyc.gov/parks/trees.   Alternatively, you may choose complete the work yourself by hiring an independent contractor. The contractor must complete a Tree Work Permit application on the NYC Parks website at nyc.gov/parks/trees.",06/28/2023 10:10:03 AM,02 QUEENS,26,Precinct 108,4001290027,QUEENS,1008116,211899,ONLINE,Unspecified,QUEENS,,,,,,,,40.74825816674807,-73.91386605321279,POINT (-73.913866053213 40.748258166748)
57939678,06/18/2023 02:34:02 PM,07/08/2023 03:44:47 PM,DSNY,Department of Sanitation,Missed Collection,Trash and Bulky Trash,N/A,Street,10022,226 EAST   53 STREET,EAST   53 STREET,3 AVENUE,2 AVENUE,3 AVENUE,2 AVENUE,ADDRESS,NEW YORK,EAST   53 STREET,,Closed,,The Department of Sanitation collected the requested items.,06/20/2023 11:47:36 AM,06 MANHATTAN,04,Precinct 17,1013260037,MANHATTAN,992936,215212,ONLINE,Unspecified,MANHATTAN,,,,,,,,40.75737945150861,-73.9686473725332,POINT (-73.968647372533 40.757379451509)
57937104,06/18/2023 06:33:55 PM,06/18/2023 06:43:36 PM,NYPD,New York City Police Department,Noise - Vehicle,Car/Truck Music,,Street/Sidewalk,10467,EAST  204 STREET,EAST  204 STREET,EAST  204 STREET,PERRY AVENUE,EAST  204 STREET,PERRY AVENUE,INTERSECTION,,,,Closed,,The Police Department responded to the complaint and took action to fix the condition.,06/18/2023 06:43:41 PM,07 BRONX,11,Precinct 52,,BRONX,1017815,257380,MOBILE,Unspecified,BRONX,,,,,,,,40.873059240139874,-73.87863434879297,POINT (-73.878634348793 40.87305924014)
57938310,06/18/2023 07:59:57 PM,06/18/2023 09:27:28 PM,NYPD,New York City Police Department,Noise - Vehicle,Car/Truck Music,,Street/Sidewalk,10473,GILDERSLEEVE AVENUE,GILDERSLEEVE AVENUE,GILDERSLEEVE AVENUE,SOUND VIEW AVENUE,GILDERSLEEVE AVENUE,SOUND VIEW AVENUE,INTERSECTION,,,,Closed,,The Police Department responded to the complaint and with the information available observed no evidence of the violation at that time.,06/18/2023 09:27:31 PM,09 BRONX,18,Precinct 43,,BRONX,1024304,234175,ONLINE,Unspecified,BRONX,,,,,,,,40.80934131291739,-73.85530979813444,POINT (-73.855309798134 40.809341312917)
57936321,06/18/2023 10:42:33 PM,06/18/2023 11:00:05 PM,NYPD,New York City Police Department,Noise - Vehicle,Engine Idling,,Street/Sidewalk,10019,828 SEVENTH AVENUE,SEVENTH AVENUE,WEST   53 STREET,WEST   54 STREET,WEST   53 STREET,WEST   54 STREET,ADDRESS,NEW YORK,7 AVENUE,,Closed,,The Police Department responded to the complaint and with the information available observed no evidence of the violation at that time.,06/18/2023 11:00:09 PM,05 MANHATTAN,03,Precinct 18,1010257501,MANHATTAN,989305,217323,MOBILE,Unspecified,MANHATTAN,,,,,,,,40.76317642659525,-73.98175209258584,POINT (-73.981752092586 40.763176426595)
57941406,06/19/2023 09:27:04 AM,06/19/2023 10:53:09 AM,DHS,Department of Homeless Services,Homeless Person Assistance,,,Residential Building/House,10014,10 GAY STREET,GAY STREET,WAVERLY PLACE,CHRISTOPHER STREET,WAVERLY PLACE,CHRISTOPHER STREET,ADDRESS,NEW YORK,GAY STREET,,Closed,,The mobile outreach response team went to the location provided but could not find the individual that you reported.,06/19/2023 10:53:09 AM,02 MANHATTAN,03,Precinct 6,1005930029,MANHATTAN,984102,206506,MOBILE,Unspecified,MANHATTAN,,,,,,,,40.733487928105156,-74.00053402314398,POINT (-74.000534023144 40.733487928105)
57948525,06/19/2023 04:26:42 PM,06/19/2023 04:47:20 PM,NYPD,New York City Police Department,Encampment,N/A,,Street/Sidewalk,10035,1815 MADISON AVENUE,MADISON AVENUE,EAST  118 STREET,EAST  119 STREET,EAST  118 STREET,EAST  119 STREET,ADDRESS,NEW YORK,MADISON AVENUE,,Closed,,The Police Department visited the location and no Encampment was found.,06/19/2023 04:47:24 PM,11 MANHATTAN,09,Precinct 25,1017457501,MANHATTAN,999837,231305,ONLINE,Unspecified,MANHATTAN,,,,,,,,40.80154100056227,-73.94370047873146,POINT (-73.943700478731 40.801541000562)
57939381,06/18/2023 08:20:46 PM,06/18/2023 08:40:10 PM,NYPD,New York City Police Department,Noise - Street/Sidewalk,Loud Music/Party,,Street/Sidewalk,10033,1338 RIVERSIDE DRIVE,RIVERSIDE DRIVE,GW BRDG BIKE AND PEDESTRIAN PATH,PLAZA LAFAYETTE,GW BRDG BIKE AND PEDESTRIAN PATH,PLAZA LAFAYETTE,ADDRESS,NEW YORK,RIVERSIDE DRIVE,,Closed,,The Police Department responded to the complaint and with the information available observed no evidence of the violation at that time.,06/18/2023 08:40:15 PM,12 MANHATTAN,10,Precinct 34,1021770228,MANHATTAN,1000117,249328,MOBILE,Unspecified,MANHATTAN,,,,,,,,40.85100849236263,-73.94264650952545,POINT (-73.942646509525 40.851008492363)
57935646,06/18/2023 09:57:43 PM,06/18/2023 10:31:10 PM,NYPD,New York City Police Department,Illegal Fireworks,N/A,,Street/Sidewalk,10033,1326 RIVERSIDE DRIVE,RIVERSIDE DRIVE,GW BRDG BIKE AND PEDESTRIAN PATH,PLAZA LAFAYETTE,GW BRDG BIKE AND PEDESTRIAN PATH,PLAZA LAFAYETTE,ADDRESS,NEW YORK,RIVERSIDE DRIVE,,Closed,,The Police Department responded to the complaint and with the information available observed no evidence of the violation at that time.,06/18/2023 10:31:15 PM,12 MANHATTAN,10,Precinct 34,1021770228,MANHATTAN,1000076,249163,ONLINE,Unspecified,MANHATTAN,,,,,,,,40.850555689924846,-73.94279509920298,POINT (-73.942795099203 40.850555689925)
57946293,06/19/2023 05:34:55 PM,06/19/2023 06:58:54 PM,NYPD,New York City Police Department,Illegal Parking,Posted Parking Sign Violation,,Street/Sidewalk,10463,2500 JOHNSON AVENUE,JOHNSON AVENUE,BEND,KAPPOCK STREET,BEND,KAPPOCK STREET,ADDRESS,BRONX,JOHNSON AVENUE,,Closed,,The Police Department issued a summons in response to the complaint.,06/19/2023 06:58:56 PM,08 BRONX,11,Precinct 50,2057160500,BRONX,1006965,258862,ONLINE,Unspecified,BRONX,,,,,,,,40.87716146295538,-73.9178611535989,POINT (-73.917861153599 40.877161462955)
57943620,06/19/2023 10:40:56 AM,06/22/2023 08:28:58 PM,HPD,Department of Housing Preservation and Development,WATER LEAK,HEAVY FLOW,AT WALL OR CEILING,RESIDENTIAL BUILDING,10455,958 EAST  156 STREET,EAST  156 STREET,,,,,ADDRESS,BRONX,,,Closed,,The Department of Housing Preservation and Development inspected the following conditions. Violations were issued. Information about specific violations is available at www.nyc.gov/hpd,06/22/2023 12:00:00 AM,02 BRONX,17,Precinct 41,2027080007,BRONX,1012003,236645,PHONE,Unspecified,BRONX,,,,,,,,40.81616797492478,-73.89973540378023,POINT (-73.89973540378 40.816167974925)
57940641,06/18/2023 07:32:18 PM,06/18/2023 07:49:07 PM,NYPD,New York City Police Department,Noise - Street/Sidewalk,Loud Music/Party,,Street/Sidewalk,10473,601 STICKBALL BOULEVARD,STICKBALL BOULEVARD,RANDALL AVENUE,SEWARD AVENUE,RANDALL AVENUE,SEWARD AVENUE,ADDRESS,BRONX,STICKBALL BOULEVARD,,Closed,,The Police Department responded to the complaint and took action to fix the condition.,06/18/2023 07:49:11 PM,09 BRONX,18,Precinct 43,2035640001,BRONX,1024024,237412,ONLINE,Unspecified,BRONX,,,,,,,,40.818227227370315,-73.85630208017004,POINT (-73.85630208017 40.81822722737)
57938139,06/18/2023 07:44:40 PM,06/18/2023 08:17:39 PM,NYPD,New York City Police Department,Noise - Residential,Loud Music/Party,,Residential Building/House,11418,102-15 86 AVENUE,86 AVENUE,102 STREET,104 STREET,102 STREET,104 STREET,ADDRESS,RICHMOND HILL,86 AVENUE,,Closed,,The Police Department responded to the complaint and took action to fix the condition.,06/18/2023 08:17:44 PM,09 QUEENS,29,Precinct 102,4091850046,QUEENS,1027086,192994,ONLINE,Unspecified,QUEENS,,,,,,,,40.69629704821616,-73.84552252176678,POINT (-73.845522521767 40.696297048216)
57937095,06/18/2023 04:55:08 PM,06/18/2023 05:15:33 PM,NYPD,New York City Police Department,Noise - Street/Sidewalk,Loud Talking,,Street/Sidewalk,11237,781 HART STREET,HART STREET,WILSON AVENUE,KNICKERBOCKER AVENUE,WILSON AVENUE,KNICKERBOCKER AVENUE,ADDRESS,BROOKLYN,HART STREET,,Closed,,The Police Department responded to the complaint and took action to fix the condition.,06/18/2023 05:15:35 PM,04 BROOKLYN,34,Precinct 83,3032190041,BROOKLYN,1005388,194642,ONLINE,Unspecified,BROOKLYN,,,,,,,,40.700898849040456,-73.92376577992933,POINT (-73.923765779929 40.70089884904)
57940740,06/18/2023 09:27:00 PM,06/29/2023 03:23:11 PM,HPD,Department of Housing Preservation and Development,SAFETY,WINDOW GUARD BROKEN/MISSING,CHILD UNDER 11,RESIDENTIAL BUILDING,10314,17 DRYSDALE STREET,DRYSDALE STREET,,,,,ADDRESS,STATEN ISLAND,,,Closed,,The Department of Housing Preservation and Development inspected the following conditions. No violations were issued. The complaint has been closed.,06/29/2023 12:00:00 AM,02 STATEN ISLAND,50,Precinct 121,5019790058,STATEN ISLAND,945819,157685,ONLINE,Unspecified,STATEN ISLAND,,,,,,,,40.59940184387253,-74.13839079156675,POINT (-74.138390791567 40.599401843873)
57940659,06/19/2023 01:07:31 AM,06/19/2023 01:36:43 AM,NYPD,New York City Police Department,Noise - Street/Sidewalk,Loud Music/Party,,Street/Sidewalk,11208,418 MONTAUK AVENUE,MONTAUK AVENUE,DUMONT AVENUE,HEGEMAN AVENUE,DUMONT AVENUE,HEGEMAN AVENUE,ADDRESS,BROOKLYN,MONTAUK AVENUE,,Closed,,The Police Department responded to the complaint and took action to fix the condition.,06/19/2023 01:36:52 AM,05 BROOKLYN,42,Precinct 75,3044550024,BROOKLYN,1018631,182653,PHONE,Unspecified,BROOKLYN,,,,,,,,40.667950271207985,-73.87606611168124,POINT (-73.876066111681 40.667950271208)
57944232,06/19/2023 03:49:58 PM,06/19/2023 03:54:53 PM,DHS,Department of Homeless Services,Homeless Person Assistance,,,Street/Sidewalk,10468,2670 CRESTON AVENUE,CRESTON AVENUE,EAST KINGSBRIDGE ROAD,EAST 196 STREET,EAST KINGSBRIDGE ROAD,EAST  196 STREET,ADDRESS,BRONX,CRESTON AVENUE,,Closed,,The Department of Homeless Services did not have enough information to act on your request.,06/19/2023 03:54:53 PM,07 BRONX,14,Precinct 52,2033140001,BRONX,1013254,255170,ONLINE,Unspecified,BRONX,,,,,,,,40.86700963585314,-73.895135741712,POINT (-73.895135741712 40.867009635853)
57945618,06/19/2023 04:52:41 AM,06/19/2023 05:35:52 AM,NYPD,New York City Police Department,Noise - Vehicle,Car/Truck Music,,Street/Sidewalk,11207,664 GEORGIA AVENUE,GEORGIA AVENUE,NEW LOTS AVENUE,HEGEMAN AVENUE,NEW LOTS AVENUE,HEGEMAN AVENUE,ADDRESS,BROOKLYN,GEORGIA AVENUE,,Closed,,The Police Department responded and upon arrival those responsible for the condition were gone.,06/19/2023 05:35:58 AM,05 BROOKLYN,42,Precinct 75,3042960021,BROOKLYN,1013636,179857,ONLINE,Unspecified,BROOKLYN,,,,,,,,40.660293864635754,-73.89408385702788,POINT (-73.894083857028 40.660293864636)
57941856,06/19/2023 11:08:00 PM,06/20/2023 12:25:00 PM,DEP,Department of Environmental Protection,Noise,"Noise, Barking Dog (NR5)",NR5,,11209,317 100 STREET,100 STREET,3 AVE,4 AVE,,,ADDRESS,BROOKLYN,,N/A,Closed,,The Department of Environmental Protection determined that this complaint is a duplicate of a previously filed complaint. The original complaint is being addressed.,06/20/2023 12:25:00 PM,10 BROOKLYN,43,Precinct 68,3061340038,BROOKLYN,974562,162778,PHONE,Unspecified,BROOKLYN,,,,,,,,40.613459117286446,-74.03489401258018,POINT (-74.03489401258 40.613459117286)
57937743,06/19/2023 01:49:34 AM,06/19/2023 02:49:51 AM,NYPD,New York City Police Department,Noise - Commercial,Loud Talking,,Store/Commercial,10466,4340 WHITE PLAINS ROAD,WHITE PLAINS ROAD,EAST  236 STREET,EAST  237 STREET,EAST  236 STREET,EAST  237 STREET,ADDRESS,BRONX,WHITE PLAINS ROAD,,Closed,,The Police Department responded to the complaint and determined that police action was not necessary.,06/19/2023 02:49:55 AM,12 BRONX,11,Precinct 47,2050430028,BRONX,1024188,266003,MOBILE,Unspecified,BRONX,,,,,,,,40.89670010784821,-73.85553922303484,POINT (-73.855539223035 40.896700107848)
57938886,06/18/2023 03:20:03 PM,06/18/2023 04:18:43 PM,NYPD,New York City Police Department,Abandoned Vehicle,With License Plate,,Street/Sidewalk,11229,1875 GERRITSEN AVENUE,GERRITSEN AVENUE,BROWN STREET,FILLMORE AVENUE,BROWN STREET,FILLMORE AVENUE,ADDRESS,BROOKLYN,GERRITSEN AVENUE,,Closed,,The Police Department responded to the complaint and took action to fix the condition.,06/18/2023 04:18:49 PM,15 BROOKLYN,46,Precinct 61,3068400045,BROOKLYN,1000661,160431,PHONE,Unspecified,BROOKLYN,,,,,,,,40.60700718455171,-73.94089695217531,POINT (-73.940896952175 40.607007184552)
57944538,06/19/2023 02:36:49 AM,06/19/2023 03:23:33 AM,NYPD,New York City Police Department,Noise - Street/Sidewalk,Loud Music/Party,,Street/Sidewalk,10457,ANTHONY AVENUE,ANTHONY AVENUE,ANTHONY AVENUE,EAST  181 STREET,ANTHONY AVENUE,EAST  181 STREET,INTERSECTION,,,,Closed,,The Police Department responded to the complaint and took action to fix the condition.,06/19/2023 03:23:36 AM,05 BRONX,15,Precinct 46,,BRONX,1011569,250602,ONLINE,Unspecified,BRONX,,,,,,,,40.85447723467885,-73.90124649015947,POINT (-73.901246490159 40.854477234679)
57948660,06/19/2023 10:23:32 AM,06/22/2023 10:26:50 AM,DSNY,Department of Sanitation,Missed Collection,Recycling - Paper/Metal/Glass/Rigid Plastic,N/A,Street,10453,1651 NELSON AVENUE,NELSON AVENUE,WEST  174 STREET,BRANDT PLACE,WEST  174 STREET,BRANDT PLACE,ADDRESS,BRONX,NELSON AVENUE,,Closed,,The Department of Sanitation collected the requested items.,06/20/2023 12:10:55 PM,05 BRONX,14,Precinct 46,2028760219,BRONX,1006858,247959,ONLINE,Unspecified,BRONX,,,,,,,,40.84723630613819,-73.91828485049336,POINT (-73.918284850493 40.847236306138)
57943206,06/19/2023 10:12:31 PM,06/19/2023 10:52:12 PM,NYPD,New York City Police Department,Noise - Vehicle,Car/Truck Horn,,Street/Sidewalk,11372,72-15 37 AVENUE,37 AVENUE,72 STREET,73 STREET,72 STREET,73 STREET,ADDRESS,JACKSON HEIGHTS,37 AVENUE,,Closed,,The Police Department responded to the complaint and took action to fix the condition.,06/19/2023 10:52:17 PM,03 QUEENS,25,Precinct 115,4012720040,QUEENS,1013791,212103,MOBILE,Unspecified,QUEENS,,,,,,,,40.74880095774174,-73.89338373116325,POINT (-73.893383731163 40.748800957742)
57937824,06/18/2023 08:31:40 AM,07/28/2023 12:00:00 AM,DOB,Department of Buildings,Elevator,Elevator - Single Device On Property/No Alternate Service,,,10468,2784 MORRIS AVENUE,MORRIS AVENUE,,,,,ADDRESS,BRONX,,,Closed,,The Department of Buildings investigated this complaint and determined that no further action was necessary.,07/28/2023 12:00:00 AM,07 BRONX,14,Precinct 52,2033180081,BRONX,1013532,256126,UNKNOWN,Unspecified,BRONX,,,,,,,,40.86963264477741,-73.89412645327025,POINT (-73.89412645327 40.869632644777)
57940137,06/18/2023 10:45:07 PM,06/18/2023 11:12:21 PM,NYPD,New York City Police Department,Noise - Residential,Loud Music/Party,,Residential Building/House,10463,3 ARMAND PLACE,ARMAND PLACE,DEAD END,PEROT STREET,DEAD END,PEROT STREET,ADDRESS,BRONX,ARMAND PLACE,,Closed,,The Police Department responded to the complaint and took action to fix the condition.,06/18/2023 11:12:25 PM,08 BRONX,14,Precinct 50,2032530204,BRONX,1011682,258642,MOBILE,Unspecified,BRONX,,,,,,,,40.87654423086191,-73.9008051037336,POINT (-73.900805103734 40.876544230862)
57952395,06/20/2023 11:04:54 AM,06/20/2023 01:44:55 PM,NYPD,New York City Police Department,Abandoned Vehicle,With License Plate,,Street/Sidewalk,10314,73 WINTHROP PLACE,WINTHROP PLACE,VICTORY BOULEVARD,WINDSOR ROAD,VICTORY BOULEVARD,WINDSOR ROAD,ADDRESS,STATEN ISLAND,WINTHROP PLACE,,Closed,,The Police Department responded to the complaint and took action to fix the condition.,06/20/2023 01:45:01 PM,01 STATEN ISLAND,49,Precinct 120,5007070043,STATEN ISLAND,950564,162514,PHONE,Unspecified,STATEN ISLAND,,,,,,,,40.61267575559672,-74.12132806141848,POINT (-74.121328061418 40.612675755597)
57939246,06/18/2023 09:22:11 PM,06/18/2023 09:26:23 PM,NYPD,New York City Police Department,Noise - Street/Sidewalk,Loud Music/Party,,Street/Sidewalk,10453,2121 GRAND CONCOURSE,GRAND CONCOURSE,CRESTON AVENUE,GRAND CONCOURSE,CRESTON AVENUE,GRAND CONCOURSE,ADDRESS,BRONX,GRAND CONCOURSE,,Closed,,The Police Department responded to the complaint and took action to fix the condition.,06/18/2023 09:26:26 PM,05 BRONX,14,Precinct 46,2031610018,BRONX,1011233,250637,ONLINE,Unspecified,BRONX,,,,,,,,40.85457433246671,-73.90246093077066,POINT (-73.902460930771 40.854574332467)
57935610,06/18/2023 11:40:16 PM,06/19/2023 12:19:52 AM,NYPD,New York City Police Department,Noise - Residential,Banging/Pounding,,Residential Building/House,10037,15 WEST  139 STREET,WEST  139 STREET,5 AVENUE,LENOX AVENUE,5 AVENUE,LENOX AVENUE,ADDRESS,NEW YORK,WEST  139 STREET,,Closed,,The Police Department responded to the complaint and with the information available observed no evidence of the violation at that time.,06/19/2023 12:19:56 AM,10 MANHATTAN,09,Precinct 32,1017370025,MANHATTAN,1001862,236425,ONLINE,Unspecified,MANHATTAN,,,,,,,,40.81559017526448,-73.9363728423227,POINT (-73.936372842323 40.815590175264)
57937347,06/18/2023 10:36:47 PM,06/19/2023 12:38:09 AM,NYPD,New York City Police Department,Drinking,In Public,,Street/Sidewalk,10457,BELMONT AVENUE,BELMONT AVENUE,BELMONT AVENUE,EAST  183 STREET,BELMONT AVENUE,EAST  183 STREET,INTERSECTION,,,,Closed,,The Police Department responded to the complaint and took action to fix the condition.,06/19/2023 12:38:15 AM,06 BRONX,15,Precinct 48,,BRONX,1015447,249881,ONLINE,Unspecified,BRONX,,,,,,,,40.85248545460884,-73.88723155354808,POINT (-73.887231553548 40.852485454609)
57941604,06/19/2023 05:19:00 PM,06/19/2023 05:30:40 PM,NYPD,New York City Police Department,Illegal Parking,Posted Parking Sign Violation,,Street/Sidewalk,10004,41 BROAD STREET,BROAD STREET,EXCHANGE PLACE,BEAVER STREET,EXCHANGE PLACE,BEAVER STREET,ADDRESS,NEW YORK,BROAD STREET,,Closed,,The Police Department responded to the complaint and took action to fix the condition.,06/19/2023 05:30:45 PM,01 MANHATTAN,01,Precinct 1,1000250010,MANHATTAN,981076,196337,MOBILE,Unspecified,MANHATTAN,,,,,,,,40.70557590311682,-74.01144783618254,POINT (-74.011447836183 40.705575903117)
57947517,06/19/2023 09:02:08 AM,06/19/2023 11:18:14 AM,NYPD,New York City Police Department,Blocked Driveway,No Access,,Street/Sidewalk,11219,6619 13 AVENUE,13 AVENUE,66 STREET,67 STREET,66 STREET,67 STREET,ADDRESS,BROOKLYN,13 AVENUE,,Closed,,The Police Department responded and upon arrival those responsible for the condition were gone.,06/19/2023 11:18:19 AM,10 BROOKLYN,43,Precinct 68,3057610003,BROOKLYN,983611,167061,MOBILE,Unspecified,BROOKLYN,,,,,,,,40.62522033476535,-74.00230194081253,POINT (-74.002301940813 40.625220334765)
57938175,06/18/2023 03:08:51 AM,06/18/2023 03:11:40 AM,NYPD,New York City Police Department,Noise - Street/Sidewalk,Loud Music/Party,,Street/Sidewalk,10031,3461 BROADWAY,BROADWAY,WEST  141 STREET,WEST  142 STREET,WEST  141 STREET,WEST  142 STREET,ADDRESS,NEW YORK,BROADWAY,,Closed,,The Police Department responded to the complaint and took action to fix the condition.,06/18/2023 03:11:43 AM,09 MANHATTAN,07,Precinct 30,1020880091,MANHATTAN,997466,239480,ONLINE,Unspecified,MANHATTAN,,,,,,,,40.82398295833773,-73.9522483225685,POINT (-73.952248322568 40.823982958338)
57939570,06/18/2023 04:24:48 AM,10/15/2023 02:58:01 PM,HPD,Department of Housing Preservation and Development,PLUMBING,TOILET,BOWL CRACKED OR LEAKING,RESIDENTIAL BUILDING,10452,38 MARCY PLACE,MARCY PLACE,,,,,ADDRESS,BRONX,,,Closed,,The Department of Housing Preservation and Development inspected the following conditions. No violations were issued. The complaint has been closed.,10/15/2023 12:00:00 AM,04 BRONX,16,Precinct 44,2028400018,BRONX,1007021,244824,PHONE,Unspecified,BRONX,,,,,,,,40.83863123315345,-73.91770634311236,POINT (-73.917706343112 40.838631233153)
57937230,06/18/2023 08:46:13 PM,06/18/2023 08:59:36 PM,NYPD,New York City Police Department,Noise - Residential,Loud Music/Party,,Residential Building/House,11433,108-57 MERRICK BOULEVARD,MERRICK BOULEVARD,108 AVENUE,108 DRIVE,108 AVENUE,108 DRIVE,ADDRESS,JAMAICA,MERRICK BOULEVARD,,Closed,,The Police Department responded to the complaint and took action to fix the condition.,06/18/2023 08:59:40 PM,12 QUEENS,27,Precinct 103,,QUEENS,1043759,193559,ONLINE,Unspecified,QUEENS,,,,,,,,40.697751427306855,-73.78539067090757,POINT (-73.785390670908 40.697751427307)
57951882,06/20/2023 09:59:41 AM,06/20/2023 11:40:14 AM,NYPD,New York City Police Department,Encampment,N/A,,Store/Commercial,11249,10 NORTH    5 STREET,NORTH    5 STREET,NORTH    4 PLACE,KENT AVENUE,NORTH    4 PLACE,KENT AVENUE,ADDRESS,BROOKLYN,NORTH    5 STREET,,Closed,,The Police Department visited the location and has referred the complaint to the Department of Homeless Services (DHS) for further action. DHS will inspect the condition and update your Service Request with more information.,06/20/2023 11:40:18 AM,01 BROOKLYN,33,Precinct 94,3023407502,BROOKLYN,994398,201417,PHONE,Unspecified,BROOKLYN,,,,,,,,40.71951404212652,-73.96339100823681,POINT (-73.963391008237 40.719514042127)
57941820,06/19/2023 02:38:03 PM,06/29/2023 05:52:25 PM,HPD,Department of Housing Preservation and Development,UNSANITARY CONDITION,PESTS,ROACHES,RESIDENTIAL BUILDING,10472,2028 CROSS BRONX EXPRESSWAY,CROSS BRONX EXPRESSWAY,,,,,ADDRESS,BRONX,,,Closed,,The Department of Housing Preservation and Development inspected the following conditions. Violations were issued. Information about specific violations is available at www.nyc.gov/hpd,06/29/2023 12:00:00 AM,09 BRONX,18,Precinct 43,2038030019,BRONX,1024035,242322,ONLINE,Unspecified,BRONX,,,,,,,,40.83170371429588,-73.85623322486842,POINT (-73.856233224868 40.831703714296)
57938652,06/18/2023 03:01:14 AM,06/18/2023 03:21:59 AM,NYPD,New York City Police Department,Blocked Driveway,Partial Access,,Street/Sidewalk,11203,460 TROY AVENUE,TROY AVENUE,LEFFERTS AVENUE,EAST NEW YORK AVENUE,LEFFERTS AVENUE,EAST NEW YORK AVENUE,ADDRESS,BROOKLYN,TROY AVENUE,,Closed,,The Police Department responded to the complaint and took action to fix the condition.,06/18/2023 03:22:04 AM,09 BROOKLYN,40,Precinct 71,3014280045,BROOKLYN,1001617,180773,MOBILE,Unspecified,BROOKLYN,,,,,,,,40.66283981298735,-73.93740163445958,POINT (-73.93740163446 40.662839812987)
57936303,06/18/2023 10:15:07 AM,06/19/2023 02:31:16 PM,DSNY,Department of Sanitation,Dirty Condition,Trash,Not Cleaned by Property Owner,Sidewalk,11215,307 12 STREET,12 STREET,5 AVENUE,6 AVENUE,5 AVENUE,6 AVENUE,ADDRESS,BROOKLYN,12 STREET,,Closed,,The Department of Sanitation investigated this complaint and found no condition at the location.,06/19/2023 02:31:21 PM,06 BROOKLYN,39,Precinct 78,3010230069,BROOKLYN,987910,182247,PHONE,Unspecified,BROOKLYN,,,,,,,,40.66690189187696,-73.98680693545346,POINT (-73.986806935453 40.666901891877)
57937122,06/18/2023 05:35:30 PM,06/18/2023 05:44:04 PM,NYPD,New York City Police Department,Noise - Vehicle,Car/Truck Music,,Street/Sidewalk,11691,20 SCOTT A GADELL PLACE,SCOTT A GADELL PLACE,MOTT AVENUE,DEAD END,MOTT AVENUE,DEAD END,ADDRESS,FAR ROCKAWAY,SCOTT A GADELL PLACE,,Closed,,The Police Department responded to the complaint and took action to fix the condition.,06/18/2023 05:44:09 PM,14 QUEENS,31,Precinct 101,4155570086,QUEENS,1053666,159150,ONLINE,Unspecified,QUEENS,,,,,,,,40.603234427877794,-73.75001702574622,POINT (-73.750017025746 40.603234427878)
57951135,06/20/2023 10:07:48 AM,06/26/2023 11:15:58 AM,DOT,Department of Transportation,Sidewalk Condition,Broken Sidewalk,City-Owned,Sidewalk,11235,52 FALMOUTH STREET,FALMOUTH STREET,SHORE BOULEVARD,HAMPTON AVENUE,SHORE BOULEVARD,HAMPTON AVENUE,ADDRESS,BROOKLYN,FALMOUTH STREET,,Closed,,The Department of Transportation has determined that this issue is not within its jurisdiction.,06/26/2023 11:16:03 AM,15 BROOKLYN,48,Precinct 61,3087440028,BROOKLYN,999000,150871,MOBILE,Unspecified,BROOKLYN,,,,,,,,40.58076983155512,-73.94689979461329,POINT (-73.946899794613 40.580769831555)
57942180,06/19/2023 04:56:53 PM,06/19/2023 05:48:08 PM,NYPD,New York City Police Department,Illegal Parking,Paper License Plates,,Street/Sidewalk,10463,3501 NETHERLAND AVENUE,NETHERLAND AVENUE,WEST  235 STREET,WEST  236 STREET,WEST  235 STREET,WEST  236 STREET,ADDRESS,BRONX,NETHERLAND AVENUE,,Closed,,The Police Department issued a summons in response to the complaint.,06/19/2023 05:48:13 PM,08 BRONX,11,Precinct 50,2057950546,BRONX,1008880,262060,MOBILE,Unspecified,BRONX,,,,,,,,40.885933836406714,-73.91092464032145,POINT (-73.910924640321 40.885933836407)
57944889,06/19/2023 05:08:07 PM,06/20/2023 10:31:29 AM,DSNY,Department of Sanitation,Dirty Condition,Trash,Not Cleaned by Property Owner,Yard,11426,253-32 85 ROAD,85 ROAD,253 STREET,LITTLE NECK PARKWAY,253 STREET,LITTLE NECK PARKWAY,ADDRESS,BELLEROSE,85 ROAD,,Closed,,The Department of Sanitation investigated this complaint and found no condition at the location.,06/20/2023 10:31:33 AM,13 QUEENS,23,Precinct 105,4086210020,QUEENS,1063808,206428,PHONE,Unspecified,QUEENS,,,,,,,,40.732916033355934,-73.71293564394405,POINT (-73.712935643944 40.732916033356)
57945141,06/19/2023 07:23:21 PM,06/19/2023 08:00:08 PM,NYPD,New York City Police Department,Illegal Parking,Blocked Hydrant,,Street/Sidewalk,11375,100-49 67 DRIVE,67 DRIVE,AUSTIN STREET,BOOTH STREET,AUSTIN STREET,BOOTH STREET,ADDRESS,FOREST HILLS,67 DRIVE,,Closed,,The Police Department responded and upon arrival those responsible for the condition were gone.,06/19/2023 08:00:14 PM,06 QUEENS,29,Precinct 112,4031690050,QUEENS,1025012,203131,PHONE,Unspecified,QUEENS,,,,,,,,40.724130464040854,-73.85294050560357,POINT (-73.852940505604 40.724130464041)
57938256,06/18/2023 08:27:10 PM,06/18/2023 08:36:43 PM,NYPD,New York City Police Department,Noise - Street/Sidewalk,Loud Music/Party,,Street/Sidewalk,11238,499 LINCOLN PLACE,LINCOLN PLACE,CLASSON AVENUE,FRANKLIN AVENUE SHUTTLE LINE,CLASSON AVENUE,FRANKLIN AVENUE SHUTTLE LINE,ADDRESS,BROOKLYN,LINCOLN PLACE,,Closed,,The Police Department responded to the complaint and took action to fix the condition.,06/18/2023 08:36:47 PM,08 BROOKLYN,35,Precinct 77,3011780079,BROOKLYN,995386,184108,MOBILE,Unspecified,BROOKLYN,,,,,,,,40.67200367386652,-73.95985540721577,POINT (-73.959855407216 40.672003673867)
57943071,06/19/2023 06:19:25 AM,06/29/2023 09:19:01 PM,DHS,Department of Homeless Services,Homeless Person Assistance,,,Subway,,,,,,,,ADDRESS,,,,Closed,,The mobile outreach response team went to the location provided but could not find the individual that you reported.,06/29/2023 09:19:01 PM,Unspecified MANHATTAN,,Unspecified,,MANHATTAN,987165,215061,ONLINE,Unspecified,MANHATTAN,,,,A,,W 42 St & 8 Av NE and SE corners,Entrance,40.756968781055946,-73.98947820125817,POINT (-73.989478201258 40.756968781056)
57942135,06/19/2023 02:12:29 PM,06/21/2023 04:01:31 AM,DSNY,Department of Sanitation,Dirty Condition,Trash,Littering,Sidewalk,11226,550 OCEAN AVENUE,OCEAN AVENUE,CHURCH AVENUE,TENNIS COURT,CHURCH AVENUE,TENNIS COURT,ADDRESS,BROOKLYN,OCEAN AVENUE,,Closed,,The Department of Sanitation investigated this complaint and found no condition at the location.,06/21/2023 04:01:35 AM,14 BROOKLYN,40,Precinct 70,3050990123,BROOKLYN,995103,175871,MOBILE,Unspecified,BROOKLYN,,,,,,,,40.64939527878987,-73.96088886258141,POINT (-73.960888862581 40.64939527879)
57950955,06/20/2023 11:12:36 AM,06/20/2023 11:12:36 AM,DOHMH,Department of Health and Mental Hygiene,Rodent,Rat Sighting,,3+ Family Apt. Building,10024,204 WEST   81 STREET,WEST   81 STREET,AMSTERDAM AVENUE,BROADWAY,AMSTERDAM AVENUE,BROADWAY,ADDRESS,NEW YORK,WEST   81 STREET,,Closed,,The Department of Health and Mental Hygiene found violations on the property you reported. Follow-up inspections will be scheduled.,06/20/2023 11:12:36 AM,07 MANHATTAN,06,Precinct 20,1012280039,MANHATTAN,990420,225130,PHONE,Unspecified,MANHATTAN,,,,,,,,40.78460388776604,-73.97771991640653,POINT (-73.977719916407 40.784603887766)
57947283,06/19/2023 09:52:19 PM,06/19/2023 10:09:02 PM,NYPD,New York City Police Department,Traffic,Chronic Speeding,,Street/Sidewalk,11411,118 AVENUE,118 AVENUE,118 AVENUE,226 STREET,118 AVENUE,226 STREET,INTERSECTION,,,,Closed,,The Police Department responded and upon arrival those responsible for the condition were gone.,06/19/2023 10:09:08 PM,13 QUEENS,27,Precinct 105,,QUEENS,1057548,191495,ONLINE,Unspecified,QUEENS,,,,,,,,40.69198278413232,-73.73568566479616,POINT (-73.735685664796 40.691982784132)
57941568,06/19/2023 11:56:46 AM,06/19/2023 01:08:01 PM,NYPD,New York City Police Department,Illegal Parking,Commercial Overnight Parking,,Street/Sidewalk,11234,2011 EAST   33 STREET,EAST   33 STREET,AVENUE S,AVENUE T,AVENUE S,AVENUE T,ADDRESS,BROOKLYN,EAST   33 STREET,,Closed,,The Police Department responded to the complaint and took action to fix the condition.,06/19/2023 01:08:06 PM,18 BROOKLYN,46,Precinct 63,3085190036,BROOKLYN,1002819,160797,MOBILE,Unspecified,BROOKLYN,,,,,,,,40.608007520076804,-73.93312406537895,POINT (-73.933124065379 40.608007520077)
57941883,06/20/2023 01:06:59 AM,06/21/2023 11:37:27 AM,DCWP,Department of Consumer and Worker Protection,Consumer Complaint,"Barber Shop, Beauty Salon, or Nail Salon",Price Not Posted or Inaccurate,Business,11220,4816 8 AVENUE,8 AVENUE,48 STREET,49 STREET,48 STREET,49 STREET,ADDRESS,BROOKLYN,8 AVENUE,,Closed,,"The Department of Consumer and Worker Protection (DCWP) closed your NYC311 Service Request.   DCWP couldn't take action on your complaint because it didn't include important details, such as your contact information or the business's name or location.  If you would like to pursue this complaint, you can file a new NYC311 Service Request. Please provide more information about the complaint so DCWP can help you.",06/21/2023 11:37:32 AM,07 BROOKLYN,43,Precinct 72,3007770041,BROOKLYN,983499,173208,ONLINE,Unspecified,BROOKLYN,,,,,,,,40.64209253686298,-74.00270609496006,POINT (-74.00270609496 40.642092536863)
57935763,06/18/2023 11:17:42 PM,06/18/2023 11:32:37 PM,NYPD,New York City Police Department,Noise - Residential,Loud Music/Party,,Residential Building/House,11106,35-28 35 STREET,35 STREET,35 AVENUE,36 AVENUE,35 AVENUE,36 AVENUE,ADDRESS,ASTORIA,35 STREET,,Closed,,The Police Department responded to the complaint and took action to fix the condition.,06/18/2023 11:32:42 PM,01 QUEENS,26,Precinct 114,4006380037,QUEENS,1004821,214751,ONLINE,Unspecified,QUEENS,,,,,,,,40.75609446084111,-73.92574919165372,POINT (-73.925749191654 40.756094460841)
57937842,06/18/2023 05:49:20 PM,06/18/2023 06:08:58 PM,NYPD,New York City Police Department,Noise - Commercial,Car/Truck Music,,Store/Commercial,11368,98-22 CORONA AVENUE,CORONA AVENUE,98 STREET,98 PLACE,98 STREET,98 PLACE,ADDRESS,CORONA,CORONA AVENUE,,Closed,,The Police Department responded to the complaint and took action to fix the condition.,06/18/2023 06:09:03 PM,04 QUEENS,21,Precinct 110,4018810010,QUEENS,1021794,210722,MOBILE,Unspecified,QUEENS,,,,,,,,40.74498010706514,-73.86450789612108,POINT (-73.864507896121 40.744980107065)
57948768,06/19/2023 10:57:18 AM,06/19/2023 06:08:10 PM,NYPD,New York City Police Department,Noise - Residential,Loud Music/Party,,Residential Building/House,10455,626 BERGEN AVENUE,BERGEN AVENUE,EAST  152 STREET,EAST  153 STREET,EAST  152 STREET,EAST  153 STREET,ADDRESS,BRONX,BERGEN AVENUE,,Closed,,The Police Department responded to the complaint and with the information available observed no evidence of the violation at that time.,06/19/2023 06:08:14 PM,01 BRONX,17,Precinct 40,2023610025,BRONX,1007900,237079,ONLINE,Unspecified,BRONX,,,,,,,,40.81737111990692,-73.9145569693777,POINT (-73.914556969378 40.817371119907)
57944043,06/19/2023 02:17:00 PM,06/21/2023 10:28:00 PM,DEP,Department of Environmental Protection,Noise,Noise: Private Carting Noise (NQ1),NQ1,,11249,,,,,SOUTH 9 STREET,WYTHE AVENUE,INTERSECTION,BROOKLYN,,N/A,Closed,,The Department of Environmental Protection researched this complaint and determined that it could be closed.,06/21/2023 10:28:00 PM,01 BROOKLYN,33,Precinct 90,,BROOKLYN,993370,197606,ONLINE,Unspecified,BROOKLYN,,,,,,,,40.7090548773869,-73.96710468900532,POINT (-73.967104689005 40.709054877387)
57951063,06/20/2023 08:54:29 AM,07/12/2023 02:56:43 PM,EDC,Economic Development Corporation,Noise - Helicopter,Other,Flying Too Low,Above Address,11101,25-73 42 ROAD,42 ROAD,CRESCENT STREET,27 STREET,CRESCENT STREET,27 STREET,ADDRESS,LONG ISLAND CITY,42 ROAD,,Closed,,"The New York City Economic Development Corporation determined that this issue is not within its jurisdiction because the helicopter did not belong to a tour company departing from a NYC heliport.Â  Instead, it was most likely a law enforcement or news gathering helicopter not subject to the routing protocols established for tour helicopters. It may also have been a helicopter that departed as a charter or tour from another City but flew over NYC airspace. Helicopter tours originating from outside NYC are not subject to the same City regulations as tours departing from heliports managed by NYCEDC. Any City regulation of these flights is pre-empted by federal law and subject only to the jurisdiction of the Federal Aviation Administration. To file a complaint with the FAA, you can contact the New York Flight Standards District Office at the following web address:Â https://www.faa.gov/about/office_org/field_offices/fsdo/",07/12/2023 02:56:48 PM,02 QUEENS,26,Precinct 108,,QUEENS,1000561,212436,ONLINE,Unspecified,QUEENS,,,,,,,,40.74974925895534,-73.94113122719355,POINT (-73.941131227194 40.749749258955)
57947436,06/20/2023 12:28:11 AM,06/20/2023 12:51:14 AM,NYPD,New York City Police Department,Illegal Parking,Posted Parking Sign Violation,,Street/Sidewalk,11249,344 BEDFORD AVENUE,BEDFORD AVENUE,SOUTH    2 STREET,SOUTH    3 STREET,SOUTH    2 STREET,SOUTH    3 STREET,ADDRESS,BROOKLYN,BEDFORD AVENUE,,Closed,,The Police Department issued a summons in response to the complaint.,06/20/2023 12:51:16 AM,01 BROOKLYN,34,Precinct 90,,BROOKLYN,994649,198913,ONLINE,Unspecified,BROOKLYN,,,,,,,,40.71264087083692,-73.96248939199194,POINT (-73.962489391992 40.712640870837)
57948129,06/19/2023 07:36:50 PM,06/19/2023 08:50:19 PM,NYPD,New York City Police Department,Abandoned Vehicle,With License Plate,,Street/Sidewalk,11228,74 PARROTT PLACE,PARROTT PLACE,90 STREET,POLY PREP DRIVE,90 STREET,POLY PREP DRIVE,ADDRESS,BROOKLYN,PARROTT PLACE,,Closed,,The Police Department issued a summons in response to the complaint.,06/19/2023 08:50:22 PM,10 BROOKLYN,50,Precinct 68,3060930125,BROOKLYN,977866,163809,MOBILE,Unspecified,BROOKLYN,,,,,,,,40.616291995577186,-74.0229947178767,POINT (-74.022994717877 40.616291995577)
57938490,06/18/2023 08:36:07 AM,06/21/2023 06:48:08 PM,HPD,Department of Housing Preservation and Development,SAFETY,SMOKE DETECTOR,BROKEN OR MISSING,RESIDENTIAL BUILDING,10463,3135 GODWIN TERRACE,GODWIN TERRACE,,,,,ADDRESS,BRONX,,,Closed,,The Department of Housing Preservation and Development inspected the following conditions. Violations were issued. Information about specific violations is available at www.nyc.gov/hpd,06/21/2023 12:00:00 AM,08 BRONX,11,Precinct 50,2057070020,BRONX,1010481,259922,ONLINE,Unspecified,BRONX,,,,,,,,40.880061083454045,-73.90514293848292,POINT (-73.905142938483 40.880061083454)
57958461,06/20/2023 11:46:54 AM,06/20/2023 12:46:07 PM,NYPD,New York City Police Department,Illegal Parking,Blocked Sidewalk,,Street/Sidewalk,11101,32-61 NORTHERN BOULEVARD,NORTHERN BOULEVARD,39 AVENUE,33 STREET,39 AVENUE,33 STREET,ADDRESS,LONG ISLAND CITY,NORTHERN BOULEVARD,,Closed,,The Police Department responded to the complaint and took action to fix the condition.,06/20/2023 12:46:11 PM,01 QUEENS,26,Precinct 114,,QUEENS,1003200,213255,PHONE,Unspecified,QUEENS,,,,,,,,40.751991944708,-73.93160438778216,POINT (-73.931604387782 40.751991944708)
57950190,06/20/2023 03:16:18 PM,06/20/2023 03:19:48 PM,NYPD,New York City Police Department,Illegal Parking,Posted Parking Sign Violation,,Street/Sidewalk,10023,36 CENTRAL PARK WEST,CENTRAL PARK WEST,WEST   63 STREET,WEST   64 STREET,WEST   63 STREET,WEST   64 STREET,ADDRESS,NEW YORK,CENTRAL PARK WEST,,Closed,,The Police Department responded to the complaint and with the information available observed no evidence of the violation at that time.,06/20/2023 03:19:53 PM,07 MANHATTAN,06,Precinct 20,1011160029,MANHATTAN,989842,220157,ONLINE,Unspecified,MANHATTAN,,,,,,,,40.77095469856518,-73.97981123309117,POINT (-73.979811233091 40.770954698565)
57941415,06/20/2023 12:00:35 AM,06/20/2023 12:43:28 AM,NYPD,New York City Police Department,Noise - Residential,Loud Music/Party,,Residential Building/House,11691,18-15 EVERDELL AVENUE,EVERDELL AVENUE,GATEWAY BOULEVARD,BEACH   19 STREET,GATEWAY BOULEVARD,BEACH   19 STREET,ADDRESS,FAR ROCKAWAY,EVERDELL AVENUE,,Closed,,The Police Department responded to the complaint and took action to fix the condition.,06/20/2023 12:43:31 AM,14 QUEENS,31,Precinct 101,4155670014,QUEENS,1053443,158282,PHONE,Unspecified,QUEENS,,,,,,,,40.60085369783256,-73.75082898720426,POINT (-73.750828987204 40.600853697833)
57938337,06/18/2023 12:58:43 PM,06/18/2023 01:18:32 PM,NYPD,New York City Police Department,Non-Emergency Police Matter,Other (complaint details),,Street/Sidewalk,11374,98-50 67 AVENUE,67 AVENUE,WETHEROLE STREET,BOOTH STREET,WETHEROLE STREET,BOOTH STREET,ADDRESS,REGO PARK,67 AVENUE,,Closed,,The Police Department responded to the complaint and determined that police action was not necessary.,06/18/2023 01:18:39 PM,06 QUEENS,29,Precinct 112,4031680036,QUEENS,1024500,203597,ONLINE,Unspecified,QUEENS,,,,,,,,40.725411863654735,-73.8547848880341,POINT (-73.854784888034 40.725411863655)
57935592,06/18/2023 09:06:11 PM,06/18/2023 09:06:34 PM,NYPD,New York City Police Department,Noise - Park,Loud Music/Party,,Park/Playground,10028,1000 5 AVENUE,5 AVENUE,EAST   81 STREET,EAST   82 STREET,EAST   81 STREET,EAST   82 STREET,ADDRESS,NEW YORK,5 AVENUE,,Closed,,The Police Department responded to the complaint and with the information available observed no evidence of the violation at that time.,06/18/2023 09:06:41 PM,64 MANHATTAN,06,Precinct 22,1011110001,MANHATTAN,994623,222956,ONLINE,Central Park,MANHATTAN,,,,,,,,40.77863290127972,-73.96254609596876,POINT (-73.962546095969 40.77863290128)
57940218,06/19/2023 12:22:03 AM,06/19/2023 03:30:14 AM,NYPD,New York City Police Department,Blocked Driveway,No Access,,Street/Sidewalk,10467,776 ADEE AVENUE,ADEE AVENUE,WALLACE AVENUE,BARNES AVENUE,WALLACE AVENUE,BARNES AVENUE,ADDRESS,BRONX,ADEE AVENUE,,Closed,,The Police Department responded and upon arrival those responsible for the condition were gone.,06/19/2023 03:30:20 AM,11 BRONX,12,Precinct 49,2045490028,BRONX,1021828,256142,MOBILE,Unspecified,BRONX,,,,,,,,40.86964514062598,-73.864130950302,POINT (-73.864130950302 40.869645140626)
57940425,06/18/2023 11:46:45 PM,06/19/2023 12:09:17 AM,NYPD,New York City Police Department,Noise - Street/Sidewalk,Loud Music/Party,,Street/Sidewalk,10453,1738 UNDERCLIFF AVENUE,UNDERCLIFF AVENUE,WEST  176 STREET,SEDGWICK AVENUE,WEST  176 STREET,SEDGWICK AVENUE,ADDRESS,BRONX,UNDERCLIFF AVENUE,,Closed,,The Police Department reviewed your complaint and provided additional information below.,06/19/2023 12:09:21 AM,05 BRONX,14,Precinct 46,2028770365,BRONX,1006266,249342,ONLINE,Unspecified,BRONX,,,,,,,,40.851033726858034,-73.92042005364586,POINT (-73.920420053646 40.851033726858)
57937806,06/18/2023 07:43:16 PM,06/21/2023 10:35:08 AM,DOT,Department of Transportation,Street Condition,Defective Hardware,N/A,Street,11362,245-02 HORACE HARDING EXPRE,HORACE HARDING EXPRE,244 STREET,MARATHON PARKWAY,244 STREET,MARATHON PARKWAY,ADDRESS,LITTLE NECK,HORACE HARDING EXPRESSWAY,,Closed,,"The Department of Transportation inspected the condition and determined it was in compliance with their standards, not hazardous, or a valid permit exists.",06/21/2023 10:35:14 AM,11 QUEENS,23,Precinct 111,4082760100,QUEENS,1057934,216123,PHONE,Unspecified,QUEENS,,,,,,,,40.75957713841931,-73.73402409321142,POINT (-73.734024093211 40.759577138419)
57938013,06/18/2023 03:03:15 PM,06/20/2023 08:44:04 AM,DOT,Department of Transportation,Highway Condition,Pothole - Highway,,Highway,,,,,,,,,,,,Closed,,The Department of Transportation has determined that this issue is not within its jurisdiction.,06/20/2023 08:44:10 AM,Unspecified BRONX,,Unspecified,,BRONX,,,ONLINE,Unspecified,BRONX,,,,Bruckner Expwy,Southbound/To RFK Triborough Br,Roadway,Pelham Pkwy (Exit 8C) - Orchard beach City Island (Exit 8B),,,
57936105,06/18/2023 10:28:23 PM,06/18/2023 10:57:33 PM,NYPD,New York City Police Department,Noise - Street/Sidewalk,Loud Music/Party,,Street/Sidewalk,10031,572 WEST  141 STREET,WEST  141 STREET,HAMILTON PLACE,BROADWAY,HAMILTON PLACE,BROADWAY,ADDRESS,NEW YORK,WEST  141 STREET,,Closed,,The Police Department issued a summons in response to the complaint.,06/18/2023 10:57:37 PM,09 MANHATTAN,07,Precinct 30,1020720059,MANHATTAN,997691,239307,ONLINE,Unspecified,MANHATTAN,,,,,,,,40.82350778296357,-73.95143570564339,POINT (-73.951435705643 40.823507782964)
57943224,06/19/2023 04:10:47 AM,06/19/2023 05:50:44 AM,DHS,Department of Homeless Services,Homeless Person Assistance,,,Street/Sidewalk,10472,1789 WESTCHESTER AVENUE,WESTCHESTER AVENUE,ST LAWRENCE AVENUE,BEACH AVENUE,ST LAWRENCE AVENUE,BEACH AVENUE,ADDRESS,BRONX,WESTCHESTER AVENUE,,Closed,,The mobile outreach response team went to the location provided but could not find the individual that you reported.,06/19/2023 05:50:44 AM,09 BRONX,18,Precinct 43,2037860001,BRONX,1021108,242337,MOBILE,Unspecified,BRONX,,,,,,,,40.83175758514463,-73.86681011056857,POINT (-73.866810110569 40.831757585145)
57943386,06/19/2023 07:43:34 AM,06/19/2023 08:30:40 AM,NYPD,New York City Police Department,Blocked Driveway,Partial Access,,Street/Sidewalk,10303,4 LUDWIG LANE,LUDWIG LANE,DEAD END,BEND,DEAD END,BEND,ADDRESS,STATEN ISLAND,LUDWIG LANE,,Closed,,The Police Department responded to the complaint and took action to fix the condition.,06/19/2023 08:30:45 AM,01 STATEN ISLAND,49,Precinct 121,5016750002,STATEN ISLAND,940285,165922,ONLINE,Unspecified,STATEN ISLAND,,,,,,,,40.62198495342983,-74.1583724213808,POINT (-74.158372421381 40.62198495343)
57935772,06/18/2023 02:44:34 PM,08/22/2023 12:00:00 AM,DOB,Department of Buildings,Elevator,Elevator - Multiple Devices On Property,,,10107,250 WEST   57 STREET,WEST   57 STREET,,,,,ADDRESS,NEW YORK,,,Closed,,The Department of Buildings investigated this complaint and issued an Office of Administrative Trials and Hearings (OATH) summons.,08/22/2023 12:00:00 AM,05 MANHATTAN,03,Precinct 18,1010280056,MANHATTAN,989203,218494,UNKNOWN,Unspecified,MANHATTAN,,,,,,,,40.76639057686906,-73.98211943675079,POINT (-73.982119436751 40.766390576869)
57949452,06/20/2023 08:43:49 PM,06/20/2023 09:01:37 PM,NYPD,New York City Police Department,Illegal Parking,Parking Permit Improper Use,Parked In 'No Standing' Area,Street/Sidewalk,11217,355 STATE STREET,STATE STREET,HOYT STREET,BOND STREET,HOYT STREET,BOND STREET,ADDRESS,BROOKLYN,STATE STREET,,Closed,,The Police Department responded and upon arrival those responsible for the condition were gone.,06/20/2023 09:01:43 PM,02 BROOKLYN,33,Precinct 84,3001710039,BROOKLYN,988423,189857,ONLINE,Unspecified,BROOKLYN,,,,,,,,40.68778939536084,-73.98495303162534,POINT (-73.984953031625 40.687789395361)
57938346,06/19/2023 01:00:54 AM,06/19/2023 01:13:11 AM,NYPD,New York City Police Department,Noise - Residential,Banging/Pounding,,Residential Building/House,10456,1385 WASHINGTON AVENUE,WASHINGTON AVENUE,EAST  169 STREET,EAST  170 STREET,EAST  169 STREET,EAST  170 STREET,ADDRESS,BRONX,WASHINGTON AVENUE,,Closed,,The Police Department responded to the complaint and determined that police action was not necessary.,06/19/2023 01:13:15 AM,03 BRONX,16,Precinct 42,2029010001,BRONX,1010561,243449,ONLINE,Unspecified,BRONX,,,,,,,,40.8348474210791,-73.90491830085918,POINT (-73.904918300859 40.834847421079)
57940524,06/18/2023 11:05:18 PM,06/18/2023 11:46:26 PM,NYPD,New York City Police Department,Noise - Residential,Loud Music/Party,,Residential Building/House,11421,87-31 89 STREET,89 STREET,JAMAICA AVENUE,88 AVENUE,JAMAICA AVENUE,88 AVENUE,ADDRESS,WOODHAVEN,89 STREET,,Closed,,The Police Department responded to the complaint and took action to fix the condition.,06/18/2023 11:46:30 PM,09 QUEENS,32,Precinct 102,4089310034,QUEENS,1024357,191507,ONLINE,Unspecified,QUEENS,,,,,,,,40.692228371915405,-73.8553728230164,POINT (-73.855372823016 40.692228371915)
57952152,06/20/2023 05:02:36 PM,07/02/2023 06:29:58 PM,HPD,Department of Housing Preservation and Development,UNSANITARY CONDITION,PESTS,MICE,RESIDENTIAL BUILDING,10026,311 WEST  114 STREET,WEST  114 STREET,,,,,ADDRESS,NEW YORK,,,Closed,,The Department of Housing Preservation and Development inspected the following conditions. No violations were issued. The complaint has been closed.,07/02/2023 12:00:00 AM,10 MANHATTAN,09,Precinct 28,1018480007,MANHATTAN,996225,231946,PHONE,Unspecified,MANHATTAN,,,,,,,,40.803306003153985,-73.95674570956719,POINT (-73.956745709567 40.803306003154)
57951315,06/20/2023 10:25:03 AM,07/11/2023 04:20:52 PM,DSNY,Department of Sanitation,Illegal Dumping,Removal Request,N/A,Sidewalk,10065,130 EAST   62 STREET,EAST   62 STREET,PARK AVENUE,LEXINGTON AVENUE,PARK AVENUE,LEXINGTON AVENUE,ADDRESS,NEW YORK,EAST   62 STREET,,Closed,,The Department of Sanitation investigated this complaint and found no condition at the location.,06/21/2023 10:14:16 AM,08 MANHATTAN,04,Precinct 19,1013960160,MANHATTAN,993353,217709,ONLINE,Unspecified,MANHATTAN,,,,,,,,40.764232655739406,-73.96713880550541,POINT (-73.967138805505 40.764232655739)
57945087,06/19/2023 05:05:00 PM,06/20/2023 11:46:00 AM,DEP,Department of Environmental Protection,Noise,"Noise, Barking Dog (NR5)",NR5,,11216,296 NEW YORK AVENUE,NEW YORK AVENUE,LINCOLN PL,EASTERN PKWY,,,ADDRESS,BROOKLYN,,N/A,Closed,,"The Department of Environmental Protection (DEP) closed your Service Request because it didn't include your full name and address. DEP needs this information to respond to the complaint.  If the excessive barking continues, please file a new Service Request with your full name and address.",06/20/2023 11:46:00 AM,08 BROOKLYN,35,Precinct 77,3012620039,BROOKLYN,998758,183435,ONLINE,Unspecified,BROOKLYN,,,,,,,,40.67015155603911,-73.94770100634996,POINT (-73.94770100635 40.670151556039)
57938166,06/19/2023 01:04:34 AM,06/19/2023 01:22:59 AM,NYPD,New York City Police Department,Noise - Residential,Loud Talking,,Residential Building/House,11368,96-23 57 AVENUE,57 AVENUE,96 STREET,97 STREET,96 STREET,97 STREET,ADDRESS,CORONA,57 AVENUE,,Closed,,The Police Department responded to the complaint and with the information available observed no evidence of the violation at that time.,06/19/2023 01:23:03 AM,04 QUEENS,25,Precinct 110,4019040047,QUEENS,1021789,207822,ONLINE,Unspecified,QUEENS,,,,,,,,40.73702035936368,-73.86454212450096,POINT (-73.864542124501 40.737020359364)
57941622,06/19/2023 08:22:32 PM,06/19/2023 09:18:24 PM,NYPD,New York City Police Department,Illegal Parking,Posted Parking Sign Violation,,Street/Sidewalk,11207,893 SCHENCK AVENUE,SCHENCK AVENUE,STANLEY AVENUE,WORTMAN AVENUE,STANLEY AVENUE,WORTMAN AVENUE,ADDRESS,BROOKLYN,SCHENCK AVENUE,,Closed,,The Police Department issued a summons in response to the complaint.,06/19/2023 09:18:29 PM,05 BROOKLYN,42,Precinct 75,3043770001,BROOKLYN,1017022,179173,MOBILE,Unspecified,BROOKLYN,,,,,,,,40.65840455203174,-73.88188301444583,POINT (-73.881883014446 40.658404552032)
57936483,06/18/2023 09:46:53 AM,06/18/2023 10:26:47 AM,NYPD,New York City Police Department,Blocked Driveway,Partial Access,,Street/Sidewalk,11358,43-11 192 STREET,192 STREET,NORTHERN BOULEVARD,43 ROAD,NORTHERN BOULEVARD,43 ROAD,ADDRESS,FLUSHING,192 STREET,,Closed,,The Police Department responded to the complaint and with the information available observed no evidence of the violation at that time.,06/18/2023 10:26:51 AM,11 QUEENS,19,Precinct 111,4055160073,QUEENS,1042598,215337,ONLINE,Unspecified,QUEENS,,,,,,,,40.757534285180945,-73.78938877697128,POINT (-73.789388776971 40.757534285181)
57940866,06/19/2023 03:48:33 PM,06/22/2023 10:46:20 AM,DSNY,Department of Sanitation,Dead Animal,Raccoon,Street or Sidewalk,Street,10466,4042 BAYCHESTER AVENUE,BAYCHESTER AVENUE,STRANG AVENUE,EDENWALD AVENUE,STRANG AVENUE,EDENWALD AVENUE,ADDRESS,BRONX,BAYCHESTER AVENUE,,Closed,,The Department of Sanitation investigated this complaint and found no condition at the location.,06/21/2023 07:39:01 AM,12 BRONX,12,Precinct 47,2049820015,BRONX,1027636,264091,PHONE,Unspecified,BRONX,,,,,,,,40.891436003073245,-73.84307978741073,POINT (-73.843079787411 40.891436003073)
57940758,06/19/2023 10:22:52 PM,06/20/2023 09:25:28 AM,DSNY,Department of Sanitation,Dirty Condition,Trash,Littering,Sidewalk,11217,167 FOURTH AVENUE,FOURTH AVENUE,DOUGLASS STREET,DEGRAW STREET,DOUGLASS STREET,DEGRAW STREET,ADDRESS,BROOKLYN,4 AVENUE,,Closed,,The Department of Sanitation investigated this complaint and found no condition at the location.,06/20/2023 09:25:35 AM,06 BROOKLYN,39,Precinct 78,3009460001,BROOKLYN,989228,186603,MOBILE,Unspecified,BROOKLYN,,,,,,,,40.67885749104196,-73.982052773405,POINT (-73.982052773405 40.678857491042)
57938481,06/18/2023 04:21:46 PM,06/18/2023 04:23:53 PM,NYPD,New York City Police Department,Non-Emergency Police Matter,Other (complaint details),,Street/Sidewalk,11375,72-41 AUSTIN STREET,AUSTIN STREET,72 ROAD,ASCAN AVENUE,72 ROAD,ASCAN AVENUE,ADDRESS,FOREST HILLS,AUSTIN STREET,,Closed,,The Police Department responded to the complaint and determined that police action was not necessary.,06/18/2023 04:23:57 PM,06 QUEENS,29,Precinct 112,4032590005,QUEENS,1028225,201189,ONLINE,Unspecified,QUEENS,,,,,,,,40.718784762814856,-73.8413614869542,POINT (-73.841361486954 40.718784762815)
57937617,06/18/2023 03:22:28 PM,06/18/2023 06:07:16 PM,NYPD,New York City Police Department,Blocked Driveway,No Access,,Street/Sidewalk,11419,115-19 107 AVENUE,107 AVENUE,115 STREET,116 STREET,115 STREET,116 STREET,ADDRESS,SOUTH RICHMOND HILL,107 AVENUE,,Closed,,The Police Department responded to the complaint and with the information available observed no evidence of the violation at that time.,06/18/2023 06:07:20 PM,10 QUEENS,28,Precinct 106,4095380038,QUEENS,1032405,188343,PHONE,Unspecified,QUEENS,,,,,,,,40.68350380429033,-73.82637415144048,POINT (-73.82637415144 40.68350380429)
57947319,06/19/2023 11:30:19 AM,06/19/2023 04:47:50 PM,NYPD,New York City Police Department,Illegal Parking,Posted Parking Sign Violation,,Street/Sidewalk,11374,66-11 WOODHAVEN BOULEVARD,WOODHAVEN BOULEVARD,66 AVENUE,66 ROAD,66 AVENUE,66 ROAD,ADDRESS,REGO PARK,WOODHAVEN BOULEVARD,,Closed,,The Police Department responded to the complaint and determined that police action was not necessary.,06/19/2023 04:47:54 PM,06 QUEENS,30,Precinct 112,4031400004,QUEENS,1022139,200904,PHONE,Unspecified,QUEENS,,,,,,,,40.7180306658801,-73.86331811785034,POINT (-73.86331811785 40.71803066588)
57939075,06/18/2023 09:50:56 PM,06/18/2023 10:17:41 PM,NYPD,New York City Police Department,Illegal Fireworks,N/A,,Street/Sidewalk,11203,1417 TROY AVENUE,TROY AVENUE,FOSTER AVENUE,FARRAGUT ROAD,FOSTER AVENUE,FARRAGUT ROAD,ADDRESS,BROOKLYN,TROY AVENUE,,Closed,,The Police Department responded to the complaint and took action to fix the condition.,06/18/2023 10:17:45 PM,17 BROOKLYN,45,Precinct 67,3049910061,BROOKLYN,1002370,171691,PHONE,Unspecified,BROOKLYN,,,,,,,,40.63791019392721,-73.93471188820557,POINT (-73.934711888206 40.637910193927)
57952503,06/20/2023 03:11:53 PM,06/04/2024 12:52:03 AM,DOHMH,Department of Health and Mental Hygiene,Food Establishment,Food Contains Foreign Object,N/A,Restaurant/Bar/Deli/Bakery,10280,225 LIBERTY STREET,LIBERTY STREET,WEST STREET,SOUTH END AVENUE,WEST STREET,SOUTH END AVENUE,ADDRESS,NEW YORK,LIBERTY STREET,,Closed,,This SR was administratively closed. The issue you reported was addressed.,06/04/2024 12:52:07 AM,01 MANHATTAN,01,Precinct 1,1000160125,MANHATTAN,979905,198509,ONLINE,Unspecified,MANHATTAN,,,,,,,,40.71153703134516,-74.01567274628705,POINT (-74.015672746287 40.711537031345)
57935988,06/18/2023 10:05:30 PM,06/18/2023 10:22:42 PM,NYPD,New York City Police Department,Noise - Street/Sidewalk,Loud Music/Party,,Street/Sidewalk,11434,177-18 119 ROAD,119 ROAD,BAISLEY BOULEVARD,177 PLACE,BAISLEY BOULEVARD,177 PLACE,ADDRESS,JAMAICA,119 ROAD,,Closed,,The Police Department responded to the complaint and took action to fix the condition.,06/18/2023 10:22:47 PM,12 QUEENS,27,Precinct 113,4124690050,QUEENS,1048618,189482,MOBILE,Unspecified,QUEENS,,,,,,,,40.68652703453518,-73.76790652934757,POINT (-73.767906529348 40.686527034535)
57937905,06/18/2023 05:15:09 PM,06/18/2023 05:41:36 PM,NYPD,New York City Police Department,Noise - Residential,Loud Music/Party,,Residential Building/House,10016,123 EAST   30 STREET,EAST   30 STREET,PARK AVENUE SOUTH,LEXINGTON AVENUE,PARK AVENUE SOUTH,LEXINGTON AVENUE,ADDRESS,NEW YORK,EAST   30 STREET,,Closed,,The Police Department responded to the complaint and with the information available observed no evidence of the violation at that time.,06/18/2023 05:41:41 PM,05 MANHATTAN,02,Unspecified,1008860016,MANHATTAN,989232,210367,ONLINE,Unspecified,MANHATTAN,,,,,,,,40.744084013646045,-73.98202076715444,POINT (-73.982020767154 40.744084013646)
57945996,06/19/2023 06:29:00 PM,05/13/2025 04:51:23 PM,DPR,Department of Parks and Recreation,New Tree Request,For One Address,Street Tree,Street,11221,307 LEWIS AVENUE,LEWIS AVENUE,PUTNAM AVENUE,JEFFERSON AVENUE,PUTNAM AVENUE,JEFFERSON AVENUE,ADDRESS,BROOKLYN,LEWIS AVENUE,,Closed,,"In an effort to more fully and efficiently service each city block, NYC Parks is shifting their street tree planting program to a neighborhood approach.  If the site that you requested meets the criteria for planting, NYC Parks will plant a tree through their new Neighborhood Tree Planting Program.   NYC Parks is no longer accepting new tree planting requests. Each neighborhood will be surveyed, inspected, and planted sequentially. NYC Parks foresters will be conducting tree removal, stump removal, and planting block by block and closing all unplantable tree beds. The most heat-vulnerable neighborhoods will be prioritized first.  To learn more about this program, visit nyc.gov/parks/street-tree-planting.  To learn more about the trees in your neighborhood, visit the NYC Tree Map at nyc.gov/parks/treemap.",05/13/2025 04:51:29 PM,03 BROOKLYN,36,Precinct 81,3016500076,BROOKLYN,1002142,188936,PHONE,Unspecified,BROOKLYN,,,,,,,,40.68524436130189,-73.93548763335711,POINT (-73.935487633357 40.685244361302)
57948489,06/19/2023 05:19:13 PM,06/19/2023 06:12:08 PM,NYPD,New York City Police Department,Illegal Parking,Posted Parking Sign Violation,,Street/Sidewalk,10031,WEST  146 STREET,WEST  146 STREET,BROADWAY,RIVERSIDE DRIVE,BROADWAY,RIVERSIDE DRIVE,BLOCKFACE,,,,Closed,,The Police Department responded to the complaint and with the information available observed no evidence of the violation at that time.,06/19/2023 06:12:14 PM,Unspecified MANHATTAN,,Precinct 30,,MANHATTAN,,,PHONE,Unspecified,MANHATTAN,,,,,,,,,,
57952323,06/20/2023 03:05:17 PM,06/20/2023 04:50:17 PM,NYPD,New York City Police Department,Animal-Abuse,Neglected,,Residential Building/House,11211,108 CONSELYEA STREET,CONSELYEA STREET,LEONARD STREET,MANHATTAN AVENUE,LEONARD STREET,MANHATTAN AVENUE,ADDRESS,BROOKLYN,CONSELYEA STREET,,Closed,,The Police Department responded to the complaint and took action to fix the condition.,06/20/2023 04:50:22 PM,01 BROOKLYN,34,Precinct 94,3027580015,BROOKLYN,998958,199770,PHONE,Unspecified,BROOKLYN,,,,,,,,40.71498701701612,-73.94694437356547,POINT (-73.946944373565 40.714987017016)
57943350,06/19/2023 12:15:09 PM,06/19/2023 01:01:03 PM,NYPD,New York City Police Department,Noise - Residential,Loud Talking,,Residential Building/House,10025,2612 BROADWAY,BROADWAY,WEST   98 STREET,WEST   99 STREET,WEST   98 STREET,WEST   99 STREET,ADDRESS,NEW YORK,BROADWAY,,Closed,,The Police Department issued a summons in response to the complaint.,06/19/2023 01:01:13 PM,07 MANHATTAN,07,Precinct 24,1018700045,MANHATTAN,992408,229409,ONLINE,Unspecified,MANHATTAN,,,,,,,,40.79634697983548,-73.97053598278849,POINT (-73.970535982788 40.796346979835)
57944871,06/19/2023 09:48:21 PM,06/19/2023 09:48:21 PM,DOHMH,Department of Health and Mental Hygiene,Rodent,Condition Attracting Rodents,,3+ Family Apt. Building,10019,540 WEST   55 STREET,WEST   55 STREET,10 AVENUE,11 AVENUE,10 AVENUE,11 AVENUE,ADDRESS,NEW YORK,WEST   55 STREET,,Closed,,The Department of Health and Mental Hygiene found violations on the property you reported. Follow-up inspections will be scheduled.,06/19/2023 09:48:21 PM,04 MANHATTAN,06,Precinct 18,1010830001,MANHATTAN,986621,219304,PHONE,Unspecified,MANHATTAN,,,,,,,,40.76861488633553,-73.99144029251505,POINT (-73.991440292515 40.768614886336)
57937284,06/18/2023 10:35:39 PM,06/18/2023 10:49:36 PM,NYPD,New York City Police Department,Noise - Street/Sidewalk,Loud Music/Party,,Street/Sidewalk,11372,35-51 94 STREET,94 STREET,35 AVENUE,37 AVENUE,35 AVENUE,37 AVENUE,ADDRESS,JACKSON HEIGHTS,94 STREET,,Closed,,The Police Department responded to the complaint and took action to fix the condition.,06/18/2023 10:49:41 PM,03 QUEENS,21,Precinct 115,4014680052,QUEENS,1019345,213248,ONLINE,Unspecified,QUEENS,,,,,,,,40.7519233920471,-73.87333286895793,POINT (-73.873332868958 40.751923392047)
57942747,06/19/2023 10:35:45 AM,06/26/2023 03:36:56 PM,DPR,Department of Parks and Recreation,Maintenance or Facility,Garbage or Litter,Full Trash Bag Not Picked Up,Park,10027,18 MT MORRIS PARK WEST,MT MORRIS PARK WEST,WEST  121 STREET,WEST  122 STREET,WEST  121 STREET,WEST  122 STREET,ADDRESS,NEW YORK,MOUNT MORRIS PARK WEST,,Closed,,NYC Parks has completed the requested work order and corrected the problem.,06/26/2023 03:37:01 PM,11 MANHATTAN,09,Precinct 25,1017190001,MANHATTAN,999350,232500,MOBILE,Marcus Garvey Park,MANHATTAN,,,,,,,,40.80482179264163,-73.94545681211618,POINT (-73.945456812116 40.804821792642)
57949002,06/19/2023 01:51:45 PM,06/24/2023 06:41:41 PM,HPD,Department of Housing Preservation and Development,GENERAL,MAILBOX,BOX BROKEN OR MISSING,RESIDENTIAL BUILDING,10474,710 HUNTS POINT AVENUE,HUNTS POINT AVENUE,,,,,ADDRESS,BRONX,,,Closed,,The Department of Housing Preservation and Development inspected the following conditions. No violations were issued. The complaint has been closed.,06/24/2023 12:00:00 AM,02 BRONX,17,Precinct 41,2027630248,BRONX,1015724,236225,PHONE,Unspecified,BRONX,,,,,,,,40.815002719791444,-73.88629435215104,POINT (-73.886294352151 40.815002719791)
57940317,06/18/2023 03:05:24 PM,06/18/2023 03:30:46 PM,NYPD,New York City Police Department,Noise - Commercial,Loud Music/Party,,Club/Bar/Restaurant,11216,1320 FULTON STREET,FULTON STREET,NOSTRAND AVENUE,VERONA PLACE,NOSTRAND AVENUE,VERONA PLACE,ADDRESS,BROOKLYN,FULTON STREET,,Closed,,This complaint does not fall under the Police Department's jurisdiction.,06/18/2023 03:30:49 PM,03 BROOKLYN,36,Precinct 79,3018617501,BROOKLYN,998639,187134,ONLINE,Unspecified,BROOKLYN,,,,,,,,40.68030467042509,-73.94812208500241,POINT (-73.948122085002 40.680304670425)
57948723,06/19/2023 07:02:59 PM,06/19/2023 10:32:21 PM,NYPD,New York City Police Department,Blocked Driveway,No Access,,Street/Sidewalk,11354,139-76 35 AVENUE,35 AVENUE,UNION STREET,PARSONS BOULEVARD,UNION STREET,PARSONS BOULEVARD,ADDRESS,FLUSHING,35 AVENUE,,Closed,,The Police Department responded and upon arrival those responsible for the condition were gone.,06/19/2023 10:32:26 PM,07 QUEENS,20,Precinct 109,4050027501,QUEENS,1032120,218191,MOBILE,Unspecified,QUEENS,,,,,,,,40.76543070478173,-73.82718942539123,POINT (-73.827189425391 40.765430704782)
57941973,06/19/2023 02:39:47 AM,06/19/2023 02:56:22 AM,NYPD,New York City Police Department,Illegal Parking,Blocked Hydrant,,Street/Sidewalk,11370,31-18 81 STREET,81 STREET,31 AVENUE,32 AVENUE,31 AVENUE,32 AVENUE,ADDRESS,EAST ELMHURST,81 STREET,,Closed,,The Police Department responded and upon arrival those responsible for the condition were gone.,06/19/2023 02:56:29 AM,03 QUEENS,25,Precinct 115,4011510017,QUEENS,1015584,215713,MOBILE,Unspecified,QUEENS,,,,,,,,40.75870331161867,-73.88689580859412,POINT (-73.886895808594 40.758703311619)
57943584,06/19/2023 04:08:06 PM,06/23/2023 08:03:08 AM,HPD,Department of Housing Preservation and Development,PLUMBING,BATHTUB/SHOWER,BROKEN OR MISSING,RESIDENTIAL BUILDING,11236,1625 ROCKAWAY PARKWAY,ROCKAWAY PARKWAY,,,,,ADDRESS,BROOKLYN,,,Closed,,The Department of Housing Preservation and Development inspected the following conditions. No violations were issued. The complaint has been closed.,06/23/2023 12:00:00 AM,18 BROOKLYN,46,Precinct 69,3082240022,BROOKLYN,1012447,173056,PHONE,Unspecified,BROOKLYN,,,,,,,,40.641630477063444,-73.89839780518528,POINT (-73.898397805185 40.641630477063)
57939120,06/18/2023 10:22:54 PM,06/18/2023 10:48:53 PM,NYPD,New York City Police Department,Noise - Commercial,Car/Truck Music,,Store/Commercial,10013,9 DOYER STREET,DOYER STREET,BOWERY,PELL STREET,BOWERY,PELL STREET,ADDRESS,NEW YORK,DOYERS STREET,,Closed,,The Police Department responded to the complaint and determined that police action was not necessary.,06/18/2023 10:48:59 PM,03 MANHATTAN,01,Precinct 5,1001620030,MANHATTAN,984768,199569,PHONE,Unspecified,MANHATTAN,,,,,,,,40.71444753045363,-73.99813145292558,POINT (-73.998131452926 40.714447530454)
57949542,06/20/2023 09:27:09 PM,05/13/2025 04:52:41 PM,DPR,Department of Parks and Recreation,New Tree Request,For One Address,Street Tree,Street,11223,258 AVENUE S,AVENUE S,WEST    4 STREET,WEST    3 STREET,WEST    4 STREET,WEST    3 STREET,ADDRESS,BROOKLYN,AVENUE S,,Closed,,"In an effort to more fully and efficiently service each city block, NYC Parks is shifting their street tree planting program to a neighborhood approach.  If the site that you requested meets the criteria for planting, NYC Parks will plant a tree through their new Neighborhood Tree Planting Program.   NYC Parks is no longer accepting new tree planting requests. Each neighborhood will be surveyed, inspected, and planted sequentially. NYC Parks foresters will be conducting tree removal, stump removal, and planting block by block and closing all unplantable tree beds. The most heat-vulnerable neighborhoods will be prioritized first.  To learn more about this program, visit nyc.gov/parks/street-tree-planting.  To learn more about the trees in your neighborhood, visit the NYC Tree Map at nyc.gov/parks/treemap.",05/13/2025 04:53:18 PM,11 BROOKLYN,44,Precinct 62,3070850007,BROOKLYN,990927,158387,MOBILE,Unspecified,BROOKLYN,,,,,,,,40.60140950192746,-73.97595527756611,POINT (-73.975955277566 40.601409501927)
57941064,06/19/2023 07:20:39 AM,06/19/2023 08:10:55 AM,NYPD,New York City Police Department,Blocked Driveway,No Access,,Street/Sidewalk,11234,1510 EAST   35 STREET,EAST   35 STREET,FLATLANDS AVENUE,AVENUE P,FLATLANDS AVENUE,AVENUE P,ADDRESS,BROOKLYN,EAST   35 STREET,,Closed,,The Police Department responded and upon arrival those responsible for the condition were gone.,06/19/2023 08:10:57 AM,18 BROOKLYN,45,Precinct 63,3076960069,BROOKLYN,1000707,164074,MOBILE,Unspecified,BROOKLYN,,,,,,,,40.617006381803655,-73.9407224081137,POINT (-73.940722408114 40.617006381804)
57948453,06/19/2023 04:15:44 PM,06/19/2023 05:08:24 PM,NYPD,New York City Police Department,Illegal Parking,Detached Trailer,,Street/Sidewalk,11221,134 STOCKHOLM STREET,STOCKHOLM STREET,MYRTLE AVENUE,WILSON AVENUE,MYRTLE AVENUE,WILSON AVENUE,ADDRESS,BROOKLYN,STOCKHOLM STREET,,Closed,,The Police Department responded to the complaint and took action to fix the condition.,06/19/2023 05:08:27 PM,04 BROOKLYN,37,Precinct 83,3032560010,BROOKLYN,1005403,193784,ONLINE,Unspecified,BROOKLYN,,,,,,,,40.69854380449618,-73.92371437723428,POINT (-73.923714377234 40.698543804496)
57945456,06/19/2023 10:06:56 AM,06/19/2023 10:38:25 AM,NYPD,New York City Police Department,Drinking,In Public,,Park/Playground,10025,RIVERSIDE DRIVE,RIVERSIDE DRIVE,RIVERSIDE DRIVE,WEST   94 STREET,RIVERSIDE DRIVE,WEST   94 STREET,INTERSECTION,,,,Closed,,The Police Department responded to the complaint and with the information available observed no evidence of the violation at that time.,06/19/2023 10:38:31 AM,07 MANHATTAN,06,Precinct 24,,MANHATTAN,990797,228874,ONLINE,Unspecified,MANHATTAN,,,,,,,,40.79487989039678,-73.97635490704776,POINT (-73.976354907048 40.794879890397)
57945969,06/19/2023 02:55:12 PM,12/04/2023 01:40:36 PM,DPR,Department of Parks and Recreation,Dead/Dying Tree,Planted More Than 2 Years Ago,N/A,Street,10036,453 WEST   46 STREET,WEST   46 STREET,9 AVENUE,10 AVENUE,9 AVENUE,10 AVENUE,ADDRESS,NEW YORK,WEST   46 STREET,,Closed,,"NYC Parks created a work order for the tree condition.  Please note that addressing this work can take up to a year or more depending on the higher priority work identified during this period and resources available to address this work.    NYC Parks work priority categories range from Category A through D, with A being the most critical and time-sensitive. We will complete all work in Category A first and address work in lower priority categories in accordance with available resources. For more information about the Tree Risk Management Program, visit the NYC Urban Forest page on the NYC Parks website at nyc.gov/parks/trees.   Alternatively, you may choose complete the work yourself by hiring an independent contractor. The contractor must complete a Tree Work Permit application on the NYC Parks website at nyc.gov/parks/trees.",12/04/2023 01:40:41 PM,04 MANHATTAN,03,Precinct 18,1010560010,MANHATTAN,986261,216832,ONLINE,Unspecified,MANHATTAN,,,,,,,,40.76182997438099,-73.9927406924329,POINT (-73.992740692433 40.761829974381)
57950901,06/20/2023 11:33:00 PM,06/22/2023 09:45:00 AM,DSNY,Department of Sanitation,Electronics Waste Appointment,Ewaste appointment,,Sidewalk,10314,16 BOONE STREET,BOONE STREET,FIELDS AVENUE,FOREST HILL ROAD,,,ADDRESS,STATEN ISLAND,,,Closed,,The Department of Sanitation collected the E-waste.,06/22/2023 09:45:00 AM,02 STATEN ISLAND,50,Precinct 121,5019810013,STATEN ISLAND,945837,158461,PHONE,Unspecified,STATEN ISLAND,,,,,,,,40.60153188191944,-74.13833038611668,POINT (-74.138330386117 40.601531881919)
57944133,06/19/2023 08:29:41 PM,06/19/2023 09:21:09 PM,NYPD,New York City Police Department,Illegal Parking,Posted Parking Sign Violation,,Street/Sidewalk,11215,141 SIXTH STREET,SIXTH STREET,2 AVENUE,3 AVENUE,2 AVENUE,3 AVENUE,ADDRESS,BROOKLYN,6 STREET,,Closed,,The Police Department responded and upon arrival those responsible for the condition were gone.,06/19/2023 09:21:14 PM,06 BROOKLYN,39,Precinct 78,3009790023,BROOKLYN,986605,184923,MOBILE,Unspecified,BROOKLYN,,,,,,,,40.67424735659418,-73.991510085009,POINT (-73.991510085009 40.674247356594)
57948948,06/19/2023 07:25:20 PM,06/21/2023 08:04:02 PM,HPD,Department of Housing Preservation and Development,FLOORING/STAIRS,FLOOR,HOLE IN NON-WALKING AREA,RESIDENTIAL BUILDING,11418,101-13 JAMAICA AVENUE,JAMAICA AVENUE,,,,,ADDRESS,RICHMOND HILL,,,Closed,,The Department of Housing Preservation and Development inspected the following conditions. Violations were issued. Information about specific violations is available at www.nyc.gov/hpd,06/21/2023 12:00:00 AM,09 QUEENS,32,Precinct 102,4091810043,QUEENS,1026900,192544,PHONE,Unspecified,QUEENS,,,,,,,,40.69506280294878,-73.8461961328967,POINT (-73.846196132897 40.695062802949)
57950433,06/20/2023 05:07:57 PM,06/20/2023 08:47:52 PM,NYPD,New York City Police Department,Noise - Commercial,Banging/Pounding,,Store/Commercial,10466,825 EAST  233 STREET,EAST  233 STREET,BARNES AVENUE,BUSSING AVENUE,BARNES AVENUE,BUSSING AVENUE,ADDRESS,BRONX,EAST  233 STREET,,Closed,,The Police Department responded to the complaint and with the information available observed no evidence of the violation at that time.,06/20/2023 08:47:57 PM,12 BRONX,11,Precinct 47,2050000033,BRONX,1024707,264374,MOBILE,Unspecified,BRONX,,,,,,,,40.89222666252636,-73.85367178100319,POINT (-73.853671781003 40.892226662526)
57945285,06/19/2023 09:46:37 AM,06/21/2023 06:41:50 AM,DHS,Department of Homeless Services,Encampment,N/A,,Street/Sidewalk,10018,457 WEST   40 STREET,WEST   40 STREET,PORT AUTHORITY BUS TERMINAL EXIT,PATH BUS TRML ENTRANCE W   40 ST,PORT AUTHORITY BUS TERMINAL EXIT,PATH BUS TRML ENTRANCE W   40 ST,ADDRESS,NEW YORK,WEST   40 STREET,,Closed,,The Department of Homeless Services (DHS) visited the location and is coordinating with their agency partners to address the condition. No further information will be available with 311.,06/21/2023 06:41:54 AM,04 MANHATTAN,03,Precinct 10,1010500001,MANHATTAN,985469,215439,MOBILE,Unspecified,MANHATTAN,,,,,,,,40.75800669104143,-73.99559990651876,POINT (-73.995599906519 40.758006691041)
57947913,06/19/2023 09:55:42 PM,07/31/2023 11:51:15 AM,HPD,Department of Housing Preservation and Development,UNSANITARY CONDITION,MOLD,N/A,RESIDENTIAL BUILDING,11249,84 ROSS STREET,ROSS STREET,,,,,ADDRESS,BROOKLYN,,,Closed,,"The Department of Housing Preservation and Development was not able to gain access to inspect the following conditions. The complaint has been closed. If the condition still exists, please file a new complaint.",07/31/2023 12:00:00 AM,01 BROOKLYN,33,Precinct 90,3021860001,BROOKLYN,994482,195757,PHONE,Unspecified,BROOKLYN,,,,,,,,40.70397859311487,-73.96309657960612,POINT (-73.963096579606 40.703978593115)
57947382,06/19/2023 08:40:28 PM,06/20/2023 12:28:02 AM,NYPD,New York City Police Department,Illegal Parking,Blocked Sidewalk,,Street/Sidewalk,11385,64-01 MYRTLE AVENUE,MYRTLE AVENUE,64 STREET,64 PLACE,64 STREET,64 PLACE,ADDRESS,RIDGEWOOD,MYRTLE AVENUE,,Closed,,The Police Department responded to the complaint and with the information available observed no evidence of the violation at that time.,06/20/2023 12:28:06 AM,05 QUEENS,30,Precinct 104,4036390036,QUEENS,1014110,194682,ONLINE,Unspecified,QUEENS,,,,,,,,40.70098350684144,-73.89230972712505,POINT (-73.892309727125 40.700983506841)
57943782,06/19/2023 10:33:17 AM,06/26/2023 09:49:58 AM,DPR,Department of Parks and Recreation,Damaged Tree,Branch or Limb Has Fallen Down,Other (Please Specify),Street,11222,69 ENGERT AVENUE,ENGERT AVENUE,ECKFORD STREET,GRAHAM AVENUE,ECKFORD STREET,GRAHAM AVENUE,ADDRESS,BROOKLYN,ENGERT AVENUE,,Closed,,"The Service Request submitted did not have sufficient location or complaint information for NYC Parks to respond.  Please submit a new Service Request with adequate site details, including a full street address and descriptive location information.",06/26/2023 09:50:01 AM,01 BROOKLYN,33,Precinct 94,3026990038,BROOKLYN,998718,202107,PHONE,Unspecified,BROOKLYN,,,,,,,,40.721401915218465,-73.94780509338736,POINT (-73.947805093387 40.721401915218)
57938760,06/18/2023 11:44:14 PM,06/19/2023 12:56:42 AM,NYPD,New York City Police Department,Illegal Parking,Posted Parking Sign Violation,,Street/Sidewalk,10461,B STREET,B STREET,B STREET,BAISLEY AVENUE,B STREET,BAISLEY AVENUE,INTERSECTION,,,,Closed,,The Police Department issued a summons in response to the complaint.,06/19/2023 12:56:47 AM,10 BRONX,13,Precinct 45,,BRONX,1031836,243957,ONLINE,Unspecified,BRONX,,,,,,,,40.83615272298838,-73.82803205793861,POINT (-73.828032057939 40.836152722988)
57950865,06/20/2023 11:48:48 AM,06/20/2023 02:55:21 PM,NYPD,New York City Police Department,Abandoned Vehicle,With License Plate,,Street/Sidewalk,11106,14 STREET,14 STREET,14 STREET,31 AVENUE,14 STREET,31 AVENUE,INTERSECTION,,,,Closed,,The Police Department responded to the complaint and took action to fix the condition.,06/20/2023 02:55:26 PM,01 QUEENS,22,Precinct 114,,QUEENS,1003079,219181,PHONE,Unspecified,QUEENS,,,,,,,,40.76825754911106,-73.93202451143456,POINT (-73.932024511435 40.768257549111)
57945447,06/19/2023 02:40:04 PM,06/19/2023 10:27:36 PM,DSNY,Department of Sanitation,Residential Disposal Complaint,Waste Set Out Too Early or Too Late,N/A,Street,10306,324 STOBE AVENUE,STOBE AVENUE,MEADOW PLACE,LACONIA AVENUE,MEADOW PLACE,LACONIA AVENUE,ADDRESS,STATEN ISLAND,STOBE AVENUE,,Closed,,The Department of Sanitation investigated this complaint and issued a Notice of Violation.,06/19/2023 10:27:41 PM,02 STATEN ISLAND,50,Precinct 122,5036740066,STATEN ISLAND,957652,150738,PHONE,Unspecified,STATEN ISLAND,,,,,,,,40.58037714219253,-74.0957526205766,POINT (-74.095752620577 40.580377142193)
57940011,06/18/2023 01:26:00 PM,06/20/2023 03:41:00 PM,DEP,Department of Environmental Protection,Water Conservation,Illegal Use Of A Hydrant (CIN),CIN,,10309,482 BUTLER BOULEVARD,BUTLER BOULEVARD,FLOWER AVE,FAITH CT,,,ADDRESS,STATEN ISLAND,,,Closed,,The Department of Environmental Protection investigated this complaint. No violation was found or issued.,06/20/2023 03:41:00 PM,03 STATEN ISLAND,51,Precinct 123,,STATEN ISLAND,921797,123755,ONLINE,Unspecified,STATEN ISLAND,,,,,,,,40.506134061255935,-74.2245809325007,POINT (-74.224580932501 40.506134061256)
57940245,06/18/2023 11:40:01 PM,06/19/2023 12:16:18 AM,NYPD,New York City Police Department,Noise - Street/Sidewalk,Loud Music/Party,,Street/Sidewalk,10456,652 CROTONA PARK SOUTH,CROTONA PARK SOUTH,CLINTON AVENUE,CROTONA AVENUE,CLINTON AVENUE,CROTONA AVENUE,ADDRESS,BRONX,CROTONA PARK SOUTH,,Closed,,The Police Department responded to the complaint and with the information available observed no evidence of the violation at that time.,06/19/2023 12:16:20 AM,03 BRONX,15,Precinct 42,2029360145,BRONX,1012434,243373,MOBILE,Unspecified,BRONX,,,,,,,,40.8346330444596,-73.89815004935383,POINT (-73.898150049354 40.83463304446)
57936501,06/18/2023 09:44:21 AM,06/20/2023 04:09:31 PM,DSNY,Department of Sanitation,Sanitation Worker or Vehicle Complaint,Spilled Garbage,DSNY White Truck,Street,10308,387 GURLEY AVENUE,GURLEY AVENUE,ABINGDON AVENUE,ARMSTRONG AVENUE,ABINGDON AVENUE,ARMSTRONG AVENUE,ADDRESS,STATEN ISLAND,GURLEY AVENUE,,Closed,,The Department of Sanitation investigated this complaint and found no condition at the location.,06/19/2023 09:15:18 AM,03 STATEN ISLAND,51,Precinct 122,5054790072,STATEN ISLAND,939257,143382,ONLINE,Unspecified,STATEN ISLAND,,,,,,,,40.56011211479746,-74.1619254247572,POINT (-74.161925424757 40.560112114797)
57937203,06/18/2023 11:42:55 PM,06/19/2023 12:08:07 AM,NYPD,New York City Police Department,Noise - Residential,Loud Music/Party,,Residential Building/House,10310,MYRTLE AVENUE,MYRTLE AVENUE,BROADWAY,ELIZABETH STREET,BROADWAY,ELIZABETH STREET,BLOCKFACE,,,,Closed,,The Police Department responded to the complaint and took action to fix the condition.,06/19/2023 12:08:11 AM,Unspecified STATEN ISLAND,,Precinct 120,,STATEN ISLAND,,,ONLINE,Unspecified,STATEN ISLAND,,,,,,,,,,
57941109,06/19/2023 02:55:11 AM,06/19/2023 03:09:58 AM,NYPD,New York City Police Department,Blocked Driveway,No Access,,Street/Sidewalk,11218,520 WESTMINSTER ROAD,WESTMINSTER ROAD,DORCHESTER ROAD,DITMAS AVENUE,DORCHESTER ROAD,DITMAS AVENUE,ADDRESS,BROOKLYN,WESTMINSTER ROAD,,Closed,,The Police Department responded to the complaint and with the information available observed no evidence of the violation at that time.,06/19/2023 03:10:04 AM,14 BROOKLYN,40,Precinct 70,3051750040,BROOKLYN,993587,171125,MOBILE,Unspecified,BROOKLYN,,,,,,,,40.63637025790056,-73.96635866495234,POINT (-73.966358664952 40.636370257901)
57942657,06/19/2023 05:52:00 PM,06/21/2023 05:06:00 AM,DSNY,Department of Sanitation,Derelict Vehicles,Derelict Vehicles,,Street,11230,949 EAST   12 STREET,EAST   12 STREET,AVENUE I,AVENUE J,,,ADDRESS,BROOKLYN,,DSNY Garage,Closed,,The vehicle you reported exceeds the monetary value eligible for collection as junk. The Department of Sanitation has forwarded the request to the NYPD for further action.,06/21/2023 12:00:00 PM,14 BROOKLYN,44,Precinct 70,3067050072,BROOKLYN,994132,167391,PHONE,Unspecified,BROOKLYN,,,,,,,,40.62612062697735,-73.96440049048493,POINT (-73.964400490485 40.626120626977)
57940380,06/18/2023 10:38:07 PM,06/18/2023 10:39:28 PM,NYPD,New York City Police Department,Noise - Vehicle,Car/Truck Music,,Street/Sidewalk,10452,1194 NELSON AVENUE,NELSON AVENUE,WEST  167 STREET,WEST  168 STREET,WEST  167 STREET,WEST  168 STREET,ADDRESS,BRONX,NELSON AVENUE,,Closed,,The Police Department responded to the complaint and took action to fix the condition.,06/18/2023 10:39:33 PM,04 BRONX,16,Precinct 44,2025150009,BRONX,1004854,244386,ONLINE,Unspecified,BRONX,,,,,,,,40.83743437250686,-73.92553915253188,POINT (-73.925539152532 40.837434372507)
57947679,06/19/2023 10:33:10 PM,06/19/2023 11:09:44 PM,NYPD,New York City Police Department,Noise - Street/Sidewalk,Loud Music/Party,,Street/Sidewalk,10453,150 WEST BURNSIDE AVENUE,WEST BURNSIDE AVENUE,LORING PLACE SOUTH,HENNESSY PLACE,LORING PLACE SOUTH,HENNESSY PLACE,ADDRESS,BRONX,WEST BURNSIDE AVENUE,,Closed,,The Police Department reviewed your complaint and provided additional information below.,06/19/2023 11:09:49 PM,05 BRONX,14,Precinct 46,2028790192,BRONX,1007822,250413,MOBILE,Unspecified,BRONX,,,,,,,,40.85396928531816,-73.91479190927281,POINT (-73.914791909273 40.853969285318)
57936654,06/18/2023 08:20:08 PM,06/19/2023 05:59:36 AM,NYPD,New York City Police Department,Noise - Residential,Loud Music/Party,,Residential Building/House,10461,1466 WILLIAM PLACE,WILLIAM PLACE,DUDLEY AVENUE,MAITLAND AVENUE,DUDLEY AVENUE,MAITLAND AVENUE,ADDRESS,BRONX,WILLIAM PLACE,,Closed,,The Police Department responded to the complaint and with the information available observed no evidence of the violation at that time.,06/19/2023 05:59:41 AM,10 BRONX,13,Precinct 45,2053750074,BRONX,1029795,245480,ONLINE,Unspecified,BRONX,,,,,,,,40.840343670157246,-73.83539753476663,POINT (-73.835397534767 40.840343670157)
57942954,06/19/2023 02:26:00 PM,06/21/2023 03:30:00 PM,DEP,Department of Environmental Protection,Air Quality,Air: Other Air Problem (Use Comments) (AZZ),AZZ,,11238,568 GRAND AVENUE,GRAND AVENUE,DEAN ST,BERGEN ST,,,ADDRESS,BROOKLYN,,N/A,Closed,,"The Department of Environmental Protection (DEP) didn't observe a violation of the NYC Air or Noise Code at the time of inspection and couldn't issue a summons.  If the problem still exists, please go to nyc.gov/311 or call 311 to file a new Service Request. If you're outside of New York City, please call (212) NEW-YORK (212-639-9675).",06/21/2023 03:30:00 PM,08 BROOKLYN,35,Precinct 77,3011400035,BROOKLYN,994778,186556,ONLINE,Unspecified,BROOKLYN,,,,,,,,40.67872362574214,-73.96204338551499,POINT (-73.962043385515 40.678723625742)
57940983,06/20/2023 12:57:36 AM,06/20/2023 04:16:10 AM,NYPD,New York City Police Department,Illegal Parking,Blocked Hydrant,,Street/Sidewalk,10461,2847 EAST  194 STREET,EAST  194 STREET,MAYFLOWER AVENUE,HOBART AVENUE,MAYFLOWER AVENUE,HOBART AVENUE,ADDRESS,BRONX,EAST  194 STREET,,Closed,,The Police Department issued a summons in response to the complaint.,06/20/2023 04:16:15 AM,10 BRONX,13,Precinct 45,2042410055,BRONX,1030492,249917,MOBILE,Unspecified,BRONX,,,,,,,,40.85251828540217,-73.83284794053985,POINT (-73.83284794054 40.852518285402)
57947850,06/19/2023 03:13:18 PM,06/24/2023 06:10:09 PM,HPD,Department of Housing Preservation and Development,FLOORING/STAIRS,FLOOR,BROKEN OR DEFECTIVE,RESIDENTIAL BUILDING,11212,879 MOTHER GASTON BOULEVARD,MOTHER GASTON BOULEVARD,,,,,ADDRESS,BROOKLYN,,,Closed,,The Department of Housing Preservation and Development inspected the following conditions. Violations were issued. Information about specific violations is available at www.nyc.gov/hpd,06/24/2023 12:00:00 AM,16 BROOKLYN,42,Precinct 73,3038680026,BROOKLYN,1011024,178517,PHONE,Unspecified,BROOKLYN,,,,,,,,40.656624144758716,-73.90350361735386,POINT (-73.903503617354 40.656624144759)
57936582,06/18/2023 04:56:11 PM,06/18/2023 05:46:54 PM,NYPD,New York City Police Department,Abandoned Vehicle,With License Plate,,Street/Sidewalk,11362,63-33 253 STREET,253 STREET,64 AVENUE,CULLMAN AVENUE,64 AVENUE,CULLMAN AVENUE,ADDRESS,LITTLE NECK,253 STREET,,Closed,,The Police Department issued a summons in response to the complaint.,06/18/2023 05:46:59 PM,11 QUEENS,23,Precinct 111,4083750043,QUEENS,1060464,214672,MOBILE,Unspecified,QUEENS,,,,,,,,40.755573086552126,-73.72490810178417,POINT (-73.724908101784 40.755573086552)
57941919,06/19/2023 11:10:24 AM,06/20/2023 12:00:00 AM,DOB,Department of Buildings,General Construction/Plumbing,Curb Cut/Driveway/Carport - Illegal,,,11208,175 RICHMOND STREET,RICHMOND STREET,,,,,ADDRESS,BROOKLYN,,,Closed,,"The Department of Buildings attempted to investigate this complaint but could not locate the premises. If the problem still exists, please call 311 and file a new complaint with additional information about how to locate the building. If you are outside of New York City, please call (212) NEW-YORK (212-639-9675).",06/20/2023 12:00:00 AM,05 BROOKLYN,37,Precinct 75,,BROOKLYN,1018415,188223,UNKNOWN,Unspecified,BROOKLYN,,,,,,,,40.68323948715239,-73.87681649517796,POINT (-73.876816495178 40.683239487152)
57937680,06/18/2023 01:49:52 PM,06/23/2023 12:00:00 AM,DOB,Department of Buildings,Investigations and Discipline (IAD),Investigative Inspection,,,11222,49 DUPONT STREET,DUPONT STREET,,,,,ADDRESS,BROOKLYN,,,Closed,,"The Department of Buildings attempted to investigate this complaint but could not locate the premises. If the problem still exists, please call 311 and file a new complaint with additional information about how to locate the building. If you are outside of New York City, please call (212) NEW-YORK (212-639-9675).",06/23/2023 12:00:00 AM,01 BROOKLYN,33,Precinct 94,3024870078,BROOKLYN,995917,207286,UNKNOWN,Unspecified,BROOKLYN,,,,,,,,40.73562114211069,-73.95790102886328,POINT (-73.957901028863 40.735621142111)
57943602,06/19/2023 03:22:24 PM,06/20/2023 08:41:07 PM,HPD,Department of Housing Preservation and Development,SAFETY,CARBON MONOXIDE DETECTOR,BROKEN OR MISSING,RESIDENTIAL BUILDING,11212,879 MOTHER GASTON BOULEVARD,MOTHER GASTON BOULEVARD,,,,,ADDRESS,BROOKLYN,,,Closed,,The Department of Housing Preservation and Development inspected the following conditions. Violations were issued. Information about specific violations is available at www.nyc.gov/hpd,06/20/2023 12:00:00 AM,16 BROOKLYN,42,Precinct 73,3038680026,BROOKLYN,1011024,178517,PHONE,Unspecified,BROOKLYN,,,,,,,,40.656624144758716,-73.90350361735386,POINT (-73.903503617354 40.656624144759)
57938283,06/19/2023 12:56:31 AM,06/19/2023 01:16:56 AM,NYPD,New York City Police Department,Noise - Street/Sidewalk,Loud Music/Party,,Street/Sidewalk,10032,4029 BROADWAY,BROADWAY,ST NICHOLAS AVENUE,WEST  170 STREET,ST NICHOLAS AVENUE,WEST  170 STREET,ADDRESS,NEW YORK,BROADWAY,,Closed,,The Police Department responded to the complaint and determined that police action was not necessary.,06/19/2023 01:17:00 AM,12 MANHATTAN,10,Precinct 33,1021380159,MANHATTAN,1001043,246057,MOBILE,Unspecified,MANHATTAN,,,,,,,,40.842028849268985,-73.93930754606549,POINT (-73.939307546065 40.842028849269)
57936240,06/18/2023 01:46:42 PM,06/18/2023 01:46:42 PM,HPD,Department of Housing Preservation and Development,GENERAL,SIGNAGE MISSING,ESSENTIAL SERVICE POSTING,RESIDENTIAL BUILDING,11207,45 MALTA STREET,MALTA STREET,,,,,ADDRESS,BROOKLYN,,,Closed,,The following complaint conditions are still open. HPD may attempt to contact you to verify the correction of the condition or may conduct an inspection.,06/18/2023 12:00:00 AM,05 BROOKLYN,42,Precinct 75,3042950063,BROOKLYN,1013221,179547,PHONE,Unspecified,BROOKLYN,,,,,,,,40.659444351076445,-73.89558097459008,POINT (-73.89558097459 40.659444351076)
57941046,06/19/2023 06:03:07 PM,10/24/2024 01:59:19 PM,EDC,Economic Development Corporation,Noise - Helicopter,Other,Flying Too Low,Above Address,10009,29 AVENUE A,AVENUE A,EAST    2 STREET,EAST    3 STREET,EAST    2 STREET,EAST    3 STREET,ADDRESS,NEW YORK,AVENUE A,,Closed,,"The New York City Economic Development Corporation determined that this issue is not within its jurisdiction because the helicopter did not belong to a tour company departing from a NYC heliport.Â  Instead, it was most likely a law enforcement or news gathering helicopter not subject to the routing protocols established for tour helicopters. It may also have been a helicopter that departed as a charter or tour from another City but flew over NYC airspace. Helicopter tours originating from outside NYC are not subject to the same City regulations as tours departing from heliports managed by NYCEDC. Any City regulation of these flights is pre-empted by federal law and subject only to the jurisdiction of the Federal Aviation Administration. To file a complaint with the FAA, you can contact the New York Flight Standards District Office at the following web address:Â https://www.faa.gov/about/office_org/field_offices/fsdo/",10/24/2024 01:59:22 PM,03 MANHATTAN,02,Precinct 9,1004300010,MANHATTAN,988229,202749,ONLINE,Unspecified,MANHATTAN,,,,,,,,40.723174986124334,-73.98564493727771,POINT (-73.985644937278 40.723174986124)
59441220,11/15/2023 07:45:35 PM,11/15/2023 09:53:35 PM,NYPD,New York City Police Department,Abandoned Vehicle,With License Plate,,Street/Sidewalk,10467,2910 BRONX PARK EAST,BRONX PARK EAST,ARNOW AVENUE,ADEE AVENUE,ARNOW AVENUE,ADEE AVENUE,ADDRESS,BRONX,BRONX PARK EAST,,Closed,,This complaint does not fall under the Police Department's jurisdiction.,11/15/2023 09:53:38 PM,11 BRONX,12,Precinct 49,2045420100,BRONX,1020070,255616,ONLINE,Unspecified,BRONX,Truck,,,,,,,40.86820874175825,-73.87049007251983,POINT (-73.87049007252 40.868208741758)
57943575,06/19/2023 08:29:46 PM,06/27/2023 05:47:16 PM,HPD,Department of Housing Preservation and Development,GENERAL,CABINET,DAMAGED OR MISSING,RESIDENTIAL BUILDING,10452,974 ANDERSON AVENUE,ANDERSON AVENUE,,,,,ADDRESS,BRONX,,,Closed,,The Department of Housing Preservation and Development inspected the following conditions. No violations were issued. The complaint has been closed.,06/27/2023 12:00:00 AM,04 BRONX,08,Precinct 44,2025040072,BRONX,1004284,242293,PHONE,Unspecified,BRONX,,,,,,,,40.83169100499876,-73.92760532719244,POINT (-73.927605327192 40.831691004999)
57940128,06/18/2023 10:54:46 PM,06/22/2023 11:00:12 AM,DPR,Department of Parks and Recreation,Maintenance or Facility,Hours of Operation,Park Not Open,Park,11694,ROCKAWAY BEACH BOARDWALK,ROCKAWAY BEACH BOARDWALK,BEACH   98 STREET,BEACH   99 STREET,BEACH   98 STREET,BEACH   99 STREET,UNRECOGNIZED,FAR ROCKAWAY,ROCKAWAY BEACH & BOARDWALK,,Closed,,"NYC Parks couldnât respond to your complaint because they didn't have enough information about the condition or location.  If the problem still exists and you would like to pursue this complaint, please submit a new Service Request with a more detailed description of the condition and/or location.",06/22/2023 11:00:15 AM,14 QUEENS,32,Precinct 100,4161890001,QUEENS,1034431,151390,MOBILE,Rockaway Beach Boardwalk,QUEENS,,,,,,,,40.58206462414331,-73.81934408194225,POINT (-73.819344081942 40.582064624143)
57940569,06/18/2023 02:29:57 AM,06/18/2023 04:48:57 AM,NYPD,New York City Police Department,Noise - Street/Sidewalk,Loud Music/Party,,Street/Sidewalk,11249,35 KENT AVENUE,KENT AVENUE,NORTH   12 STREET,NORTH   11 STREET,NORTH   12 STREET,NORTH   11 STREET,ADDRESS,BROOKLYN,KENT AVENUE,,Closed,,The Police Department responded to the complaint and took action to fix the condition.,06/18/2023 04:49:04 AM,01 BROOKLYN,33,Precinct 94,3022880001,BROOKLYN,995663,202689,ONLINE,Unspecified,BROOKLYN,,,,,,,,40.72300383322365,-73.95882535426026,POINT (-73.95882535426 40.723003833224)
57946878,06/19/2023 04:44:07 PM,08/19/2023 01:01:48 PM,HPD,Department of Housing Preservation and Development,PAINT/PLASTER,WALL,DIRTY OR UNSANITARY,RESIDENTIAL BUILDING,10463,1 MARBLE HILL AVENUE,MARBLE HILL AVENUE,,,,,ADDRESS,NEW YORK,,,Closed,,The Department of Housing Preservation and Development inspected the following conditions. Violations were issued. Information about specific violations is available at www.nyc.gov/hpd,08/19/2023 12:00:00 AM,08 BRONX,10,Precinct 50,1022150465,MANHATTAN,1008906,258026,PHONE,Unspecified,MANHATTAN,,,,,,,,40.87486169319855,-73.91084545884848,POINT (-73.910845458848 40.874861693199)
57949848,06/20/2023 08:46:01 AM,06/22/2023 09:05:56 AM,DSNY,Department of Sanitation,Missed Collection,Recycling - Paper/Metal/Glass/Rigid Plastic,N/A,Street,10452,1324 OGDEN AVENUE,OGDEN AVENUE,WEST  169 STREET,WEST  170 STREET,WEST  169 STREET,WEST  170 STREET,ADDRESS,BRONX,OGDEN AVENUE,,Closed,,The Department of Sanitation collected the requested items.,06/20/2023 09:17:20 AM,04 BRONX,16,Precinct 44,2025220005,BRONX,1004955,245568,ONLINE,Unspecified,BRONX,,,,,,,,40.84067838149263,-73.92517049953447,POINT (-73.925170499534 40.840678381493)
57942603,06/20/2023 12:15:30 AM,06/20/2023 05:46:33 AM,NYPD,New York City Police Department,Illegal Parking,Blocked Hydrant,,Street/Sidewalk,11214,8892 18 AVENUE,18 AVENUE,CROPSEY AVENUE,SHORE PARKWAY,CROPSEY AVENUE,SHORE PARKWAY,ADDRESS,BROOKLYN,18 AVENUE,,Closed,,The Police Department issued a summons in response to the complaint.,06/20/2023 05:46:38 AM,11 BROOKLYN,47,Precinct 62,3064630076,BROOKLYN,981862,158444,ONLINE,Unspecified,BROOKLYN,,,,,,,,40.60156814892734,-74.00859951070511,POINT (-74.008599510705 40.601568148927)
57935754,06/19/2023 01:02:22 AM,06/19/2023 01:20:28 AM,NYPD,New York City Police Department,Noise - Residential,Loud Music/Party,,Residential Building/House,11435,144-02 LIBERTY AVENUE,LIBERTY AVENUE,PINEGROVE STREET,INWOOD STREET,PINEGROVE STREET,INWOOD STREET,ADDRESS,JAMAICA,LIBERTY AVENUE,,Closed,,The Police Department responded to the complaint and took action to fix the condition.,06/19/2023 01:20:33 AM,12 QUEENS,28,Precinct 103,4100430001,QUEENS,1037287,191696,MOBILE,Unspecified,QUEENS,,,,,,,,40.692679091410994,-73.8087454547158,POINT (-73.808745454716 40.692679091411)
57949641,06/20/2023 08:10:11 PM,06/30/2023 01:38:22 PM,DPR,Department of Parks and Recreation,Maintenance or Facility,Garbage or Litter,Other Litter,Park,10451,613 GRAND CONCOURSE,GRAND CONCOURSE,EAST  151 STREET,METRO NORTH HUDSON LINE,EAST  151 STREET,METRO NORTH HUDSON LINE,ADDRESS,BRONX,GRAND CONCOURSE,,Closed,,NYC Parks has completed the requested work order and corrected the problem.,06/30/2023 01:38:25 PM,04 BRONX,08,Precinct 44,2024670001,BRONX,1004576,238096,PHONE,Unspecified,BRONX,,,,,,,,40.820170771463445,-73.92656287385856,POINT (-73.926562873859 40.820170771463)
57942477,06/19/2023 11:23:01 PM,07/06/2023 05:02:59 AM,HPD,Department of Housing Preservation and Development,APPLIANCE,ELECTRIC/GAS RANGE,CONTROL KNOB BROKEN OR MISSING,RESIDENTIAL BUILDING,11207,662 GEORGIA AVENUE,GEORGIA AVENUE,,,,,ADDRESS,BROOKLYN,,,Closed,,"The Department of Housing Preservation and Development was not able to gain access to inspect the following conditions. The complaint has been closed. If the condition still exists, please file a new complaint.",07/06/2023 12:00:00 AM,05 BROOKLYN,42,Precinct 75,3042960020,BROOKLYN,1013630,179868,ONLINE,Unspecified,BROOKLYN,,,,,,,,40.660324077100505,-73.89410543491533,POINT (-73.894105434915 40.660324077101)
57951081,06/21/2023 01:19:36 AM,06/21/2023 04:20:19 AM,NYPD,New York City Police Department,Illegal Parking,Posted Parking Sign Violation,,Street/Sidewalk,10467,2925 MATTHEWS AVENUE,MATTHEWS AVENUE,ARNOW AVENUE,WILLIAMSBRIDGE ROAD,ARNOW AVENUE,WILLIAMSBRIDGE ROAD,ADDRESS,BRONX,MATTHEWS AVENUE,,Closed,,The Police Department issued a summons in response to the complaint.,06/21/2023 04:20:22 AM,11 BRONX,12,Precinct 49,2045500012,BRONX,1022279,255636,ONLINE,Unspecified,BRONX,,,,,,,,40.868254395183136,-73.86250316466833,POINT (-73.862503164668 40.868254395183)
57942054,06/19/2023 07:56:09 AM,06/19/2023 08:02:03 AM,NYPD,New York City Police Department,Encampment,N/A,,Residential Building/House,10027,18 WEST  127 STREET,WEST  127 STREET,5 AVENUE,LENOX AVENUE,5 AVENUE,LENOX AVENUE,ADDRESS,NEW YORK,WEST  127 STREET,,Closed,,The Police Department visited the location and no Encampment was found.,06/19/2023 08:02:07 AM,10 MANHATTAN,09,Precinct 28,1017240046,MANHATTAN,1000262,233680,ONLINE,Unspecified,MANHATTAN,,,,,,,,40.808058960700095,-73.94215973458608,POINT (-73.942159734586 40.8080589607)
57946149,06/20/2023 12:47:18 AM,06/20/2023 01:24:47 AM,DHS,Department of Homeless Services,Homeless Person Assistance,,,Street/Sidewalk,10451,721 WALTON AVENUE,WALTON AVENUE,EAST 153 STREET,EAST 157 STREET,EAST  153 STREET,EAST  157 STREET,ADDRESS,BRONX,WALTON AVENUE,,Closed,,"Based on the information you provided, the Department of Homeless Services has referred this request to the New York City Police Department.",06/20/2023 01:24:47 AM,04 BRONX,08,Precinct 44,2024730048,BRONX,1004697,239444,MOBILE,Unspecified,BRONX,,,,,,,,40.823870369614994,-73.92612159777369,POINT (-73.926121597774 40.823870369615)
57945753,06/19/2023 08:29:11 PM,06/20/2023 03:29:46 PM,HPD,Department of Housing Preservation and Development,HEAT/HOT WATER,ENTIRE BUILDING,NO HOT WATER,RESIDENTIAL BUILDING,10452,974 ANDERSON AVENUE,ANDERSON AVENUE,,,,,ADDRESS,BRONX,,,Closed,,"The Department of Housing Preservation and Development contacted an occupant of the apartment and verified that the following conditions were corrected. The complaint has been closed. If the condition still exists, please file a new complaint.",06/20/2023 12:00:00 AM,04 BRONX,16,Precinct 44,2025040072,BRONX,1004284,242293,PHONE,Unspecified,BRONX,,,,,,,,40.83169100499876,-73.92760532719244,POINT (-73.927605327192 40.831691004999)
57946068,06/19/2023 10:33:24 PM,07/12/2023 02:54:34 PM,EDC,Economic Development Corporation,Noise - Helicopter,Other,Flying Too Low,Above Address,10128,50 EAST   96 STREET,EAST   96 STREET,MADISON AVENUE,PARK AVENUE,MADISON AVENUE,PARK AVENUE,ADDRESS,NEW YORK,EAST   96 STREET,,Closed,,"The New York City Economic Development Corporation determined that this issue is not within its jurisdiction because the helicopter did not belong to a tour company departing from a NYC heliport.Â  Instead, it was most likely a law enforcement or news gathering helicopter not subject to the routing protocols established for tour helicopters. It may also have been a helicopter that departed as a charter or tour from another City but flew over NYC airspace. Helicopter tours originating from outside NYC are not subject to the same City regulations as tours departing from heliports managed by NYCEDC. Any City regulation of these flights is pre-empted by federal law and subject only to the jurisdiction of the Federal Aviation Administration. To file a complaint with the FAA, you can contact the New York Flight Standards District Office at the following web address:Â https://www.faa.gov/about/office_org/field_offices/fsdo/",07/12/2023 02:54:38 PM,08 MANHATTAN,05,Precinct 19,1015070050,MANHATTAN,997019,226043,ONLINE,Unspecified,MANHATTAN,,,,,,,,40.78710275822787,-73.95388896675728,POINT (-73.953888966757 40.787102758228)
57937437,06/18/2023 10:08:33 AM,06/18/2023 10:18:56 AM,NYPD,New York City Police Department,Non-Emergency Police Matter,Trespassing,,Residential Building/House,10034,125 SEAMAN AVENUE,SEAMAN AVENUE,PAYSON AVENUE,WEST  207 STREET,PAYSON AVENUE,WEST  207 STREET,ADDRESS,NEW YORK,SEAMAN AVENUE,,Closed,,The Police Department responded to the complaint and took action to fix the condition.,06/18/2023 10:19:01 AM,12 MANHATTAN,10,Precinct 34,1022400009,MANHATTAN,1005518,255812,PHONE,Unspecified,MANHATTAN,,,,,,,,40.86879375820452,-73.92310327414219,POINT (-73.923103274142 40.868793758205)
57942162,06/19/2023 05:54:01 AM,06/19/2023 06:54:19 AM,NYPD,New York City Police Department,Blocked Driveway,Partial Access,,Street/Sidewalk,11229,1802 EAST   22 STREET,EAST   22 STREET,QUENTIN ROAD,AVENUE R,QUENTIN ROAD,AVENUE R,ADDRESS,BROOKLYN,EAST   22 STREET,,Closed,,The Police Department responded to the complaint and with the information available observed no evidence of the violation at that time.,06/19/2023 06:54:25 AM,15 BROOKLYN,48,Precinct 61,3068040030,BROOKLYN,997864,160637,MOBILE,Unspecified,BROOKLYN,,,,,,,,40.60757735080347,-73.95096973091675,POINT (-73.950969730917 40.607577350803)
57945609,06/19/2023 03:38:08 PM,06/19/2023 05:24:17 PM,NYPD,New York City Police Department,Noise - Residential,Loud Music/Party,,Residential Building/House,11434,178-02 146 DRIVE,146 DRIVE,GUY R BREWER BOULEVARD,181 STREET,GUY R BREWER BOULEVARD,181 STREET,ADDRESS,JAMAICA,146 DRIVE,,Closed,,The Police Department responded to the complaint and with the information available observed no evidence of the violation at that time.,06/19/2023 05:24:20 PM,13 QUEENS,31,Precinct 105,4133530020,QUEENS,1048655,180436,ONLINE,Unspecified,QUEENS,,,,,,,,40.661697616648695,-73.76785955688887,POINT (-73.767859556889 40.661697616649)
57944628,06/19/2023 09:14:32 AM,06/26/2023 10:23:01 AM,HPD,Department of Housing Preservation and Development,ELECTRIC,WIRING,EXPOSED,RESIDENTIAL BUILDING,10032,531 WEST  162 STREET,WEST  162 STREET,,,,,ADDRESS,NEW YORK,,,Closed,,The Department of Housing Preservation and Development inspected the following conditions. Violations were issued. Information about specific violations is available at www.nyc.gov/hpd,06/26/2023 12:00:00 AM,12 MANHATTAN,10,Precinct 33,1021220013,MANHATTAN,1000611,244032,PHONE,Unspecified,MANHATTAN,,,,,,,,40.83647162535666,-73.94087379916549,POINT (-73.940873799165 40.836471625357)
57936510,06/18/2023 12:38:00 PM,06/20/2023 06:40:00 AM,DEP,Department of Environmental Protection,Noise,Noise: Alarms (NR3),NR3,,11366,78-15 PARSONS BOULEVARD,PARSONS BOULEVARD,78 AVE,78 RD,,,ADDRESS,FRESH MEADOWS,,N/A,Closed,,"The status of this Service Request is currently not available online. Please call 311 for further assistance. If you are outside of New York City, please call (212) NEW-YORK (212-639-9675).",06/20/2023 06:40:00 AM,08 QUEENS,24,Precinct 107,4068290001,QUEENS,1037000,202363,ONLINE,Unspecified,QUEENS,,,,,,,,40.72195913199264,-73.80969682426189,POINT (-73.809696824262 40.721959131993)
57946707,06/19/2023 04:38:55 AM,06/19/2023 05:22:42 AM,NYPD,New York City Police Department,Noise - Street/Sidewalk,Loud Music/Party,,Street/Sidewalk,11226,80 EAST   31 STREET,EAST   31 STREET,SNYDER AVENUE,TILDEN AVENUE,SNYDER AVENUE,TILDEN AVENUE,ADDRESS,BROOKLYN,EAST   31 STREET,,Closed,,The Police Department issued a summons in response to the complaint.,06/19/2023 05:22:47 AM,17 BROOKLYN,45,Precinct 67,3049010010,BROOKLYN,998577,175584,ONLINE,Unspecified,BROOKLYN,,,,,,,,40.64860258732002,-73.94837016288707,POINT (-73.948370162887 40.64860258732)
57947697,06/19/2023 08:06:21 AM,06/19/2023 12:14:52 PM,NYPD,New York City Police Department,Noise - Street/Sidewalk,Loud Music/Party,,Street/Sidewalk,10460,1120 WYATT STREET,WYATT STREET,DEVOE AVENUE,BRONX PARK AVENUE,DEVOE AVENUE,BRONX PARK AVENUE,ADDRESS,BRONX,WYATT STREET,,Closed,,The Police Department responded to the complaint and took action to fix the condition.,06/19/2023 12:14:58 PM,06 BRONX,15,Precinct 48,2039060010,BRONX,1018262,245054,ONLINE,Unspecified,BRONX,,,,,,,,40.83922637608351,-73.87708061112161,POINT (-73.877080611122 40.839226376084)
57938976,06/18/2023 03:51:55 PM,06/30/2023 02:04:14 PM,DPR,Department of Parks and Recreation,Maintenance or Facility,Garbage or Litter,Other Litter,Park,10473,SOUNDVIEW PARK,SOUNDVIEW PARK,SEWARD AVENUE,LAFAYETTE AVENUE,SEWARD AVENUE,LAFAYETTE AVENUE,UNRECOGNIZED,BRONX,SOUNDVIEW PARK,,Closed,,NYC Parks has completed the requested work order and corrected the problem.,06/30/2023 02:04:18 PM,09 BRONX,18,Precinct 43,2035430105,BRONX,1018772,237244,MOBILE,Soundview Park,BRONX,,,,,,,,40.81778820113692,-73.87527766095268,POINT (-73.875277660953 40.817788201137)
57935628,06/18/2023 12:53:43 PM,06/18/2023 01:51:26 PM,DHS,Department of Homeless Services,Homeless Person Assistance,,,Street/Sidewalk,10128,1 AVENUE,1 AVENUE,1 AVENUE,EAST   87 STREET,1 AVENUE,EAST 87 STREET,INTERSECTION,MANHATTAN,,,Closed,,The Department of Homeless Services did not have enough information to act on your request.,06/18/2023 01:51:26 PM,08 MANHATTAN,05,Precinct 19,,MANHATTAN,998408,222565,PHONE,Unspecified,MANHATTAN,,,,,,,,40.7775544572193,-73.94888038183456,POINT (-73.948880381835 40.777554457219)
57939021,06/18/2023 10:05:00 PM,06/19/2023 12:20:00 AM,DOT,Department of Transportation,Street Light Condition,Street Light Out,Location Type: Intersection,,11211,MARCY AVENUE,MARCY AVENUE,SOUTH    5 STREET,BROADWAY,MARCY AVENUE,SOUTH 5 STREET,INTERSECTION,BROOKLYN,,,Closed,,Service Request status for this request is available on the Department of Transportationâs website. Please click the âLearn Moreâ link below.,06/19/2023 12:20:00 AM,01 BROOKLYN,34,Precinct 90,,BROOKLYN,996036,197616,UNKNOWN,Unspecified,BROOKLYN,,,,,,,,40.709079175419575,-73.95748856548097,POINT (-73.957488565481 40.70907917542)
57950064,06/20/2023 10:37:32 PM,07/21/2023 02:31:44 PM,TLC,Taxi and Limousine Commission,For Hire Vehicle Complaint,Driver Complaint - Non Passenger,Unsafe Driving,Street,10017,844 2 AVENUE,2 AVENUE,EAST   44 STREET,EAST   45 STREET,EAST   44 STREET,EAST   45 STREET,ADDRESS,NEW YORK,2 AVENUE,,Closed,,"Based on the information provided by the customer, the Taxi and Limousine Commission has determined that a hearing is not necessary or not possible.",07/21/2023 02:31:47 PM,06 MANHATTAN,04,Precinct 17,1013370049,MANHATTAN,992323,213124,ONLINE,Unspecified,MANHATTAN,,,"844 2 AVENUE, MANHATTAN (NEW YORK), NY, 10017",,,,,40.75164900336006,-73.97086253884062,POINT (-73.970862538841 40.75164900336)
57940227,06/18/2023 11:19:11 PM,06/18/2023 11:42:46 PM,NYPD,New York City Police Department,Noise - Residential,Loud Music/Party,,Residential Building/House,11691,22-11 BROOKHAVEN AVENUE,BROOKHAVEN AVENUE,BEACH   22 STREET,BRIAR PLACE,BEACH   22 STREET,BRIAR PLACE,ADDRESS,FAR ROCKAWAY,BROOKHAVEN AVENUE,,Closed,,The Police Department responded to the complaint and took action to fix the condition.,06/18/2023 11:42:51 PM,14 QUEENS,31,Precinct 101,4157710038,QUEENS,1051889,158007,ONLINE,Unspecified,QUEENS,,,,,,,,40.60011087825212,-73.75642782330614,POINT (-73.756427823306 40.600110878252)
57949290,06/19/2023 10:11:38 AM,11/17/2023 02:18:12 PM,DPR,Department of Parks and Recreation,Maintenance or Facility,Garbage or Litter,Overflowing Trash Can,Park,11373,CROWLEY PLAYGROUND,CROWLEY PLAYGROUND,80 STREET,83 STREET,80 STREET,83 STREET,UNRECOGNIZED,ELMHURST,CROWLEY PLAYGROUND,,Closed,,NYC Parks has completed the requested work order and corrected the problem.,11/17/2023 02:18:13 PM,04 QUEENS,30,Precinct 110,4200539999,QUEENS,1017574,205100,PHONE,Unspecified,QUEENS,,,,,,,,40.72956603143035,-73.8797652331982,POINT (-73.879765233198 40.72956603143)
57950307,06/20/2023 12:36:27 PM,06/22/2023 05:02:17 AM,DSNY,Department of Sanitation,Dirty Condition,Trash,Not Cleaned by Property Owner,Traffic Island or Median,10037,EAST  138 STREET,EAST  138 STREET,EAST  138 STREET,MADISON AVENUE,EAST  138 STREET,MADISON AVENUE,INTERSECTION,,,,Closed,,The Department of Sanitation cleaned the location.,06/22/2023 05:02:22 AM,11 MANHATTAN,09,Precinct 25,,MANHATTAN,1002289,235866,PHONE,Unspecified,MANHATTAN,,,,,,,,40.8140550153757,-73.93483171548912,POINT (-73.934831715489 40.814055015376)
57949362,06/19/2023 10:40:01 AM,08/09/2023 12:00:00 AM,DOB,Department of Buildings,Elevator,Elevator - Single Device On Property/No Alternate Service,,,10033,870 WEST  181 STREET,WEST  181 STREET,,,,,ADDRESS,NEW YORK,,,Closed,,The Department of Buildings investigated this complaint and determined that no further action was necessary.,08/09/2023 12:00:00 AM,12 MANHATTAN,10,Precinct 34,1021770170,MANHATTAN,1000532,249458,UNKNOWN,Unspecified,MANHATTAN,,,,,,,,40.85136454820782,-73.94114611872061,POINT (-73.941146118721 40.851364548208)
57941487,06/19/2023 09:37:45 PM,06/19/2023 09:46:54 PM,NYPD,New York City Police Department,Noise - Residential,Loud Talking,,Residential Building/House,10010,219 EAST   25 STREET,EAST   25 STREET,3 AVENUE,2 AVENUE,3 AVENUE,2 AVENUE,ADDRESS,NEW YORK,EAST   25 STREET,,Closed,,The Police Department responded to the complaint and took action to fix the condition.,06/19/2023 09:46:59 PM,06 MANHATTAN,02,Precinct 13,1009060011,MANHATTAN,989354,208828,PHONE,Unspecified,MANHATTAN,,,,,,,,40.739859772665696,-73.981581656678,POINT (-73.981581656678 40.739859772666)
57939480,06/18/2023 08:28:58 PM,06/18/2023 08:37:26 PM,NYPD,New York City Police Department,Noise - Residential,Loud Music/Party,,Residential Building/House,11434,140-18 170 STREET,170 STREET,140 AVENUE,143 ROAD,140 AVENUE,143 ROAD,ADDRESS,JAMAICA,170 STREET,,Closed,,The Police Department responded to the complaint and took action to fix the condition.,06/18/2023 08:37:30 PM,12 QUEENS,28,Precinct 113,4125870003,QUEENS,1048040,183604,ONLINE,Unspecified,QUEENS,,,,,,,,40.6703974948536,-73.77004626825726,POINT (-73.770046268257 40.670397494854)
57942540,06/19/2023 11:38:32 AM,06/21/2023 02:43:18 PM,HPD,Department of Housing Preservation and Development,GENERAL,COOKING GAS,SHUT-OFF,RESIDENTIAL BUILDING,10456,3430 PARK AVENUE,PARK AVENUE,,,,,ADDRESS,BRONX,,,Closed,,"The Department of Housing Preservation and Development contacted an occupant of the apartment and verified that the following conditions were corrected. The complaint has been closed. If the condition still exists, please file a new complaint.",06/21/2023 12:00:00 AM,03 BRONX,16,Precinct 42,2023880030,BRONX,1009353,241612,ONLINE,Unspecified,BRONX,,,,,,,,40.82980890333846,-73.90929059681999,POINT (-73.90929059682 40.829808903338)
57936681,06/18/2023 11:03:10 AM,07/12/2023 02:42:40 PM,DOHMH,Department of Health and Mental Hygiene,Rodent,Signs of Rodents,,3+ Family Apt. Building,11216,1448 PACIFIC STREET,PACIFIC STREET,BROOKLYN AVENUE,KINGSTON AVENUE,BROOKLYN AVENUE,KINGSTON AVENUE,ADDRESS,BROOKLYN,PACIFIC STREET,,Closed,,This service request was closed because the Department of Health and Mental Hygiene received an earlier complaint about the same location.  You can find inspection results for this address by going to the online Rat Portal at www.nyc.gov/rats.,06/18/2023 11:03:10 AM,08 BROOKLYN,36,Precinct 77,3012090035,BROOKLYN,1000277,186016,MOBILE,Unspecified,BROOKLYN,,,,,,,,40.6772331999956,-73.94221912136702,POINT (-73.942219121367 40.677233199996)
57949272,06/19/2023 10:24:09 PM,06/21/2023 01:28:51 PM,DOHMH,Department of Health and Mental Hygiene,Unsanitary Animal Pvt Property,Cat,,1-2 Family Dwelling,11234,809 EAST   56 STREET,EAST   56 STREET,FOSTER AVENUE,FARRAGUT ROAD,FOSTER AVENUE,FARRAGUT ROAD,ADDRESS,BROOKLYN,EAST   56 STREET,,Closed,,This service request was closed because the Department of Health and Mental Hygiene received an earlier complaint about the same location.  You can find inspection results for this address by going to the online Rat Portal at www.nyc.gov/rats.,06/19/2023 10:24:09 PM,18 BROOKLYN,45,Precinct 63,3079740019,BROOKLYN,1005640,171219,ONLINE,Unspecified,BROOKLYN,,,,,,,,40.63660736185511,-73.92293126394107,POINT (-73.922931263941 40.636607361855)
57939840,06/18/2023 08:38:00 PM,06/21/2023 11:45:00 PM,DEP,Department of Environmental Protection,Noise,Noise: Construction Before/After Hours (NM1),NM1,,11104,41-49 45 STREET,45 STREET,SKILLMAN AVE,43 AVE,,,ADDRESS,SUNNYSIDE,,N/A,Closed,,"The Department of Environmental Protection (DEP) didn't observe a violation of the NYC Air or Noise Code at the time of inspection and couldn't issue a summons.  If the problem still exists, please go to nyc.gov/311 or call 311 to file a new Service Request. If you're outside of New York City, please call (212) NEW-YORK (212-639-9675).",06/21/2023 11:45:00 PM,02 QUEENS,26,Precinct 108,4001560003,QUEENS,1006696,211211,ONLINE,Unspecified,QUEENS,,,,,,,,40.746373498849415,-73.91899321881036,POINT (-73.91899321881 40.746373498849)
57942837,06/19/2023 08:28:58 PM,06/22/2023 03:45:20 PM,DSNY,Department of Sanitation,Obstruction,Trash or Recycling,Street,Street,11427,80-50 208 STREET,208 STREET,UNION TURNPIKE,HOLLIS HILLS TERRACE,UNION TURNPIKE,HOLLIS HILLS TERRACE,ADDRESS,QUEENS VILLAGE,208 STREET,,Closed,,The Department of Sanitation investigated this complaint and found no violation at the location.,06/20/2023 04:53:05 AM,11 QUEENS,23,Precinct 111,4077810001,QUEENS,1050143,206057,PHONE,Unspecified,QUEENS,,,,,,,,40.73201009132694,-73.76224560930147,POINT (-73.762245609301 40.732010091327)
57938589,06/18/2023 04:31:57 PM,06/18/2023 08:24:32 PM,NYPD,New York City Police Department,Illegal Parking,Blocked Hydrant,,Street/Sidewalk,11372,35-20 73 STREET,73 STREET,35 AVENUE,37 AVENUE,35 AVENUE,37 AVENUE,ADDRESS,JACKSON HEIGHTS,73 STREET,,Closed,,The Police Department responded and upon arrival those responsible for the condition were gone.,06/18/2023 08:24:36 PM,03 QUEENS,25,Precinct 115,4012720012,QUEENS,1013895,212749,MOBILE,Unspecified,QUEENS,,,,,,,,40.75057371545699,-73.89300553793126,POINT (-73.893005537931 40.750573715457)
57948930,06/19/2023 02:21:48 AM,06/19/2023 02:47:01 AM,NYPD,New York City Police Department,Noise - Residential,Loud Music/Party,,Residential Building/House,11693,8200 SHOREFRONT PARKWAY,SHOREFRONT PARKWAY,BEACH   81 STREET,BEACH   84 STREET,BEACH   81 STREET,BEACH   84 STREET,ADDRESS,FAR ROCKAWAY,SHORE FRONT PARKWAY,,Closed,,The Police Department responded to the complaint and took action to fix the condition.,06/19/2023 02:47:05 AM,14 QUEENS,32,Precinct 100,4161300001,QUEENS,1037822,152923,PHONE,Unspecified,QUEENS,,,,,,,,40.586252550582934,-73.80712407651548,POINT (-73.807124076515 40.586252550583)
57943404,06/19/2023 11:10:25 PM,06/19/2023 11:52:10 PM,NYPD,New York City Police Department,Noise - Residential,Loud Talking,,Residential Building/House,11210,767 EAST   32 STREET,EAST   32 STREET,GLENWOOD ROAD,AVENUE H,GLENWOOD ROAD,AVENUE H,ADDRESS,BROOKLYN,EAST   32 STREET,,Closed,,The Police Department responded to the complaint and with the information available observed no evidence of the violation at that time.,06/19/2023 11:52:15 PM,17 BROOKLYN,45,Precinct 67,3075600015,BROOKLYN,999321,169778,PHONE,Unspecified,BROOKLYN,,,,,,,,40.63266512940476,-73.94570199939787,POINT (-73.945701999398 40.632665129405)
57948363,06/19/2023 03:32:00 PM,06/21/2023 08:30:00 AM,DEP,Department of Environmental Protection,Sewer,Catch Basin Clogged/Flooding (Use Comments) (SC),SC,,11001,255-33 87 ROAD,87 ROAD,LITTLE NECK PKWY,256 ST,,,ADDRESS,FLORAL PARK,,,Closed,,"The Department of Environmental Protection inspected your complaint and cleaned the catch basin or inlet. If the condition returns, please call 311 (or 212-639-9675 if calling from a non-New York City area code) to submit a new complaint.",06/21/2023 08:30:00 AM,13 QUEENS,23,Precinct 105,4088290027,QUEENS,1064622,204990,PHONE,Unspecified,QUEENS,,,,,,,,40.72896173801833,-73.71001573453708,POINT (-73.710015734537 40.728961738018)
57950163,06/20/2023 11:06:02 AM,06/20/2023 11:37:38 AM,NYPD,New York City Police Department,Illegal Parking,Posted Parking Sign Violation,,Street/Sidewalk,10038,46 CLIFF STREET,CLIFF STREET,FULTON STREET,BEEKMAN STREET,FULTON STREET,BEEKMAN STREET,ADDRESS,NEW YORK,CLIFF STREET,,Closed,,The Police Department responded to the complaint and took action to fix the condition.,06/20/2023 11:37:42 AM,01 MANHATTAN,01,Precinct 1,1000950043,MANHATTAN,983022,197414,MOBILE,Unspecified,MANHATTAN,,,,,,,,40.70853249780506,-74.00442928995692,POINT (-74.004429289957 40.708532497805)
57952062,06/20/2023 12:09:43 PM,06/24/2023 05:16:36 PM,HPD,Department of Housing Preservation and Development,PLUMBING,BATHTUB/SHOWER,FAUCET BROKEN/MISSING/LEAKING,RESIDENTIAL BUILDING,11434,172-40 133 AVENUE,133 AVENUE,,,,,ADDRESS,JAMAICA,,,Closed,,The Department of Housing Preservation and Development inspected the following conditions. No violations were issued. The complaint has been closed.,06/24/2023 12:00:00 AM,12 QUEENS,28,Precinct 113,4124950002,QUEENS,1048406,185652,PHONE,Unspecified,QUEENS,,,,,,,,40.67601613067662,-73.76870740383659,POINT (-73.768707403837 40.676016130677)
57945546,06/19/2023 03:26:11 PM,06/19/2023 04:06:07 PM,NYPD,New York City Police Department,Noise - Residential,Loud Music/Party,,Residential Building/House,10029,1365 5 AVENUE,5 AVENUE,EAST  112 STREET,EAST  115 STREET,EAST  112 STREET,EAST  115 STREET,ADDRESS,NEW YORK,5 AVENUE,,Closed,,The Police Department responded to the complaint and took action to fix the condition.,06/19/2023 04:06:14 PM,11 MANHATTAN,08,Precinct 23,1016180001,MANHATTAN,998703,230311,ONLINE,Unspecified,MANHATTAN,,,,,,,,40.79881467021513,-73.94779857268328,POINT (-73.947798572683 40.798814670215)
57939012,06/18/2023 08:53:16 PM,06/19/2023 04:15:57 AM,NYPD,New York City Police Department,Noise - Residential,Loud Music/Party,,Residential Building/House,10461,3150 SANDS PLACE,SANDS PLACE,SCHUYLER PLACE,BRUCKNER BOULEVARD,SCHUYLER PLACE,BRUCKNER BOULEVARD,ADDRESS,BRONX,SANDS PLACE,,Closed,,The Police Department responded to the complaint and with the information available observed no evidence of the violation at that time.,06/19/2023 04:16:01 AM,10 BRONX,13,Precinct 45,,BRONX,1031854,249355,ONLINE,Unspecified,BRONX,,,,,,,,40.850968526725595,-73.82792868967913,POINT (-73.827928689679 40.850968526726)
57939093,06/19/2023 12:38:55 AM,06/19/2023 12:55:17 AM,NYPD,New York City Police Department,Noise - Residential,Banging/Pounding,,Residential Building/House,10467,3346 HULL AVENUE,HULL AVENUE,EAST  209 STREET,EAST GUN HILL ROAD,EAST  209 STREET,EAST GUN HILL ROAD,ADDRESS,BRONX,HULL AVENUE,,Closed,,The Police Department responded to the complaint and with the information available observed no evidence of the violation at that time.,06/19/2023 12:55:20 AM,07 BRONX,11,Precinct 52,2033520029,BRONX,1019145,259108,ONLINE,Unspecified,BRONX,,,,,,,,40.877796904633854,-73.87381628837076,POINT (-73.873816288371 40.877796904634)
57938769,06/18/2023 08:28:53 PM,06/20/2023 02:58:16 PM,DSNY,Department of Sanitation,Dead Animal,Cat,Street or Sidewalk,Sidewalk,11219,930 56 STREET,56 STREET,9 AVENUE,FORT HAMILTON PARKWAY,9 AVENUE,FORT HAMILTON PARKWAY,ADDRESS,BROOKLYN,56 STREET,,Closed,,The Department of Sanitation cleaned the location.,06/19/2023 10:14:22 PM,12 BROOKLYN,43,Precinct 66,3056870020,BROOKLYN,983095,170954,PHONE,Unspecified,BROOKLYN,,,,,,,,40.63590574517589,-74.00416145127676,POINT (-74.004161451277 40.635905745176)
57938049,06/18/2023 10:12:45 PM,06/18/2023 10:21:22 PM,NYPD,New York City Police Department,Noise - Residential,Loud Music/Party,,Residential Building/House,10473,LACOMBE AVENUE,LACOMBE AVENUE,LACOMBE AVENUE,ROSEDALE AVENUE,LACOMBE AVENUE,ROSEDALE AVENUE,INTERSECTION,,,,Closed,,The Police Department responded to the complaint and took action to fix the condition.,06/18/2023 10:21:27 PM,09 BRONX,18,Precinct 43,,BRONX,1021558,236061,ONLINE,Unspecified,BRONX,,,,,,,,40.814529874515266,-73.86521889011219,POINT (-73.865218890112 40.814529874515)
57939615,06/18/2023 03:48:34 AM,06/18/2023 05:48:34 PM,HPD,Department of Housing Preservation and Development,UNSANITARY CONDITION,MOLD,N/A,RESIDENTIAL BUILDING,11415,83-14 LEFFERTS BOULEVARD,LEFFERTS BOULEVARD,,,,,ADDRESS,KEW GARDENS,,,Closed,,The Department of Housing Preservation and Development inspected the following conditions. No violations were issued. The complaint has been closed.,06/18/2023 12:00:00 AM,09 QUEENS,29,Precinct 102,4033220111,QUEENS,1030897,196412,PHONE,Unspecified,QUEENS,,,,,,,,40.70565937375607,-73.83175544742832,POINT (-73.831755447428 40.705659373756)
57940353,06/18/2023 03:19:04 PM,06/18/2023 03:49:15 PM,NYPD,New York City Police Department,Noise - Vehicle,Car/Truck Music,,Street/Sidewalk,11692,328 BEACH   66 STREET,BEACH   66 STREET,DEAD END,BEACH CHANNEL DRIVE,DEAD END,BEACH CHANNEL DRIVE,ADDRESS,ARVERNE,BEACH   66 STREET,,Closed,,The Police Department responded to the complaint and took action to fix the condition.,06/18/2023 03:49:18 PM,14 QUEENS,31,Precinct 100,4159100031,QUEENS,1041164,155123,ONLINE,Unspecified,QUEENS,,,,,,,,40.59227026671078,-73.79507334608267,POINT (-73.795073346083 40.592270266711)
57946401,06/19/2023 04:14:57 PM,06/19/2023 10:49:34 PM,DHS,Department of Homeless Services,Homeless Person Assistance,,,Residential Building/House,10473,2070 SEWARD AVENUE,SEWARD AVENUE,PUGSLEY AVENUE,OLMSTEAD AVENUE,PUGSLEY AVENUE,OLMSTEAD AVENUE,ADDRESS,BRONX,SEWARD AVENUE,,Closed,,The mobile outreach response team went to the location provided but could not find the individual that you reported.,06/19/2023 10:49:34 PM,09 BRONX,18,Precinct 43,2035670001,BRONX,1025034,238263,MOBILE,Unspecified,BRONX,,,,,,,,40.820558374069385,-73.85264792584924,POINT (-73.852647925849 40.820558374069)
57936123,06/18/2023 09:06:40 PM,06/20/2023 03:29:46 PM,HPD,Department of Housing Preservation and Development,HEAT/HOT WATER,ENTIRE BUILDING,NO HOT WATER,RESIDENTIAL BUILDING,10452,974 ANDERSON AVENUE,ANDERSON AVENUE,,,,,ADDRESS,BRONX,,,Closed,,"The Department of Housing Preservation and Development contacted an occupant of the apartment and verified that the following conditions were corrected. The complaint has been closed. If the condition still exists, please file a new complaint.",06/20/2023 12:00:00 AM,04 BRONX,08,Precinct 44,2025040072,BRONX,1004284,242293,PHONE,Unspecified,BRONX,,,,,,,,40.83169100499876,-73.92760532719244,POINT (-73.927605327192 40.831691004999)
57945780,06/19/2023 03:05:10 PM,06/27/2023 08:12:35 AM,HPD,Department of Housing Preservation and Development,PLUMBING,BASIN/SINK,BASIN MISSING,RESIDENTIAL BUILDING,10454,237 WILLIS AVENUE,WILLIS AVENUE,,,,,ADDRESS,BRONX,,,Closed,,The Department of Housing Preservation and Development inspected the following conditions. Violations were issued. Information about specific violations is available at www.nyc.gov/hpd,06/27/2023 12:00:00 AM,01 BRONX,08,Precinct 40,2023010028,BRONX,1005615,234104,PHONE,Unspecified,BRONX,,,,,,,,40.80921139978787,-73.92282171260759,POINT (-73.922821712608 40.809211399788)
57938985,06/18/2023 02:31:48 AM,11/09/2023 11:40:19 AM,DPR,Department of Parks and Recreation,Damaged Tree,Branch or Limb Has Fallen Down,Blocking Sidewalk,Street,11218,682 EAST    4 STREET,EAST    4 STREET,DITMAS AVENUE,AVENUE F,DITMAS AVENUE,AVENUE F,ADDRESS,BROOKLYN,EAST    4 STREET,,Closed,,NYC Parks visited the site and inspected the condition. No work is necessary at this time.,11/09/2023 11:40:23 AM,12 BROOKLYN,40,Precinct 66,3053970014,BROOKLYN,991210,170710,UNKNOWN,Unspecified,BROOKLYN,,,,,,,,40.635233357961106,-73.97492345503123,POINT (-73.974923455031 40.635233357961)
57940344,06/18/2023 12:03:09 PM,06/18/2023 12:11:32 PM,NYPD,New York City Police Department,Noise - Commercial,Loud Music/Party,,Store/Commercial,10014,13 MORTON STREET,MORTON STREET,BLEECKER STREET,7 AVENUE SOUTH,BLEECKER STREET,7 AVENUE SOUTH,ADDRESS,NEW YORK,MORTON STREET,,Closed,,The Police Department responded to the complaint and with the information available observed no evidence of the violation at that time.,06/18/2023 12:11:37 PM,02 MANHATTAN,03,Precinct 6,1005877502,MANHATTAN,983153,205680,MOBILE,Unspecified,MANHATTAN,,,,,,,,40.73122069410042,-74.00395813146663,POINT (-74.003958131467 40.7312206941)
57936339,06/18/2023 01:57:14 PM,06/18/2023 02:30:08 PM,NYPD,New York City Police Department,Illegal Parking,Blocked Hydrant,,Street/Sidewalk,10019,811 7 AVENUE,7 AVENUE,WEST   52 STREET,WEST   53 STREET,WEST   52 STREET,WEST   53 STREET,ADDRESS,NEW YORK,7 AVENUE,,Closed,,The Police Department responded to the complaint and with the information available observed no evidence of the violation at that time.,06/18/2023 02:30:13 PM,05 MANHATTAN,04,Precinct 18,1010050001,MANHATTAN,989210,217140,ONLINE,Unspecified,MANHATTAN,,,,,,,,40.76267419253271,-73.98209516552761,POINT (-73.982095165528 40.762674192533)
57943341,06/19/2023 10:35:31 PM,06/19/2023 11:01:34 PM,NYPD,New York City Police Department,Noise - Residential,Loud Music/Party,,Residential Building/House,11208,120 HIGHLAND PLACE,HIGHLAND PLACE,RIDGEWOOD AVENUE,ARLINGTON AVENUE,RIDGEWOOD AVENUE,ARLINGTON AVENUE,ADDRESS,BROOKLYN,HIGHLAND PLACE,,Closed,,The Police Department responded to the complaint and took action to fix the condition.,06/19/2023 11:01:39 PM,05 BROOKLYN,37,Precinct 75,3039290047,BROOKLYN,1017132,187921,PHONE,Unspecified,BROOKLYN,,,,,,,,40.68241542587097,-73.88144387961088,POINT (-73.881443879611 40.682415425871)
57939048,06/18/2023 09:48:14 PM,06/18/2023 10:16:41 PM,NYPD,New York City Police Department,Noise - Residential,Banging/Pounding,,Residential Building/House,10032,516 WEST  167 STREET,WEST  167 STREET,AMSTERDAM AVENUE,AUDUBON AVENUE,AMSTERDAM AVENUE,AUDUBON AVENUE,ADDRESS,NEW YORK,WEST  167 STREET,,Closed,,The Police Department responded to the complaint and took action to fix the condition.,06/18/2023 10:16:45 PM,12 MANHATTAN,10,Precinct 33,1021230054,MANHATTAN,1001386,245168,ONLINE,Unspecified,MANHATTAN,,,,,,,,40.839588145100706,-73.93807016387643,POINT (-73.938070163876 40.839588145101)
57936465,06/18/2023 07:20:45 PM,06/18/2023 08:03:17 PM,NYPD,New York City Police Department,Illegal Parking,Double Parked Blocking Traffic,,Street/Sidewalk,10314,145 ADA DRIVE,ADA DRIVE,LENORE COURT,ARLENE COURT,LENORE COURT,ARLENE COURT,ADDRESS,STATEN ISLAND,ADA DRIVE,,Closed,,The Police Department responded to the complaint and took action to fix the condition.,06/18/2023 08:03:22 PM,01 STATEN ISLAND,49,Precinct 121,5016580081,STATEN ISLAND,940197,165406,MOBILE,Unspecified,STATEN ISLAND,,,,,,,,40.6205682062218,-74.15868605047835,POINT (-74.158686050478 40.620568206222)
57950244,06/20/2023 08:44:45 AM,06/20/2023 09:08:24 AM,NYPD,New York City Police Department,Illegal Parking,Double Parked Blocking Traffic,,Street/Sidewalk,11211,233 AINSLIE STREET,AINSLIE STREET,MANHATTAN AVENUE,GRAHAM AVENUE,MANHATTAN AVENUE,GRAHAM AVENUE,ADDRESS,BROOKLYN,AINSLIE STREET,,Closed,,The Police Department responded to the complaint and took action to fix the condition.,06/20/2023 09:08:28 AM,01 BROOKLYN,34,Precinct 90,,BROOKLYN,999572,199061,MOBILE,Unspecified,BROOKLYN,,,,,,,,40.71303993959016,-73.94473112823455,POINT (-73.944731128235 40.71303993959)
57937959,06/18/2023 08:16:01 PM,06/18/2023 09:01:22 PM,NYPD,New York City Police Department,Noise - Residential,Loud Music/Party,,Residential Building/House,11417,135-26 95 STREET,95 STREET,LINDEN BOULEVARD,PITKIN AVENUE,LINDEN BOULEVARD,PITKIN AVENUE,ADDRESS,OZONE PARK,95 STREET,,Closed,,The Police Department responded to the complaint and with the information available observed no evidence of the violation at that time.,06/18/2023 09:01:27 PM,10 QUEENS,32,Precinct 106,4115130019,QUEENS,1028215,184766,ONLINE,Unspecified,QUEENS,,,,,,,,40.67370756848789,-73.84150475809228,POINT (-73.841504758092 40.673707568488)
57938553,06/18/2023 11:27:37 PM,06/18/2023 11:47:21 PM,NYPD,New York City Police Department,Blocked Driveway,No Access,,Street/Sidewalk,11223,2118 WEST FIFTH STREET,WEST FIFTH STREET,AVENUE U,LAMA COURT,AVENUE U,LAMA COURT,ADDRESS,BROOKLYN,WEST    5 STREET,,Closed,,The Police Department issued a summons in response to the complaint.,06/18/2023 11:47:26 PM,15 BROOKLYN,43,Precinct 61,3071210013,BROOKLYN,990793,156487,MOBILE,Unspecified,BROOKLYN,,,,,,,,40.596194486438634,-73.97643966878569,POINT (-73.976439668786 40.596194486439)
57948579,06/19/2023 02:24:57 PM,06/22/2023 06:28:48 AM,DSNY,Department of Sanitation,Missed Collection,Compost,N/A,Street,11102,24-20 29 STREET,29 STREET,24 AVENUE,DOROTHY PLACE,24 AVENUE,DOROTHY PLACE,ADDRESS,ASTORIA,29 STREET,,Closed,,The Department of Sanitation investigated this complaint and found no condition at the location.,06/20/2023 12:08:37 PM,01 QUEENS,22,Precinct 114,4008410037,QUEENS,1007274,220768,ONLINE,Unspecified,QUEENS,,,,,,,,40.77260351832685,-73.91687450936261,POINT (-73.916874509363 40.772603518327)
57936078,06/18/2023 06:28:45 PM,06/18/2023 06:57:19 PM,NYPD,New York City Police Department,Noise - Residential,Loud Music/Party,,Residential Building/House,11428,215-50 JAMAICA AVENUE,JAMAICA AVENUE,215 PLACE,216 STREET,215 PLACE,216 STREET,ADDRESS,QUEENS VILLAGE,JAMAICA AVENUE,,Closed,,The Police Department responded to the complaint and took action to fix the condition.,06/18/2023 06:57:24 PM,13 QUEENS,27,Precinct 105,4107590147,QUEENS,1056477,200749,ONLINE,Unspecified,QUEENS,,,,,,,,40.717391529064564,-73.73944843662133,POINT (-73.739448436621 40.717391529065)
57941091,06/20/2023 01:06:23 AM,06/20/2023 01:40:26 AM,NYPD,New York City Police Department,Blocked Driveway,Partial Access,,Street/Sidewalk,11203,382 EAST   54 STREET,EAST   54 STREET,SNYDER AVENUE,TILDEN AVENUE,SNYDER AVENUE,TILDEN AVENUE,ADDRESS,BROOKLYN,EAST   54 STREET,,Closed,,The Police Department issued a summons in response to the complaint.,06/20/2023 01:40:30 AM,17 BROOKLYN,45,Precinct 67,3047250022,BROOKLYN,1004721,175867,PHONE,Unspecified,BROOKLYN,,,,,,,,40.64936728982173,-73.92622833997409,POINT (-73.926228339974 40.649367289822)
57936330,06/18/2023 08:13:49 AM,06/18/2023 09:16:27 AM,NYPD,New York City Police Department,Blocked Driveway,No Access,,Street/Sidewalk,11377,49-10 47 AVENUE,47 AVENUE,49 STREET,50 STREET,49 STREET,50 STREET,ADDRESS,WOODSIDE,47 AVENUE,,Closed,,The Police Department issued a summons in response to the complaint.,06/18/2023 09:16:33 AM,02 QUEENS,26,Precinct 108,4022870028,QUEENS,1007547,209183,PHONE,Unspecified,QUEENS,,,,,,,,40.740804947040736,-73.91592901758395,POINT (-73.915929017584 40.740804947041)
57952206,06/20/2023 04:50:27 PM,06/23/2023 02:49:11 PM,HPD,Department of Housing Preservation and Development,UNSANITARY CONDITION,PESTS,ROACHES,RESIDENTIAL BUILDING,11232,327 43 STREET,43 STREET,,,,,ADDRESS,BROOKLYN,,,Closed,,"The Department of Housing Preservation and Development contacted an occupant of the apartment and verified that the following conditions were corrected. The complaint has been closed. If the condition still exists, please file a new complaint.",06/23/2023 12:00:00 AM,07 BROOKLYN,38,Precinct 72,3007230065,BROOKLYN,981546,176508,PHONE,Unspecified,BROOKLYN,,,,,,,,40.65114994286522,-74.00974470595162,POINT (-74.009744705952 40.651149942865)
57937356,06/18/2023 06:13:59 PM,06/20/2023 01:17:00 PM,DOT,Department of Transportation,Street Condition,Pothole,,,11229,GRAVESEND NECK ROAD,GRAVESEND NECK ROAD,EAST   16 STREET,EAST   17 STREET,,,BLOCKFACE,BROOKLYN,,N/A,Closed,,The Department of Transportation inspected this complaint and repaired the problem.,06/20/2023 01:17:00 PM,15 BROOKLYN,,Precinct 61,,BROOKLYN,,,UNKNOWN,Unspecified,BROOKLYN,,,,,,,,,,
57960540,06/21/2023 09:31:39 AM,06/10/2025 11:13:28 AM,DPR,Department of Parks and Recreation,Overgrown Tree/Branches,Blocking Street,N/A,Street,11433,164-21 O'DONNELL ROAD,O'DONNELL ROAD,LINDEN BOULEVARD,DEAD END,LINDEN BOULEVARD,DEAD END,ADDRESS,JAMAICA,ODONNELL ROAD,,Closed,,"Under NYC Parksâ Tree Risk Management Program, work is prioritized to address the conditions with the highest risk first.  NYC Parks determined that the issue will be addressed in the next pruning cycle through the routine block pruning program.  For more information about the Tree Risk Management Program, visit the NYC Urban Forest page on the NYC Parks website at nyc.gov/parks/trees.   To learn more about the trees in your neighborhood, visit the NYC Tree Map at nyc.gov/parks/treemap.",06/10/2025 11:13:32 AM,12 QUEENS,28,Precinct 113,4123200114,QUEENS,1043991,190657,PHONE,Unspecified,QUEENS,,,,,,,,40.6897845700578,-73.78457974183308,POINT (-73.784579741833 40.689784570058)
57936177,06/18/2023 04:46:28 AM,06/24/2023 06:13:03 PM,HPD,Department of Housing Preservation and Development,SAFETY,FIRE ESCAPE,WINDOW BROKEN OR BLOCKED,RESIDENTIAL BUILDING,10452,974 ANDERSON AVENUE,ANDERSON AVENUE,,,,,ADDRESS,BRONX,,,Closed,,The Department of Housing Preservation and Development inspected the following conditions. No violations were issued. The complaint has been closed.,06/24/2023 12:00:00 AM,04 BRONX,08,Precinct 44,2025040072,BRONX,1004284,242293,PHONE,Unspecified,BRONX,,,,,,,,40.83169100499876,-73.92760532719244,POINT (-73.927605327192 40.831691004999)
57936141,06/18/2023 11:13:08 PM,06/18/2023 11:23:54 PM,NYPD,New York City Police Department,Noise - Street/Sidewalk,Loud Music/Party,,Street/Sidewalk,11208,1257 LORING AVENUE,LORING AVENUE,AUTUMN AVENUE,ELDERT LANE,AUTUMN AVENUE,ELDERT LANE,ADDRESS,BROOKLYN,LORING AVENUE,,Closed,,The Police Department responded to the complaint and took action to fix the condition.,06/18/2023 11:24:00 PM,05 BROOKLYN,42,Precinct 75,3044880001,BROOKLYN,1021547,182437,PHONE,Unspecified,BROOKLYN,,,,,,,,40.66734559594958,-73.86555595819786,POINT (-73.865555958198 40.66734559595)
57947751,06/19/2023 02:39:59 AM,06/19/2023 03:12:28 AM,NYPD,New York City Police Department,Noise - Street/Sidewalk,Loud Music/Party,,Street/Sidewalk,10462,HUNT AVENUE,HUNT AVENUE,HUNT AVENUE,MORRIS PARK AVENUE,HUNT AVENUE,MORRIS PARK AVENUE,INTERSECTION,,,,Closed,,The Police Department responded to the complaint and with the information available observed no evidence of the violation at that time.,06/19/2023 03:12:35 AM,11 BRONX,13,Precinct 49,,BRONX,1021547,247314,ONLINE,Unspecified,BRONX,,,,,,,,40.84541614523347,-73.8651960677966,POINT (-73.865196067797 40.845416145233)
57940875,06/19/2023 05:49:51 PM,06/21/2023 09:03:42 PM,DSNY,Department of Sanitation,Commercial Disposal Complaint,Private Carter Decal Not Posted,N/A,Street,10016,700 2 AVENUE,2 AVENUE,EAST   37 STREET,EAST   38 STREET,EAST   37 STREET,EAST   38 STREET,ADDRESS,NEW YORK,2 AVENUE,,Closed,,The Department of Sanitation investigated this complaint and found no violation at the location.,06/21/2023 09:03:45 PM,06 MANHATTAN,04,Precinct 17,1009430059,MANHATTAN,991426,211503,ONLINE,Unspecified,MANHATTAN,,,,,,,,40.74720054065041,-73.97410176405951,POINT (-73.97410176406 40.74720054065)
57936645,06/18/2023 03:38:28 PM,02/20/2025 09:23:57 AM,DPR,Department of Parks and Recreation,Overgrown Tree/Branches,Hitting Building,N/A,Street,11231,100 COFFEY STREET,COFFEY STREET,RICHARDS STREET,VAN BRUNT STREET,RICHARDS STREET,VAN BRUNT STREET,ADDRESS,BROOKLYN,COFFEY STREET,,Closed,,"Under NYC Parksâ Tree Risk Management Program, work is prioritized to address the conditions with the highest risk first.  NYC Parks determined that the issue will be addressed in the next pruning cycle through the routine block pruning program.  For more information about the Tree Risk Management Program, visit the NYC Urban Forest page on the NYC Parks website at nyc.gov/parks/trees.   To learn more about the trees in your neighborhood, visit the NYC Tree Map at nyc.gov/parks/treemap.",02/20/2025 09:24:02 AM,06 BROOKLYN,38,Precinct 76,3005870049,BROOKLYN,980487,185510,PHONE,Unspecified,BROOKLYN,,,,,,,,40.67585805288257,-74.01356616635324,POINT (-74.013566166353 40.675858052883)
57938715,06/18/2023 11:56:00 AM,06/20/2023 11:02:00 AM,DEP,Department of Environmental Protection,Lead,Lead Kit Request (Residential) (L10),L10,,11216,1238 BEDFORD AVENUE,BEDFORD AVENUE,HANCOCK ST,HALSEY ST,,,ADDRESS,BROOKLYN,,N/A,Closed,,The Department of Environmental Protection (DEP) mailed you the free lead test kit you requested. The kit includes instructions for collecting a water sample and contact information for DEP's Lead Program Unit if you have any questions. Please use the included pre-paid label to mail the sample to the lab for analysis. It may take the lab up to 30 days to complete their analysis and mail you the test results. This Service Request is closed and no further status will be available from 311.,06/20/2023 11:02:00 AM,03 BROOKLYN,36,Precinct 79,3020000024,BROOKLYN,997123,187634,ONLINE,Unspecified,BROOKLYN,,,,,,,,40.68167939117321,-73.95358689561333,POINT (-73.953586895613 40.681679391173)
57936024,06/18/2023 08:07:16 PM,06/18/2023 08:19:27 PM,NYPD,New York City Police Department,Noise - Street/Sidewalk,Loud Music/Party,,Street/Sidewalk,10467,2400 BRONX PARK EAST,BRONX PARK EAST,WARING AVENUE,MACE AVENUE,WARING AVENUE,MACE AVENUE,ADDRESS,BRONX,BRONX PARK EAST,,Closed,,The Police Department responded to the complaint and took action to fix the condition.,06/18/2023 08:19:31 PM,11 BRONX,15,Precinct 49,2044240008,BRONX,1020057,253239,MOBILE,Unspecified,BRONX,,,,,,,,40.86168465710368,-73.87054977537795,POINT (-73.870549775378 40.861684657104)
57938670,06/18/2023 04:36:23 PM,06/18/2023 04:55:15 PM,NYPD,New York City Police Department,Blocked Driveway,Partial Access,,Street/Sidewalk,11216,1127 BERGEN STREET,BERGEN STREET,NOSTRAND AVENUE,NEW YORK AVENUE,NOSTRAND AVENUE,NEW YORK AVENUE,ADDRESS,BROOKLYN,BERGEN STREET,,Closed,,The Police Department issued a summons in response to the complaint.,06/18/2023 04:55:20 PM,08 BROOKLYN,36,Precinct 77,3012130063,BROOKLYN,998568,185573,PHONE,Unspecified,BROOKLYN,,,,,,,,40.67602019436675,-73.94838138385641,POINT (-73.948381383856 40.676020194367)
57951666,06/20/2023 10:38:22 AM,06/20/2023 11:43:04 AM,NYPD,New York City Police Department,Illegal Parking,Posted Parking Sign Violation,,Street/Sidewalk,11101,10-24 49 AVENUE,49 AVENUE,VERNON BOULEVARD,JACKSON AVENUE,VERNON BOULEVARD,JACKSON AVENUE,ADDRESS,LONG ISLAND CITY,49 AVENUE,,Closed,,The Police Department issued a summons in response to the complaint.,06/20/2023 11:43:09 AM,02 QUEENS,26,Precinct 108,4000420011,QUEENS,997217,210077,MOBILE,Unspecified,QUEENS,,,,,,,,40.743279932857675,-73.95320475550983,POINT (-73.95320475551 40.743279932858)
57942081,06/19/2023 02:56:02 PM,06/19/2023 03:11:02 PM,NYPD,New York City Police Department,Illegal Parking,Blocked Bike Lane,,Street/Sidewalk,10023,119 CENTRAL PARK WEST,CENTRAL PARK WEST,CENTRAL PARK EXIT WEST   72 ST,WEST   73 STREET,CENTRAL PARK EXIT WEST   72 ST,WEST   73 STREET,ADDRESS,NEW YORK,CENTRAL PARK WEST,,Closed,,The Police Department responded to the complaint and with the information available observed no evidence of the violation at that time.,06/19/2023 03:11:07 PM,07 MANHATTAN,06,Precinct 20,1011250025,MANHATTAN,990928,222115,ONLINE,Unspecified,MANHATTAN,,,,,,,,40.77632814193197,-73.97588850767461,POINT (-73.975888507675 40.776328141932)
57939228,06/18/2023 04:21:30 AM,06/18/2023 05:56:08 AM,NYPD,New York City Police Department,Noise - Residential,Loud Music/Party,,Residential Building/House,11237,1499 DEKALB AVENUE,DEKALB AVENUE,KNICKERBOCKER AVENUE,IRVING AVENUE,KNICKERBOCKER AVENUE,IRVING AVENUE,ADDRESS,BROOKLYN,DEKALB AVENUE,,Closed,,The Police Department responded to the complaint and took action to fix the condition.,06/18/2023 05:56:15 AM,04 BROOKLYN,37,Precinct 83,3032360050,BROOKLYN,1005945,194954,ONLINE,Unspecified,BROOKLYN,,,,,,,,40.70175386760164,-73.92175595479424,POINT (-73.921755954794 40.701753867602)
57944322,06/19/2023 06:39:50 PM,06/19/2023 06:55:17 PM,NYPD,New York City Police Department,Bike/Roller/Skate Chronic,N/A,,Street/Sidewalk,10019,25 COLUMBUS CIRCLE,COLUMBUS CIRCLE,8 AVENUE,9 AVENUE,8 AVENUE,9 AVENUE,ADDRESS,NEW YORK,COLUMBUS CIRCLE,,Closed,,The Police Department responded to the complaint and determined that police action was not necessary.,06/19/2023 06:55:23 PM,04 MANHATTAN,06,Precinct 18,1010497501,MANHATTAN,988887,219058,ONLINE,Unspecified,MANHATTAN,,,,,,,,40.76793878204585,-73.98325982250293,POINT (-73.983259822503 40.767938782046)
57942675,06/20/2023 12:49:42 AM,06/20/2023 02:25:29 AM,NYPD,New York City Police Department,Noise - Vehicle,Car/Truck Music,,Street/Sidewalk,10452,1367 OGDEN AVENUE,OGDEN AVENUE,WEST  170 STREET,WEST  171 STREET,WEST  170 STREET,WEST  171 STREET,ADDRESS,BRONX,OGDEN AVENUE,,Closed,,The Police Department responded to the complaint and took action to fix the condition.,06/20/2023 02:25:33 AM,04 BRONX,16,Precinct 44,2025350026,BRONX,1005113,245996,ONLINE,Unspecified,BRONX,,,,,,,,40.841852744324946,-73.92459814389862,POINT (-73.924598143899 40.841852744325)
57945807,06/19/2023 08:56:14 AM,06/26/2023 03:03:48 PM,HPD,Department of Housing Preservation and Development,UNSANITARY CONDITION,PESTS,ROACHES,RESIDENTIAL BUILDING,10457,2274 GRAND CONCOURSE,GRAND CONCOURSE,,,,,ADDRESS,BRONX,,,Closed,,The Department of Housing Preservation and Development inspected the following conditions. Violations were issued. Information about specific violations is available at www.nyc.gov/hpd,06/26/2023 12:00:00 AM,05 BRONX,15,Precinct 46,2031580022,BRONX,1011887,251584,PHONE,Unspecified,BRONX,,,,,,,,40.85717153993044,-73.90009292697029,POINT (-73.90009292697 40.85717153993)
57950613,06/20/2023 10:17:23 AM,06/20/2023 11:57:45 AM,NYPD,New York City Police Department,Blocked Driveway,No Access,,Street/Sidewalk,11378,57-17 58 STREET,58 STREET,MASPETH AVENUE,57 ROAD,MASPETH AVENUE,57 ROAD,ADDRESS,MASPETH,58 STREET,,Closed,,The Police Department responded to the complaint and determined that police action was not necessary.,06/20/2023 11:57:50 AM,05 QUEENS,30,Precinct 104,4026720068,QUEENS,1008630,202554,PHONE,Unspecified,QUEENS,,,,,,,,40.72260705786969,-73.91204485950907,POINT (-73.912044859509 40.72260705787)
57939975,06/18/2023 03:50:57 AM,06/21/2023 10:39:25 AM,DCWP,Department of Consumer and Worker Protection,Consumer Complaint,"Smoking, Cigar, or Vape Store",Advertising False or Misleading,Business,10014,98 CHRISTOPHER STREET,CHRISTOPHER STREET,BLEECKER STREET,BEDFORD STREET,BLEECKER STREET,BEDFORD STREET,ADDRESS,NEW YORK,CHRISTOPHER STREET,,Closed,,"The Department of Consumer and Worker Protection (DCWP) determined this issue isn't within its jurisdiction.  Unfortunately, DCWP doesn't know of any agency that can act on the complaint and can't provide further assistance.",06/21/2023 10:39:33 AM,02 MANHATTAN,03,Precinct 6,1005880057,MANHATTAN,982943,206443,ONLINE,Unspecified,MANHATTAN,,,,,,,,40.73331491326739,-74.00471598944091,POINT (-74.004715989441 40.733314913267)
57935961,06/18/2023 07:35:03 PM,06/18/2023 08:04:14 PM,NYPD,New York City Police Department,Noise - Commercial,Loud Music/Party,,Club/Bar/Restaurant,11217,233 BUTLER STREET,BUTLER STREET,BOND STREET,NEVINS STREET,BOND STREET,NEVINS STREET,ADDRESS,BROOKLYN,BUTLER STREET,,Closed,,The Police Department responded to the complaint and took action to fix the condition.,06/18/2023 08:04:19 PM,06 BROOKLYN,39,Precinct 76,3004050051,BROOKLYN,988002,187734,ONLINE,Unspecified,BROOKLYN,,,,,,,,40.68196243389455,-73.98647225205205,POINT (-73.986472252052 40.681962433895)
57945474,06/19/2023 03:38:24 PM,06/19/2023 05:01:38 PM,NYPD,New York City Police Department,Blocked Driveway,No Access,,Street/Sidewalk,11413,145-41 230 STREET,230 STREET,145 AVENUE,146 AVENUE,145 AVENUE,146 AVENUE,ADDRESS,SPRINGFIELD GARDENS,230 STREET,,Closed,,The Police Department responded and upon arrival those responsible for the condition were gone.,06/19/2023 05:01:43 PM,13 QUEENS,31,Precinct 105,4134870022,QUEENS,1053536,180074,ONLINE,Unspecified,QUEENS,,,,,,,,40.66066716130535,-73.7502703634016,POINT (-73.750270363402 40.660667161305)
57936186,06/18/2023 05:41:43 PM,07/03/2023 05:46:46 PM,HPD,Department of Housing Preservation and Development,WATER LEAK,HEAVY FLOW,AT WALL OR CEILING,RESIDENTIAL BUILDING,10460,1967 MARMION AVENUE,MARMION AVENUE,,,,,ADDRESS,BRONX,,,Closed,,The Department of Housing Preservation and Development inspected the following conditions. No violations were issued. The complaint has been closed.,07/03/2023 12:00:00 AM,06 BRONX,15,Precinct 48,2031070036,BRONX,1015606,246613,PHONE,Unspecified,BRONX,,,,,,,,40.843515202688536,-73.8866720963765,POINT (-73.886672096376 40.843515202689)
57949533,06/20/2023 11:57:34 AM,07/03/2023 11:55:39 AM,DPR,Department of Parks and Recreation,Dead/Dying Tree,Planted More Than 2 Years Ago,N/A,Street,11225,150 HAWTHORNE STREET,HAWTHORNE STREET,BEDFORD AVENUE,ROGERS AVENUE,BEDFORD AVENUE,ROGERS AVENUE,ADDRESS,BROOKLYN,HAWTHORNE STREET,,Closed,,NYC Parks visited the site and inspected the condition. No work is necessary at this time.,07/03/2023 11:55:44 AM,09 BROOKLYN,40,Precinct 71,3050460018,BROOKLYN,996676,178835,ONLINE,Unspecified,BROOKLYN,,,,,,,,40.65752874358377,-73.95521475611179,POINT (-73.955214756112 40.657528743584)
57940947,06/19/2023 06:01:11 PM,03/14/2024 12:00:00 AM,DOB,Department of Buildings,Building/Use,Zoning - Non-Conforming/Illegal Vehicle Storage,,,11423,196-19 POMPEII AVENUE,POMPEII AVENUE,,,,,ADDRESS,HOLLIS,,,Closed,,"The Department of Buildings determined that the conditions described in this complaint were addressed under another service request number. Click on ""Learn More"" in the ""Did You Know"" section below for more information.",03/14/2024 12:00:00 AM,08 QUEENS,23,Precinct 107,4105140079,QUEENS,1048653,201617,UNKNOWN,Unspecified,QUEENS,,,,,,,,40.71983438812032,-73.76766427622995,POINT (-73.76766427623 40.71983438812)
57941361,06/19/2023 06:33:42 PM,06/19/2023 10:11:17 PM,DHS,Department of Homeless Services,Homeless Person Assistance,,,Residential Building/House,11237,785 HART STREET,HART STREET,WILSON AVENUE,KNICKERBOCKER AVENUE,WILSON AVENUE,KNICKERBOCKER AVENUE,ADDRESS,BROOKLYN,HART STREET,,Closed,,"The mobile outreach response team offered services to the individual, but the individual did not accept assistance.",06/19/2023 10:11:17 PM,04 BROOKLYN,34,Precinct 83,3032190040,BROOKLYN,1005404,194664,MOBILE,Unspecified,BROOKLYN,,,,,,,,40.70095919563564,-73.92370800683798,POINT (-73.923708006838 40.700959195636)
57950640,06/20/2023 11:05:02 AM,07/19/2023 08:43:15 PM,HPD,Department of Housing Preservation and Development,ELECTRIC,WIRING,EXPOSED,RESIDENTIAL BUILDING,10467,728 EAST  221 STREET,EAST  221 STREET,,,,,ADDRESS,BRONX,,,Closed,,The Department of Housing Preservation and Development inspected the following conditions. Violations were previously issued for these conditions. Information about specific violations is available at www.nyc.gov/hpd.,07/19/2023 12:00:00 AM,12 BRONX,12,Precinct 47,2046687501,BRONX,1022677,261613,PHONE,Unspecified,BRONX,,,,,,,,40.88465767018836,-73.86102988280103,POINT (-73.861029882801 40.884657670188)
57951333,06/20/2023 08:21:27 AM,06/21/2023 02:14:54 PM,DSNY,Department of Sanitation,Missed Collection,Trash,N/A,Street,11233,321 MALCOLM X BOULEVARD,MALCOLM X BOULEVARD,BAINBRIDGE STREET,CHAUNCEY STREET,BAINBRIDGE STREET,CHAUNCEY STREET,ADDRESS,BROOKLYN,MALCOLM X BOULEVARD,,Closed,,The Department of Sanitation collected the requested items.,06/21/2023 09:30:38 AM,03 BROOKLYN,36,Precinct 81,3016870004,BROOKLYN,1004041,187353,ONLINE,Unspecified,BROOKLYN,,,,,,,,40.68089534598798,-73.9286451481471,POINT (-73.928645148147 40.680895345988)
57943710,06/19/2023 10:12:47 AM,06/20/2023 06:48:53 PM,HPD,Department of Housing Preservation and Development,WATER LEAK,DAMP SPOT,FROM WALL OR CEILING,RESIDENTIAL BUILDING,10457,2160 ANTHONY AVENUE,ANTHONY AVENUE,,,,,ADDRESS,BRONX,,,Closed,,The Department of Housing Preservation and Development inspected the following conditions. No violations were issued. The complaint has been closed.,06/20/2023 12:00:00 AM,05 BRONX,15,Precinct 46,2031570001,BRONX,1011580,250636,ONLINE,Unspecified,BRONX,,,,,,,,40.854570520442294,-73.90120658846259,POINT (-73.901206588463 40.854570520442)
57939723,06/18/2023 08:46:04 AM,06/18/2023 09:26:16 AM,NYPD,New York City Police Department,Blocked Driveway,No Access,,Street/Sidewalk,10467,2754 MATTHEWS AVENUE,MATTHEWS AVENUE,ALLERTON AVENUE,ARNOW AVENUE,ALLERTON AVENUE,ARNOW AVENUE,ADDRESS,BRONX,MATTHEWS AVENUE,,Closed,,The Police Department issued a summons in response to the complaint.,06/18/2023 09:26:21 AM,11 BRONX,13,Precinct 49,2045140022,BRONX,1022269,254925,PHONE,Unspecified,BRONX,,,,,,,,40.86630296198151,-73.86254335426884,POINT (-73.862543354269 40.866302961982)
57945825,06/19/2023 12:35:53 PM,06/20/2023 06:28:35 AM,DOT,Department of Transportation,Broken Parking Meter,Coin or Card Did Not Register,Payment by Card,Street,10016,476 3 AVENUE,3 AVENUE,EAST   32 STREET,EAST   33 STREET,EAST   32 STREET,EAST   33 STREET,ADDRESS,NEW YORK,3 AVENUE,,Closed,,"The Department of Transportation inspected the condition you reported. You can find additional information in the ""Notes to Customer"" field.",06/20/2023 06:28:40 AM,06 MANHATTAN,04,Precinct 17,1008880037,MANHATTAN,990108,210603,PHONE,Unspecified,MANHATTAN,,,,,,,,40.74473123770888,-73.97885921929424,POINT (-73.978859219294 40.744731237709)
55859292,10/31/2022 09:01:58 AM,10/31/2022 10:34:25 AM,NYPD,New York City Police Department,Illegal Parking,Posted Parking Sign Violation,,Street/Sidewalk,11222,23 INDIA STREET,INDIA STREET,DEAD END,WEST STREET,DEAD END,WEST STREET,ADDRESS,BROOKLYN,INDIA STREET,,Closed,,The Police Department issued a summons in response to the complaint.,10/31/2022 10:34:31 AM,01 BROOKLYN,33,Precinct 94,3025307501,BROOKLYN,995311,205899,ONLINE,Unspecified,BROOKLYN,,,,,,,,40.731814947360775,-73.96008998715762,POINT (-73.960089987158 40.731814947361)
57939309,06/18/2023 05:30:19 AM,06/19/2023 08:33:08 AM,DHS,Department of Homeless Services,Homeless Person Assistance,,,Subway,,,,,,,,ADDRESS,,,,Closed,,The mobile outreach response team went to the location provided but could not find the individual that you reported.,06/19/2023 08:33:08 AM,Unspecified MANHATTAN,,Unspecified,,MANHATTAN,987963,208829,MOBILE,Unspecified,MANHATTAN,,,,6,6 Uptown & The Bronx,,Platform,40.73986321079606,-73.98660123196585,POINT (-73.986601231966 40.739863210796)
57938508,06/18/2023 07:40:00 PM,06/19/2023 09:35:00 AM,DOT,Department of Transportation,Traffic Signal Condition,Veh Signal Lamp,Out,,11204,,,,,19 AVENUE,59 STREET,INTERSECTION,BROOKLYN,,N/A,Closed,,Service Request status for this request is available on the Department of Transportationâs website. Please click the âLearn Moreâ link below.,06/19/2023 09:35:00 AM,12 BROOKLYN,44,Precinct 66,,BROOKLYN,988558,165630,UNKNOWN,Unspecified,BROOKLYN,,,,,,,,40.62129151464634,-73.9844817255757,POINT (-73.984481725576 40.621291514646)
57948228,06/19/2023 08:07:00 AM,06/20/2023 05:03:00 AM,DSNY,Department of Sanitation,Derelict Vehicles,Derelict Vehicles,,Street,10462,1357 ODELL STREET,ODELL STREET,UNIONPORT ROAD,STARLING AVENUE,,,ADDRESS,BRONX,,,Closed,,The vehicle you reported exceeds the monetary value eligible for collection as junk. The Department of Sanitation has forwarded the request to the NYPD for further action.,06/20/2023 12:00:00 PM,09 BRONX,18,Precinct 43,2039330080,BRONX,1024653,243523,PHONE,Unspecified,BRONX,,,,,,,,40.834997303256756,-73.85399279505984,POINT (-73.85399279506 40.834997303257)
57936087,06/18/2023 09:12:32 PM,06/18/2023 10:58:39 PM,NYPD,New York City Police Department,Noise - Residential,Loud Music/Party,,Residential Building/House,11421,91-28 85 AVENUE,85 AVENUE,91 STREET,WOODHAVEN BOULEVARD,91 STREET,WOODHAVEN BOULEVARD,ADDRESS,WOODHAVEN,85 AVENUE,,Closed,,The Police Department responded to the complaint and took action to fix the condition.,06/18/2023 10:58:44 PM,09 QUEENS,32,Precinct 102,4088780009,QUEENS,1024716,193125,MOBILE,Unspecified,QUEENS,,,,,,,,40.69666776663789,-73.85406853944829,POINT (-73.854068539448 40.696667766638)
57951054,06/20/2023 08:10:47 PM,06/21/2023 02:53:56 AM,NYPD,New York City Police Department,Illegal Parking,Double Parked Blocking Vehicle,,Street/Sidewalk,10467,801 TILDEN STREET,TILDEN STREET,BARNES AVENUE,BRONXWOOD AVENUE,BARNES AVENUE,BRONXWOOD AVENUE,ADDRESS,BRONX,TILDEN STREET,,Closed,,The Police Department responded and upon arrival those responsible for the condition were gone.,06/21/2023 02:54:04 AM,12 BRONX,12,Precinct 47,2046710051,BRONX,1022530,258773,PHONE,Unspecified,BRONX,,,,,,,,40.876863401896806,-73.86157773309745,POINT (-73.861577733097 40.876863401897)
57938733,06/18/2023 12:49:35 PM,06/21/2023 12:00:00 AM,DSNY,Department of Sanitation,Graffiti,Graffiti,,Mixed Use,11221,1268 MYRTLE AVENUE,MYRTLE AVENUE,,,,,ADDRESS,BROOKLYN,,N/A,Closed,07/18/2023 12:49:35 PM,The City has removed the graffiti from this property.,06/28/2023 09:05:21 AM,04 BROOKLYN,34,Precinct 83,3032270035,BROOKLYN,1004620,193564,UNKNOWN,Unspecified,BROOKLYN,,,,,,,,40.6979417929682,-73.92653883185412,POINT (-73.926538831854 40.697941792968)
57944772,06/19/2023 01:40:56 PM,06/21/2023 08:22:11 AM,DOT,Department of Transportation,Street Condition,Plate Condition - Noisy,N/A,Street,11358,160-20 43 AVENUE,43 AVENUE,160 STREET,161 STREET,160 STREET,161 STREET,ADDRESS,FLUSHING,43 AVENUE,,Closed,,"The Department of Transportation inspected the condition, sent notice to responsible party, and temporary repairs were made to make the area safe.",06/21/2023 08:22:16 AM,07 QUEENS,20,Precinct 109,4054180040,QUEENS,1038050,215811,ONLINE,Unspecified,QUEENS,,,,,,,,40.758864134392255,-73.80580125476025,POINT (-73.80580125476 40.758864134392)
57951099,06/21/2023 01:11:18 AM,06/21/2023 04:01:16 AM,NYPD,New York City Police Department,Noise - Street/Sidewalk,Loud Music/Party,,Street/Sidewalk,10469,3460 BOSTON ROAD,BOSTON ROAD,FENTON AVENUE,CORSA AVENUE,FENTON AVENUE,CORSA AVENUE,ADDRESS,BRONX,BOSTON ROAD,,Closed,,The Police Department responded to the complaint and with the information available observed no evidence of the violation at that time.,06/21/2023 04:01:20 AM,12 BRONX,12,Precinct 47,2047380001,BRONX,1026276,258642,MOBILE,Unspecified,BRONX,,,,,,,,40.87648680582183,-73.84803286999879,POINT (-73.848032869999 40.876486805822)
57952251,06/20/2023 10:49:28 AM,,TLC,Taxi and Limousine Commission,Taxi Report,Vehicle Report,Broken/Missing Equipment,,10032,157-10 RIVERSIDE DRIVE WEST,RIVERSIDE DRIVE WEST,WEST  155 STREET PEDESTRIAN UNP,WEST  158 STREET,WEST  155 STREET PEDESTRIAN UNP,WEST  158 STREET,ADDRESS,NEW YORK,RIVERSIDE DRIVE WEST,,In Progress,,,,12 MANHATTAN,07,Precinct 33,1021340206,MANHATTAN,998446,243764,ONLINE,Unspecified,MANHATTAN,,,"157-10 RIVERSIDE DRIVE WEST, MANHATTAN (NEW YORK), NY, 10032",,,,,40.835739788565775,-73.94869834983285,POINT (-73.948698349833 40.835739788566)
57952278,06/20/2023 10:48:48 AM,06/22/2023 09:15:36 AM,DPR,Department of Parks and Recreation,Maintenance or Facility,Broken Glass,Playground Equipment,Park,10028,1000 5 AVENUE,5 AVENUE,EAST   81 STREET,EAST   82 STREET,EAST   81 STREET,EAST   82 STREET,ADDRESS,NEW YORK,5 AVENUE,,Closed,,NYC Parks has completed the requested work order and corrected the problem.,06/22/2023 09:15:42 AM,64 MANHATTAN,06,Precinct 22,1011110001,MANHATTAN,994623,222956,ONLINE,Unspecified,MANHATTAN,,,,,,,,40.77863290127972,-73.96254609596876,POINT (-73.962546095969 40.77863290128)
57951522,06/20/2023 07:09:21 AM,06/20/2023 07:21:10 AM,NYPD,New York City Police Department,Illegal Parking,Blocked Hydrant,,Street/Sidewalk,11206,5 TEN EYCK STREET,TEN EYCK STREET,UNION AVENUE,LORIMER STREET,UNION AVENUE,LORIMER STREET,ADDRESS,BROOKLYN,TEN EYCK STREET,,Closed,,The Police Department responded to the complaint and determined that police action was not necessary.,06/20/2023 07:21:13 AM,01 BROOKLYN,34,Precinct 90,3027910049,BROOKLYN,997998,197794,MOBILE,Unspecified,BROOKLYN,,,,,,,,40.70956491214548,-73.95041138054447,POINT (-73.950411380544 40.709564912145)
57950073,06/21/2023 01:26:58 AM,06/21/2023 01:59:18 AM,NYPD,New York City Police Department,Illegal Parking,Blocked Hydrant,,Street/Sidewalk,11214,8892 18 AVENUE,18 AVENUE,CROPSEY AVENUE,SHORE PARKWAY,CROPSEY AVENUE,SHORE PARKWAY,ADDRESS,BROOKLYN,18 AVENUE,,Closed,,The Police Department responded to the complaint and took action to fix the condition.,06/21/2023 01:59:23 AM,11 BROOKLYN,47,Precinct 62,3064630076,BROOKLYN,981862,158444,ONLINE,Unspecified,BROOKLYN,,,,,,,,40.60156814892734,-74.00859951070511,POINT (-74.008599510705 40.601568148927)
57943188,06/19/2023 08:56:25 AM,07/29/2023 12:00:00 AM,DOB,Department of Buildings,Building/Use,Illegal Conversion Of Residential Building/Space,,,10304,37 HUNTER STREET,HUNTER STREET,,,,,ADDRESS,STATEN ISLAND,,,Closed,,"The Department of Buildings determined that the conditions described in this complaint were addressed under another service request number. Click on ""Learn More"" in the ""Did You Know"" section below for more information.",07/29/2023 12:00:00 AM,02 STATEN ISLAND,50,Precinct 122,5008460001,STATEN ISLAND,957978,158755,UNKNOWN,Unspecified,STATEN ISLAND,,,,,,,,40.602383160238105,-74.09461019542819,POINT (-74.094610195428 40.602383160238)
57944907,06/19/2023 06:43:53 PM,06/04/2024 12:51:34 AM,DOHMH,Department of Health and Mental Hygiene,Food Establishment,Rodents/Insects/Garbage,Insect Infestation,Restaurant/Bar/Deli/Bakery,11354,40-06 MAIN STREET,MAIN STREET,ROOSEVELT AVENUE,40 ROAD,ROOSEVELT AVENUE,40 ROAD,ADDRESS,FLUSHING,MAIN STREET,,Closed,,This SR was administratively closed. The issue you reported was addressed.,06/04/2024 12:51:36 AM,07 QUEENS,20,Precinct 109,4050360037,QUEENS,1031332,215978,PHONE,Unspecified,QUEENS,,,,,,,,40.75936083227981,-73.83004959569593,POINT (-73.830049595696 40.75936083228)
57935700,06/18/2023 01:32:50 PM,06/18/2023 01:32:50 PM,DOHMH,Department of Health and Mental Hygiene,Rodent,Rat Sighting,,Other (Explain Below),11385,66-11 FOREST AVENUE,FOREST AVENUE,GATES AVENUE,GRANDVIEW AVENUE,GATES AVENUE,GRANDVIEW AVENUE,ADDRESS,RIDGEWOOD,FOREST AVENUE,,Closed,,The Department of Health and Mental Hygiene found violations on the property you reported. Follow-up inspections will be scheduled.,06/18/2023 01:32:50 PM,05 QUEENS,30,Precinct 104,4034980006,QUEENS,1011029,197031,PHONE,Unspecified,QUEENS,,,,,,,,40.70744081556238,-73.90341202178053,POINT (-73.903412021781 40.707440815562)
57949083,06/19/2023 12:25:05 PM,07/10/2023 11:21:44 AM,DPR,Department of Parks and Recreation,Illegal Tree Damage,Branches Damaged,N/A,Street,10001,303 WEST   29 STREET,WEST   29 STREET,8 AVENUE,9 AVENUE,8 AVENUE,9 AVENUE,ADDRESS,NEW YORK,WEST   29 STREET,,Closed,,NYC Parks visited the site and inspected the condition. No work is necessary at this time.,07/10/2023 11:21:50 AM,04 MANHATTAN,03,Precinct 14,1007530034,MANHATTAN,985300,212251,ONLINE,Unspecified,MANHATTAN,,,,,,,,40.74925646171696,-73.99621042550633,POINT (-73.996210425506 40.749256461717)
57944430,06/20/2023 01:10:08 AM,06/20/2023 01:32:43 AM,NYPD,New York City Police Department,Noise - Park,Loud Music/Party,,Park/Playground,11206,753 MYRTLE AVENUE,MYRTLE AVENUE,NOSTRAND AVENUE,MARCY AVENUE,NOSTRAND AVENUE,MARCY AVENUE,ADDRESS,BROOKLYN,MYRTLE AVENUE,,Closed,,The Police Department responded to the complaint and took action to fix the condition.,06/20/2023 01:32:47 AM,03 BROOKLYN,36,Precinct 79,3017380150,BROOKLYN,997483,192501,PHONE,Marcy Playground,BROOKLYN,,,,,,,,40.69503765568706,-73.9522793702077,POINT (-73.952279370208 40.695037655687)
57937338,06/18/2023 01:54:00 PM,06/18/2023 04:05:00 PM,DOT,Department of Transportation,Traffic Signal Condition,Veh Signal Head,Hanging,,10462,,,,,BRONXDALE AVENUE,WALLACE AVENUE,INTERSECTION,BRONX,,N/A,Closed,,Service Request status for this request is available on the Department of Transportationâs website. Please click the âLearn Moreâ link below.,06/18/2023 04:05:00 PM,11 BRONX,13,Precinct 49,,BRONX,1021619,249007,UNKNOWN,Unspecified,BRONX,,,,,,,,40.850062621205055,-73.86492640042495,POINT (-73.864926400425 40.850062621205)
57936033,06/18/2023 05:57:48 PM,06/18/2023 07:41:32 PM,NYPD,New York City Police Department,Noise - Residential,Loud Music/Party,,Residential Building/House,11417,104-29 103 STREET,103 STREET,LIBERTY AVENUE,ROCKAWAY BOULEVARD,LIBERTY AVENUE,ROCKAWAY BOULEVARD,ADDRESS,OZONE PARK,103 STREET,,Closed,,The Police Department responded to the complaint and took action to fix the condition.,06/18/2023 07:41:38 PM,10 QUEENS,28,Precinct 106,4095240081,QUEENS,1029306,187497,ONLINE,Unspecified,QUEENS,,,,,,,,40.68119804809087,-73.83755341895001,POINT (-73.83755341895 40.681198048091)
57936267,06/18/2023 11:30:04 AM,06/18/2023 04:35:23 PM,NYPD,New York City Police Department,Blocked Driveway,No Access,,Street/Sidewalk,10457,218 BUSH STREET,BUSH STREET,GRAND CONCOURSE,ANTHONY AVENUE,GRAND CONCOURSE,ANTHONY AVENUE,ADDRESS,BRONX,BUSH STREET,,Closed,,The Police Department responded and upon arrival those responsible for the condition were gone.,06/18/2023 04:35:27 PM,05 BRONX,15,Precinct 46,2028120023,BRONX,1010931,249524,MOBILE,Unspecified,BRONX,,,,,,,,40.85152039806132,-73.90355703937946,POINT (-73.903557039379 40.851520398061)
57937644,06/18/2023 06:47:00 AM,06/28/2023 01:10:00 PM,DEP,Department of Environmental Protection,Water System,Hydrant Running (WC3),WC3,,10452,1177 ANDERSON AVENUE,ANDERSON AVENUE,W 167 ST,SHAKESPEARE AVE,,,ADDRESS,BRONX,,,Closed,,The Department of Environmental Protection investigated this complaint and repaired or replaced the hydrant.,06/28/2023 01:10:00 PM,04 BRONX,16,Precinct 44,2025100050,BRONX,1005238,243945,ONLINE,Unspecified,BRONX,,,,,,,,40.83622305144054,-73.92415279460494,POINT (-73.924152794605 40.836223051441)
57949821,06/20/2023 06:38:35 PM,06/23/2023 11:54:01 AM,DSNY,Department of Sanitation,Illegal Dumping,Removal Request,N/A,Sidewalk,10466,825 EAST  233 STREET,EAST  233 STREET,BARNES AVENUE,BUSSING AVENUE,BARNES AVENUE,BUSSING AVENUE,ADDRESS,BRONX,EAST  233 STREET,,Closed,,The Department of Sanitation cleaned the location.,06/23/2023 04:40:26 AM,12 BRONX,11,Precinct 47,2050000033,BRONX,1024707,264374,MOBILE,Unspecified,BRONX,,,,,,,,40.89222666252636,-73.85367178100319,POINT (-73.853671781003 40.892226662526)
57940848,06/19/2023 05:15:36 PM,07/06/2023 03:29:47 PM,DPR,Department of Parks and Recreation,Dead/Dying Tree,Planted More Than 2 Years Ago,N/A,Street,11207,1043 BARBEY STREET,BARBEY STREET,COZINE AVENUE,FLATLANDS AVENUE,COZINE AVENUE,FLATLANDS AVENUE,ADDRESS,BROOKLYN,BARBEY STREET,,Closed,,No action was taken because NYC Parks determined that the issue is out of its jurisdiction. The condition may be on private property or in an area serviced by another organization.,07/06/2023 03:29:51 PM,05 BROOKLYN,42,Precinct 75,3044220001,BROOKLYN,1017591,178697,PHONE,Unspecified,BROOKLYN,,,,,,,,40.65709591355995,-73.87983457816262,POINT (-73.879834578163 40.65709591356)
57941379,06/19/2023 12:51:54 PM,06/19/2023 04:15:48 PM,NYPD,New York City Police Department,Traffic,Drag Racing,,Street/Sidewalk,11367,61 ROAD,61 ROAD,61 ROAD,146 STREET,61 ROAD,146 STREET,INTERSECTION,,,,Closed,,The Police Department responded to the complaint and with the information available observed no evidence of the violation at that time.,06/19/2023 04:15:51 PM,08 QUEENS,20,Precinct 107,,QUEENS,1033031,209302,PHONE,Unspecified,QUEENS,,,,,,,,40.74102772365189,-73.82396521283358,POINT (-73.823965212834 40.741027723652)
57939795,06/18/2023 11:10:35 AM,06/18/2023 11:22:38 AM,NYPD,New York City Police Department,Illegal Parking,Posted Parking Sign Violation,,Street/Sidewalk,10016,646 1 AVENUE,1 AVENUE,EAST   37 STREET,QUEENS MIDTOWN TUNNEL,EAST   37 STREET,QUEENS MIDTOWN TUNNEL,ADDRESS,NEW YORK,1 AVENUE,,Closed,,The Police Department responded to the complaint and determined that police action was not necessary.,06/18/2023 11:22:46 AM,06 MANHATTAN,04,Precinct 17,,MANHATTAN,992004,210999,ONLINE,Unspecified,MANHATTAN,,,,,,,,40.74581669926983,-73.97201633908784,POINT (-73.972016339088 40.74581669927)
57938571,06/18/2023 03:10:50 PM,06/22/2023 12:55:00 PM,DOT,Department of Transportation,Street Condition,Pothole,,,11223,EAST   10 STREET,EAST   10 STREET,AVENUE P,QUENTIN ROAD,,,BLOCKFACE,BROOKLYN,,N/A,Closed,,The Department of Transportation inspected this complaint and repaired the problem.,06/22/2023 12:55:00 PM,15 BROOKLYN,,Precinct 61,,BROOKLYN,,,UNKNOWN,Unspecified,BROOKLYN,,,,,,,,,,
57941451,06/19/2023 08:35:12 PM,06/19/2023 08:39:25 PM,NYPD,New York City Police Department,Noise - Street/Sidewalk,Loud Music/Party,,Street/Sidewalk,10458,2608 BRIGGS AVENUE,BRIGGS AVENUE,EAST KINGSBRIDGE ROAD,EAST  194 STREET,EAST KINGSBRIDGE ROAD,EAST  194 STREET,ADDRESS,BRONX,BRIGGS AVENUE,,Closed,,The Police Department reviewed your complaint and provided additional information below.,06/19/2023 08:39:29 PM,07 BRONX,15,Precinct 52,2032930043,BRONX,1013783,254174,MOBILE,Unspecified,BRONX,,,,,,,,40.86427416611321,-73.89322752800955,POINT (-73.89322752801 40.864274166113)
57935781,06/19/2023 12:38:28 AM,06/19/2023 12:54:25 AM,NYPD,New York City Police Department,Noise - Residential,Loud Music/Party,,Residential Building/House,10457,2052 RYER AVENUE,RYER AVENUE,EAST BURNSIDE AVENUE,EAST  180 STREET,EAST BURNSIDE AVENUE,EAST  180 STREET,ADDRESS,BRONX,RYER AVENUE,,Closed,,The Police Department responded to the complaint and took action to fix the condition.,06/19/2023 12:54:28 AM,05 BRONX,15,Precinct 46,2031490025,BRONX,1011606,249729,ONLINE,Unspecified,BRONX,,,,,,,,40.852080996309425,-73.90111630395106,POINT (-73.901116303951 40.852080996309)
57938301,06/19/2023 12:38:04 AM,06/19/2023 01:12:36 AM,NYPD,New York City Police Department,Noise - Commercial,Loud Music/Party,,Store/Commercial,10039,200 WEST  146 STREET,WEST  146 STREET,ADAM CLAYTON POWELL JR BOULEVARD,FREDERICK DOUGLASS BOULEVARD,ADAM CLAYTON POWELL JR BOULEVARD,FREDERICK DOUGLASS BOULEVARD,ADDRESS,NEW YORK,WEST  146 STREET,,Closed,,The Police Department responded to the complaint and with the information available observed no evidence of the violation at that time.,06/19/2023 01:12:40 AM,10 MANHATTAN,09,Precinct 32,1020310037,MANHATTAN,1001172,238911,MOBILE,Unspecified,MANHATTAN,,,,,,,,40.822414892510984,-73.9388593470149,POINT (-73.938859347015 40.822414892511)
57950424,06/20/2023 08:51:29 AM,06/20/2023 09:44:42 AM,NYPD,New York City Police Department,Noise - Residential,Banging/Pounding,,Residential Building/House,11423,198-03 DUNTON AVENUE,DUNTON AVENUE,MARENGO STREET,DUNTON STREET,MARENGO STREET,DUNTON STREET,ADDRESS,HOLLIS,DUNTON AVENUE,,Closed,,The Police Department responded to the complaint and took action to fix the condition.,06/20/2023 09:44:46 AM,08 QUEENS,23,Precinct 107,4105240150,QUEENS,1049351,201778,PHONE,Unspecified,QUEENS,,,,,,,,40.72027118379494,-73.76514467542475,POINT (-73.765144675425 40.720271183795)
57937653,06/18/2023 03:55:19 AM,06/18/2023 05:14:57 AM,NYPD,New York City Police Department,Illegal Parking,Blocked Hydrant,,Street/Sidewalk,11230,1265 EAST   19 STREET,EAST   19 STREET,AVENUE L,AVENUE M,AVENUE L,AVENUE M,ADDRESS,BROOKLYN,EAST   19 STREET,,Closed,,The Police Department responded to the complaint and with the information available observed no evidence of the violation at that time.,06/18/2023 05:15:02 AM,14 BROOKLYN,44,Precinct 70,3067390019,BROOKLYN,996340,165018,ONLINE,Unspecified,BROOKLYN,,,,,,,,40.61960450056749,-73.95645051004804,POINT (-73.956450510048 40.619604500567)
57959514,06/20/2023 05:45:45 PM,06/23/2023 11:21:55 AM,DSNY,Department of Sanitation,Illegal Dumping,Removal Request,N/A,Street,11223,2119 EAST    7 STREET,EAST    7 STREET,AVENUE T,AVENUE U,AVENUE T,AVENUE U,ADDRESS,BROOKLYN,EAST    7 STREET,,Closed,,The Department of Sanitation investigated this complaint and found no condition at the location.,06/22/2023 01:12:39 PM,15 BROOKLYN,48,Precinct 61,3071100063,BROOKLYN,994173,157474,MOBILE,Unspecified,BROOKLYN,,,,,,,,40.5989004620908,-73.96426736281613,POINT (-73.964267362816 40.598900462091)
57935916,06/18/2023 03:10:29 PM,06/18/2023 04:26:41 PM,NYPD,New York City Police Department,Noise - Street/Sidewalk,Loud Talking,,Street/Sidewalk,10460,932 EAST  173 STREET,EAST  173 STREET,SOUTHERN BOULEVARD,HOE AVENUE,SOUTHERN BOULEVARD,HOE AVENUE,ADDRESS,BRONX,EAST  173 STREET,,Closed,,The Police Department responded to the complaint and with the information available observed no evidence of the violation at that time.,06/18/2023 04:26:47 PM,03 BRONX,17,Precinct 42,2029820027,BRONX,1015192,243694,MOBILE,Unspecified,BRONX,,,,,,,,40.835504863783285,-73.88818185441696,POINT (-73.888181854417 40.835504863783)
57949398,06/19/2023 02:54:39 PM,06/19/2023 03:03:32 PM,DHS,Department of Homeless Services,Homeless Person Assistance,,,Street/Sidewalk,10011,238 8 AVENUE,8 AVENUE,WEST 22 STREET,WEST 23 STREET,WEST   22 STREET,WEST   23 STREET,ADDRESS,NEW YORK,8 AVENUE,,Closed,,The Department of Homeless Services did not have enough information to act on your request.,06/19/2023 03:03:32 PM,04 MANHATTAN,03,Precinct 10,1007720002,MANHATTAN,984567,210617,MOBILE,Unspecified,MANHATTAN,,,,,,,,40.74477159875159,-73.99885598643243,POINT (-73.998855986432 40.744771598752)
57939642,06/18/2023 01:19:44 PM,07/24/2024 12:00:00 AM,DOB,Department of Buildings,Building/Use,Illegal Conversion Of Residential Building/Space,,,11362,244-14 54 AVENUE,54 AVENUE,,,,,ADDRESS,LITTLE NECK,,,Closed,,"The Department of Buildings attempted to investigate this complaint twice but could not gain access to the location. If the problem still exists, please call 311 and file a new complaint with additional access information. If you are outside of New York City, please call (212) NEW-YORK (212-639-9675).",07/24/2024 12:00:00 AM,11 QUEENS,19,Precinct 111,4082030208,QUEENS,1056857,215817,UNKNOWN,Unspecified,QUEENS,,,,,,,,40.75874616061729,-73.73791500355773,POINT (-73.737915003558 40.758746160617)
57948201,06/19/2023 11:34:53 AM,06/27/2023 08:14:10 AM,DPR,Department of Parks and Recreation,Maintenance or Facility,Structure - Outdoors,Sprinkler/Spray shower,Park,11101,PLACELLA PARK,PLACELLA PARK,37 AVENUE,21 STREET,37 AVENUE,21 STREET,ADDRESS,LONG ISLAND CITY,SIXTEEN OAKS GROVE,,Closed,,"NYC Parks couldnât respond to your complaint because they didn't have enough information about the condition or location.  If the problem still exists and you would like to pursue this complaint, please submit a new Service Request with a more detailed description of the condition and/or location.",06/27/2023 08:14:16 AM,01 QUEENS,26,Precinct 114,4201099999,QUEENS,1001330,215636,ONLINE,Unspecified,QUEENS,,,,,,,,40.75853099218921,-73.9383476666168,POINT (-73.938347666617 40.758530992189)
57948822,06/19/2023 02:18:47 AM,06/19/2023 02:24:32 AM,NYPD,New York City Police Department,Noise - Street/Sidewalk,Loud Music/Party,,Street/Sidewalk,10459,1365 LYMAN PLACE,LYMAN PLACE,EAST  169 STREET,FREEMAN STREET,EAST  169 STREET,FREEMAN STREET,ADDRESS,BRONX,LYMAN PLACE,,Closed,,The Police Department responded to the complaint and took action to fix the condition.,06/19/2023 02:24:38 AM,03 BRONX,17,Precinct 42,2029700031,BRONX,1012879,241521,ONLINE,Unspecified,BRONX,,,,,,,,40.829548409045366,-73.89654983563152,POINT (-73.896549835632 40.829548409045)
57950748,06/20/2023 01:11:31 PM,06/25/2023 06:01:58 PM,HPD,Department of Housing Preservation and Development,UNSANITARY CONDITION,PESTS,ROACHES,RESIDENTIAL BUILDING,10470,4566 RICHARDSON AVENUE,RICHARDSON AVENUE,,,,,ADDRESS,BRONX,,,Closed,,The Department of Housing Preservation and Development inspected the following conditions. Violations were issued. Information about specific violations is available at www.nyc.gov/hpd,06/25/2023 12:00:00 AM,12 BRONX,11,Precinct 47,2050810046,BRONX,1024859,267835,PHONE,Unspecified,BRONX,,,,,,,,40.90172529113414,-73.85310102338579,POINT (-73.853101023386 40.901725291134)
57943728,06/19/2023 10:11:47 PM,10/24/2024 02:00:26 PM,EDC,Economic Development Corporation,Noise - Helicopter,Other,Flying Too Low,Above Address,11201,403 HENRY STREET,HENRY STREET,WARREN STREET,BALTIC STREET,WARREN STREET,BALTIC STREET,ADDRESS,BROOKLYN,HENRY STREET,,Closed,,"The New York City Economic Development Corporation determined that this issue is not within its jurisdiction because the helicopter did not belong to a tour company departing from a NYC heliport.Â  Instead, it was most likely a law enforcement or news gathering helicopter not subject to the routing protocols established for tour helicopters. It may also have been a helicopter that departed as a charter or tour from another City but flew over NYC airspace. Helicopter tours originating from outside NYC are not subject to the same City regulations as tours departing from heliports managed by NYCEDC. Any City regulation of these flights is pre-empted by federal law and subject only to the jurisdiction of the Federal Aviation Administration. To file a complaint with the FAA, you can contact the New York Flight Standards District Office at the following web address:Â https://www.faa.gov/about/office_org/field_offices/fsdo/",10/24/2024 02:00:28 PM,06 BROOKLYN,39,Precinct 76,3003060050,BROOKLYN,984886,189815,ONLINE,Unspecified,BROOKLYN,,,,,,,,40.68767507589175,-73.99770672048088,POINT (-73.997706720481 40.687675075892)
57946563,06/19/2023 07:08:20 AM,06/19/2023 07:20:59 AM,NYPD,New York City Police Department,Illegal Parking,Paper License Plates,,Street/Sidewalk,10001,100 WEST   31 STREET,WEST   31 STREET,AVENUE OF THE AMERICAS,7 AVENUE,AVENUE OF THE AMERICAS,7 AVENUE,ADDRESS,NEW YORK,WEST   31 STREET,,Closed,,The Police Department responded to the complaint and determined that police action was not necessary.,06/19/2023 07:21:02 AM,05 MANHATTAN,03,Precinct 14,1008067502,MANHATTAN,987133,211818,MOBILE,Unspecified,MANHATTAN,,,,,,,,40.74806757811884,-73.98959509684349,POINT (-73.989595096843 40.748067578119)
57944763,06/19/2023 05:41:00 PM,06/21/2023 11:40:00 AM,DSNY,Department of Sanitation,Electronics Waste Appointment,Ewaste appointment,,Sidewalk,10306,48 CHESS LOOP,CHESS LOOP,BEND,BEND,,,ADDRESS,STATEN ISLAND,,,Closed,,The Department of Sanitation collected the E-waste.,06/21/2023 11:40:00 AM,03 STATEN ISLAND,50,Precinct 122,5044650009,STATEN ISLAND,942735,146499,PHONE,Unspecified,STATEN ISLAND,,,,,,,,40.56868462868884,-74.14942760261822,POINT (-74.149427602618 40.568684628689)
57951972,06/20/2023 04:32:58 PM,06/20/2023 04:48:00 PM,NYPD,New York City Police Department,Noise - Street/Sidewalk,Loud Music/Party,,Street/Sidewalk,10037,50 WEST  131 STREET,WEST  131 STREET,5 AVENUE,LENOX AVENUE,5 AVENUE,LENOX AVENUE,ADDRESS,NEW YORK,WEST  131 STREET,,Closed,,The Police Department responded to the complaint and with the information available observed no evidence of the violation at that time.,06/20/2023 04:48:04 PM,10 MANHATTAN,09,Precinct 32,1017280057,MANHATTAN,1000563,234702,ONLINE,Unspecified,MANHATTAN,,,,,,,,40.81086351611407,-73.94106994679446,POINT (-73.941069946794 40.810863516114)
57950091,06/20/2023 07:02:25 PM,06/20/2023 08:21:34 PM,NYPD,New York City Police Department,Illegal Parking,Blocked Hydrant,,Street/Sidewalk,11435,141-19 81 AVENUE,81 AVENUE,141 STREET,MAIN STREET,141 STREET,MAIN STREET,ADDRESS,JAMAICA,81 AVENUE,,Closed,,The Police Department responded to the complaint and took action to fix the condition.,06/20/2023 08:21:39 PM,08 QUEENS,24,Precinct 107,4066340059,QUEENS,1034819,200402,MOBILE,Unspecified,QUEENS,,,,,,,,40.71658940680267,-73.81757980343855,POINT (-73.817579803439 40.716589406803)
57940911,06/19/2023 02:51:23 AM,08/30/2023 12:00:00 AM,DOB,Department of Buildings,Special Projects Inspection Team (SPIT),Illegal Hotel Rooms In Residential Building,,,11207,744 BRADFORD STREET,BRADFORD STREET,,,,,ADDRESS,BROOKLYN,,N/A,Closed,,The Department of Buildings investigated this complaint and determined that no further action was necessary.,08/30/2023 12:00:00 AM,05 BROOKLYN,42,Precinct 75,3043260017,BROOKLYN,1015338,180016,UNKNOWN,Unspecified,BROOKLYN,,,,,,,,40.66072447208131,-73.88794860125732,POINT (-73.887948601257 40.660724472081)
57943395,06/20/2023 12:09:21 AM,06/20/2023 12:36:08 AM,NYPD,New York City Police Department,Panhandling,N/A,,Residential Building/House,10014,16 GAY STREET,GAY STREET,WAVERLY PLACE,CHRISTOPHER STREET,WAVERLY PLACE,CHRISTOPHER STREET,ADDRESS,NEW YORK,GAY STREET,,Closed,,The Police Department responded to the complaint and took action to fix the condition.,06/20/2023 12:36:14 AM,02 MANHATTAN,03,Precinct 6,1005930047,MANHATTAN,984127,206551,MOBILE,Unspecified,MANHATTAN,,,,,,,,40.7336114424202,-74.00044381735451,POINT (-74.000443817355 40.73361144242)
57940623,06/18/2023 08:32:46 PM,06/18/2023 08:35:49 PM,NYPD,New York City Police Department,Noise - Street/Sidewalk,Loud Music/Party,,Street/Sidewalk,11222,320 DRIGGS AVENUE,DRIGGS AVENUE,MANHATTAN AVENUE,LORIMER STREET,MANHATTAN AVENUE,LORIMER STREET,ADDRESS,BROOKLYN,DRIGGS AVENUE,,Closed,,The Police Department responded to the complaint and took action to fix the condition.,06/18/2023 08:35:55 PM,01 BROOKLYN,33,Precinct 94,3026790043,BROOKLYN,998044,202312,MOBILE,Unspecified,BROOKLYN,,,,,,,,40.721965667248774,-73.95023620208806,POINT (-73.950236202088 40.721965667249)
59445243,10/02/2023 11:37:42 AM,10/08/2023 12:00:00 AM,HPD,Department of Housing Preservation and Development,Plumbing,Basin/Sink,Faucet Broken/Missing/Leaking,Apartment,10016,230 EAST   32 STREET,EAST   32 STREET,3 AVENUE,2 AVENUE,3 AVENUE,2 AVENUE,ADDRESS,NEW YORK,EAST   32 STREET,,Closed,,,10/08/2023 12:00:00 AM,06 MANHATTAN,02,Precinct 17,1009120049,MANHATTAN,990341,210335,PHONE,Unspecified,MANHATTAN,,,,,,,,40.74399548734917,-73.97801859451458,POINT (-73.978018594515 40.743995487349)
57935853,06/18/2023 06:30:08 PM,06/18/2023 06:38:43 PM,NYPD,New York City Police Department,Noise - Street/Sidewalk,Loud Music/Party,,Street/Sidewalk,11373,40-51 DENMAN STREET,DENMAN STREET,ELMHURST AVENUE,WHITNEY AVENUE,ELMHURST AVENUE,WHITNEY AVENUE,ADDRESS,ELMHURST,DENMAN STREET,,Closed,,The Police Department responded to the complaint and took action to fix the condition.,06/18/2023 06:38:51 PM,04 QUEENS,21,Precinct 110,4015520001,QUEENS,1018511,211572,MOBILE,Unspecified,QUEENS,,,,,,,,40.747326470048094,-73.876351530028,POINT (-73.876351530028 40.747326470048)
57936897,06/18/2023 11:56:13 AM,06/18/2023 12:23:59 PM,NYPD,New York City Police Department,Noise - Residential,Loud Music/Party,,Residential Building/House,11209,131 95 STREET,95 STREET,SHORE ROAD,MARINE AVENUE,SHORE ROAD,MARINE AVENUE,ADDRESS,BROOKLYN,95 STREET,,Closed,,The Police Department responded to the complaint and took action to fix the condition.,06/18/2023 12:24:03 PM,10 BROOKLYN,47,Precinct 68,3061150052,BROOKLYN,973829,164000,MOBILE,Unspecified,BROOKLYN,,,,,,,,40.616812422517846,-74.03753600059966,POINT (-74.0375360006 40.616812422518)
57938373,06/18/2023 05:36:31 PM,06/18/2023 05:43:39 PM,NYPD,New York City Police Department,Noise - Residential,Loud Music/Party,,Residential Building/House,11434,145-62 180 STREET,180 STREET,145 ROAD,145 DRIVE,145 ROAD,145 DRIVE,ADDRESS,JAMAICA,180 STREET,,Closed,,The Police Department responded to the complaint and took action to fix the condition.,06/18/2023 05:43:44 PM,13 QUEENS,31,Precinct 105,4133340095,QUEENS,1049348,181368,ONLINE,Unspecified,QUEENS,,,,,,,,40.664250673376486,-73.76535273115311,POINT (-73.765352731153 40.664250673376)
57937518,06/18/2023 11:39:59 AM,06/18/2023 01:07:57 PM,NYPD,New York City Police Department,Illegal Parking,Commercial Overnight Parking,,Street/Sidewalk,11385,70-19 60 LANE,60 LANE,70 AVENUE,71 AVENUE,70 AVENUE,71 AVENUE,ADDRESS,RIDGEWOOD,60 LANE,,Closed,,The Police Department responded to the complaint and determined that police action was not necessary.,06/18/2023 01:08:00 PM,05 QUEENS,30,Precinct 104,4035370047,QUEENS,1012843,195012,PHONE,Unspecified,QUEENS,,,,,,,,40.701893463544174,-73.89687776499127,POINT (-73.896877764991 40.701893463544)
57948984,06/19/2023 02:07:55 AM,06/19/2023 03:33:24 AM,NYPD,New York City Police Department,Noise - Vehicle,Car/Truck Music,,Street/Sidewalk,11249,1 NORTH    3 STREET,NORTH    3 STREET,DEAD END,RIVER STREET,DEAD END,RIVER STREET,ADDRESS,BROOKLYN,NORTH    3 STREET,,Closed,,The Police Department responded to the complaint and with the information available observed no evidence of the violation at that time.,06/19/2023 03:33:30 AM,01 BROOKLYN,33,Precinct 94,3023487501,BROOKLYN,993892,201137,MOBILE,Unspecified,BROOKLYN,,,,,,,,40.71874607550633,-73.96521680820914,POINT (-73.965216808209 40.718746075506)
57936816,06/18/2023 01:06:52 PM,06/18/2023 01:42:43 PM,NYPD,New York City Police Department,Noise - Commercial,Loud Music/Party,,Store/Commercial,11238,677 WASHINGTON AVENUE,WASHINGTON AVENUE,ST MARKS AVENUE,PROSPECT PLACE,ST MARKS AVENUE,PROSPECT PLACE,ADDRESS,BROOKLYN,WASHINGTON AVENUE,,Closed,,The Police Department responded to the complaint and determined that police action was not necessary.,06/18/2023 01:42:46 PM,08 BROOKLYN,35,Precinct 77,3011540001,BROOKLYN,994346,185924,MOBILE,Unspecified,BROOKLYN,,,,,,,,40.676989432024314,-73.96360182236936,POINT (-73.963601822369 40.676989432024)
57944214,06/20/2023 12:35:02 AM,06/20/2023 12:41:23 AM,NYPD,New York City Police Department,Noise - Residential,Loud Television,,Residential Building/House,11238,605 FRANKLIN AVENUE,FRANKLIN AVENUE,PACIFIC STREET,DEAN STREET,PACIFIC STREET,DEAN STREET,ADDRESS,BROOKLYN,FRANKLIN AVENUE,,Closed,,The Police Department responded to the complaint but officers were unable to gain entry into the premises.,06/20/2023 12:41:26 AM,08 BROOKLYN,35,Precinct 77,3012050003,BROOKLYN,996625,186219,ONLINE,Unspecified,BROOKLYN,,,,,,,,40.67779624770602,-73.95538501347518,POINT (-73.955385013475 40.677796247706)
57937374,06/18/2023 12:45:12 PM,06/23/2023 12:01:06 PM,DSNY,Department of Sanitation,Illegal Dumping,Removal Request,N/A,Sidewalk,11236,718 EAST   99 STREET,EAST   99 STREET,GLENWOOD ROAD,CONKLIN AVENUE,GLENWOOD ROAD,CONKLIN AVENUE,ADDRESS,BROOKLYN,EAST   99 STREET,,Closed,,The Department of Sanitation removed the items.,06/22/2023 07:22:52 AM,18 BROOKLYN,46,Precinct 69,3081860045,BROOKLYN,1011922,174575,MOBILE,Unspecified,BROOKLYN,,,,,,,,40.645801458354356,-73.90028330432871,POINT (-73.900283304329 40.645801458354)
57942279,06/19/2023 04:43:43 AM,06/19/2023 10:19:40 AM,NYPD,New York City Police Department,Noise - Residential,Loud Music/Party,,Residential Building/House,10456,1383 TELLER AVENUE,TELLER AVENUE,EAST  169 STREET,FINDLAY AVENUE,EAST  169 STREET,FINDLAY AVENUE,ADDRESS,BRONX,TELLER AVENUE,,Closed,,The Police Department responded to the complaint and with the information available observed no evidence of the violation at that time.,06/19/2023 10:19:49 AM,04 BRONX,16,Precinct 44,2027820236,BRONX,1009359,244027,ONLINE,Unspecified,BRONX,,,,,,,,40.8364373623517,-73.90925987623248,POINT (-73.909259876232 40.836437362352)
57947886,06/19/2023 09:50:26 AM,06/21/2023 04:37:52 PM,HPD,Department of Housing Preservation and Development,PAINT/PLASTER,CEILING,COLLAPSING OR FALLING,RESIDENTIAL BUILDING,11212,425 ROCKAWAY PARKWAY,ROCKAWAY PARKWAY,,,,,ADDRESS,BROOKLYN,,,Closed,,The Department of Housing Preservation and Development inspected the following conditions. Violations were issued. Information about specific violations is available at www.nyc.gov/hpd,06/21/2023 12:00:00 AM,17 BROOKLYN,42,Precinct 67,3046940038,BROOKLYN,1007494,178882,PHONE,Unspecified,BROOKLYN,,,,,,,,40.657635959031175,-73.91622485149466,POINT (-73.916224851495 40.657635959031)
57939930,06/18/2023 10:55:04 AM,07/18/2023 10:02:20 AM,DPR,Department of Parks and Recreation,Damaged Tree,Tree Alive - in Poor Condition,Cracked,Park,10022,555 EAST   60 STREET,EAST   60 STREET,YORK AVENUE,FRANKLIN D ROOSEVELT DRIVE,YORK AVENUE,FRANKLIN D ROOSEVELT DRIVE,ADDRESS,NEW YORK,EAST   60 STREET,,Closed,,"The Service Request submitted did not have sufficient location or complaint information for NYC Parks to respond.  Please submit a new Service Request with adequate site details, including a full street address and descriptive location information.",07/18/2023 10:02:23 AM,08 MANHATTAN,05,Precinct 19,1014740060,MANHATTAN,995636,215867,PHONE,Unspecified,MANHATTAN,,,,,,,,40.75917419417254,-73.95890045583567,POINT (-73.958900455836 40.759174194173)
57941766,06/19/2023 12:03:24 PM,06/20/2023 06:47:29 PM,HPD,Department of Housing Preservation and Development,HEAT/HOT WATER,APARTMENT ONLY,NO HOT WATER,RESIDENTIAL BUILDING,10466,765 EAST  225 STREET,EAST  225 STREET,,,,,ADDRESS,BRONX,,,Closed,,"The Department of Housing Preservation and Development was not able to gain access to your apartment to inspect for a lack of heat or hot water. However, HPD was able to verify that heat or hot water was inadequate by inspecting another apartment and a violation was issued. Information about specific violations is available at www.nyc.gov/hpd.",06/20/2023 12:00:00 AM,12 BRONX,12,Precinct 47,2048390017,BRONX,1023316,262561,ONLINE,Unspecified,BRONX,,,,,,,,40.88725682396715,-73.85871343231507,POINT (-73.858713432315 40.887256823967)
57949353,06/19/2023 10:10:00 AM,06/22/2023 04:19:00 AM,DSNY,Department of Sanitation,Derelict Vehicles,Derelict Vehicles,,Street,10461,2410 FRISBY AVENUE,FRISBY AVENUE,ZEREGA AVENUE,ROWLAND STREET,,,ADDRESS,BRONX,,,Closed,,The vehicle you reported exceeds the monetary value eligible for collection as junk. The Department of Sanitation has forwarded the request to the NYPD for further action.,06/22/2023 12:00:00 PM,10 BRONX,18,Precinct 45,2039750016,BRONX,1026262,244730,PHONE,Unspecified,BRONX,,,,,,,,40.838302656198564,-73.84817068814547,POINT (-73.848170688145 40.838302656199)
57949839,06/20/2023 04:49:30 PM,06/21/2023 02:12:49 PM,DSNY,Department of Sanitation,Missed Collection,Bulky Recycling,N/A,Street,11221,811 QUINCY STREET,QUINCY STREET,PATCHEN AVENUE,RALPH AVENUE,PATCHEN AVENUE,RALPH AVENUE,ADDRESS,BROOKLYN,QUINCY STREET,,Closed,,The Department of Sanitation collected the requested items.,06/21/2023 05:24:42 AM,03 BROOKLYN,41,Precinct 81,3016280065,BROOKLYN,1004827,190606,ONLINE,Unspecified,BROOKLYN,,,,,,,,40.689822291862285,-73.92580135548255,POINT (-73.925801355483 40.689822291862)
57948912,06/19/2023 10:25:23 PM,06/19/2023 10:43:35 PM,NYPD,New York City Police Department,Noise - Residential,Loud Music/Party,,Residential Building/House,11206,108 MCKIBBIN STREET,MCKIBBIN STREET,MANHATTAN AVENUE,GRAHAM AVENUE,MANHATTAN AVENUE,GRAHAM AVENUE,ADDRESS,BROOKLYN,MC KIBBIN STREET,,Closed,,The Police Department responded to the complaint and took action to fix the condition.,06/19/2023 10:43:39 PM,01 BROOKLYN,34,Precinct 90,3030880107,BROOKLYN,999820,196161,PHONE,Unspecified,BROOKLYN,,,,,,,,40.70507969527115,-73.94384325951468,POINT (-73.943843259515 40.705079695271)
57943125,06/19/2023 07:01:59 AM,06/19/2023 08:56:33 AM,NYPD,New York City Police Department,Illegal Parking,Blocked Sidewalk,,Street/Sidewalk,11106,36-28 9 STREET,9 STREET,36 AVENUE,37 AVENUE,36 AVENUE,37 AVENUE,ADDRESS,ASTORIA,9 STREET,,Closed,,The Police Department issued a summons in response to the complaint.,06/19/2023 08:56:38 AM,01 QUEENS,26,Precinct 114,4003550130,QUEENS,1000341,216616,ONLINE,Unspecified,QUEENS,,,,,,,,40.76122269570272,-73.94191523546534,POINT (-73.941915235465 40.761222695703)
57950352,06/20/2023 01:30:14 PM,06/28/2023 01:03:46 PM,DSNY,Department of Sanitation,Sanitation Worker or Vehicle Complaint,Spilled Garbage,DSNY White Truck,Street,10314,42 STONE LANE,STONE LANE,BEND,DEAD END,BEND,DEAD END,ADDRESS,STATEN ISLAND,STONE LANE,,Closed,,The Department of Sanitation investigated this complaint and found no condition at the location.,06/28/2023 06:11:50 AM,02 STATEN ISLAND,51,Precinct 121,5024507511,STATEN ISLAND,940226,149974,ONLINE,Unspecified,STATEN ISLAND,,,,,,,,40.57821070506234,-74.15848101720943,POINT (-74.158481017209 40.578210705062)
57937941,06/19/2023 01:50:07 AM,06/19/2023 02:34:24 AM,NYPD,New York City Police Department,Illegal Fireworks,N/A,,Park/Playground,11434,116-40 GUY R BREWER BOULEVARD,GUY R BREWER BOULEVARD,BEDELL STREET,FOCH BOULEVARD,BEDELL STREET,FOCH BOULEVARD,ADDRESS,JAMAICA,GUY R BREWER BOULEVARD,,Closed,,The Police Department responded to the complaint and took action to fix the condition.,06/19/2023 02:34:27 AM,12 QUEENS,28,Precinct 113,4122350022,QUEENS,1044199,189154,ONLINE,Unspecified,QUEENS,,,,,,,,40.685657785985974,-73.78384309070336,POINT (-73.783843090703 40.685657785986)
57946527,06/19/2023 01:12:11 PM,06/19/2023 01:54:52 PM,NYPD,New York City Police Department,Blocked Driveway,No Access,,Street/Sidewalk,11209,247 84 STREET,84 STREET,RIDGE BOULEVARD,3 AVENUE,RIDGE BOULEVARD,3 AVENUE,ADDRESS,BROOKLYN,84 STREET,,Closed,,The Police Department issued a summons in response to the complaint.,06/19/2023 01:54:56 PM,10 BROOKLYN,47,Precinct 68,3060160057,BROOKLYN,975416,167110,MOBILE,Unspecified,BROOKLYN,,,,,,,,40.625350448024534,-74.03182376404689,POINT (-74.031823764047 40.625350448025)
57951225,06/20/2023 02:31:00 PM,06/20/2023 04:45:00 PM,DOT,Department of Transportation,Traffic Signal Condition,Veh Signal Lamp,Allout,,11214,,,,,CROPSEY AVENUE,24 AVENUE,INTERSECTION,BROOKLYN,,N/A,Closed,,"Service Request status for this request is available on the Department of Transportation's website. Please click the ""Learn More"" link below.",06/20/2023 04:45:00 PM,11 BROOKLYN,43,Precinct 62,,BROOKLYN,985553,155842,UNKNOWN,Unspecified,BROOKLYN,,,,,,,,40.59442641071864,-73.9953082227799,POINT (-73.99530822278 40.594426410719)
57943269,06/19/2023 04:26:33 PM,06/19/2023 07:34:09 PM,NYPD,New York City Police Department,Illegal Parking,Blocked Crosswalk,,Street/Sidewalk,11239,526 SCHROEDERS AVENUE,SCHROEDERS AVENUE,ELTON STREET,ESSEX STREET,ELTON STREET,ESSEX STREET,ADDRESS,BROOKLYN,SCHROEDERS AVENUE,,Closed,,The Police Department responded to the complaint and determined that police action was not necessary.,06/19/2023 07:34:13 PM,05 BROOKLYN,42,Precinct 75,3044527505,BROOKLYN,1019630,177965,ONLINE,Unspecified,BROOKLYN,,,,,,,,40.655078823851085,-73.87248959993701,POINT (-73.872489599937 40.655078823851)
57944583,06/19/2023 10:37:23 PM,06/19/2023 11:53:57 PM,NYPD,New York City Police Department,Noise - Street/Sidewalk,Loud Talking,,Street/Sidewalk,11419,104-06 116 STREET,116 STREET,LIBERTY AVENUE,107 AVENUE,LIBERTY AVENUE,107 AVENUE,ADDRESS,SOUTH RICHMOND HILL,116 STREET,,Closed,,The Police Department responded and upon arrival those responsible for the condition were gone.,06/19/2023 11:54:02 PM,10 QUEENS,28,Precinct 106,4095380009,QUEENS,1032315,189072,MOBILE,Unspecified,QUEENS,,,,,,,,40.68550522810999,-73.82669345093846,POINT (-73.826693450938 40.68550522811)
57947355,06/19/2023 11:50:24 AM,06/19/2023 12:45:24 PM,NYPD,New York City Police Department,Illegal Parking,Blocked Hydrant,,Street/Sidewalk,11231,33 STRONG PLACE,STRONG PLACE,KANE STREET,DEGRAW STREET,KANE STREET,DEGRAW STREET,ADDRESS,BROOKLYN,STRONG PLACE,,Closed,,The Police Department responded to the complaint and took action to fix the condition.,06/19/2023 12:45:34 PM,06 BROOKLYN,39,Precinct 76,3003240012,BROOKLYN,984890,189028,MOBILE,Unspecified,BROOKLYN,,,,,,,,40.6855149408478,-73.99769237209594,POINT (-73.997692372096 40.685514940848)
57944097,06/19/2023 08:23:26 AM,06/19/2023 12:30:22 PM,NYPD,New York City Police Department,Illegal Parking,Blocked Sidewalk,,Street/Sidewalk,11105,18-35 STEINWAY STREET,STEINWAY STREET,BERRIAN BOULEVARD,19 AVENUE,BERRIAN BOULEVARD,19 AVENUE,ADDRESS,ASTORIA,STEINWAY STREET,,Closed,,The Police Department responded to the complaint and determined that police action was not necessary.,06/19/2023 12:30:29 PM,01 QUEENS,22,Precinct 114,4008020116,QUEENS,1012493,223258,ONLINE,Unspecified,QUEENS,,,,,,,,40.779422775022006,-73.89802146281586,POINT (-73.898021462816 40.779422775022)
57939606,06/18/2023 11:20:48 PM,06/19/2023 01:19:48 AM,NYPD,New York City Police Department,Drinking,In Public,,Street/Sidewalk,11226,90 EAST   18 STREET,EAST   18 STREET,CHURCH AVENUE,TENNIS COURT,CHURCH AVENUE,TENNIS COURT,ADDRESS,BROOKLYN,EAST   18 STREET,,Closed,,The Police Department responded to the complaint and with the information available observed no evidence of the violation at that time.,06/19/2023 01:19:53 AM,14 BROOKLYN,40,Precinct 70,3050970091,BROOKLYN,994519,175714,ONLINE,Unspecified,BROOKLYN,,,,,,,,40.64896504431812,-73.96299367190154,POINT (-73.962993671902 40.648965044318)
57946167,06/19/2023 09:50:27 AM,06/21/2023 04:37:54 PM,HPD,Department of Housing Preservation and Development,APPLIANCE,REFRIGERATOR,BROKEN DOOR SEAL,RESIDENTIAL BUILDING,11212,425 ROCKAWAY PARKWAY,ROCKAWAY PARKWAY,,,,,ADDRESS,BROOKLYN,,,Closed,,The Department of Housing Preservation and Development inspected the following conditions. Violations were issued. Information about specific violations is available at www.nyc.gov/hpd,06/21/2023 12:00:00 AM,17 BROOKLYN,41,Precinct 67,3046940038,BROOKLYN,1007494,178882,PHONE,Unspecified,BROOKLYN,,,,,,,,40.657635959031175,-73.91622485149466,POINT (-73.916224851495 40.657635959031)
57940785,06/19/2023 10:51:05 AM,06/20/2023 07:25:19 AM,DPR,Department of Parks and Recreation,Overgrown Tree/Branches,Hitting Power Lines,Power Lines,Street,10305,99 WINFIELD STREET,WINFIELD STREET,OLYMPIA BOULEVARD,PATTERSON AVENUE,OLYMPIA BOULEVARD,PATTERSON AVENUE,ADDRESS,STATEN ISLAND,WINFIELD STREET,,Closed,,"The Service Request submitted did not have sufficient location or complaint information for NYC Parks to respond. Please submit a new Service Request with adequate site details, including a full street address and descriptive location information.",06/20/2023 07:25:22 AM,02 STATEN ISLAND,50,Precinct 122,5034190054,STATEN ISLAND,962876,153940,ONLINE,Unspecified,STATEN ISLAND,,,,,,,,40.58918012737384,-74.0769563935907,POINT (-74.076956393591 40.589180127374)
57946842,06/19/2023 10:01:39 PM,06/21/2023 04:50:05 PM,HPD,Department of Housing Preservation and Development,PLUMBING,WATER SUPPLY,NO WATER,RESIDENTIAL BUILDING,11422,245-20 149 DRIVE,149 DRIVE,,,,,ADDRESS,ROSEDALE,,,Closed,,The Department of Housing Preservation and Development inspected the following conditions. No violations were issued. The complaint has been closed.,06/21/2023 12:00:00 AM,13 QUEENS,31,Precinct 105,4136460011,QUEENS,1057019,176785,PHONE,Unspecified,QUEENS,,,,,,,,40.65161167749294,-73.73775204405739,POINT (-73.737752044057 40.651611677493)
57960045,06/20/2023 09:46:00 AM,06/20/2023 10:43:26 AM,DHS,Department of Homeless Services,Homeless Person Assistance,,,Street/Sidewalk,10017,304 MADISON AVENUE,MADISON AVENUE,EAST 41 STREET,EAST 42 STREET,EAST   41 STREET,EAST   42 STREET,ADDRESS,NEW YORK,MADISON AVENUE,,Closed,,"Based on the information you provided, the Department of Homeless Services has referred this request to the New York City Police Department.",06/20/2023 10:43:26 AM,05 MANHATTAN,04,Unspecified,1012760058,MANHATTAN,989896,213382,ONLINE,Unspecified,MANHATTAN,,,,,,,,40.75235903078072,-73.9796219673457,POINT (-73.979621967346 40.752359030781)
57941595,06/19/2023 11:45:35 AM,06/19/2023 11:55:34 AM,NYPD,New York City Police Department,Illegal Parking,Posted Parking Sign Violation,,Street/Sidewalk,11232,881 5 AVENUE,5 AVENUE,38 STREET,39 STREET,38 STREET,39 STREET,ADDRESS,BROOKLYN,5 AVENUE,,Closed,,The Police Department responded to the complaint and determined that police action was not necessary.,06/19/2023 11:55:38 AM,07 BROOKLYN,38,Precinct 72,3009030172,BROOKLYN,983275,176685,PHONE,Unspecified,BROOKLYN,,,,,,,,40.65163612850904,-74.00351374168767,POINT (-74.003513741688 40.651636128509)
57945465,06/19/2023 06:14:06 PM,06/19/2023 09:25:58 PM,NYPD,New York City Police Department,Blocked Driveway,Partial Access,,Street/Sidewalk,11417,103-07 PLATTWOOD AVENUE,PLATTWOOD AVENUE,103 STREET,CENTREVILLE STREET,103 STREET,CENTREVILLE STREET,ADDRESS,OZONE PARK,PLATTWOOD AVENUE,,Closed,,The Police Department issued a summons in response to the complaint.,06/19/2023 09:26:04 PM,10 QUEENS,28,Precinct 106,4095410048,QUEENS,1029858,186454,ONLINE,Unspecified,QUEENS,,,,,,,,40.678332427653146,-73.83557028104418,POINT (-73.835570281044 40.678332427653)
57935718,06/18/2023 04:04:55 AM,06/18/2023 04:35:40 AM,NYPD,New York City Police Department,Noise - Residential,Loud Music/Party,,Residential Building/House,10314,364 MEREDITH AVENUE,MEREDITH AVENUE,SOUTH AVENUE,DEAD END,SOUTH AVENUE,DEAD END,ADDRESS,STATEN ISLAND,MEREDITH AVENUE,,Closed,,The Police Department responded to the complaint and with the information available observed no evidence of the violation at that time.,06/18/2023 04:35:44 AM,02 STATEN ISLAND,50,Precinct 121,5028100102,STATEN ISLAND,929846,158490,ONLINE,Unspecified,STATEN ISLAND,,,,,,,,40.601527741033074,-74.1959162003967,POINT (-74.195916200397 40.601527741033)
57943593,06/19/2023 07:52:20 AM,06/23/2023 10:58:04 AM,HPD,Department of Housing Preservation and Development,PLUMBING,WATER SUPPLY,NO HOT WATER,RESIDENTIAL BUILDING,10461,1632 CROSBY AVENUE,CROSBY AVENUE,,,,,ADDRESS,BRONX,,,Closed,,"The Department of Housing Preservation and Development contacted a tenant in the building and verified that the following conditions were corrected. The complaint has been closed. If the condition still exists, please file a new complaint.",06/23/2023 12:00:00 AM,10 BRONX,13,Precinct 45,2041680022,BRONX,1031079,247082,ONLINE,Unspecified,BRONX,,,,,,,,40.8447339680093,-73.83074590341256,POINT (-73.830745903413 40.844733968009)
57949866,06/20/2023 07:24:22 PM,06/20/2023 09:47:40 PM,NYPD,New York City Police Department,Disorderly Youth,Playing in Unsuitable Place,,Residential Building/House,11223,63 AVENUE W,AVENUE W,WEST   12 STREET,WEST   11 STREET,WEST   12 STREET,WEST   11 STREET,ADDRESS,BROOKLYN,AVENUE W,,Closed,,The Police Department responded and upon arrival those responsible for the condition were gone.,06/20/2023 09:47:46 PM,13 BROOKLYN,47,Precinct 60,3071370001,BROOKLYN,989316,154756,ONLINE,Unspecified,BROOKLYN,,,,,,,,40.59144420675607,-73.98175941513759,POINT (-73.981759415138 40.591444206756)
57950271,06/20/2023 09:29:54 AM,06/20/2023 01:25:34 PM,NYPD,New York City Police Department,Illegal Parking,Posted Parking Sign Violation,,Street/Sidewalk,11420,150-48 128 STREET,128 STREET,OLD SOUTH ROAD,152 AVENUE,OLD SOUTH ROAD,152 AVENUE,ADDRESS,SOUTH OZONE PARK,128 STREET,,Closed,,The Police Department responded to the complaint and took action to fix the condition.,06/20/2023 01:25:40 PM,10 QUEENS,28,Precinct 106,4118960061,QUEENS,1036074,181318,MOBILE,Unspecified,QUEENS,,,,,,,,40.66420108086746,-73.81319939639141,POINT (-73.813199396391 40.664201080867)
57939264,06/18/2023 07:44:55 PM,06/18/2023 07:47:39 PM,NYPD,New York City Police Department,Noise - Residential,Loud Music/Party,,Residential Building/House,10034,9 SEAMAN AVENUE,SEAMAN AVENUE,DYCKMAN STREET,CUMMING STREET,DYCKMAN STREET,CUMMING STREET,ADDRESS,NEW YORK,SEAMAN AVENUE,,Closed,,The Police Department responded to the complaint and took action to fix the condition.,06/18/2023 07:47:43 PM,12 MANHATTAN,10,Precinct 34,1022370008,MANHATTAN,1004274,254979,MOBILE,Unspecified,MANHATTAN,,,,,,,,40.86651033722923,-73.92760357607516,POINT (-73.927603576075 40.866510337229)
57948678,06/19/2023 07:21:19 AM,06/19/2023 07:38:27 AM,NYPD,New York City Police Department,Illegal Parking,Blocked Bike Lane,,Street/Sidewalk,11101,44-36 VERNON BOULEVARD,VERNON BOULEVARD,44 ROAD,44 DRIVE,44 ROAD,44 DRIVE,ADDRESS,LONG ISLAND CITY,VERNON BOULEVARD,,Closed,,The Police Department responded to the complaint and determined that police action was not necessary.,06/19/2023 07:38:33 AM,02 QUEENS,26,Precinct 108,4004890001,QUEENS,997485,212301,ONLINE,Unspecified,QUEENS,,,,,,,,40.74938385696626,-73.95223322208895,POINT (-73.952233222089 40.749383856966)
57942117,06/19/2023 07:31:53 AM,06/19/2023 07:39:51 AM,NYPD,New York City Police Department,Illegal Parking,Blocked Bike Lane,,Street/Sidewalk,11109,46-15 CENTER BOULEVARD,CENTER BOULEVARD,46 AVENUE,47 AVENUE,46 AVENUE,47 AVENUE,ADDRESS,LONG ISLAND CITY,CENTER BOULEVARD,,Closed,,The Police Department responded to the complaint and determined that police action was not necessary.,06/19/2023 07:39:56 AM,02 QUEENS,26,Precinct 108,4000210035,QUEENS,996337,211519,ONLINE,Unspecified,QUEENS,,,,,,,,40.74723910773346,-73.9563779030925,POINT (-73.956377903092 40.747239107733)
57936888,06/18/2023 05:28:38 PM,06/18/2023 05:42:56 PM,NYPD,New York City Police Department,Noise - Residential,Loud Music/Party,,Residential Building/House,10016,123 EAST   30 STREET,EAST   30 STREET,PARK AVENUE SOUTH,LEXINGTON AVENUE,PARK AVENUE SOUTH,LEXINGTON AVENUE,ADDRESS,NEW YORK,EAST   30 STREET,,Closed,,The Police Department responded to the complaint and with the information available observed no evidence of the violation at that time.,06/18/2023 05:43:01 PM,05 MANHATTAN,02,Unspecified,1008860016,MANHATTAN,989232,210367,ONLINE,Unspecified,MANHATTAN,,,,,,,,40.744084013646045,-73.98202076715444,POINT (-73.982020767154 40.744084013646)
57944160,06/19/2023 11:59:07 AM,06/19/2023 12:22:51 PM,NYPD,New York City Police Department,Illegal Parking,Posted Parking Sign Violation,,Street/Sidewalk,11694,234 BEACH  129 STREET,BEACH  129 STREET,ROCKAWAY BEACH BOULEVARD,NEWPORT AVENUE,ROCKAWAY BEACH BOULEVARD,NEWPORT AVENUE,ADDRESS,FAR ROCKAWAY,BEACH  129 STREET,,Closed,,The Police Department responded to the complaint and took action to fix the condition.,06/19/2023 12:22:59 PM,14 QUEENS,32,Precinct 100,4162240056,QUEENS,1026357,149429,MOBILE,Unspecified,QUEENS,,,,,,,,40.57672410191087,-73.84842332920162,POINT (-73.848423329202 40.576724101911)
57944844,06/19/2023 03:18:54 PM,01/10/2025 11:53:35 PM,DOHMH,Department of Health and Mental Hygiene,Mobile Food Vendor,Smoke/Odor,From Unit Creating Nuisance,Mobile Food Vendor,10001,BROADWAY,BROADWAY,BROADWAY,WEST   35 STREET,BROADWAY,WEST   35 STREET,INTERSECTION,,,,Closed,,"The NYC Health Department has responded to your service request. For inspection results, please call (212) 676-1600 or email infobfscs@health.nyc.gov to request an inspection report. This service request has been closed.",01/10/2025 11:53:38 PM,05 MANHATTAN,04,Precinct 14,,MANHATTAN,987636,212763,ONLINE,Unspecified,MANHATTAN,,,,,,,,40.750661186591124,-73.98777926681211,POINT (-73.987779266812 40.750661186591)
57938157,06/18/2023 11:35:35 PM,06/19/2023 12:06:28 AM,NYPD,New York City Police Department,Noise - Street/Sidewalk,Loud Music/Party,,Street/Sidewalk,10451,785 COURTLANDT AVENUE,COURTLANDT AVENUE,EAST  157 STREET,EAST  158 STREET,EAST  157 STREET,EAST  158 STREET,ADDRESS,BRONX,COURTLANDT AVENUE,,Closed,,The Police Department responded to the complaint and took action to fix the condition.,06/19/2023 12:06:31 AM,01 BRONX,17,Precinct 40,2024160001,BRONX,1007271,238911,PHONE,Unspecified,BRONX,,,,,,,,40.82240110281109,-73.91682314277746,POINT (-73.916823142777 40.822401102811)
57943818,06/19/2023 01:10:18 PM,06/21/2023 10:59:30 AM,DSNY,Department of Sanitation,Residential Disposal Complaint,Waste Set Out Too Early or Too Late,N/A,Sidewalk,11249,112 BERRY STREET,BERRY STREET,NORTH    8 STREET,NORTH    7 STREET,NORTH    8 STREET,NORTH    7 STREET,ADDRESS,BROOKLYN,BERRY STREET,,Closed,,The Department of Sanitation investigated this complaint and found no condition at the location.,06/21/2023 10:59:37 AM,01 BROOKLYN,33,Precinct 94,3023180023,BROOKLYN,995661,201161,ONLINE,Unspecified,BROOKLYN,,,,,,,,40.71880984484529,-73.95883516018799,POINT (-73.958835160188 40.718809844845)
57936159,06/18/2023 02:39:49 AM,06/18/2023 03:09:06 AM,NYPD,New York City Police Department,Noise - Vehicle,Car/Truck Music,,Street/Sidewalk,10458,2334 WASHINGTON AVENUE,WASHINGTON AVENUE,EAST  184 STREET,EAST  185 STREET,EAST  184 STREET,EAST  185 STREET,ADDRESS,BRONX,WASHINGTON AVENUE,,Closed,,The Police Department responded to the complaint and took action to fix the condition.,06/18/2023 03:09:11 AM,06 BRONX,15,Precinct 48,2030530074,BRONX,1014031,251210,ONLINE,Unspecified,BRONX,,,,,,,,40.85613805063247,-73.89234408899046,POINT (-73.89234408899 40.856138050632)
57940722,06/18/2023 06:36:36 PM,06/18/2023 07:12:09 PM,DPR,Department of Parks and Recreation,Violation of Park Rules,BBQ Outside Authorized Area,Other,Park,11367,POMONOK PLAYGROUND,POMONOK PLAYGROUND,65 AVENUE,DEAD END,65 AVENUE,DEAD END,UNRECOGNIZED,FLUSHING,POMONOK PLAYGROUND,,Closed,,NYC Parks has reviewed the reported condition and corrected the problem.,06/18/2023 07:12:14 PM,08 QUEENS,24,Precinct 107,4067920099,QUEENS,1035803,207498,PHONE,Unspecified,QUEENS,,,,,,,,40.73606047765591,-73.81397581924348,POINT (-73.813975819243 40.736060477656)
57937068,06/18/2023 09:47:44 PM,06/18/2023 10:08:52 PM,NYPD,New York City Police Department,Noise - Street/Sidewalk,Loud Music/Party,,Street/Sidewalk,10460,1773 VYSE AVENUE,VYSE AVENUE,EAST  174 STREET,BOSTON ROAD,EAST  174 STREET,BOSTON ROAD,ADDRESS,BRONX,VYSE AVENUE,,Closed,,The Police Department responded to the complaint and took action to fix the condition.,06/18/2023 10:08:56 PM,03 BRONX,17,Precinct 42,2029910091,BRONX,1015885,244342,ONLINE,Unspecified,BRONX,,,,,,,,40.83728097949399,-73.88567443877004,POINT (-73.88567443877 40.837280979494)
57949965,06/20/2023 08:59:00 PM,06/21/2023 08:07:00 PM,DEP,Department of Environmental Protection,Noise,Noise: Construction Before/After Hours (NM1),NM1,,11215,,,,,7 AVENUE,4 STREET,INTERSECTION,BROOKLYN,,N/A,Closed,,The Department of Environmental Protection determined that this complaint is a duplicate of a previously filed complaint. The original complaint is being addressed.,06/21/2023 08:07:00 PM,06 BROOKLYN,39,Precinct 78,,BROOKLYN,990058,183343,ONLINE,Unspecified,BROOKLYN,,,,,,,,40.66990901889037,-73.97906317649458,POINT (-73.979063176495 40.66990901889)
57948633,06/19/2023 04:29:23 PM,06/19/2023 07:52:58 PM,NYPD,New York City Police Department,Blocked Driveway,No Access,,Street/Sidewalk,11355,143-44 FRANKLIN AVENUE,FRANKLIN AVENUE,BOWNE STREET,PARSONS BOULEVARD,BOWNE STREET,PARSONS BOULEVARD,ADDRESS,FLUSHING,FRANKLIN AVENUE,,Closed,,The Police Department responded and upon arrival those responsible for the condition were gone.,06/19/2023 07:53:04 PM,07 QUEENS,20,Precinct 109,4051840017,QUEENS,1033800,215404,PHONE,Unspecified,QUEENS,,,,,,,,40.757771865372526,-73.82114518887354,POINT (-73.821145188874 40.757771865373)
57941541,06/19/2023 05:37:44 AM,06/19/2023 06:17:38 AM,NYPD,New York City Police Department,Illegal Parking,Blocked Hydrant,,Street/Sidewalk,11219,1057 66 STREET,66 STREET,10 AVENUE,11 AVENUE,10 AVENUE,11 AVENUE,ADDRESS,BROOKLYN,66 STREET,,Closed,,The Police Department issued a summons in response to the complaint.,06/19/2023 06:17:44 AM,10 BROOKLYN,43,Precinct 68,3057510055,BROOKLYN,982158,168309,PHONE,Unspecified,BROOKLYN,,,,,,,,40.62864560850486,-74.00753663120338,POINT (-74.007536631203 40.628645608505)
57945114,06/19/2023 02:05:00 PM,06/19/2023 06:00:00 PM,DEP,Department of Environmental Protection,Sewer,Sewer Backup (Use Comments) (SA),SA,,11224,2733 WEST   33 STREET,WEST   33 STREET,BAY VIEW AVE,NEPTUNE AVE,,,ADDRESS,BROOKLYN,,,Closed,,The Department of Environmental Protection investigated this complaint and found there was no sewer back up in the city system at the time of the inspection.,06/19/2023 06:00:00 PM,13 BROOKLYN,47,Precinct 60,,BROOKLYN,984162,150192,ONLINE,Unspecified,BROOKLYN,,,,,,,,40.57891838110826,-74.00031679242403,POINT (-74.000316792424 40.578918381108)
57950406,06/20/2023 08:01:09 AM,06/20/2023 10:36:21 AM,NYPD,New York City Police Department,Encampment,N/A,,Street/Sidewalk,11105,21 AVENUE,21 AVENUE,21 AVENUE,33 STREET,21 AVENUE,33 STREET,INTERSECTION,,,,Closed,,The Police Department visited the location and no Encampment was found.,06/20/2023 10:36:25 AM,01 QUEENS,22,Precinct 114,,QUEENS,1009902,222444,PHONE,Unspecified,QUEENS,,,,,,,,40.77719646040529,-73.9073800278834,POINT (-73.907380027883 40.777196460405)
57936861,06/18/2023 11:19:50 PM,06/19/2023 12:38:00 AM,NYPD,New York City Police Department,Noise - Residential,Loud Music/Party,,Residential Building/House,11419,112-12 101 AVENUE,101 AVENUE,112 STREET,113 STREET,112 STREET,113 STREET,ADDRESS,SOUTH RICHMOND HILL,101 AVENUE,,Closed,,The Police Department responded to the complaint and took action to fix the condition.,06/19/2023 12:38:05 AM,09 QUEENS,29,Precinct 102,4094300105,QUEENS,1030939,190103,ONLINE,Unspecified,QUEENS,,,,,,,,40.6883424468919,-73.83164769653244,POINT (-73.831647696532 40.688342446892)
57943566,06/19/2023 01:40:08 PM,06/27/2023 08:27:32 PM,HPD,Department of Housing Preservation and Development,ELECTRIC,NO LIGHTING,ONE ROOM OR AREA,RESIDENTIAL BUILDING,10458,2490 TIEBOUT AVENUE,TIEBOUT AVENUE,,,,,ADDRESS,BRONX,,,Closed,,The Department of Housing Preservation and Development inspected the following conditions. No violations were issued. The complaint has been closed.,06/27/2023 12:00:00 AM,05 BRONX,15,Precinct 46,2030230012,BRONX,1013309,253255,PHONE,Unspecified,BRONX,,,,,,,,40.86175336365942,-73.89494519238905,POINT (-73.894945192389 40.861753363659)
57940434,06/19/2023 12:46:11 AM,06/19/2023 01:06:22 AM,NYPD,New York City Police Department,Noise - Residential,Loud Music/Party,,Residential Building/House,11236,1118 EAST   82 STREET,EAST   82 STREET,AVENUE K,AVENUE L,AVENUE K,AVENUE L,ADDRESS,BROOKLYN,EAST   82 STREET,,Closed,,The Police Department responded to the complaint but officers were unable to gain entry into the premises.,06/19/2023 01:06:26 AM,18 BROOKLYN,46,Precinct 69,3080470053,BROOKLYN,1009886,169808,ONLINE,Unspecified,BROOKLYN,,,,,,,,40.63272319747331,-73.90763818436639,POINT (-73.907638184366 40.632723197473)
57940065,06/18/2023 03:18:25 AM,06/21/2023 10:39:25 AM,DCWP,Department of Consumer and Worker Protection,Consumer Complaint,General Vendor,Goods Damaged or Defective,Business,10002,FIRST AVENUE,FIRST AVENUE,FIRST AVENUE,EAST HOUSTON STREET,FIRST AVENUE,EAST HOUSTON STREET,INTERSECTION,,,,Closed,,"The Department of Consumer and Worker Protection (DCWP) closed your NYC311 Service Request.   DCWP couldn't take action on your complaint because it didn't include important details, such as your contact information or the business's name or location.  If you would like to pursue this complaint, you can file a new NYC311 Service Request. Please provide more information about the complaint so DCWP can help you.",06/21/2023 10:39:30 AM,03 MANHATTAN,01,Precinct 7,,MANHATTAN,987399,202661,ONLINE,Unspecified,MANHATTAN,,,,,,,,40.722933781818995,-73.98863937450832,POINT (-73.988639374508 40.722933781819)
57946968,06/19/2023 12:47:33 PM,06/25/2023 11:44:13 AM,DPR,Department of Parks and Recreation,Damaged Tree,Branch or Limb Has Fallen Down,Fell on House,Street,11229,2216 QUENTIN ROAD,QUENTIN ROAD,EAST   22 STREET,EAST   23 STREET,EAST   22 STREET,EAST   23 STREET,ADDRESS,BROOKLYN,QUENTIN ROAD,,Closed,,NYC Parks informed the responsible public utility who will correct the condition.,06/25/2023 11:44:17 AM,15 BROOKLYN,48,Precinct 61,3068050006,BROOKLYN,997860,161171,UNKNOWN,Unspecified,BROOKLYN,,,,,,,,40.609043077308776,-73.95098306059477,POINT (-73.950983060595 40.609043077309)
57945915,06/19/2023 10:33:23 AM,06/26/2023 09:50:55 AM,DPR,Department of Parks and Recreation,Maintenance or Facility,Structure - Outdoors,Other,Park,11354,155-01 32 AVENUE,32 AVENUE,155 STREET,156 STREET,155 STREET,156 STREET,ADDRESS,FLUSHING,32 AVENUE,,Closed,,NYC Parks has completed the requested work order and corrected the problem.,06/26/2023 09:51:01 AM,07 QUEENS,19,Precinct 109,,QUEENS,1037113,219812,PHONE,Unspecified,QUEENS,,,,,,,,40.76985147276612,-73.80915201350913,POINT (-73.809152013509 40.769851472766)
57942810,06/19/2023 11:13:29 AM,06/19/2023 01:03:41 PM,DSNY,Department of Sanitation,Vendor Enforcement,Food Vendor,In Prohibited Area,Street,10004,28 BROADWAY,BROADWAY,BEAVER STREET,MORRIS STREET,BEAVER STREET,MORRIS STREET,ADDRESS,NEW YORK,BROADWAY,,Closed,,N/A,06/19/2023 01:03:50 PM,01 MANHATTAN,01,Precinct 1,1000220013,MANHATTAN,980567,196399,ONLINE,Unspecified,MANHATTAN,,,,,,,,40.70574588128184,-74.01328370769053,POINT (-74.013283707691 40.705745881282)
57935952,06/18/2023 08:00:04 PM,06/18/2023 08:07:18 PM,NYPD,New York City Police Department,Noise - Street/Sidewalk,Loud Music/Party,,Street/Sidewalk,10458,EAST MOSHOLU PARKWAY SOUTH,EAST MOSHOLU PARKWAY SOUTH,BAINBRIDGE AVENUE,EAST MOSHOLU PARKWAY SOUTH,BAINBRIDGE AVENUE,EAST MOSHOLU PARKWAY SOUTH,INTERSECTION,,,,Closed,,The Police Department reviewed your complaint and provided additional information below.,06/18/2023 08:07:22 PM,07 BRONX,11,Precinct 52,,BRONX,1016755,257040,MOBILE,Unspecified,BRONX,,,,,,,,40.87213001259421,-73.88246878343082,POINT (-73.882468783431 40.872130012594)
57936114,06/18/2023 10:18:22 PM,06/18/2023 11:01:34 PM,NYPD,New York City Police Department,Noise - Street/Sidewalk,Loud Music/Party,,Street/Sidewalk,10468,PAUL AVENUE,PAUL AVENUE,BEDFORD PARK BOULEVARD WEST,WEST  205 STREET,BEDFORD PARK BOULEVARD WEST,WEST  205 STREET,BLOCKFACE,,,,Closed,,The Police Department made an arrest in response to the complaint.,06/18/2023 11:01:37 PM,Unspecified BRONX,,Precinct 52,,BRONX,,,ONLINE,Unspecified,BRONX,,,,,,,,,,
57947058,06/19/2023 03:19:07 PM,07/03/2023 02:26:06 PM,DPR,Department of Parks and Recreation,Maintenance or Facility,Structure - Outdoors,Sprinkler/Spray shower,Park,11233,WEEKSVILLE PLAYGROUND,WEEKSVILLE PLAYGROUND,HERKIMER STREET,ATLANTIC AVENUE,HERKIMER STREET,ATLANTIC AVENUE,UNRECOGNIZED,BROOKLYN,WEEKSVILLE PLAYGROUND,,Closed,,NYC Parks has completed the requested work order and corrected the problem.,07/03/2023 02:26:10 PM,03 BROOKLYN,41,Precinct 81,3015580028,BROOKLYN,1006581,185995,PHONE,Unspecified,BROOKLYN,,,,,,,,40.677161901664746,-73.91949188810219,POINT (-73.919491888102 40.677161901665)
57951252,06/20/2023 06:53:37 AM,06/20/2023 06:59:24 AM,NYPD,New York City Police Department,Illegal Parking,Paper License Plates,,Street/Sidewalk,10467,2201 HOLLAND AVENUE,HOLLAND AVENUE,PELHAM PARKWAY NORTH,ASTOR AVENUE,PELHAM PARKWAY NORTH,ASTOR AVENUE,ADDRESS,BRONX,HOLLAND AVENUE,,Closed,,The Police Department reviewed your complaint and provided additional information below.,06/20/2023 06:59:29 AM,11 BRONX,13,Precinct 49,2043440001,BRONX,1021416,251949,ONLINE,Unspecified,BRONX,,,,,,,,40.85813838227989,-73.86564385041834,POINT (-73.865643850418 40.85813838228)
57939462,06/18/2023 02:09:10 AM,06/18/2023 02:30:32 AM,NYPD,New York City Police Department,Noise - Residential,Loud Music/Party,,Residential Building/House,11355,57-06 146 STREET,146 STREET,BOOTH MEMORIAL AVENUE,58 AVENUE,BOOTH MEMORIAL AVENUE,58 AVENUE,ADDRESS,FLUSHING,146 STREET,,Closed,,The Police Department responded to the complaint and with the information available observed no evidence of the violation at that time.,06/18/2023 02:30:35 AM,07 QUEENS,20,Precinct 109,4064060055,QUEENS,1033719,210766,ONLINE,Unspecified,QUEENS,,,,,,,,40.74504220824487,-73.82147168383602,POINT (-73.821471683836 40.745042208245)
57950172,06/20/2023 02:46:15 PM,06/20/2023 04:54:29 PM,NYPD,New York City Police Department,Illegal Parking,Posted Parking Sign Violation,,Street/Sidewalk,11229,1835 EAST   15 STREET,EAST   15 STREET,AVENUE R,DEAD END,AVENUE R,DEAD END,ADDRESS,BROOKLYN,EAST   15 STREET,,Closed,,The Police Department issued a summons in response to the complaint.,06/20/2023 04:54:34 PM,15 BROOKLYN,48,Precinct 61,3068210074,BROOKLYN,996036,159700,PHONE,Unspecified,BROOKLYN,,,,,,,,40.605008097424864,-73.95755483284233,POINT (-73.957554832842 40.605008097425)
57938616,06/18/2023 06:48:52 PM,06/18/2023 08:44:19 PM,NYPD,New York City Police Department,Illegal Parking,Blocked Hydrant,,Street/Sidewalk,11429,113-32 207 STREET,207 STREET,113 AVENUE,MURDOCK AVENUE,113 AVENUE,MURDOCK AVENUE,ADDRESS,QUEENS VILLAGE,207 STREET,,Closed,,The Police Department responded to the complaint and took action to fix the condition.,06/18/2023 08:44:25 PM,13 QUEENS,27,Precinct 105,4110020217,QUEENS,1054102,195376,ONLINE,Unspecified,QUEENS,,,,,,,,40.702663050735765,-73.74807170350472,POINT (-73.748071703505 40.702663050736)
57951270,06/20/2023 11:23:11 AM,06/24/2023 06:48:45 AM,DSNY,Department of Sanitation,Illegal Dumping,Removal Request,N/A,Sidewalk,10314,369 HAROLD STREET,HAROLD STREET,BUCHANAN AVENUE,FILLMORE AVENUE,BUCHANAN AVENUE,FILLMORE AVENUE,ADDRESS,STATEN ISLAND,HAROLD STREET,,Closed,,The Department of Sanitation removed the items.,06/23/2023 09:55:02 AM,02 STATEN ISLAND,50,Precinct 121,5008230050,STATEN ISLAND,947129,158347,PHONE,Unspecified,STATEN ISLAND,,,,,,,,40.60122448139805,-74.13367710098615,POINT (-74.133677100986 40.601224481398)
57938319,06/18/2023 08:22:04 PM,06/18/2023 08:38:32 PM,NYPD,New York City Police Department,Noise - Street/Sidewalk,Loud Music/Party,,Street/Sidewalk,11238,505 LINCOLN PLACE,LINCOLN PLACE,CLASSON AVENUE,FRANKLIN AVENUE SHUTTLE LINE,CLASSON AVENUE,FRANKLIN AVENUE SHUTTLE LINE,ADDRESS,BROOKLYN,LINCOLN PLACE,,Closed,,The Police Department responded to the complaint and took action to fix the condition.,06/18/2023 08:38:40 PM,08 BROOKLYN,35,Precinct 77,3011780075,BROOKLYN,995423,184098,MOBILE,Unspecified,BROOKLYN,,,,,,,,40.67197617949144,-73.95972204109367,POINT (-73.959722041094 40.671976179491)
57937788,06/18/2023 03:30:23 PM,06/18/2023 03:30:23 PM,DOHMH,Department of Health and Mental Hygiene,Rodent,Rat Sighting,,1-2 Family Dwelling,11429,104-23 214 STREET,214 STREET,104 AVENUE,HOLLIS AVENUE,104 AVENUE,HOLLIS AVENUE,ADDRESS,QUEENS VILLAGE,214 STREET,,Closed,,The Department of Health and Mental Hygiene inspected the property you reported and did not find any violations at the time of the inspection. The property passed inspection.,06/18/2023 03:30:23 PM,13 QUEENS,27,Precinct 105,4110990027,QUEENS,1055046,198623,PHONE,Unspecified,QUEENS,,,,,,,,40.711567758742675,-73.7446329520488,POINT (-73.744632952049 40.711567758743)
57943161,06/19/2023 08:49:39 AM,06/19/2023 09:24:27 AM,NYPD,New York City Police Department,Illegal Parking,Posted Parking Sign Violation,,Street/Sidewalk,11230,1123 AVENUE N,AVENUE N,CONEY ISLAND AVENUE,EAST   12 STREET,CONEY ISLAND AVENUE,EAST   12 STREET,ADDRESS,BROOKLYN,AVENUE N,,Closed,,The Police Department responded and upon arrival those responsible for the condition were gone.,06/19/2023 09:24:31 AM,14 BROOKLYN,44,Precinct 70,3067400049,BROOKLYN,994507,163429,MOBILE,Unspecified,BROOKLYN,,,,,,,,40.61524533725,-73.9630555878105,POINT (-73.96305558781 40.61524533725)
57942315,06/19/2023 05:27:55 AM,06/19/2023 05:59:25 AM,NYPD,New York City Police Department,Noise - Residential,Loud Music/Party,,Residential Building/House,11373,44-30 MACNISH STREET,MACNISH STREET,ELMHURST AVENUE,WHITNEY AVENUE,ELMHURST AVENUE,WHITNEY AVENUE,ADDRESS,ELMHURST,MACNISH STREET,,Closed,,The Police Department responded to the complaint and with the information available observed no evidence of the violation at that time.,06/19/2023 05:59:31 AM,04 QUEENS,25,Precinct 110,4015610025,QUEENS,1017524,209701,PHONE,Unspecified,QUEENS,,,,,,,,40.74219481704785,-73.87992287969446,POINT (-73.879922879694 40.742194817048)
57939813,06/18/2023 11:10:16 AM,06/18/2023 11:36:48 AM,NYPD,New York City Police Department,Illegal Parking,Unauthorized Bus Layover,,Street/Sidewalk,10033,661 WEST  179 STREET,WEST  179 STREET,WADSWORTH AVENUE,BROADWAY,WADSWORTH AVENUE,BROADWAY,ADDRESS,NEW YORK,WEST  179 STREET,,Closed,,The Police Department responded and upon arrival those responsible for the condition were gone.,06/18/2023 11:36:52 AM,12 MANHATTAN,10,Precinct 34,1021630025,MANHATTAN,1001849,248487,MOBILE,Unspecified,MANHATTAN,,,,,,,,40.84869691434032,-73.93638816294042,POINT (-73.93638816294 40.84869691434)
57948084,06/19/2023 09:54:13 AM,06/28/2023 12:00:00 AM,DOB,Department of Buildings,Elevator,Elevator - Multiple Devices On Property,,,10457,2051 RYER AVENUE,RYER AVENUE,,,,,ADDRESS,BRONX,,,Closed,,"The Department of Buildings determined that the conditions described in this complaint were addressed under another service request number. Click on ""Learn More"" in the ""Did You Know"" section below for more information.",06/28/2023 12:00:00 AM,05 BRONX,15,Precinct 46,2031560070,BRONX,1011579,249623,UNKNOWN,Unspecified,BRONX,,,,,,,,40.85179014156923,-73.9012143328287,POINT (-73.901214332829 40.851790141569)
57936447,06/18/2023 05:14:40 PM,06/18/2023 05:20:37 PM,NYPD,New York City Police Department,Illegal Parking,Paper License Plates,,Street/Sidewalk,11215,482 9 STREET,9 STREET,7 AVENUE,8 AVENUE,7 AVENUE,8 AVENUE,ADDRESS,BROOKLYN,9 STREET,,Closed,,The Police Department responded to the complaint and determined that police action was not necessary.,06/18/2023 05:20:40 PM,06 BROOKLYN,39,Precinct 78,3010920020,BROOKLYN,989699,182024,MOBILE,Unspecified,BROOKLYN,,,,,,,,40.666288886175295,-73.98035837476328,POINT (-73.980358374763 40.666288886175)
57945420,06/19/2023 05:49:33 PM,06/19/2023 05:51:28 PM,NYPD,New York City Police Department,Illegal Parking,Blocked Crosswalk,,Street/Sidewalk,11385,70-20 60 LANE,60 LANE,70 AVENUE,71 AVENUE,70 AVENUE,71 AVENUE,ADDRESS,RIDGEWOOD,60 LANE,,Closed,,The Police Department reviewed your complaint and provided additional information below.,06/19/2023 05:51:33 PM,05 QUEENS,30,Precinct 104,4035170033,QUEENS,1012838,195007,MOBILE,Unspecified,QUEENS,,,,,,,,40.70187975588009,-73.89689581897603,POINT (-73.896895818976 40.70187975588)
57948102,06/19/2023 09:32:36 AM,06/20/2023 08:07:45 PM,HPD,Department of Housing Preservation and Development,UNSANITARY CONDITION,PESTS,MICE,RESIDENTIAL BUILDING,11204,1953 70 STREET,70 STREET,,,,,ADDRESS,BROOKLYN,,,Closed,,The Department of Housing Preservation and Development inspected the following conditions. No violations were issued. The complaint has been closed.,06/20/2023 12:00:00 AM,11 BROOKLYN,47,Precinct 62,3061620049,BROOKLYN,987066,163092,PHONE,Unspecified,BROOKLYN,,,,,,,,40.61432583130282,-73.98985726539595,POINT (-73.989857265396 40.614325831303)
57938922,06/18/2023 12:03:43 PM,07/12/2023 02:53:29 PM,EDC,Economic Development Corporation,Noise - Helicopter,Other,Flying Too Low,Above Address,11414,88-12 151 AVENUE,151 AVENUE,88 STREET,89 STREET,88 STREET,89 STREET,ADDRESS,HOWARD BEACH,151 AVENUE,,Closed,,"The New York City Economic Development Corporation determined that this issue is not within its jurisdiction because the helicopter did not belong to a tour company departing from a NYC heliport.Â  Instead, it was most likely a law enforcement or news gathering helicopter not subject to the routing protocols established for tour helicopters. It may also have been a helicopter that departed as a charter or tour from another City but flew over NYC airspace. Helicopter tours originating from outside NYC are not subject to the same City regulations as tours departing from heliports managed by NYCEDC. Any City regulation of these flights is pre-empted by federal law and subject only to the jurisdiction of the Federal Aviation Administration. To file a complaint with the FAA, you can contact the New York Flight Standards District Office at the following web address:Â https://www.faa.gov/about/office_org/field_offices/fsdo/",07/12/2023 02:53:33 PM,10 QUEENS,32,Precinct 106,4114340007,QUEENS,1026729,182858,ONLINE,Unspecified,QUEENS,,,,,,,,40.6684777987759,-73.84687384879807,POINT (-73.846873848798 40.668477798776)
57943485,06/19/2023 03:13:10 PM,06/19/2023 03:22:01 PM,NYPD,New York City Police Department,Noise - Street/Sidewalk,Loud Music/Party,,Street/Sidewalk,10009,AVENUE A,AVENUE A,AVENUE A,EAST   11 STREET,AVENUE A,EAST   11 STREET,INTERSECTION,,,,Closed,,The Police Department responded to the complaint and with the information available observed no evidence of the violation at that time.,06/19/2023 03:22:06 PM,03 MANHATTAN,02,Precinct 9,,MANHATTAN,989297,204670,ONLINE,Unspecified,MANHATTAN,,,,,,,,40.72844711927702,-73.98179046654367,POINT (-73.981790466544 40.728447119277)
57940281,06/18/2023 06:49:42 PM,06/19/2023 04:23:13 AM,NYPD,New York City Police Department,Noise - Residential,Loud Music/Party,,Residential Building/House,10461,3150 SANDS PLACE,SANDS PLACE,SCHUYLER PLACE,BRUCKNER BOULEVARD,SCHUYLER PLACE,BRUCKNER BOULEVARD,ADDRESS,BRONX,SANDS PLACE,,Closed,,The Police Department responded to the complaint and with the information available observed no evidence of the violation at that time.,06/19/2023 04:23:18 AM,10 BRONX,13,Precinct 45,,BRONX,1031854,249355,MOBILE,Unspecified,BRONX,,,,,,,,40.850968526725595,-73.82792868967913,POINT (-73.827928689679 40.850968526726)
57943251,06/19/2023 10:09:15 AM,06/19/2023 10:42:00 AM,NYPD,New York City Police Department,Blocked Driveway,Partial Access,,Street/Sidewalk,10314,147 FANNING STREET,FANNING STREET,SOUTH GANNON AVENUE,WESTWOOD AVENUE,SOUTH GANNON AVENUE,WESTWOOD AVENUE,ADDRESS,STATEN ISLAND,FANNING STREET,,Closed,,The Police Department issued a summons in response to the complaint.,06/19/2023 10:42:06 AM,02 STATEN ISLAND,49,Precinct 121,5007520135,STATEN ISLAND,950114,160415,PHONE,Unspecified,STATEN ISLAND,,,,,,,,40.60691271498936,-74.12293823014436,POINT (-74.122938230144 40.606912714989)
57938679,06/18/2023 06:29:20 PM,06/19/2023 02:19:07 PM,DSNY,Department of Sanitation,Dirty Condition,Trash,Not Cleaned by Property Owner,Yard,11217,28 7 AVENUE,7 AVENUE,STERLING PLACE,ST JOHNS PLACE,STERLING PLACE,ST JOHNS PLACE,ADDRESS,BROOKLYN,7 AVENUE,,Closed,,The Department of Sanitation will address the situation at the location by providing educational outreach about proper sanitation procedures.,06/19/2023 02:19:16 PM,06 BROOKLYN,39,Precinct 78,3009450040,BROOKLYN,991520,185904,ONLINE,Unspecified,BROOKLYN,,,,,,,,40.676937308512244,-73.97379016037101,POINT (-73.973790160371 40.676937308512)
57935979,06/18/2023 04:02:13 AM,06/18/2023 04:47:42 AM,NYPD,New York City Police Department,Noise - Commercial,Loud Music/Party,,Store/Commercial,11372,37-71 79 STREET,79 STREET,37 AVENUE,ROOSEVELT AVENUE,37 AVENUE,ROOSEVELT AVENUE,ADDRESS,JACKSON HEIGHTS,79 STREET,,Closed,,The Police Department responded to the complaint and took action to fix the condition.,06/18/2023 04:47:49 AM,03 QUEENS,25,Precinct 115,4012900047,QUEENS,1015554,212210,ONLINE,Unspecified,QUEENS,,,,,,,,40.74908858017093,-73.887020405856,POINT (-73.887020405856 40.749088580171)
57940335,06/18/2023 10:03:13 PM,06/18/2023 10:34:15 PM,NYPD,New York City Police Department,Noise - Residential,Loud Talking,,Residential Building/House,11421,86-13 91 AVENUE,91 AVENUE,86 STREET,87 STREET,86 STREET,87 STREET,ADDRESS,WOODHAVEN,91 AVENUE,,Closed,,The Police Department responded to the complaint and with the information available observed no evidence of the violation at that time.,06/18/2023 10:34:20 PM,09 QUEENS,32,Precinct 102,4089680031,QUEENS,1024087,189987,PHONE,Unspecified,QUEENS,,,,,,,,40.68805754694449,-73.85635543843172,POINT (-73.856355438432 40.688057546944)
57950028,06/20/2023 07:44:00 PM,06/21/2023 06:50:00 AM,DSNY,Department of Sanitation,Derelict Vehicles,Derelict Vehicles,,Street,11234,3915 FLATLANDS AVENUE,FLATLANDS AVENUE,HARDEN STREET,EAST 43 STREET,,,ADDRESS,BROOKLYN,,,Closed,,DSNY already has a request to investigate this reportedly abandoned vehicle and cannot open multiple service requests for the same vehicle at once. Your request is being closed while we action the prior report.,06/21/2023 12:00:00 PM,18 BROOKLYN,45,Precinct 63,3078210001,BROOKLYN,1002534,165909,PHONE,Unspecified,BROOKLYN,,,,,,,,40.622039491771666,-73.93413664474258,POINT (-73.934136644743 40.622039491772)
57937482,06/17/2023 11:36:41 PM,08/02/2024 12:00:00 AM,DOB,Department of Buildings,General Construction/Plumbing,Curb Cut/Driveway/Carport - Illegal,,,11214,131 BAY   37 STREET,BAY   37 STREET,,,,,ADDRESS,BROOKLYN,,,Closed,,The Department of Buildings investigated this complaint and issued an Office of Administrative Trials and Hearings (OATH) summons.,08/02/2024 12:00:00 AM,11 BROOKLYN,43,Precinct 62,3068770026,BROOKLYN,986643,156476,UNKNOWN,Unspecified,BROOKLYN,,,,,,,,40.596166385772655,-73.99138318076113,POINT (-73.991383180761 40.596166385773)
57946788,06/19/2023 10:28:45 PM,06/21/2023 06:41:26 PM,HPD,Department of Housing Preservation and Development,HEAT/HOT WATER,ENTIRE BUILDING,NO HOT WATER,RESIDENTIAL BUILDING,11220,430 61 STREET,61 STREET,,,,,ADDRESS,BROOKLYN,,,Closed,,"The Department of Housing Preservation and Development responded to a complaint of no heat or hot water and was advised by a tenant in the building that heat and hot water had been restored. If the condition still exists, please file a new complaint.",06/21/2023 12:00:00 AM,07 BROOKLYN,38,Precinct 72,3057910021,BROOKLYN,979210,172348,MOBILE,Unspecified,BROOKLYN,,,,,,,,40.63973061905817,-74.01816010111662,POINT (-74.018160101117 40.639730619058)
57946851,06/19/2023 06:30:05 AM,06/27/2023 08:35:07 PM,HPD,Department of Housing Preservation and Development,UNSANITARY CONDITION,PESTS,MICE,RESIDENTIAL BUILDING,10458,2600 BRIGGS AVENUE,BRIGGS AVENUE,,,,,ADDRESS,BRONX,,,Closed,,The Department of Housing Preservation and Development inspected the following conditions. Violations were issued. Information about specific violations is available at www.nyc.gov/hpd,06/27/2023 12:00:00 AM,07 BRONX,15,Precinct 52,2032930039,BRONX,1013761,254129,PHONE,Unspecified,BRONX,,,,,,,,40.86415072840221,-73.89330726404104,POINT (-73.893307264041 40.864150728402)
57945654,06/19/2023 01:22:34 PM,06/19/2023 01:44:09 PM,NYPD,New York City Police Department,Noise - Residential,Loud Music/Party,,Residential Building/House,11433,108-26 159 STREET,159 STREET,108 AVENUE,109 AVENUE,108 AVENUE,109 AVENUE,ADDRESS,JAMAICA,159 STREET,,Closed,,The Police Department responded to the complaint and determined that police action was not necessary.,06/19/2023 01:44:13 PM,12 QUEENS,28,Precinct 103,4101460051,QUEENS,1041463,192497,ONLINE,Unspecified,QUEENS,,,,,,,,40.694851633900804,-73.79367980321378,POINT (-73.793679803214 40.694851633901)
57947535,06/19/2023 07:56:49 AM,06/19/2023 08:23:47 AM,NYPD,New York City Police Department,Blocked Driveway,No Access,,Street/Sidewalk,11232,243 44 STREET,44 STREET,2 AVENUE,3 AVENUE,2 AVENUE,3 AVENUE,ADDRESS,BROOKLYN,44 STREET,,Closed,,The Police Department responded and upon arrival those responsible for the condition were gone.,06/19/2023 08:23:52 AM,07 BROOKLYN,38,Precinct 72,3007270055,BROOKLYN,980796,176768,PHONE,Unspecified,BROOKLYN,,,,,,,,40.65186332552265,-74.01244769759647,POINT (-74.012447697596 40.651863325523)
57946248,06/19/2023 08:33:42 AM,06/19/2023 08:53:26 AM,NYPD,New York City Police Department,Illegal Parking,Blocked Sidewalk,,Street/Sidewalk,11224,2060 NEPTUNE AVENUE,NEPTUNE AVENUE,WEST   20 STREET,WEST   21 STREET,WEST   20 STREET,WEST   21 STREET,ADDRESS,BROOKLYN,NEPTUNE AVENUE,,Closed,,The Police Department responded to the complaint and determined that police action was not necessary.,06/19/2023 08:53:33 AM,13 BROOKLYN,47,Precinct 60,,BROOKLYN,987598,150085,ONLINE,Unspecified,BROOKLYN,,,,,,,,40.578624055438965,-73.98794754130523,POINT (-73.987947541305 40.578624055439)
57940974,06/20/2023 12:39:59 AM,06/20/2023 05:38:27 AM,NYPD,New York City Police Department,Illegal Parking,Blocked Hydrant,,Street/Sidewalk,11378,73-33 53 AVENUE,53 AVENUE,73 STREET,74 STREET,73 STREET,74 STREET,ADDRESS,MASPETH,53 AVENUE,,Closed,,The Police Department issued a summons in response to the complaint.,06/20/2023 05:38:33 AM,05 QUEENS,30,Precinct 104,4024890048,QUEENS,1014920,205703,MOBILE,Unspecified,QUEENS,,,,,,,,40.73123071807211,-73.8893382474096,POINT (-73.88933824741 40.731230718072)
57944565,06/19/2023 06:46:13 PM,06/19/2023 07:47:43 PM,NYPD,New York City Police Department,Noise - Vehicle,Car/Truck Music,,Street/Sidewalk,11249,KENT AVENUE,KENT AVENUE,KENT AVENUE,NORTH    5 STREET,KENT AVENUE,NORTH    5 STREET,INTERSECTION,,,,Closed,,The Police Department responded to the complaint and took action to fix the condition.,06/19/2023 07:47:46 PM,01 BROOKLYN,33,Precinct 94,,BROOKLYN,994535,201313,ONLINE,Unspecified,BROOKLYN,,,,,,,,40.719228428965984,-73.96289693860493,POINT (-73.962896938605 40.719228428966)
57951405,06/20/2023 10:04:00 AM,06/20/2023 11:30:00 AM,DOT,Department of Transportation,Traffic Signal Condition,Controller,Operating Improperly,,10000,CENTRAL PARK,CENTRAL PARK,CENTRAL PARK CTR DR,POST 41,,,PLACENAME,NEW YORK,,N/A,Closed,,Service Request status for this request is available on the Department of Transportationâs website. Please click the âLearn Moreâ link below.,06/20/2023 11:30:00 AM,64 MANHATTAN,06,Precinct 22,1011110001,MANHATTAN,993877,224317,UNKNOWN,Unspecified,MANHATTAN,,,,,,,,40.7823693296991,-73.96523773584458,POINT (-73.965237735845 40.782369329699)
57940200,06/18/2023 10:27:12 PM,08/25/2023 11:16:40 AM,DOT,Department of Transportation,Street Condition,Crash Cushion Defect,N/A,Street,10011,7 AVENUE,7 AVENUE,7 AVENUE,WEST   14 STREET,7 AVENUE,WEST   14 STREET,INTERSECTION,,,,Closed,,The Department of Transportation inspected the condition you reported and determined that this issue is not within its jurisdiction.,08/25/2023 11:16:43 AM,02 MANHATTAN,03,Precinct 6,,MANHATTAN,984338,208351,PHONE,Unspecified,MANHATTAN,,,,,,,,40.738551998380736,-73.9996824485918,POINT (-73.999682448592 40.738551998381)
57942558,06/19/2023 07:38:46 PM,06/22/2023 02:00:36 PM,DPR,Department of Parks and Recreation,Overgrown Tree/Branches,Traffic Sign or Signal Blocked,Sign,Street,11375,69-45 FLEET STREET,FLEET STREET,69 AVENUE,70 AVENUE,69 AVENUE,70 AVENUE,ADDRESS,FOREST HILLS,FLEET STREET,,Closed,,NYC Parks performed the work necessary to correct the condition.,06/22/2023 02:00:41 PM,06 QUEENS,29,Precinct 112,4032170046,QUEENS,1025839,200745,ONLINE,Unspecified,QUEENS,,,,,,,,40.71757762972219,-73.8499716374012,POINT (-73.849971637401 40.717577629722)
57939138,06/18/2023 10:45:14 AM,06/04/2024 12:50:36 AM,DOHMH,Department of Health and Mental Hygiene,Food Establishment,Bare Hands in Contact w/ Food,N/A,Restaurant/Bar/Deli/Bakery,11215,719 5 AVENUE,5 AVENUE,22 STREET,23 STREET,22 STREET,23 STREET,ADDRESS,BROOKLYN,5 AVENUE,,Closed,,This SR was administratively closed. The issue you reported was addressed.,06/04/2024 12:50:41 AM,07 BROOKLYN,39,Precinct 72,3008990003,BROOKLYN,985811,179885,ONLINE,Unspecified,BROOKLYN,,,,,,,,40.66041934379694,-73.99437366875357,POINT (-73.994373668754 40.660419343797)
57944394,06/19/2023 10:14:43 AM,06/19/2023 10:59:50 AM,NYPD,New York City Police Department,Blocked Driveway,No Access,,Street/Sidewalk,10459,1278 HOE AVENUE,HOE AVENUE,FREEMAN STREET,JENNINGS STREET,FREEMAN STREET,JENNINGS STREET,ADDRESS,BRONX,HOE AVENUE,,Closed,,The Police Department issued a summons in response to the complaint.,06/19/2023 10:59:53 AM,03 BRONX,17,Precinct 42,2029870005,BRONX,1014492,241876,ONLINE,Unspecified,BRONX,,,,,,,,40.83051740584729,-73.89071970667342,POINT (-73.890719706673 40.830517405847)
57937509,06/18/2023 04:12:17 PM,06/18/2023 04:42:53 PM,NYPD,New York City Police Department,Illegal Parking,Blocked Hydrant,,Street/Sidewalk,11215,210 PROSPECT PARK WEST,PROSPECT PARK WEST,PROSPECT PARK SOUTHWEST,16 STREET,PROSPECT PARK SOUTHWEST,16 STREET,ADDRESS,BROOKLYN,PROSPECT PARK WEST,,Closed,,The Police Department responded and upon arrival those responsible for the condition were gone.,06/18/2023 04:42:58 PM,07 BROOKLYN,39,Precinct 72,3011050041,BROOKLYN,989706,179901,PHONE,Unspecified,BROOKLYN,,,,,,,,40.660461716905296,-73.98033486033547,POINT (-73.980334860335 40.660461716905)
57949191,06/19/2023 09:37:00 AM,06/20/2023 08:06:00 AM,DSNY,Department of Sanitation,Derelict Vehicles,Derelict Vehicles,,Street,10453,2165 WALTON AVENUE,WALTON AVENUE,EAST 181 STREET,CAMERON PLACE,,,ADDRESS,BRONX,,DSNY Garage,Closed,,The Department of Sanitation (DSNY) couldn't find the condition. Please file a new Service Request with more details about the location.,06/20/2023 12:00:00 PM,05 BRONX,14,Precinct 46,2031850008,BRONX,1010684,251059,PHONE,Unspecified,BRONX,,,,,,,,40.85573425666624,-73.9044438090548,POINT (-73.904443809055 40.855734256666)
57943242,06/19/2023 08:09:21 AM,06/19/2023 10:56:11 AM,NYPD,New York City Police Department,Blocked Driveway,No Access,,Street/Sidewalk,11385,64-38 CATALPA AVENUE,CATALPA AVENUE,64 PLACE,65 STREET,64 PLACE,65 STREET,ADDRESS,RIDGEWOOD,CATALPA AVENUE,,Closed,,The Police Department issued a summons in response to the complaint.,06/19/2023 10:56:17 AM,05 QUEENS,30,Precinct 104,4036350006,QUEENS,1013978,196026,MOBILE,Unspecified,QUEENS,,,,,,,,40.70467291311088,-73.89277985249241,POINT (-73.892779852492 40.704672913111)
57943044,06/19/2023 01:10:58 PM,06/19/2023 08:08:18 PM,NYPD,New York City Police Department,Illegal Parking,Double Parked Blocking Traffic,,Street/Sidewalk,10454,620 EAST  132 STREET,EAST  132 STREET,ST ANNS AVENUE,CYPRESS AVENUE,ST ANNS AVENUE,CYPRESS AVENUE,ADDRESS,BRONX,EAST  132 STREET,,Closed,,The Police Department responded to the complaint and with the information available observed no evidence of the violation at that time.,06/19/2023 08:08:24 PM,01 BRONX,08,Precinct 40,2025430040,BRONX,1006679,231611,MOBILE,Unspecified,BRONX,,,,,,,,40.80236616766173,-73.91898648173323,POINT (-73.918986481733 40.802366167662)
57942846,06/19/2023 11:39:57 AM,06/22/2023 06:30:23 AM,DSNY,Department of Sanitation,Obstruction,Trash or Recycling,Street,Street,11105,23-79 24 STREET,24 STREET,23 AVENUE,24 AVENUE,23 AVENUE,24 AVENUE,ADDRESS,ASTORIA,24 STREET,,Closed,,The Department of Sanitation investigated this complaint and found no condition at the location.,06/20/2023 11:59:56 AM,01 QUEENS,22,Precinct 114,4008650006,QUEENS,1006637,221983,PHONE,Unspecified,QUEENS,,,,,,,,40.775940009617706,-73.91917027518858,POINT (-73.919170275189 40.775940009618)
57938931,06/18/2023 06:13:23 AM,06/18/2023 06:33:03 AM,NYPD,New York City Police Department,Abandoned Vehicle,With License Plate,,Street/Sidewalk,11239,516 SCHROEDERS AVENUE,SCHROEDERS AVENUE,ASHFORD STREET,ELTON STREET,ASHFORD STREET,ELTON STREET,ADDRESS,BROOKLYN,SCHROEDERS AVENUE,,Closed,,The Police Department responded to the complaint and with the information available observed no evidence of the violation at that time.,06/18/2023 06:33:08 AM,05 BROOKLYN,42,Precinct 75,3044520423,BROOKLYN,1019422,177846,ONLINE,Unspecified,BROOKLYN,,,,,,,,40.65475302381683,-73.87323985668276,POINT (-73.873239856683 40.654753023817)
57951126,06/20/2023 01:31:58 PM,07/03/2023 03:41:36 PM,DOT,Department of Transportation,Street Sign - Damaged,"No Parking, Standing, Stopping",N/A,Street,11434,172-17 140 AVENUE,140 AVENUE,172 STREET,173 STREET,172 STREET,173 STREET,ADDRESS,JAMAICA,140 AVENUE,,Closed,,The Department of Transportation has completed the request or corrected the condition.,07/03/2023 03:41:40 PM,12 QUEENS,28,Precinct 113,4125780002,QUEENS,1048588,183865,MOBILE,Unspecified,QUEENS,,,,,,,,40.67110991344391,-73.76806832550773,POINT (-73.768068325508 40.671109913444)
57937239,06/18/2023 11:56:08 PM,06/19/2023 12:47:53 AM,NYPD,New York City Police Department,Noise - Residential,Loud Music/Party,,Residential Building/House,10460,2103 HONEYWELL AVENUE,HONEYWELL AVENUE,EAST  180 STREET,EAST  181 STREET,EAST  180 STREET,EAST  181 STREET,ADDRESS,BRONX,HONEYWELL AVENUE,,Closed,,The Police Department responded to the complaint and took action to fix the condition.,06/19/2023 12:47:57 AM,06 BRONX,15,Precinct 48,2031240001,BRONX,1016813,247208,ONLINE,Unspecified,BRONX,,,,,,,,40.84514393330598,-73.882306832464,POINT (-73.882306832464 40.845143933306)
57940326,06/19/2023 12:19:04 AM,06/19/2023 12:42:11 AM,NYPD,New York City Police Department,Noise - Street/Sidewalk,Loud Music/Party,,Street/Sidewalk,11203,717 FENIMORE STREET,FENIMORE STREET,ALBANY AVENUE,TROY AVENUE,ALBANY AVENUE,TROY AVENUE,ADDRESS,BROOKLYN,FENIMORE STREET,,Closed,,The Police Department responded to the complaint and took action to fix the condition.,06/19/2023 12:42:15 AM,09 BROOKLYN,40,Precinct 71,3048130062,BROOKLYN,1001382,179541,MOBILE,Unspecified,BROOKLYN,,,,,,,,40.65945870345684,-73.93825180861205,POINT (-73.938251808612 40.659458703457)
57941523,06/20/2023 12:08:08 AM,06/20/2023 12:44:40 AM,NYPD,New York City Police Department,Illegal Parking,Commercial Overnight Parking,,Street/Sidewalk,11412,BABYLON AVENUE,BABYLON AVENUE,BABYLON AVENUE,LIBERTY AVENUE,BABYLON AVENUE,LIBERTY AVENUE,INTERSECTION,,,,Closed,,The Police Department issued a summons in response to the complaint.,06/20/2023 12:44:44 AM,12 QUEENS,27,Precinct 103,,QUEENS,1047490,196081,MOBILE,Unspecified,QUEENS,,,,,,,,40.70464782766476,-73.77191181560497,POINT (-73.771911815605 40.704647827665)
57939921,06/18/2023 06:45:50 AM,06/18/2023 09:03:26 AM,NYPD,New York City Police Department,Illegal Parking,Blocked Hydrant,,Street/Sidewalk,11428,222-86 BRADDOCK AVENUE,BRADDOCK AVENUE,PONTIAC STREET,MOLINE STREET,PONTIAC STREET,MOLINE STREET,ADDRESS,QUEENS VILLAGE,BRADDOCK AVENUE,,Closed,,The Police Department issued a summons in response to the complaint.,06/18/2023 09:03:30 AM,13 QUEENS,23,Precinct 105,4107570017,QUEENS,1057976,204623,PHONE,Unspecified,QUEENS,,,,,,,,40.728012308053565,-73.73399854220409,POINT (-73.733998542204 40.728012308054)
57951765,06/20/2023 09:07:29 AM,06/22/2023 06:59:29 AM,DHS,Department of Homeless Services,Encampment,N/A,,Store/Commercial,10003,801 BROADWAY,BROADWAY,EAST   11 STREET,EAST   12 STREET,EAST   11 STREET,EAST   12 STREET,ADDRESS,NEW YORK,BROADWAY,,Closed,,"The Department of Homeless Services (DHS) visited the location but could not find the condition you reported. If it still exists, please submit a new Service Request.",06/22/2023 06:59:32 AM,02 MANHATTAN,02,Precinct 6,1005630037,MANHATTAN,986671,206170,ONLINE,Unspecified,MANHATTAN,,,,,,,,40.73256536058412,-73.99126451260956,POINT (-73.99126451261 40.732565360584)
57940632,06/18/2023 05:56:18 PM,06/21/2023 02:47:45 PM,HPD,Department of Housing Preservation and Development,PAINT/PLASTER,WALL,CHIPPED/PEELING/FLAKING,RESIDENTIAL BUILDING,10033,370 FT WASHINGTON AVENUE,FT WASHINGTON AVENUE,,,,,ADDRESS,NEW YORK,,,Closed,,The Department of Housing Preservation and Development inspected the following conditions. Violations were issued. Information about specific violations is available at www.nyc.gov/hpd,06/21/2023 12:00:00 AM,12 MANHATTAN,10,Precinct 33,1021420178,MANHATTAN,1000949,248059,ONLINE,Unspecified,MANHATTAN,,,,,,,,40.84752392884855,-73.9396422906956,POINT (-73.939642290696 40.847523928849)
57950505,06/20/2023 10:09:35 PM,06/20/2023 11:01:58 PM,NYPD,New York City Police Department,Noise - Vehicle,Car/Truck Music,,Street/Sidewalk,10026,ST NICHOLAS AVENUE,ST NICHOLAS AVENUE,ST NICHOLAS AVENUE,WEST  112 STREET,ST NICHOLAS AVENUE,WEST  112 STREET,INTERSECTION,,,,Closed,,The Police Department responded and upon arrival those responsible for the condition were gone.,06/20/2023 11:02:02 PM,10 MANHATTAN,09,Precinct 28,,MANHATTAN,997413,230685,ONLINE,Unspecified,MANHATTAN,,,,,,,,40.79984321387979,-73.95245706788715,POINT (-73.952457067887 40.79984321388)
57943089,06/20/2023 12:16:22 AM,06/20/2023 12:23:36 AM,NYPD,New York City Police Department,Illegal Parking,Posted Parking Sign Violation,,Street/Sidewalk,11418,127-02 87 ROAD,87 ROAD,127 STREET,129 STREET,127 STREET,129 STREET,ADDRESS,RICHMOND HILL,87 ROAD,,Closed,,The Police Department responded to the complaint and determined that police action was not necessary.,06/20/2023 12:23:41 AM,09 QUEENS,29,Precinct 102,4093360028,QUEENS,1033164,194621,MOBILE,Unspecified,QUEENS,,,,,,,,40.70073126777259,-73.82359195208072,POINT (-73.823591952081 40.700731267773)
57944385,06/19/2023 06:55:24 PM,06/20/2023 12:00:00 AM,DOB,Department of Buildings,Real Time Enforcement,Work Without A Permit - Occupied Multiple Dwelling,,,11204,1919 BAY RIDGE PARKWAY,BAY RIDGE PARKWAY,,,,,ADDRESS,BROOKLYN,,,Closed,,The Department of Buildings investigated this complaint and issued an Office of Administrative Trials and Hearings (OATH) summons.,06/20/2023 12:00:00 AM,11 BROOKLYN,43,Precinct 62,3062170067,BROOKLYN,986091,162180,UNKNOWN,Unspecified,BROOKLYN,,,,,,,,40.61182283559945,-73.99336929181175,POINT (-73.993369291812 40.611822835599)
57939489,06/18/2023 02:08:44 AM,06/18/2023 02:13:51 AM,NYPD,New York City Police Department,Noise - Residential,Loud Music/Party,,Residential Building/House,11368,57-14 PENROD STREET,PENROD STREET,MARTENSE AVENUE,OTIS AVENUE,MARTENSE AVENUE,OTIS AVENUE,ADDRESS,CORONA,PENROD STREET,,Closed,,The Police Department responded to the complaint and took action to fix the condition.,06/18/2023 02:13:54 AM,04 QUEENS,21,Precinct 110,4019510041,QUEENS,1024012,208805,ONLINE,Unspecified,QUEENS,,,,,,,,40.73970873247752,-73.85651472784504,POINT (-73.856514727845 40.739708732478)
57941001,06/19/2023 12:41:39 PM,06/19/2023 03:01:35 PM,NYPD,New York City Police Department,Blocked Driveway,No Access,,Street/Sidewalk,11233,2288 ATLANTIC AVENUE,ATLANTIC AVENUE,PLEASANT PLACE,MONACO PLACE,PLEASANT PLACE,MONACO PLACE,ADDRESS,BROOKLYN,ATLANTIC AVENUE,,Closed,,The Police Department responded and upon arrival those responsible for the condition were gone.,06/19/2023 03:01:42 PM,16 BROOKLYN,37,Precinct 73,3014350023,BROOKLYN,1009338,185669,PHONE,Unspecified,BROOKLYN,,,,,,,,40.67625972146174,-73.90955352367187,POINT (-73.909553523672 40.676259721462)
57938436,06/19/2023 12:03:00 AM,06/19/2023 12:07:15 AM,NYPD,New York City Police Department,Noise - Street/Sidewalk,Loud Music/Party,,Street/Sidewalk,11209,7226 NARROWS AVENUE,NARROWS AVENUE,72 STREET,73 STREET,72 STREET,73 STREET,ADDRESS,BROOKLYN,NARROWS AVENUE,,Closed,,The Police Department responded to the complaint and took action to fix the condition.,06/19/2023 12:07:19 AM,10 BROOKLYN,47,Precinct 68,3059040064,BROOKLYN,974464,170565,MOBILE,Unspecified,BROOKLYN,,,,,,,,40.634832692468194,-74.03525827571403,POINT (-74.035258275714 40.634832692468)
57952044,06/20/2023 09:08:08 AM,07/06/2023 04:38:00 PM,HPD,Department of Housing Preservation and Development,FLOORING/STAIRS,FLOOR,BROKEN OR DEFECTIVE,RESIDENTIAL BUILDING,10034,639 WEST  207 STREET,WEST  207 STREET,,,,,ADDRESS,NEW YORK,,,Closed,,The Department of Housing Preservation and Development inspected the following conditions. No violations were issued. The complaint has been closed.,07/06/2023 12:00:00 AM,12 MANHATTAN,10,Precinct 34,1022420029,MANHATTAN,1005884,255741,PHONE,Unspecified,MANHATTAN,,,,,,,,40.86859799549972,-73.9217801919704,POINT (-73.92178019197 40.8685979955)
57941658,06/19/2023 01:28:35 PM,06/19/2023 01:39:05 PM,NYPD,New York City Police Department,Noise - Street/Sidewalk,Loud Music/Party,,Street/Sidewalk,10034,109 POST AVENUE,POST AVENUE,WEST  204 STREET,WEST  207 STREET,WEST  204 STREET,WEST  207 STREET,ADDRESS,NEW YORK,POST AVENUE,,Closed,,The Police Department responded to the complaint and took action to fix the condition.,06/19/2023 01:39:10 PM,12 MANHATTAN,10,Precinct 34,1022190001,MANHATTAN,1006227,254199,MOBILE,Unspecified,MANHATTAN,,,,,,,,40.8643648284726,-73.92054510016914,POINT (-73.920545100169 40.864364828473)
57948804,06/19/2023 08:21:47 AM,06/19/2023 09:34:36 AM,NYPD,New York City Police Department,Blocked Driveway,No Access,,Street/Sidewalk,11235,2944 BRIGHTON    8 STREET,BRIGHTON    8 STREET,BRIGHTON    7 WALK,BRIGHTON    7 LANE,BRIGHTON    7 WALK,BRIGHTON    7 LANE,ADDRESS,BROOKLYN,BRIGHTON    8 STREET,,Closed,,The Police Department responded and upon arrival those responsible for the condition were gone.,06/19/2023 09:34:40 AM,13 BROOKLYN,48,Precinct 60,3086670780,BROOKLYN,995121,150818,PHONE,Unspecified,BROOKLYN,,,,,,,,40.5806299624953,-73.9608643316805,POINT (-73.96086433168 40.580629962495)
57938967,06/18/2023 07:56:39 PM,06/19/2023 09:41:14 PM,DOHMH,Department of Health and Mental Hygiene,Rodent,Signs of Rodents,,1-2 Family Dwelling,10312,287 GRANTWOOD AVENUE,GRANTWOOD AVENUE,STAFFORD AVENUE,VINELAND AVENUE,STAFFORD AVENUE,VINELAND AVENUE,ADDRESS,STATEN ISLAND,GRANTWOOD AVENUE,,Closed,,This service request was closed because the Department of Health and Mental Hygiene received an earlier complaint about the same location.  You can find inspection results for this address by going to the online Rat Portal at www.nyc.gov/rats.,06/18/2023 07:56:39 PM,03 STATEN ISLAND,51,Precinct 123,5056680059,STATEN ISLAND,933554,140560,MOBILE,Unspecified,STATEN ISLAND,,,,,,,,40.55233551249695,-74.18242875935364,POINT (-74.182428759354 40.552335512497)
57941235,06/19/2023 01:02:00 PM,08/23/2023 12:15:00 PM,DEP,Department of Environmental Protection,Water System,Hydrant Knocked Over/Missing (WC),WC,,11364,56-36 203 STREET,203 STREET,56 AVE,58 AVE,,,ADDRESS,OAKLAND GARDENS,,,Closed,,The Department of Environmental Protection investigated this complaint and repaired or replaced the hydrant.,08/23/2023 12:15:00 PM,11 QUEENS,20,Precinct 111,4074310023,QUEENS,1046672,211731,PHONE,Unspecified,QUEENS,,,,,,,,40.74760893762231,-73.77471692408506,POINT (-73.774716924085 40.747608937622)
57949317,06/19/2023 10:56:18 PM,06/20/2023 04:40:03 AM,NYPD,New York City Police Department,Noise - Residential,Loud Music/Party,,Residential Building/House,10461,1560 SILVER STREET,SILVER STREET,ROSELLE STREET,EASTCHESTER ROAD,ROSELLE STREET,EASTCHESTER ROAD,ADDRESS,BRONX,SILVER STREET,,Closed,,The Police Department responded to the complaint but officers were unable to gain entry into the premises.,06/20/2023 04:40:11 AM,10 BRONX,18,Precinct 45,2040770034,BRONX,1026744,246932,ONLINE,Unspecified,BRONX,,,,,,,,40.844344188264444,-73.84641481459016,POINT (-73.84641481459 40.844344188264)
57945294,06/19/2023 02:59:37 PM,06/19/2023 04:55:13 PM,NYPD,New York City Police Department,Encampment,N/A,,Park/Playground,11422,245-02 SOUTH CONDUIT AVENUE,SOUTH CONDUIT AVENUE,245 STREET,139 AVENUE,245 STREET,139 AVENUE,ADDRESS,ROSEDALE,SOUTH CONDUIT AVENUE,,Closed,,The Police Department visited the location and no Encampment was found.,06/19/2023 04:55:16 PM,13 QUEENS,31,Precinct 105,4136140012,QUEENS,1058023,181780,MOBILE,N/A,QUEENS,,,,,,,,40.665313484505646,-73.7340791626363,POINT (-73.734079162636 40.665313484506)
57952026,06/20/2023 10:00:09 AM,06/21/2023 06:41:02 PM,HPD,Department of Housing Preservation and Development,APPLIANCE,ELECTRIC/GAS RANGE,NO GAS OR ELECTRICITY,RESIDENTIAL BUILDING,11236,732 EAST   79 STREET,EAST   79 STREET,,,,,ADDRESS,BROOKLYN,,,Closed,,The Department of Housing Preservation and Development inspected the following conditions. Violations were issued. Information about specific violations is available at www.nyc.gov/hpd,06/21/2023 12:00:00 AM,18 BROOKLYN,46,Precinct 69,3079990053,BROOKLYN,1007834,170956,PHONE,Unspecified,BROOKLYN,,,,,,,,40.63587991320907,-73.91502714781409,POINT (-73.915027147814 40.635879913209)
57944223,06/19/2023 06:47:55 PM,06/19/2023 11:17:46 PM,DHS,Department of Homeless Services,Encampment,N/A,,Store/Commercial,10011,447 SIXTH AVENUE,SIXTH AVENUE,WEST   10 STREET,MILLIGAN PLACE,WEST   10 STREET,MILLIGAN PLACE,ADDRESS,NEW YORK,AVENUE OF THE AMERICAS,,Closed,,The Department of Homeless Services (DHS) visited the location and is coordinating with their agency partners to address the condition. No further information will be available with 311.,06/19/2023 11:17:49 PM,02 MANHATTAN,03,Precinct 6,1006060071,MANHATTAN,984623,207015,MOBILE,Unspecified,MANHATTAN,,,,,,,,40.73488500116405,-73.99865408912764,POINT (-73.998654089128 40.734885001164)
57943017,06/19/2023 11:51:10 AM,06/19/2023 01:09:38 PM,NYPD,New York City Police Department,Illegal Parking,Blocked Hydrant,,Street/Sidewalk,11229,2180 BATCHELDER STREET,BATCHELDER STREET,AVENUE U,AVENUE V,AVENUE U,AVENUE V,ADDRESS,BROOKLYN,BATCHELDER STREET,,Closed,,The Police Department issued a summons in response to the complaint.,06/19/2023 01:09:45 PM,15 BROOKLYN,46,Precinct 61,3073650039,BROOKLYN,1001265,157528,MOBILE,Unspecified,BROOKLYN,,,,,,,,40.59903790293195,-73.93872900272994,POINT (-73.93872900273 40.599037902932)
57936285,06/18/2023 06:20:09 PM,06/18/2023 07:28:23 PM,NYPD,New York City Police Department,Blocked Driveway,No Access,,Street/Sidewalk,11201,175 CONCORD STREET,CONCORD STREET,BRIDGE STREET,DUFFIELD STREET,BRIDGE STREET,DUFFIELD STREET,ADDRESS,BROOKLYN,CONCORD STREET,,Closed,,The Police Department responded and upon arrival those responsible for the condition were gone.,06/18/2023 07:28:27 PM,02 BROOKLYN,33,Precinct 84,3001080022,BROOKLYN,988636,193428,PHONE,Unspecified,BROOKLYN,,,,,,,,40.69759086187203,-73.98418267297464,POINT (-73.984182672975 40.697590861872)
57949560,06/20/2023 01:41:10 PM,09/01/2023 02:54:48 PM,DPR,Department of Parks and Recreation,Overgrown Tree/Branches,Hitting Building,N/A,Street,10036,560 WEST   42 STREET,WEST   42 STREET,AMTRAK-NORTHEAST LINE,11 AVENUE,AMTRAK-NORTHEAST LINE,11 AVENUE,ADDRESS,NEW YORK,WEST   42 STREET,,Closed,,NYC Parks performed the work necessary to correct the condition.,09/01/2023 02:54:50 PM,04 MANHATTAN,03,Precinct 10,1010700001,MANHATTAN,984964,216325,ONLINE,Unspecified,MANHATTAN,,,,,,,,40.760438589438074,-73.99742265672596,POINT (-73.997422656726 40.760438589438)
57951027,06/20/2023 02:20:06 PM,07/28/2023 07:28:11 AM,DPR,Department of Parks and Recreation,Root/Sewer/Sidewalk Condition,Trees and Sidewalks Program,Free Repair,Street,10308,261 BROOKFIELD AVENUE,BROOKFIELD AVENUE,LEVERETT AVENUE,BARLOW AVENUE,LEVERETT AVENUE,BARLOW AVENUE,ADDRESS,STATEN ISLAND,BROOKFIELD AVENUE,,Closed,,"NYC Parks determined that the requested site is ineligible for the Trees and Sidewalks Program, because the tree is not adjacent to a 1-, 2-, or 3-family home (NYC Tax Class 1 property).   You can repair the sidewalk yourself by hiring an independent contractor. The contractor must complete a Tree Work Permit application on the NYC Parks website",07/28/2023 07:28:14 AM,03 STATEN ISLAND,51,Precinct 122,5054570154,STATEN ISLAND,940281,142462,ONLINE,Unspecified,STATEN ISLAND,,,,,,,,40.55759203228659,-74.15823417569219,POINT (-74.158234175692 40.557592032287)
57947085,06/19/2023 10:05:51 AM,08/28/2023 10:23:49 AM,TLC,Taxi and Limousine Commission,Taxi Complaint,Driver Complaint - Non Passenger,Unsafe Driving - Non-Passenger,Street,11374,92-68 QUEENS BOULEVARD,QUEENS BOULEVARD,ELIOT AVENUE,LIE WB ENTRANCE QUEENS BLVD,ELIOT AVENUE,LIE WB ENTRANCE QUEENS BLVD,ADDRESS,REGO PARK,QUEENS BOULEVARD,,Closed,,"Based on the information provided by the customer, the Taxi and Limousine Commission has determined that a hearing is not necessary or not possible.",08/28/2023 10:23:52 AM,06 QUEENS,30,Precinct 112,4030750030,QUEENS,1021157,205960,ONLINE,Unspecified,QUEENS,,,"92-68 QUEENS BOULEVARD, QUEENS (REGO PARK), NY, 11374",,,,,40.73191229377317,-73.86683288019333,POINT (-73.866832880193 40.731912293773)
57939651,06/18/2023 12:00:29 PM,12/20/2023 11:07:10 AM,DSNY,Department of Sanitation,Graffiti,Graffiti,,,10006,39 EAST BROADWAY,BROADWAY,,,,,ADDRESS,NEW YORK,,N/A,Closed,,,12/20/2023 11:07:10 AM,01 MANHATTAN,01,Precinct 1,,MANHATTAN,980659,196583,UNKNOWN,Unspecified,MANHATTAN,,,,,,,,40.706250955704284,-74.01295198363576,POINT (-74.012951983636 40.706250955704)
57942108,06/19/2023 10:04:35 AM,06/19/2023 10:40:48 AM,NYPD,New York City Police Department,Illegal Parking,Blocked Crosswalk,,Street/Sidewalk,10032,780 RIVERSIDE DRIVE,RIVERSIDE DRIVE,WEST  155 STREET,DEAD END,WEST  155 STREET,DEAD END,ADDRESS,NEW YORK,RIVERSIDE DRIVE,,Closed,,The Police Department responded to the complaint and took action to fix the condition.,06/19/2023 10:40:56 AM,12 MANHATTAN,07,Precinct 33,1021340022,MANHATTAN,998612,243206,MOBILE,Unspecified,MANHATTAN,,,,,,,,40.83420797158663,-73.94809965222906,POINT (-73.948099652229 40.834207971587)
57940614,06/18/2023 03:27:58 PM,06/21/2023 12:44:37 PM,HPD,Department of Housing Preservation and Development,PAINT/PLASTER,WALL,BULGING/HOLE/CRACKED,RESIDENTIAL BUILDING,10452,1131 OGDEN AVENUE,OGDEN AVENUE,,,,,ADDRESS,BRONX,,,Closed,,The Department of Housing Preservation and Development inspected the following conditions. No violations were issued. The complaint has been closed.,06/21/2023 12:00:00 AM,04 BRONX,16,Precinct 44,2025260090,BRONX,1004313,243967,PHONE,Unspecified,BRONX,,,,,,,,40.83628558491302,-73.9274955262169,POINT (-73.927495526217 40.836285584913)
57936276,06/18/2023 06:38:37 AM,06/18/2023 07:59:01 AM,NYPD,New York City Police Department,Blocked Driveway,No Access,,Street/Sidewalk,11435,109-61 LIVERPOOL STREET,LIVERPOOL STREET,GLASSBORO AVENUE,110 AVENUE,GLASSBORO AVENUE,110 AVENUE,ADDRESS,JAMAICA,LIVERPOOL STREET,,Closed,,The Police Department responded to the complaint and took action to fix the condition.,06/18/2023 07:59:05 AM,12 QUEENS,28,Precinct 103,4119500419,QUEENS,1040078,190484,PHONE,Unspecified,QUEENS,,,,,,,,40.68933527373093,-73.79869102292629,POINT (-73.798691022926 40.689335273731)
57950766,06/20/2023 05:39:16 PM,06/22/2023 07:36:51 PM,HPD,Department of Housing Preservation and Development,UNSANITARY CONDITION,MOLD,N/A,RESIDENTIAL BUILDING,11372,35-64 93 STREET,93 STREET,,,,,ADDRESS,JACKSON HEIGHTS,,,Closed,,The Department of Housing Preservation and Development was unable to access the rooms where the following  conditions were reported. No violations were issued. The complaint has been closed.,06/22/2023 12:00:00 AM,03 QUEENS,25,Precinct 115,4014660034,QUEENS,1019051,213447,PHONE,Unspecified,QUEENS,,,,,,,,40.752470758085174,-73.87439296130508,POINT (-73.874392961305 40.752470758085)
57943035,06/19/2023 11:59:54 AM,06/19/2023 12:15:24 PM,NYPD,New York City Police Department,Illegal Parking,Blocked Hydrant,,Street/Sidewalk,11209,9949 SHORE ROAD,SHORE ROAD,99 STREET,3 AVENUE,99 STREET,3 AVENUE,ADDRESS,BROOKLYN,SHORE ROAD,,Closed,,The Police Department responded to the complaint and with the information available observed no evidence of the violation at that time.,06/19/2023 12:15:33 PM,10 BROOKLYN,47,Precinct 68,3061330001,BROOKLYN,974181,162516,ONLINE,Unspecified,BROOKLYN,,,,,,,,40.61273955660864,-74.03626589866109,POINT (-74.036265898661 40.612739556609)
57940650,06/18/2023 10:50:25 PM,06/19/2023 01:52:42 AM,NYPD,New York City Police Department,Noise - Street/Sidewalk,Loud Music/Party,,Street/Sidewalk,10467,871 EAST  217 STREET,EAST  217 STREET,BARNES AVENUE,BRONXWOOD AVENUE,BARNES AVENUE,BRONXWOOD AVENUE,ADDRESS,BRONX,EAST  217 STREET,,Closed,,The Police Department responded to the complaint and took action to fix the condition.,06/19/2023 01:52:48 AM,12 BRONX,12,Precinct 47,2046760003,BRONX,1023287,260158,MOBILE,Unspecified,BRONX,,,,,,,,40.88066147696312,-73.85883231943582,POINT (-73.858832319436 40.880661476963)
57944331,06/19/2023 09:37:21 AM,06/20/2023 03:42:14 PM,DSNY,Department of Sanitation,Illegal Dumping,Chronic Dumping,N/A,Sidewalk,10128,1708 SECOND AVENUE,SECOND AVENUE,EAST   88 STREET,EAST   89 STREET,EAST   88 STREET,EAST   89 STREET,ADDRESS,NEW YORK,2 AVENUE,,Closed,,The Department of Sanitation investigated this complaint and found no condition at the location.,06/14/2023 07:55:26 PM,08 MANHATTAN,05,Precinct 19,1015510053,MANHATTAN,997950,223282,MOBILE,Unspecified,MANHATTAN,,,,,,,,40.77952315443067,-73.950532598371,POINT (-73.950532598371 40.779523154431)
57942711,06/19/2023 04:46:56 PM,06/22/2023 02:24:18 PM,DSNY,Department of Sanitation,Dead Animal,Cat,Street or Sidewalk,Street,11204,2130 60 STREET,60 STREET,21 AVENUE,BAY PARKWAY,21 AVENUE,BAY PARKWAY,ADDRESS,BROOKLYN,60 STREET,,Closed,,The Department of Sanitation investigated this complaint and found no condition at the location.,06/20/2023 05:40:33 AM,12 BROOKLYN,44,Precinct 66,3055220018,BROOKLYN,989836,164269,PHONE,Unspecified,BROOKLYN,,,,,,,,40.61755513922963,-73.97987924116866,POINT (-73.979879241169 40.61755513923)
57951504,06/20/2023 07:43:50 PM,06/20/2023 08:26:33 PM,NYPD,New York City Police Department,Illegal Parking,Double Parked Blocking Vehicle,,Street/Sidewalk,10457,2000 VALENTINE AVENUE,VALENTINE AVENUE,EAST  178 STREET,EAST BURNSIDE AVENUE,EAST  178 STREET,EAST BURNSIDE AVENUE,ADDRESS,BRONX,VALENTINE AVENUE,,Closed,,The Police Department responded to the complaint and took action to fix the condition.,06/20/2023 08:26:39 PM,05 BRONX,15,Precinct 46,2031420001,BRONX,1011718,249007,PHONE,Unspecified,BRONX,,,,,,,,40.85009897385511,-73.90071441609523,POINT (-73.900714416095 40.850098973855)
57941271,06/19/2023 03:19:03 AM,06/19/2023 03:58:03 AM,NYPD,New York City Police Department,Noise - Commercial,Banging/Pounding,,Store/Commercial,11368,127-11 WILLETS POINT BOULEVARD,WILLETS POINT BOULEVARD,127 STREET,34 AVENUE,127 STREET,34 AVENUE,ADDRESS,CORONA,WILLETS POINT BOULEVARD,,Closed,,The Police Department responded to the complaint and with the information available observed no evidence of the violation at that time.,06/19/2023 03:58:10 AM,07 QUEENS,21,Precinct 110,4018320001,QUEENS,1028093,215713,MOBILE,Unspecified,QUEENS,,,,,,,,40.758650131211176,-73.84174301320034,POINT (-73.8417430132 40.758650131211)
57942819,06/19/2023 10:25:17 AM,07/03/2023 10:11:32 AM,HPD,Department of Housing Preservation and Development,PAINT/PLASTER,WALL,BULGING/HOLE/CRACKED,RESIDENTIAL BUILDING,11432,87-40 169 STREET,169 STREET,,,,,ADDRESS,JAMAICA,,,Closed,,"The Department of Housing Preservation and Development was not able to gain access to inspect the following conditions. The complaint has been closed. If the condition still exists, please file a new complaint.",07/03/2023 12:00:00 AM,08 QUEENS,24,Precinct 107,4098410049,QUEENS,1041530,198498,PHONE,Unspecified,QUEENS,,,,,,,,40.7113224908317,-73.79338714718742,POINT (-73.793387147187 40.711322490832)
57949830,06/20/2023 03:29:29 PM,06/23/2023 02:41:12 PM,DSNY,Department of Sanitation,Illegal Dumping,Removal Request,N/A,Street,11208,FLATLANDS AVENUE,FLATLANDS AVENUE,FLATLANDS AVENUE,GRANT AVENUE,FLATLANDS AVENUE,GRANT AVENUE,INTERSECTION,,,,Closed,,The Department of Sanitation found an open service request already exists for the same location.,06/21/2023 05:52:08 AM,05 BROOKLYN,42,Precinct 75,,BROOKLYN,1022612,180221,PHONE,Unspecified,BROOKLYN,,,,,,,,40.66125862411018,-73.8617295808173,POINT (-73.861729580817 40.66125862411)
57941082,06/19/2023 01:12:35 PM,06/30/2023 03:52:54 PM,DOT,Department of Transportation,Sidewalk Condition,Sidewalk Violation,Sidewalk Re-inspection Request,Sidewalk,11228,1266 74 STREET,74 STREET,12 AVENUE,13 AVENUE,12 AVENUE,13 AVENUE,ADDRESS,BROOKLYN,74 STREET,,Closed,,The Department of Transportation has approved the sidewalk re-inspection request. The property owner will be notified by mail within 120 days with the date of re-inspection.,06/30/2023 03:52:59 PM,10 BROOKLYN,38,Precinct 68,3062100034,BROOKLYN,982129,165670,PHONE,Unspecified,BROOKLYN,,,,,,,,40.621402099807476,-74.00764027726446,POINT (-74.007640277264 40.621402099807)
57948561,06/19/2023 08:57:30 AM,06/19/2023 09:04:06 AM,DHS,Department of Homeless Services,Homeless Person Assistance,,,Store/Commercial,10010,29 EAST   22 STREET,EAST   22 STREET,BROADWAY,PARK AVENUE SOUTH,BROADWAY,PARK AVENUE SOUTH,ADDRESS,NEW YORK,EAST   22 STREET,,Closed,,The Department of Homeless Services did not have enough information to act on your request.,06/19/2023 09:04:06 AM,05 MANHATTAN,02,Precinct 13,1008517504,MANHATTAN,987426,208967,MOBILE,Unspecified,MANHATTAN,,,,,,,,40.74024219565523,-73.98853899022674,POINT (-73.988538990227 40.740242195655)
57938472,06/19/2023 12:06:50 AM,06/19/2023 12:31:50 AM,NYPD,New York City Police Department,Noise - Street/Sidewalk,Loud Music/Party,,Street/Sidewalk,11225,991 PRESIDENT STREET,PRESIDENT STREET,FRANKLIN AVENUE SHUTTLE LINE,FRANKLIN AVENUE,FRANKLIN AVENUE SHUTTLE LINE,FRANKLIN AVENUE,ADDRESS,BROOKLYN,PRESIDENT STREET,,Closed,,The Police Department responded to the complaint and took action to fix the condition.,06/19/2023 12:31:55 AM,09 BROOKLYN,35,Precinct 71,3011870066,BROOKLYN,995520,183038,MOBILE,Unspecified,BROOKLYN,,,,,,,,40.669066593924754,-73.95937413448594,POINT (-73.959374134486 40.669066593925)
57947949,06/19/2023 10:46:22 AM,06/19/2023 11:13:09 AM,NYPD,New York City Police Department,Abandoned Vehicle,With License Plate,,Street/Sidewalk,11101,25-18 41 AVENUE,41 AVENUE,CRESCENT STREET,27 STREET,CRESCENT STREET,27 STREET,ADDRESS,LONG ISLAND CITY,41 AVENUE,,Closed,,The Police Department responded to the complaint and took action to fix the condition.,06/19/2023 11:13:14 AM,01 QUEENS,26,Precinct 114,4004157504,QUEENS,1001156,213313,MOBILE,Unspecified,QUEENS,,,,,,,,40.75215528421547,-73.93898158145629,POINT (-73.938981581456 40.752155284215)
57941748,06/19/2023 11:41:33 AM,06/21/2023 04:40:58 PM,HPD,Department of Housing Preservation and Development,ELECTRIC,POWER OUTAGE,MULTIPLE ROOMS OR AREAS,RESIDENTIAL BUILDING,10457,1818 CLAY AVENUE,CLAY AVENUE,,,,,ADDRESS,BRONX,,,Closed,,"The Department of Housing Preservation and Development contacted an occupant of the apartment and verified that the following conditions were corrected. The complaint has been closed. If the condition still exists, please file a new complaint.",06/21/2023 12:00:00 AM,05 BRONX,15,Precinct 46,2028910061,BRONX,1010632,247878,ONLINE,Unspecified,BRONX,,,,,,,,40.84700351564605,-73.90464430100316,POINT (-73.904644301003 40.847003515646)
57945429,06/19/2023 09:26:53 AM,06/20/2023 12:00:00 AM,DOB,Department of Buildings,Emergency Response Team (ERT),After Hours Work - Illegal,,,10014,134 JANE STREET,JANE STREET,,,,,ADDRESS,NEW YORK,,N/A,Closed,,The Department of Buildings investigated this complaint and determined that no further action was necessary.,06/20/2023 12:00:00 AM,02 MANHATTAN,03,Precinct 6,1006410005,MANHATTAN,981703,208200,UNKNOWN,Unspecified,MANHATTAN,,,,,,,,40.73813717448498,-74.00919089093948,POINT (-74.009190890939 40.738137174485)
57949020,06/19/2023 12:18:51 PM,06/20/2023 08:32:22 PM,HPD,Department of Housing Preservation and Development,UNSANITARY CONDITION,PESTS,FLIES,RESIDENTIAL BUILDING,11212,110 RIVERDALE AVENUE,RIVERDALE AVENUE,,,,,ADDRESS,BROOKLYN,,,Closed,,The Department of Housing Preservation and Development inspected the following conditions. No violations were issued. The complaint has been closed.,06/20/2023 12:00:00 AM,16 BROOKLYN,42,Precinct 73,3035980030,BROOKLYN,1008465,179884,PHONE,Unspecified,BROOKLYN,,,,,,,,40.66038362515665,-73.91272161394636,POINT (-73.912721613946 40.660383625157)
57948354,06/19/2023 07:17:00 AM,06/26/2023 03:30:00 PM,DEP,Department of Environmental Protection,Noise,Noise: Construction Equipment (NC1),NC1,,10038,55 JOHN STREET,JOHN STREET,DUTCH ST,WILLIAM ST,,,ADDRESS,NEW YORK,,N/A,Closed,,"The Department of Environmental Protection (DEP) didn't observe a violation of the NYC Air or Noise Code at the time of inspection and couldn't issue a summons.  If the problem still exists, please go to nyc.gov/311 or call 311 to file a new Service Request. If you're outside of New York City, please call (212) NEW-YORK (212-639-9675).",06/26/2023 03:30:00 PM,01 MANHATTAN,01,Precinct 1,1000787511,MANHATTAN,982128,197580,ONLINE,Unspecified,MANHATTAN,,,,,,,,40.708987959256625,-74.00765392305958,POINT (-74.00765392306 40.708987959257)
57938409,06/18/2023 09:55:47 PM,06/18/2023 10:21:07 PM,NYPD,New York City Police Department,Noise - Residential,Loud Music/Party,,Residential Building/House,11207,90 MILLER AVENUE,MILLER AVENUE,ARLINGTON AVENUE,FULTON STREET,ARLINGTON AVENUE,FULTON STREET,ADDRESS,BROOKLYN,MILLER AVENUE,,Closed,,The Police Department responded to the complaint and took action to fix the condition.,06/18/2023 10:21:12 PM,05 BROOKLYN,37,Precinct 75,3036640028,BROOKLYN,1013957,186705,MOBILE,Unspecified,BROOKLYN,,,,,,,,40.67908900964059,-73.89289669736954,POINT (-73.89289669737 40.679089009641)
57951432,06/20/2023 01:17:00 PM,06/20/2023 01:17:00 PM,DEP,Department of Environmental Protection,Water System,Hydrant Running Full (WA4),WA4,,10024,,,,,COLUMBUS AVENUE,WEST 89 STREET,INTERSECTION,MANHATTAN,,,Closed,,The Department of Environmental Protection investigated this complaint and found it to be a temporary condition.,06/20/2023 01:17:00 PM,07 MANHATTAN,06,Precinct 24,,MANHATTAN,992346,226521,PHONE,Unspecified,MANHATTAN,,,,,,,,40.78842025637503,-73.97076338771852,POINT (-73.970763387719 40.788420256375)
57946752,06/19/2023 10:53:45 PM,06/19/2023 11:00:45 PM,NYPD,New York City Police Department,Noise - Residential,Loud Music/Party,,Residential Building/House,11226,180 LENOX ROAD,LENOX ROAD,BEDFORD AVENUE,ROGERS AVENUE,BEDFORD AVENUE,ROGERS AVENUE,ADDRESS,BROOKLYN,LENOX ROAD,,Closed,,The Police Department responded to the complaint and took action to fix the condition.,06/19/2023 11:00:49 PM,17 BROOKLYN,40,Precinct 67,3050840042,BROOKLYN,997068,177517,ONLINE,Unspecified,BROOKLYN,,,,,,,,40.65391056381976,-73.95380443229466,POINT (-73.953804432295 40.65391056382)
57942045,06/19/2023 09:04:46 AM,06/19/2023 09:36:07 AM,NYPD,New York City Police Department,Illegal Parking,Posted Parking Sign Violation,,Street/Sidewalk,10021,515 EAST   72 STREET,EAST   72 STREET,YORK AVENUE,FRANKLIN D ROOSEVELT DRIVE,YORK AVENUE,FRANKLIN D ROOSEVELT DRIVE,ADDRESS,NEW YORK,EAST   72 STREET,,Closed,,The Police Department responded to the complaint and with the information available observed no evidence of the violation at that time.,06/19/2023 09:36:12 AM,08 MANHATTAN,05,Precinct 19,1014847501,MANHATTAN,997305,218534,ONLINE,Unspecified,MANHATTAN,,,,,,,,40.766492114642155,-73.95287076140878,POINT (-73.952870761409 40.766492114642)
57949164,06/19/2023 07:17:20 PM,10/24/2024 01:59:40 PM,EDC,Economic Development Corporation,Noise - Helicopter,Other,Flying Too Low,Above Address,10028,12 EAST   86 STREET,EAST   86 STREET,5 AVENUE,MADISON AVENUE,5 AVENUE,MADISON AVENUE,ADDRESS,NEW YORK,EAST   86 STREET,,Closed,,"The New York City Economic Development Corporation determined that this issue is not within its jurisdiction because the helicopter did not belong to a tour company departing from a NYC heliport.Â  Instead, it was most likely a law enforcement or news gathering helicopter not subject to the routing protocols established for tour helicopters. It may also have been a helicopter that departed as a charter or tour from another City but flew over NYC airspace. Helicopter tours originating from outside NYC are not subject to the same City regulations as tours departing from heliports managed by NYCEDC. Any City regulation of these flights is pre-empted by federal law and subject only to the jurisdiction of the Federal Aviation Administration. To file a complaint with the FAA, you can contact the New York Flight Standards District Office at the following web address:Â https://www.faa.gov/about/office_org/field_offices/fsdo/",10/24/2024 01:59:43 PM,08 MANHATTAN,04,Precinct 19,1014970009,MANHATTAN,995355,223928,ONLINE,Unspecified,MANHATTAN,,,,,,,,40.78129989454938,-73.95990144939537,POINT (-73.959901449395 40.781299894549)
57949875,06/20/2023 10:10:28 AM,06/22/2023 12:24:12 PM,DSNY,Department of Sanitation,Missed Collection,Trash,N/A,Street,11211,140 RICHARDSON STREET,RICHARDSON STREET,MEEKER AVENUE,GRAHAM AVENUE,MEEKER AVENUE,GRAHAM AVENUE,ADDRESS,BROOKLYN,RICHARDSON STREET,,Closed,,The Department of Sanitation investigated this complaint and found no condition at the location.,06/22/2023 03:12:29 AM,01 BROOKLYN,34,Precinct 94,3027340013,BROOKLYN,999222,201108,ONLINE,Unspecified,BROOKLYN,,,,,,,,40.718659062758455,-73.94598908038641,POINT (-73.945989080386 40.718659062758)
57939291,06/18/2023 11:28:12 AM,06/18/2023 12:04:46 PM,NYPD,New York City Police Department,Noise - Residential,Loud Music/Party,,Residential Building/House,11433,108-26 159 STREET,159 STREET,108 AVENUE,109 AVENUE,108 AVENUE,109 AVENUE,ADDRESS,JAMAICA,159 STREET,,Closed,,The Police Department responded to the complaint and determined that police action was not necessary.,06/18/2023 12:04:49 PM,12 QUEENS,28,Precinct 103,4101460051,QUEENS,1041463,192497,ONLINE,Unspecified,QUEENS,,,,,,,,40.694851633900804,-73.79367980321378,POINT (-73.793679803214 40.694851633901)
57945348,06/19/2023 07:38:09 AM,06/20/2023 01:06:01 PM,DSNY,Department of Sanitation,Residential Disposal Complaint,Trash or Recycling Not Secure,N/A,Sidewalk,10457,2249 TIEBOUT AVENUE,TIEBOUT AVENUE,EAST  182 STREET,EAST  183 STREET,EAST  182 STREET,EAST  183 STREET,ADDRESS,BRONX,TIEBOUT AVENUE,,Closed,,The Department of Sanitation investigated this complaint and found no violation at the location.,06/20/2023 01:06:07 PM,05 BRONX,15,Precinct 46,2031450036,BRONX,1012502,251025,ONLINE,Unspecified,BRONX,,,,,,,,40.85563530646447,-73.89787207511597,POINT (-73.897872075116 40.855635306464)
57938355,06/18/2023 10:31:40 PM,06/18/2023 10:48:02 PM,NYPD,New York City Police Department,Noise - Residential,Loud Music/Party,,Residential Building/House,11236,10577 AVENUE L,AVENUE L,EAST  105 STREET,EAST  108 STREET,EAST  105 STREET,EAST  108 STREET,ADDRESS,BROOKLYN,AVENUE L,,Closed,,The Police Department responded to the complaint and took action to fix the condition.,06/18/2023 10:48:06 PM,18 BROOKLYN,46,Precinct 69,3082530043,BROOKLYN,1015405,173766,ONLINE,Unspecified,BROOKLYN,,,,,,,,40.643569361838814,-73.88773598195007,POINT (-73.88773598195 40.643569361839)
57942027,06/19/2023 06:07:22 PM,06/19/2023 06:40:07 PM,NYPD,New York City Police Department,Illegal Parking,Posted Parking Sign Violation,,Street/Sidewalk,10004,41 BROAD STREET,BROAD STREET,EXCHANGE PLACE,BEAVER STREET,EXCHANGE PLACE,BEAVER STREET,ADDRESS,NEW YORK,BROAD STREET,,Closed,,The Police Department issued a summons in response to the complaint.,06/19/2023 06:40:14 PM,01 MANHATTAN,01,Precinct 1,1000250010,MANHATTAN,981076,196337,MOBILE,Unspecified,MANHATTAN,,,,,,,,40.70557590311682,-74.01144783618254,POINT (-74.011447836183 40.705575903117)
57946644,06/20/2023 12:14:11 AM,06/20/2023 12:56:16 AM,NYPD,New York City Police Department,Noise - Residential,Loud Music/Party,,Residential Building/House,10031,505 WEST  148 STREET,WEST  148 STREET,AMSTERDAM AVENUE,BROADWAY,AMSTERDAM AVENUE,BROADWAY,ADDRESS,NEW YORK,WEST  148 STREET,,Closed,,The Police Department responded to the complaint but officers were unable to gain entry into the premises.,06/20/2023 12:56:22 AM,09 MANHATTAN,07,Precinct 30,1020800025,MANHATTAN,999005,240714,ONLINE,Unspecified,MANHATTAN,,,,,,,,40.82736749986562,-73.94668493888649,POINT (-73.946684938886 40.827367499866)
57938022,06/18/2023 10:39:05 PM,06/18/2023 11:14:08 PM,NYPD,New York City Police Department,Noise - Residential,Loud Music/Party,,Residential Building/House,11435,111-19 139 STREET,139 STREET,111 AVENUE,LINDEN BOULEVARD,111 AVENUE,LINDEN BOULEVARD,ADDRESS,JAMAICA,139 STREET,,Closed,,The Police Department responded to the complaint and took action to fix the condition.,06/18/2023 11:14:12 PM,12 QUEENS,28,Precinct 113,4119550051,QUEENS,1038322,188836,ONLINE,Unspecified,QUEENS,,,,,,,,40.684822804956646,-73.80503615015847,POINT (-73.805036150158 40.684822804957)
57947103,06/19/2023 02:40:34 PM,07/23/2023 12:00:00 AM,DOB,Department of Buildings,Elevator,Elevator - Single Device On Property/No Alternate Service,,,10001,257 WEST   29 STREET,WEST   29 STREET,,,,,ADDRESS,NEW YORK,,,Closed,,"The Department of Buildings reviewed this complaint and closed it. If the problem still exists, please call 311 and file a new complaint. If you are outside of New York City, please call (212) NEW-YORK (212-639-9675).",07/23/2023 12:00:00 AM,05 MANHATTAN,03,Precinct 14,1007790007,MANHATTAN,985784,211983,UNKNOWN,Unspecified,MANHATTAN,,,,,,,,40.74852079850655,-73.9944636732564,POINT (-73.994463673256 40.748520798507)
57945870,06/19/2023 08:30:27 PM,06/19/2023 08:56:01 PM,NYPD,New York City Police Department,Abandoned Vehicle,With License Plate,,Street/Sidewalk,11221,570 PUTNAM AVENUE,PUTNAM AVENUE,THROOP AVENUE,MARCUS GARVEY BOULEVARD,THROOP AVENUE,MARCUS GARVEY BOULEVARD,ADDRESS,BROOKLYN,PUTNAM AVENUE,,Closed,,This complaint does not fall under the Police Department's jurisdiction.,06/19/2023 08:56:05 PM,03 BROOKLYN,36,Precinct 79,3018310041,BROOKLYN,1001153,188950,ONLINE,Unspecified,BROOKLYN,,,,,,,,40.68528473203319,-73.93905358914898,POINT (-73.939053589149 40.685284732033)
57941739,06/19/2023 10:38:34 AM,06/26/2023 03:41:08 PM,HPD,Department of Housing Preservation and Development,ELECTRIC,NO LIGHTING,ONE ROOM OR AREA,RESIDENTIAL BUILDING,10452,957 WOODYCREST AVENUE,WOODYCREST AVENUE,,,,,ADDRESS,BRONX,,,Closed,,"The Department of Housing Preservation and Development contacted a tenant in the building and verified that the following conditions were corrected. The complaint has been closed. If the condition still exists, please file a new complaint.",06/26/2023 12:00:00 AM,04 BRONX,08,Precinct 44,2025110068,BRONX,1003936,242233,ONLINE,Unspecified,BRONX,,,,,,,,40.8315271048226,-73.92886303221528,POINT (-73.928863032215 40.831527104823)
57938814,06/18/2023 03:13:48 AM,,DCWP,Department of Consumer and Worker Protection,Consumer Complaint,Restaurant,Price Gouging,Business,11413,230-02 MERRICK BOULEVARD,MERRICK BOULEVARD,230 STREET,FRANCIS LEWIS BOULEVARD,230 STREET,FRANCIS LEWIS BOULEVARD,ADDRESS,SPRINGFIELD GARDENS,MERRICK BOULEVARD,,In Progress,,"The Department of Consumer and Worker Protection (DCWP) sent you a complaint form.  To help you, DCWP must get the completed form and any requested documents within 30 days.  You can send requested information by email, fax, or mail. Contact information is on the complaint form.  You may also be able to submit requested information at nyc.gov/dcwp. You must enter your NYC311 Service Request number.  If you didn't receive the complaint form within 15 days from the date you filed your Service Request, call DCWP Consumer Services at (212) 487-4110. You must provide your NYC311 Service Request number.  DCWP will contact you about 30 days after getting your completed form and documents.",06/21/2023 10:09:24 AM,13 QUEENS,31,Precinct 105,4131570030,QUEENS,1056282,185690,PHONE,Unspecified,QUEENS,,,,,,,,40.676059848116125,-73.74031292080367,POINT (-73.740312920804 40.676059848116)
57949767,06/21/2023 01:01:10 AM,06/21/2023 06:48:25 AM,DOT,Department of Transportation,Street Condition,Cave-in,N/A,Street,10472,1750 WATSON AVENUE,WATSON AVENUE,ROSEDALE AVENUE,COMMONWEALTH AVENUE,ROSEDALE AVENUE,COMMONWEALTH AVENUE,ADDRESS,BRONX,WATSON AVENUE,,Closed,,The Department of Transportation has determined that this issue is not within its jurisdiction.,06/21/2023 06:48:30 AM,09 BRONX,18,Precinct 43,2037250001,BRONX,1020938,240795,ONLINE,Unspecified,BRONX,,,,,,,,40.82752594933695,-73.86743285354802,POINT (-73.867432853548 40.827525949337)
57940812,06/19/2023 04:43:16 PM,06/19/2023 05:05:02 PM,NYPD,New York City Police Department,Abandoned Vehicle,With License Plate,,Street/Sidewalk,11206,54 DELMONICO PLACE,DELMONICO PLACE,ELLERY STREET,PARK AVENUE,ELLERY STREET,PARK AVENUE,ADDRESS,BROOKLYN,DELMONICO PLACE,,Closed,,The Police Department responded to the complaint and determined that police action was not necessary.,06/19/2023 05:05:08 PM,03 BROOKLYN,36,Precinct 79,3017310020,BROOKLYN,999400,193768,PHONE,Unspecified,BROOKLYN,,,,,,,,40.698512201314045,-73.945363467787,POINT (-73.945363467787 40.698512201314)
57946257,06/19/2023 04:07:36 PM,06/19/2023 04:27:12 PM,NYPD,New York City Police Department,Illegal Parking,Commercial Overnight Parking,,Street/Sidewalk,11214,1615 76 STREET,76 STREET,16 AVENUE,NEW UTRECHT AVENUE,16 AVENUE,NEW UTRECHT AVENUE,ADDRESS,BROOKLYN,76 STREET,,Closed,,The Police Department responded to the complaint and with the information available observed no evidence of the violation at that time.,06/19/2023 04:27:16 PM,11 BROOKLYN,38,Precinct 62,3062250032,BROOKLYN,983980,163495,MOBILE,Unspecified,BROOKLYN,,,,,,,,40.61543242636578,-74.00097250842867,POINT (-74.000972508429 40.615432426366)
57939399,06/18/2023 09:16:11 PM,06/18/2023 09:33:09 PM,NYPD,New York City Police Department,Noise - Street/Sidewalk,Loud Music/Party,,Street/Sidewalk,10034,223 DYCKMAN STREET,DYCKMAN STREET,BROADWAY,SEAMAN AVENUE,BROADWAY,SEAMAN AVENUE,ADDRESS,NEW YORK,DYCKMAN STREET,,Closed,,The Police Department responded to the complaint and determined that police action was not necessary.,06/18/2023 09:33:13 PM,12 MANHATTAN,10,Precinct 34,1022370001,MANHATTAN,1004306,254696,ONLINE,Unspecified,MANHATTAN,,,,,,,,40.865733515789245,-73.92748872765371,POINT (-73.927488727654 40.865733515789)
57939534,06/18/2023 10:03:33 PM,06/18/2023 10:12:35 PM,NYPD,New York City Police Department,Noise - Street/Sidewalk,Loud Music/Party,,Street/Sidewalk,10463,135 TERRACE VIEW AVENUE,TERRACE VIEW AVENUE,TEUNISSEN PLACE,ADRIAN AVENUE,TEUNISSEN PLACE,ADRIAN AVENUE,ADDRESS,BRONX,TERRACE VIEW AVENUE,,Closed,,The Police Department responded to the complaint and took action to fix the condition.,06/18/2023 10:12:40 PM,08 BRONX,10,Precinct 50,1022150061,BRONX,1008350,258600,ONLINE,Unspecified,BRONX,,,,,,,,40.876438681067974,-73.91285385358535,POINT (-73.912853853585 40.876438681068)
57938751,06/18/2023 08:11:30 PM,06/18/2023 08:22:41 PM,NYPD,New York City Police Department,Illegal Parking,Blocked Hydrant,,Street/Sidewalk,11377,48-44 64 STREET,64 STREET,48 AVENUE,50 AVENUE,48 AVENUE,50 AVENUE,ADDRESS,WOODSIDE,64 STREET,,Closed,,The Police Department responded to the complaint and with the information available observed no evidence of the violation at that time.,06/18/2023 08:22:46 PM,02 QUEENS,26,Precinct 108,4023370050,QUEENS,1011456,208022,PHONE,Unspecified,QUEENS,,,,,,,,40.737607130889415,-73.90182746696372,POINT (-73.901827466964 40.737607130889)
57946833,06/19/2023 06:12:23 PM,06/26/2023 06:43:05 PM,HPD,Department of Housing Preservation and Development,PLUMBING,BATHTUB/SHOWER,BROKEN OR MISSING,RESIDENTIAL BUILDING,11209,49 MACKAY PLACE,MACKAY PLACE,,,,,ADDRESS,BROOKLYN,,,Closed,,The Department of Housing Preservation and Development inspected the following conditions. No violations were issued. The complaint has been closed.,06/26/2023 12:00:00 AM,10 BROOKLYN,47,Precinct 68,3058820075,BROOKLYN,974874,171211,PHONE,Unspecified,BROOKLYN,,,,,,,,40.63660626836937,-74.03378197204944,POINT (-74.033781972049 40.636606268369)
57938364,06/18/2023 09:29:01 PM,06/18/2023 10:33:17 PM,NYPD,New York City Police Department,Noise - Vehicle,Car/Truck Music,,Street/Sidewalk,10453,1910 HENNESSY PLACE,HENNESSY PLACE,WEST BURNSIDE AVENUE,WEST  179 STREET,WEST BURNSIDE AVENUE,WEST  179 STREET,ADDRESS,BRONX,HENNESSY PLACE,,Closed,,The Police Department reviewed your complaint and provided additional information below.,06/18/2023 10:33:23 PM,05 BRONX,14,Precinct 46,2032280081,BRONX,1007680,250610,MOBILE,Unspecified,BRONX,,,,,,,,40.854510369353655,-73.9153045221773,POINT (-73.915304522177 40.854510369354)
57944898,06/20/2023 12:04:45 AM,07/27/2023 12:09:51 PM,EDC,Economic Development Corporation,Noise - Helicopter,Other,Passing By,Above Address,11210,1084 EAST   37 STREET,EAST   37 STREET,DEAD END,AVENUE I,DEAD END,AVENUE I,ADDRESS,BROOKLYN,EAST   37 STREET,,Closed,,"The New York City Economic Development Corporation determined that this issue is not within its jurisdiction because the helicopter did not belong to a tour company departing from a NYC heliport.Â  Instead, it was most likely a law enforcement or news gathering helicopter not subject to the routing protocols established for tour helicopters. It may also have been a helicopter that departed as a charter or tour from another City but flew over NYC airspace. Helicopter tours originating from outside NYC are not subject to the same City regulations as tours departing from heliports managed by NYCEDC. Any City regulation of these flights is pre-empted by federal law and subject only to the jurisdiction of the Federal Aviation Administration. To file a complaint with the FAA, you can contact the New York Flight Standards District Office at the following web address:Â https://www.faa.gov/about/office_org/field_offices/fsdo/",07/27/2023 12:09:56 PM,18 BROOKLYN,45,Precinct 63,3075820075,BROOKLYN,1000735,168929,ONLINE,Unspecified,BROOKLYN,,,,,,,,40.6303322858944,-73.94060969659527,POINT (-73.940609696595 40.630332285894)
57950001,06/20/2023 08:10:59 PM,06/20/2023 09:52:03 PM,NYPD,New York City Police Department,Noise - Vehicle,Engine Idling,,Street/Sidewalk,11420,130 STREET,130 STREET,116 AVENUE,FOCH BOULEVARD,116 AVENUE,FOCH BOULEVARD,BLOCKFACE,,,,Closed,,The Police Department responded and upon arrival those responsible for the condition were gone.,06/20/2023 09:52:11 PM,Unspecified QUEENS,,Precinct 106,,QUEENS,,,ONLINE,Unspecified,QUEENS,,,,,,,,,,
57944025,06/19/2023 11:14:00 AM,06/20/2023 07:02:00 AM,DEP,Department of Environmental Protection,Noise,Noise: Construction Equipment (NC1),NC1,,11101,27-19 THOMSON AVENUE,THOMSON AVENUE,COURT SQ,44 DR,,,ADDRESS,LONG ISLAND CITY,,N/A,Closed,,The Department of Environmental Protection determined that this complaint is a duplicate of a previously filed complaint. The original complaint is being addressed.,06/20/2023 07:02:00 AM,02 QUEENS,26,Precinct 108,0000000000,QUEENS,1000196,211180,ONLINE,Unspecified,QUEENS,,,,,,,,40.74630252137764,-73.94245154301639,POINT (-73.942451543016 40.746302521378)
57946347,06/19/2023 01:06:17 PM,06/19/2023 01:33:47 PM,NYPD,New York City Police Department,Illegal Parking,Blocked Hydrant,,Street/Sidewalk,11224,2950 WEST   33 STREET,WEST   33 STREET,MERMAID AVENUE,SURF AVENUE,MERMAID AVENUE,SURF AVENUE,ADDRESS,BROOKLYN,WEST   33 STREET,,Closed,,The Police Department responded to the complaint and with the information available observed no evidence of the violation at that time.,06/19/2023 01:33:53 PM,13 BROOKLYN,47,Precinct 60,3070470014,BROOKLYN,984426,148318,ONLINE,Unspecified,BROOKLYN,,,,,,,,40.57377461803691,-73.99936646394328,POINT (-73.999366463943 40.573774618037)
57948390,06/19/2023 10:42:48 PM,06/20/2023 12:54:56 AM,NYPD,New York City Police Department,Illegal Parking,Blocked Hydrant,,Street/Sidewalk,11373,94-21 41 AVENUE,41 AVENUE,94 STREET,95 STREET,94 STREET,95 STREET,ADDRESS,ELMHURST,41 AVENUE,,Closed,,The Police Department responded to the complaint and determined that police action was not necessary.,06/20/2023 12:55:00 AM,04 QUEENS,21,Precinct 110,4015870032,QUEENS,1019864,211402,ONLINE,Unspecified,QUEENS,,,,,,,,40.74685451772515,-73.87146943955948,POINT (-73.871469439559 40.746854517725)
57942513,06/19/2023 04:53:30 AM,09/05/2023 10:57:04 AM,HPD,Department of Housing Preservation and Development,ELECTRIC,NO LIGHTING,ONE ROOM OR AREA,RESIDENTIAL BUILDING,11218,3824 FT HAMILTON PARKWAY,FT HAMILTON PARKWAY,,,,,ADDRESS,BROOKLYN,,,Closed,,The Department of Housing Preservation and Development inspected the following conditions. No violations were issued. The complaint has been closed.,09/05/2023 12:00:00 AM,12 BROOKLYN,38,Precinct 66,3052880052,BROOKLYN,987021,173720,PHONE,Unspecified,BROOKLYN,,,,,,,,40.64349746519423,-73.99001498397253,POINT (-73.990014983973 40.643497465194)
57945771,06/19/2023 05:33:07 PM,06/25/2023 07:04:56 PM,HPD,Department of Housing Preservation and Development,PLUMBING,BASIN/SINK,PIPE LEAKING,RESIDENTIAL BUILDING,10029,12 EAST  116 STREET,EAST  116 STREET,,,,,ADDRESS,NEW YORK,,,Closed,,The Department of Housing Preservation and Development inspected the following conditions. No violations were issued. The complaint has been closed.,06/25/2023 12:00:00 AM,11 MANHATTAN,09,Precinct 25,1016210065,MANHATTAN,999288,230863,PHONE,Unspecified,MANHATTAN,,,,,,,,40.80032878307903,-73.9456844306741,POINT (-73.945684430674 40.800328783079)
57935727,06/18/2023 11:56:38 PM,06/19/2023 12:24:31 AM,NYPD,New York City Police Department,Noise - Residential,Loud Music/Party,,Residential Building/House,10456,210 EAST  166 STREET,EAST  166 STREET,SHERIDAN AVENUE,SHERMAN AVENUE,SHERIDAN AVENUE,SHERMAN AVENUE,ADDRESS,BRONX,EAST  166 STREET,,Closed,,The Police Department responded to the complaint and with the information available observed no evidence of the violation at that time.,06/19/2023 12:24:36 AM,04 BRONX,16,Precinct 44,2024560051,BRONX,1006996,242132,MOBILE,Unspecified,BRONX,,,,,,,,40.83124253823553,-73.91780582096976,POINT (-73.91780582097 40.831242538236)
57937851,06/18/2023 11:35:25 PM,06/19/2023 12:48:07 AM,NYPD,New York City Police Department,Noise - Commercial,Loud Music/Party,,Club/Bar/Restaurant,11207,2053 PITKIN AVENUE,PITKIN AVENUE,SHEFFIELD AVENUE,PENNSYLVANIA AVENUE,SHEFFIELD AVENUE,PENNSYLVANIA AVENUE,ADDRESS,BROOKLYN,PITKIN AVENUE,,Closed,,The Police Department responded to the complaint and took action to fix the condition.,06/19/2023 12:48:12 AM,05 BROOKLYN,37,Precinct 75,3037200001,BROOKLYN,1012906,184041,ONLINE,Unspecified,BROOKLYN,,,,,,,,40.6717803995972,-73.89669721388825,POINT (-73.896697213888 40.671780399597)
57943746,06/19/2023 01:12:22 PM,07/06/2023 09:05:36 AM,EDC,Economic Development Corporation,Noise - Helicopter,Other,Hovering,Above Address,10467,738 EAST  222 STREET,EAST  222 STREET,WHITE PLAINS ROAD,BARNES AVENUE,WHITE PLAINS ROAD,BARNES AVENUE,ADDRESS,BRONX,EAST  222 STREET,,Closed,,"The New York City Economic Development Corporation determined that this issue is not within its jurisdiction because the helicopter did not belong to a tour company departing from a NYC heliport.Â  Instead, it was most likely a law enforcement or news gathering helicopter not subject to the routing protocols established for tour helicopters. It may also have been a helicopter that departed as a charter or tour from another City but flew over NYC airspace. Helicopter tours originating from outside NYC are not subject to the same City regulations as tours departing from heliports managed by NYCEDC. Any City regulation of these flights is pre-empted by federal law and subject only to the jurisdiction of the Federal Aviation Administration. To file a complaint with the FAA, you can contact the New York Flight Standards District Office at the following web address:Â https://www.faa.gov/about/office_org/field_offices/fsdo/",07/06/2023 09:05:43 AM,12 BRONX,12,Precinct 47,2046690068,BRONX,1022862,261839,ONLINE,Unspecified,BRONX,,,,,,,,40.885277161150746,-73.86035953395525,POINT (-73.860359533955 40.885277161151)
57950919,06/20/2023 04:39:08 PM,06/21/2023 09:13:43 AM,DPR,Department of Parks and Recreation,Overgrown Tree/Branches,Hitting Phone/Cable Lines,Other Types of Wires,Street,11363,34-20 BROOKSIDE STREET,BROOKSIDE STREET,34 AVENUE,37 AVENUE,34 AVENUE,37 AVENUE,ADDRESS,LITTLE NECK,BROOKSIDE STREET,,Closed,,NYC Parks does not perform tree work for phone or cable service. Please contact the appropriate service provider.,06/21/2023 09:13:48 AM,11 QUEENS,19,Precinct 111,4081600108,QUEENS,1055082,222219,PHONE,Unspecified,QUEENS,,,,,,,,40.7763323135294,-73.7442546067568,POINT (-73.744254606757 40.776332313529)
57940299,06/18/2023 09:56:06 PM,06/18/2023 10:14:29 PM,NYPD,New York City Police Department,Noise - Street/Sidewalk,Loud Music/Party,,Street/Sidewalk,10002,154 BROOME STREET,BROOME STREET,RIDGE STREET,ATTORNEY STREET,RIDGE STREET,ATTORNEY STREET,ADDRESS,NEW YORK,BROOME STREET,,Closed,,The Police Department responded to the complaint and took action to fix the condition.,06/18/2023 10:14:32 PM,03 MANHATTAN,01,Precinct 7,1003470080,MANHATTAN,988440,200320,MOBILE,Unspecified,MANHATTAN,,,,,,,,40.71650786876078,-73.98488522336088,POINT (-73.984885223361 40.716507868761)
57943053,06/19/2023 05:56:20 PM,06/19/2023 06:18:41 PM,NYPD,New York City Police Department,Illegal Parking,Overnight Commercial Storage,,Street/Sidewalk,11413,143-83 228 STREET,228 STREET,143 ROAD,144 AVENUE,143 ROAD,144 AVENUE,ADDRESS,SPRINGFIELD GARDENS,228 STREET,,Closed,,The Police Department responded to the complaint and determined that police action was not necessary.,06/19/2023 06:18:47 PM,13 QUEENS,31,Precinct 105,4135060160,QUEENS,1053557,181303,ONLINE,Unspecified,QUEENS,,,,,,,,40.664040316620756,-73.7501820398126,POINT (-73.750182039813 40.664040316621)
57939948,06/18/2023 10:50:52 PM,06/18/2023 10:50:52 PM,DOHMH,Department of Health and Mental Hygiene,Rodent,Rat Sighting,,Other (Explain Below),11208,315 LINCOLN AVENUE,LINCOLN AVENUE,BEND,MC KINLEY AVENUE,BEND,MC KINLEY AVENUE,ADDRESS,BROOKLYN,LINCOLN AVENUE,,Closed,,The Department of Health and Mental Hygiene inspected the property you reported and did not find any violations at the time of the inspection. The property passed inspection.,06/18/2023 10:50:52 PM,05 BROOKLYN,37,Precinct 75,3041730032,BROOKLYN,1020641,187787,PHONE,Unspecified,BROOKLYN,,,,,,,,40.68203389587717,-73.86879291438115,POINT (-73.868792914381 40.682033895877)
57946239,06/19/2023 01:35:23 PM,06/19/2023 06:01:20 PM,NYPD,New York City Police Department,Illegal Parking,Blocked Hydrant,,Street/Sidewalk,11356,9-28 124 STREET,124 STREET,9 AVENUE,11 AVENUE,9 AVENUE,11 AVENUE,ADDRESS,COLLEGE POINT,124 STREET,,Closed,,The Police Department responded to the complaint and took action to fix the condition.,06/19/2023 06:01:23 PM,07 QUEENS,19,Precinct 109,4039670042,QUEENS,1027513,226821,MOBILE,Unspecified,QUEENS,,,,,,,,40.78914148948639,-73.84376508072332,POINT (-73.843765080723 40.789141489486)
57942936,06/19/2023 10:30:47 AM,06/19/2023 10:30:47 AM,DOB,Department of Buildings,General Construction/Plumbing,Sidewalk Shed/Pipe Scafford - Inadequate Defective/None,,,10018,554 8 AVENUE,8 AVENUE,,,,,ADDRESS,NEW YORK,,,Closed,,The Department of Buildings investigated this complaint and determined that no further action was necessary.,06/19/2023 12:00:00 AM,05 MANHATTAN,03,Precinct 14,1007870084,MANHATTAN,986512,214129,UNKNOWN,Unspecified,MANHATTAN,,,,,,,,40.75441086950275,-73.99183554209037,POINT (-73.99183554209 40.754410869503)
57939345,06/18/2023 08:15:05 PM,06/18/2023 08:49:44 PM,NYPD,New York City Police Department,Noise - Vehicle,Car/Truck Music,,Street/Sidewalk,10033,602 WEST  184 STREET,WEST  184 STREET,ST NICHOLAS AVENUE,WADSWORTH AVENUE,ST NICHOLAS AVENUE,WADSWORTH AVENUE,ADDRESS,NEW YORK,WEST  184 STREET,,Closed,,The Police Department responded to the complaint and with the information available observed no evidence of the violation at that time.,06/18/2023 08:49:50 PM,12 MANHATTAN,10,Precinct 34,1021650063,MANHATTAN,1002877,249395,MOBILE,Unspecified,MANHATTAN,,,,,,,,40.85118699615938,-73.93266992103403,POINT (-73.932669921034 40.851186996159)
57947715,06/19/2023 08:58:45 PM,06/19/2023 10:55:48 PM,NYPD,New York City Police Department,Blocked Driveway,No Access,,Street/Sidewalk,11385,64-30 COOPER AVENUE,COOPER AVENUE,64 PLACE,64 LANE,64 PLACE,64 LANE,ADDRESS,RIDGEWOOD,COOPER AVENUE,,Closed,,The Police Department responded and upon arrival those responsible for the condition were gone.,06/19/2023 10:55:52 PM,05 QUEENS,30,Precinct 104,4037180001,QUEENS,1014484,193655,PHONE,Unspecified,QUEENS,,,,,,,,40.698163363938,-73.89096550553239,POINT (-73.890965505532 40.698163363938)
57950649,06/20/2023 02:28:44 PM,06/23/2023 08:16:39 PM,HPD,Department of Housing Preservation and Development,DOOR/WINDOW,WINDOW PANE,GLASS BROKEN OR MISSING,RESIDENTIAL BUILDING,10458,2301 BATHGATE AVENUE,BATHGATE AVENUE,,,,,ADDRESS,BRONX,,,Closed,,The Department of Housing Preservation and Development inspected the following conditions. No violations were issued. The complaint has been closed.,06/23/2023 12:00:00 AM,06 BRONX,15,Precinct 48,2030530017,BRONX,1014243,250746,PHONE,Unspecified,BRONX,,,,,,,,40.85486379245359,-73.89157980292573,POINT (-73.891579802926 40.854863792454)
57939066,06/18/2023 09:51:23 PM,06/18/2023 10:58:50 PM,NYPD,New York City Police Department,Noise - Residential,Loud Music/Party,,Residential Building/House,10453,2230 UNIVERSITY AVENUE,UNIVERSITY AVENUE,HALL OF FAME TERRACE,WEST  183 STREET,HALL OF FAME TERRACE,WEST  183 STREET,ADDRESS,BRONX,UNIVERSITY AVENUE,,Closed,,The Police Department responded to the complaint and took action to fix the condition.,06/18/2023 10:58:55 PM,05 BRONX,14,Precinct 46,2032110035,BRONX,1009617,252252,ONLINE,Unspecified,BRONX,,,,,,,,40.85901181287443,-73.90829638668836,POINT (-73.908296386688 40.859011812874)
57942882,06/19/2023 11:57:23 AM,06/22/2023 06:17:59 PM,HPD,Department of Housing Preservation and Development,UNSANITARY CONDITION,PESTS,MICE,RESIDENTIAL BUILDING,11226,1827 NOSTRAND AVENUE,NOSTRAND AVENUE,,,,,ADDRESS,BROOKLYN,,,Closed,,The Department of Housing Preservation and Development inspected the following conditions. Violations were issued. Information about specific violations is available at www.nyc.gov/hpd,06/22/2023 12:00:00 AM,17 BROOKLYN,45,Precinct 67,3049470056,BROOKLYN,998526,172986,PHONE,Unspecified,BROOKLYN,,,,,,,,40.64147172098069,-73.94855944815569,POINT (-73.948559448156 40.641471720981)
57948372,06/19/2023 10:20:52 AM,06/19/2023 11:01:21 AM,NYPD,New York City Police Department,Illegal Parking,Blocked Hydrant,,Street/Sidewalk,11412,117-12 197 STREET,197 STREET,LINDEN BOULEVARD,118 AVENUE,LINDEN BOULEVARD,118 AVENUE,ADDRESS,SAINT ALBANS,197 STREET,,Closed,,The Police Department responded and upon arrival those responsible for the condition were gone.,06/19/2023 11:01:27 AM,12 QUEENS,27,Precinct 113,4126170012,QUEENS,1052196,192003,PHONE,Unspecified,QUEENS,,,,,,,,40.69341982831933,-73.75497987582254,POINT (-73.754979875823 40.693419828319)
57950937,06/20/2023 12:07:54 PM,08/28/2023 11:03:05 AM,TLC,Taxi and Limousine Commission,Taxi Complaint,Driver Complaint - Passenger,Fare/Tip Complaint - Credit Card,Street,10065,3 AVENUE,3 AVENUE,3 AVENUE,EAST   64 STREET,3 AVENUE,EAST   64 STREET,INTERSECTION,,,,Closed,,"Based on the information provided by the customer, the Taxi and Limousine Commission has determined that a hearing is not necessary or not possible.",08/28/2023 11:03:08 AM,08 MANHATTAN,05,Precinct 19,,MANHATTAN,994140,217873,PHONE,Unspecified,MANHATTAN,,,"3 AVENUE AND EAST   64 STREET, MANHATTAN, NY, 10065",,,,,40.76468194800073,-73.96429754945405,POINT (-73.964297549454 40.764681948001)
57937410,06/18/2023 06:41:30 AM,06/18/2023 07:34:36 AM,NYPD,New York City Police Department,Blocked Driveway,No Access,,Street/Sidewalk,10467,3530 KINGS COLLEGE PLACE,KINGS COLLEGE PLACE,EAST GUN HILL ROAD,EAST  211 STREET,EAST GUN HILL ROAD,EAST  211 STREET,ADDRESS,BRONX,KINGS COLLEGE PLACE,,Closed,,The Police Department issued a summons in response to the complaint.,06/18/2023 07:34:43 AM,07 BRONX,11,Precinct 52,2033560042,BRONX,1018617,260100,PHONE,Unspecified,BRONX,,,,,,,,40.88052170599851,-73.87572049577814,POINT (-73.875720495778 40.880521705999)
57945816,06/19/2023 01:12:05 PM,06/21/2023 04:24:09 PM,HPD,Department of Housing Preservation and Development,UNSANITARY CONDITION,PESTS,MICE,RESIDENTIAL BUILDING,10472,1040 WARD AVENUE,WARD AVENUE,,,,,ADDRESS,BRONX,,,Closed,,The Department of Housing Preservation and Development inspected the following conditions. No violations were issued. The complaint has been closed.,06/21/2023 12:00:00 AM,09 BRONX,18,Precinct 43,2037160021,BRONX,1018451,239887,PHONE,Unspecified,BRONX,,,,,,,,40.8250437307001,-73.8764239092275,POINT (-73.876423909227 40.8250437307)
57936843,06/18/2023 01:02:44 PM,09/14/2023 01:07:53 PM,DPR,Department of Parks and Recreation,Damaged Tree,Tree Leaning/Uprooted,Leaning,Street,11213,1606 CARROLL STREET,CARROLL STREET,TROY AVENUE,SCHENECTADY AVENUE,TROY AVENUE,SCHENECTADY AVENUE,ADDRESS,BROOKLYN,CARROLL STREET,,Closed,,"NYC Parks created a work order for the tree condition.  Please note that addressing this work can take up to a year or more depending on the higher priority work identified during this period and resources available to address this work.    NYC Parks work priority categories range from Category A through D, with A being the most critical and time-sensitive. We will complete all work in Category A first and address work in lower priority categories in accordance with available resources. For more information about the Tree Risk Management Program, visit the NYC Urban Forest page on the NYC Parks website at nyc.gov/parks/trees.   Alternatively, you may choose complete the work yourself by hiring an independent contractor. The contractor must complete a Tree Work Permit application on the NYC Parks website at nyc.gov/parks/trees.",09/14/2023 01:07:57 PM,09 BROOKLYN,35,Precinct 71,3014130040,BROOKLYN,1002361,182034,PHONE,Unspecified,BROOKLYN,,,,,,,,40.66629948685244,-73.9347165422745,POINT (-73.934716542274 40.666299486852)
57946275,06/19/2023 07:16:14 PM,06/19/2023 08:11:46 PM,NYPD,New York City Police Department,Illegal Parking,Double Parked Blocking Traffic,,Street/Sidewalk,11423,104 AVENUE,104 AVENUE,104 AVENUE,200 STREET,104 AVENUE,200 STREET,INTERSECTION,,,,Closed,,The Police Department responded to the complaint and took action to fix the condition.,06/19/2023 08:11:54 PM,12 QUEENS,27,Precinct 103,,QUEENS,1051144,197607,ONLINE,Unspecified,QUEENS,,,,,,,,40.708809452375526,-73.75871781111127,POINT (-73.758717811111 40.708809452376)
57941433,06/19/2023 01:37:00 PM,06/21/2023 11:00:00 AM,DOT,Department of Transportation,Traffic Signal Condition,Wireless,Operating Improperly,,11358,,,,,CROCHERON AVENUE,UTOPIA PARKWAY,INTERSECTION,QUEENS,,N/A,Closed,,"Service Request status for this request is available on the Department of Transportation's website. Please click the ""Learn More"" link below.",06/21/2023 11:00:00 AM,07 QUEENS,19,Precinct 109,,QUEENS,1041530,217378,UNKNOWN,Unspecified,QUEENS,,,,,,,,40.76314327464877,-73.7932263937616,POINT (-73.793226393762 40.763143274649)
57949722,06/20/2023 09:22:42 PM,06/21/2023 03:52:10 AM,NYPD,New York City Police Department,Illegal Parking,Commercial Overnight Parking,,Street/Sidewalk,11378,59 ROAD,59 ROAD,59 ROAD,69 STREET,59 ROAD,69 STREET,INTERSECTION,,,,Closed,,The Police Department responded to the complaint and determined that police action was not necessary.,06/21/2023 03:52:15 AM,05 QUEENS,30,Precinct 104,,QUEENS,1013724,202566,PHONE,Unspecified,QUEENS,,,,,,,,40.722624489363064,-73.89366732198776,POINT (-73.893667321988 40.722624489363)
57951261,06/20/2023 08:52:29 AM,09/13/2023 12:00:00 AM,DOB,Department of Buildings,Building/Use,Illegal Conversion Of Residential Building/Space,,,11208,418 MILFORD STREET,MILFORD STREET,,,,,ADDRESS,BROOKLYN,,,Closed,,"The Department of Buildings attempted to investigate this complaint twice but could not gain access to the location. If the problem still exists, please call 311 and file a new complaint with additional access information. If you are outside of New York City, please call (212) NEW-YORK (212-639-9675).",09/13/2023 12:00:00 AM,05 BROOKLYN,42,Precinct 75,3044560013,BROOKLYN,1018808,182875,UNKNOWN,Unspecified,BROOKLYN,,,,,,,,40.66855892198275,-73.87542693900652,POINT (-73.875426939007 40.668558921983)
57949929,06/20/2023 03:34:14 PM,06/20/2023 04:11:38 PM,NYPD,New York City Police Department,Illegal Parking,Blocked Crosswalk,,Street/Sidewalk,11238,CLINTON AVENUE,CLINTON AVENUE,CLINTON AVENUE,GREENE AVENUE,CLINTON AVENUE,GREENE AVENUE,INTERSECTION,,,,Closed,,The Police Department responded to the complaint and determined that police action was not necessary.,06/20/2023 04:11:41 PM,02 BROOKLYN,35,Precinct 88,,BROOKLYN,993265,189395,MOBILE,Unspecified,BROOKLYN,,,,,,,,40.68651770398163,-73.96749440801149,POINT (-73.967494408011 40.686517703982)
57946491,06/19/2023 11:59:40 AM,08/29/2023 12:00:00 AM,DOB,Department of Buildings,Building/Use,Illegal Conversion Of Residential Building/Space,,,10469,3307 LURTING AVENUE,LURTING AVENUE,,,,,ADDRESS,BRONX,,,Closed,,The Department of Buildings has made a second attempt to conduct an inspection of this premises and was denied access. No further attempts will be made.,08/29/2023 12:00:00 AM,12 BRONX,12,Precinct 47,2046380047,BRONX,1023921,257463,UNKNOWN,Unspecified,BRONX,,,,,,,,40.873261717677,-73.8565555780799,POINT (-73.85655557808 40.873261717677)
57942000,06/19/2023 08:28:41 AM,06/19/2023 09:16:20 AM,NYPD,New York City Police Department,Illegal Parking,Blocked Hydrant,,Street/Sidewalk,11417,86-11 133 AVENUE,133 AVENUE,86 STREET,87 STREET,86 STREET,87 STREET,ADDRESS,OZONE PARK,133 AVENUE,,Closed,,The Police Department issued a summons in response to the complaint.,06/19/2023 09:16:28 AM,10 QUEENS,32,Precinct 106,4113490033,QUEENS,1025895,185013,ONLINE,Unspecified,QUEENS,,,,,,,,40.674396744766696,-73.84986688989585,POINT (-73.849866889896 40.674396744767)
57941190,06/19/2023 09:30:00 AM,06/19/2023 10:05:00 AM,DOT,Department of Transportation,Traffic Signal Condition,Pedestrian Signal,Damaged,,11375,,,,,JEWEL AVENUE,108 STREET,INTERSECTION,QUEENS,,N/A,Closed,,Service Request status for this request is available on the Department of Transportationâs website. Please click the âLearn Moreâ link below.,06/19/2023 10:05:00 AM,06 QUEENS,29,Precinct 112,,QUEENS,1027263,202954,UNKNOWN,Unspecified,QUEENS,,,,,,,,40.72363398382972,-73.84482058666207,POINT (-73.844820586662 40.72363398383)
57952125,06/20/2023 03:48:11 PM,06/22/2023 08:41:38 PM,HPD,Department of Housing Preservation and Development,PLUMBING,BATHTUB/SHOWER,CHIPPED OR RUSTED,RESIDENTIAL BUILDING,10468,2608 CRESTON AVENUE,CRESTON AVENUE,,,,,ADDRESS,BRONX,,,Closed,,The Department of Housing Preservation and Development inspected the following conditions. No violations were issued. The complaint has been closed.,06/22/2023 12:00:00 AM,07 BRONX,14,Precinct 52,2031680016,BRONX,1012906,254534,PHONE,Unspecified,BRONX,,,,,,,,40.86526514679123,-73.89639665771692,POINT (-73.896396657717 40.865265146791)
57937032,06/18/2023 10:09:59 PM,06/18/2023 10:19:56 PM,NYPD,New York City Police Department,Noise - Street/Sidewalk,Loud Music/Party,,Street/Sidewalk,10002,116 FORSYTH STREET,FORSYTH STREET,BROOME STREET,DELANCEY STREET,BROOME STREET,DELANCEY STREET,ADDRESS,NEW YORK,FORSYTH STREET,,Closed,,The Police Department responded to the complaint and took action to fix the condition.,06/18/2023 10:20:00 PM,03 MANHATTAN,01,Precinct 5,1004190040,MANHATTAN,986339,201275,ONLINE,Unspecified,MANHATTAN,,,,,,,,40.719129860045655,-73.99246395931917,POINT (-73.992463959319 40.719129860046)
57950712,06/20/2023 01:52:07 AM,07/17/2023 09:05:26 AM,HPD,Department of Housing Preservation and Development,PLUMBING,BATHTUB/SHOWER,BROKEN OR MISSING,RESIDENTIAL BUILDING,11226,221 LINDEN BOULEVARD,LINDEN BOULEVARD,,,,,ADDRESS,BROOKLYN,,,Closed,,"The Department of Housing Preservation and Development was not able to gain access to inspect the following conditions. The complaint has been closed. If the condition still exists, please file a new complaint.",07/17/2023 12:00:00 AM,17 BROOKLYN,40,Precinct 67,3050850075,BROOKLYN,997893,177038,ONLINE,Unspecified,BROOKLYN,,,,,,,,40.65259458089108,-73.95083213431944,POINT (-73.950832134319 40.652594580891)
57936537,06/18/2023 09:31:43 AM,06/18/2023 09:48:30 AM,NYPD,New York City Police Department,Illegal Parking,Blocked Hydrant,,Street/Sidewalk,11354,146-15 25 DRIVE,25 DRIVE,146 STREET,147 STREET,146 STREET,147 STREET,ADDRESS,FLUSHING,25 DRIVE,,Closed,,The Police Department responded and upon arrival those responsible for the condition were gone.,06/18/2023 09:48:34 AM,07 QUEENS,19,Precinct 109,4047910052,QUEENS,1033754,221778,MOBILE,Unspecified,QUEENS,,,,,,,,40.77526706608581,-73.82126428420042,POINT (-73.8212642842 40.775267066086)
57946419,06/19/2023 05:24:59 PM,06/27/2023 12:30:49 PM,DSNY,Department of Sanitation,Dirty Condition,Trash,Littering,Sidewalk,11235,2636 EAST   14 STREET,EAST   14 STREET,SHEEPSHEAD BAY ROAD,SHORE PARKWAY,SHEEPSHEAD BAY ROAD,SHORE PARKWAY,ADDRESS,BROOKLYN,EAST   14 STREET,,Closed,,The Department of Sanitation investigated this complaint and found no condition at the location.,06/27/2023 12:30:53 PM,15 BROOKLYN,48,Precinct 61,3074580020,BROOKLYN,996725,153083,MOBILE,Unspecified,BROOKLYN,,,,,,,,40.58684482530341,-73.95508574169021,POINT (-73.95508574169 40.586844825303)
57938904,06/18/2023 07:37:42 AM,06/18/2023 07:37:42 AM,DOHMH,Department of Health and Mental Hygiene,Unsanitary Pigeon Condition,Pigeon Waste,,3+ Family Apartment Building,11215,414 2 STREET,2 STREET,5 AVENUE,6 AVENUE,5 AVENUE,6 AVENUE,ADDRESS,BROOKLYN,2 STREET,,Closed,,The Department of Health and Mental Hygiene inspected the property you reported and did not find any violations at the time of the inspection. The property passed inspection.,06/18/2023 07:37:42 AM,06 BROOKLYN,39,Precinct 78,3009750030,BROOKLYN,989433,184352,ONLINE,Unspecified,BROOKLYN,,,,,,,,40.672678885866226,-73.98131541620367,POINT (-73.981315416204 40.672678885866)
57946905,06/19/2023 11:53:59 AM,06/20/2023 07:44:09 PM,HPD,Department of Housing Preservation and Development,WATER LEAK,SLOW LEAK,AT WALL OR CEILING,RESIDENTIAL BUILDING,11235,3100 BRIGHTON    7 STREET,BRIGHTON    7 STREET,,,,,ADDRESS,BROOKLYN,,,Closed,,The Department of Housing Preservation and Development was unable to access the rooms where the following  conditions were reported. No violations were issued. The complaint has been closed.,06/20/2023 12:00:00 AM,13 BROOKLYN,48,Precinct 60,3086910057,BROOKLYN,995215,149602,PHONE,Unspecified,BROOKLYN,,,,,,,,40.577292166801996,-73.96052790372441,POINT (-73.960527903724 40.577292166802)
57935583,06/18/2023 04:42:00 PM,06/18/2023 05:06:43 PM,NYPD,New York City Police Department,Noise - Commercial,Banging/Pounding,,Club/Bar/Restaurant,10306,2154 HYLAN BOULEVARD,HYLAN BOULEVARD,MIDLAND AVENUE,ZWICKY AVENUE,MIDLAND AVENUE,ZWICKY AVENUE,ADDRESS,STATEN ISLAND,HYLAN BOULEVARD,,Closed,,The Police Department responded to the complaint and determined that police action was not necessary.,06/18/2023 05:06:48 PM,02 STATEN ISLAND,50,Precinct 122,5036910011,STATEN ISLAND,955803,149814,ONLINE,Unspecified,STATEN ISLAND,,,,,,,,40.57783520566222,-74.10240511353328,POINT (-74.102405113533 40.577835205662)
57947409,06/19/2023 07:17:04 PM,06/19/2023 07:25:43 PM,NYPD,New York City Police Department,Panhandling,N/A,,Subway,,,,,,,,,,,,Closed,,The Police Department responded and upon arrival those responsible for the condition were gone.,06/19/2023 07:25:48 PM,Unspecified MANHATTAN,,Unspecified,,MANHATTAN,985516,203634,MOBILE,Unspecified,MANHATTAN,,,,6,6 Uptown & The Bronx,,Platform,40.72560490078649,-73.99543247751178,POINT (-73.995432477512 40.725604900786)
57947607,06/19/2023 10:08:04 PM,06/19/2023 10:22:36 PM,NYPD,New York City Police Department,Noise - Residential,Banging/Pounding,,Residential Building/House,10457,1872 MONROE AVENUE,MONROE AVENUE,MOUNT HOPE PLACE,EAST TREMONT AVENUE,MOUNT HOPE PLACE,EAST TREMONT AVENUE,ADDRESS,BRONX,MONROE AVENUE,,Closed,,The Police Department responded to the complaint and with the information available observed no evidence of the violation at that time.,06/19/2023 10:22:41 PM,05 BRONX,15,Precinct 46,2028040001,BRONX,1010260,248435,ONLINE,Unspecified,BRONX,,,,,,,,40.848533419181855,-73.90598670450618,POINT (-73.905986704506 40.848533419182)
57947958,06/19/2023 11:26:09 PM,06/20/2023 01:50:53 AM,NYPD,New York City Police Department,Abandoned Vehicle,With License Plate,,Street/Sidewalk,11368,59-20 VANDOREN STREET,VANDOREN STREET,SAULTELL AVENUE,HORACE HARDING EXPRESSWAY,SAULTELL AVENUE,HORACE HARDING EXPRESSWAY,ADDRESS,CORONA,VAN DOREN STREET,,Closed,,The Police Department responded to the complaint and determined that police action was not necessary.,06/20/2023 01:50:57 AM,04 QUEENS,21,Precinct 110,4019700025,QUEENS,1025824,208585,PHONE,Unspecified,QUEENS,,,,,,,,40.73909655570984,-73.84997731138424,POINT (-73.849977311384 40.73909655571)
57946482,06/19/2023 07:20:17 PM,06/21/2023 08:55:11 PM,DSNY,Department of Sanitation,Commercial Disposal Complaint,Private Carter Decal Not Posted,N/A,Street,10022,1068 2 AVENUE,2 AVENUE,EAST   56 STREET,EAST   57 STREET,EAST   56 STREET,EAST   57 STREET,ADDRESS,NEW YORK,2 AVENUE,,Closed,,"The Department of Sanitation has investigated the complaint and addressed the issue. If the problem persists, call 311 to enter a new complaint. If you are outside of New York City, please call (212) NEW-YORK (212-639-9675).",06/21/2023 08:55:11 PM,06 MANHATTAN,04,Precinct 17,1013490002,MANHATTAN,993764,215726,ONLINE,Unspecified,MANHATTAN,,,,,,,,40.75878939786526,-73.96565793079895,POINT (-73.965657930799 40.758789397865)
57944439,06/19/2023 09:46:53 PM,06/19/2023 09:49:12 PM,NYPD,New York City Police Department,Noise - Park,Loud Music/Party,,Park/Playground,10028,1000 5 AVENUE,5 AVENUE,EAST   81 STREET,EAST   82 STREET,EAST   81 STREET,EAST   82 STREET,ADDRESS,NEW YORK,5 AVENUE,,Closed,,The Police Department responded to the complaint and determined that police action was not necessary.,06/19/2023 09:49:17 PM,64 MANHATTAN,06,Precinct 22,1011110001,MANHATTAN,994623,222956,ONLINE,Central Park,MANHATTAN,,,,,,,,40.77863290127972,-73.96254609596876,POINT (-73.962546095969 40.77863290128)
57938238,06/18/2023 05:36:13 PM,06/18/2023 06:14:14 PM,NYPD,New York City Police Department,Noise - Street/Sidewalk,Loud Music/Party,,Street/Sidewalk,11221,140 MENAHAN STREET,MENAHAN STREET,CENTRAL AVENUE,WILSON AVENUE,CENTRAL AVENUE,WILSON AVENUE,ADDRESS,BROOKLYN,MENAHAN STREET,,Closed,,The Police Department responded to the complaint and with the information available observed no evidence of the violation at that time.,06/18/2023 06:14:19 PM,04 BROOKLYN,37,Precinct 83,3033150001,BROOKLYN,1006670,192866,MOBILE,Unspecified,BROOKLYN,,,,,,,,40.69602098995657,-73.91914815999966,POINT (-73.91914816 40.696020989957)
57937500,06/18/2023 10:42:09 PM,06/19/2023 01:17:53 AM,NYPD,New York City Police Department,Illegal Parking,Blocked Hydrant,,Street/Sidewalk,11419,104-33 129 STREET,129 STREET,LIBERTY AVENUE,107 AVENUE,LIBERTY AVENUE,107 AVENUE,ADDRESS,SOUTH RICHMOND HILL,129 STREET,,Closed,,The Police Department responded and upon arrival those responsible for the condition were gone.,06/19/2023 01:18:01 AM,10 QUEENS,28,Precinct 106,4095830072,QUEENS,1035261,190310,MOBILE,Unspecified,QUEENS,,,,,,,,40.688886758654625,-73.81606180298867,POINT (-73.816061802989 40.688886758655)
57951828,06/20/2023 07:53:54 PM,06/20/2023 08:27:10 PM,NYPD,New York City Police Department,Noise - Residential,Loud Music/Party,,Residential Building/House,11421,86-13 91 AVENUE,91 AVENUE,86 STREET,87 STREET,86 STREET,87 STREET,ADDRESS,WOODHAVEN,91 AVENUE,,Closed,,The Police Department responded to the complaint and took action to fix the condition.,06/20/2023 08:27:15 PM,09 QUEENS,32,Precinct 102,4089680031,QUEENS,1024087,189987,PHONE,Unspecified,QUEENS,,,,,,,,40.68805754694449,-73.85635543843172,POINT (-73.856355438432 40.688057546944)
57936456,06/18/2023 04:35:00 PM,,DEP,Department of Environmental Protection,Hazardous Materials,Chemical Odor (HD1),HD1,,11201,101 CLARK STREET,CLARK STREET,HENRY ST,MONROE PL,,,ADDRESS,BROOKLYN,,N/A,Open,,,,02 BROOKLYN,33,Precinct 84,3002320001,BROOKLYN,986384,193316,PHONE,Unspecified,BROOKLYN,,,,,,,,40.69728427753766,-73.99230414488979,POINT (-73.99230414489 40.697284277538)
57943755,06/19/2023 02:20:00 PM,06/20/2023 07:42:00 AM,DSNY,Department of Sanitation,Derelict Vehicles,Derelict Vehicles,,Street,11365,58-89 FRESH MEADOW LANE,FRESH MEADOW LANE,BOOTH MEMORIAL AVENUE,59 AVENUE,,,ADDRESS,FRESH MEADOWS,,,Closed,,The Department of Sanitation does NOT have jurisdiction over vehicles (abandoned or otherwise) that have license plates affixed to them. Your request will be referred to the NYPD for further action.,06/20/2023 12:00:00 PM,11 QUEENS,20,Precinct 111,,QUEENS,1040434,209240,PHONE,Unspecified,QUEENS,,,,,,,,40.740813617403866,-73.797250796969,POINT (-73.797250796969 40.740813617404)
57938328,06/18/2023 09:36:07 PM,06/18/2023 09:58:01 PM,NYPD,New York City Police Department,Noise - Residential,Banging/Pounding,,Residential Building/House,10466,4020 LACONIA AVENUE,LACONIA AVENUE,EAST  227 STREET,EAST  228 STREET,EAST  227 STREET,EAST  228 STREET,ADDRESS,BRONX,LACONIA AVENUE,,Closed,,The Police Department responded to the complaint and took action to fix the condition.,06/18/2023 09:58:07 PM,12 BRONX,12,Precinct 47,2049050001,BRONX,1026187,261976,PHONE,Unspecified,BRONX,,,,,,,,40.88563800821159,-73.84833382222098,POINT (-73.848333822221 40.885638008212)
57938067,06/18/2023 11:47:18 PM,06/19/2023 12:44:59 AM,NYPD,New York City Police Department,Noise - Residential,Loud Music/Party,,Residential Building/House,10470,260 EAST  236 STREET,EAST  236 STREET,KEPLER AVENUE,KATONAH AVENUE,KEPLER AVENUE,KATONAH AVENUE,ADDRESS,BRONX,EAST  236 STREET,,Closed,,The Police Department responded to the complaint and took action to fix the condition.,06/19/2023 12:45:02 AM,12 BRONX,11,Precinct 47,2033760038,BRONX,1020534,266512,MOBILE,Unspecified,BRONX,,,,,,,,40.8981129314761,-73.86875342201463,POINT (-73.868753422015 40.898112931476)
57945150,06/19/2023 06:38:56 AM,06/19/2023 09:30:40 AM,NYPD,New York City Police Department,Illegal Parking,Blocked Hydrant,,Street/Sidewalk,11354,146-15 25 DRIVE,25 DRIVE,146 STREET,147 STREET,146 STREET,147 STREET,ADDRESS,FLUSHING,25 DRIVE,,Closed,,The Police Department responded and upon arrival those responsible for the condition were gone.,06/19/2023 09:30:47 AM,07 QUEENS,19,Precinct 109,4047910052,QUEENS,1033754,221778,MOBILE,Unspecified,QUEENS,,,,,,,,40.77526706608581,-73.82126428420042,POINT (-73.8212642842 40.775267066086)
57937977,06/18/2023 02:57:40 PM,11/08/2023 12:03:30 PM,DPR,Department of Parks and Recreation,Damaged Tree,Tree Alive - in Poor Condition,Cracked,Street,11222,44 RUSSELL STREET,RUSSELL STREET,ENGERT AVENUE,DRIGGS AVENUE,ENGERT AVENUE,DRIGGS AVENUE,ADDRESS,BROOKLYN,RUSSELL STREET,,Closed,,"NYC Parks created a work order for the tree condition.  Please note that addressing this work can take up to a year or more depending on the higher priority work identified during this period and resources available to address this work.    NYC Parks work priority categories range from Category A through D, with A being the most critical and time-sensitive. We will complete all work in Category A first and address work in lower priority categories in accordance with available resources. For more information about the Tree Risk Management Program, visit the NYC Urban Forest page on the NYC Parks website at nyc.gov/parks/trees.   Alternatively, you may choose complete the work yourself by hiring an independent contractor. The contractor must complete a Tree Work Permit application on the NYC Parks website at nyc.gov/parks/trees.",11/08/2023 12:03:35 PM,01 BROOKLYN,33,Precinct 94,3027030006,BROOKLYN,999794,202399,MOBILE,Unspecified,BROOKLYN,,,,,,,,40.72220155932218,-73.94392263129726,POINT (-73.943922631297 40.722201559322)
57936015,06/18/2023 02:30:47 AM,06/18/2023 03:00:30 AM,NYPD,New York City Police Department,Noise - Residential,Loud Music/Party,,Residential Building/House,11368,34-48 106 STREET,106 STREET,34 AVENUE,37 AVENUE,34 AVENUE,37 AVENUE,ADDRESS,CORONA,106 STREET,,Closed,,The Police Department responded to the complaint and took action to fix the condition.,06/18/2023 03:00:36 AM,03 QUEENS,21,Precinct 115,4017470036,QUEENS,1022396,214370,ONLINE,Unspecified,QUEENS,,,,,,,,40.754990357979054,-73.86231465580347,POINT (-73.862314655803 40.754990357979)
57938535,06/18/2023 02:21:54 PM,06/20/2023 03:19:41 PM,DSNY,Department of Sanitation,Missed Collection,Recycling - Metal/Glass/Rigid Plastic,N/A,Street,10312,60 DIERAUF STREET,DIERAUF STREET,KENMORE STREET,GARY STREET,KENMORE STREET,GARY STREET,ADDRESS,STATEN ISLAND,DIERAUF STREET,,Closed,,The Department of Sanitation collected the requested items.,06/20/2023 11:26:24 AM,03 STATEN ISLAND,51,Precinct 123,5056850008,STATEN ISLAND,934349,143889,ONLINE,Unspecified,STATEN ISLAND,,,,,,,,40.561477468567254,-74.17959253255785,POINT (-74.179592532558 40.561477468567)
57943737,06/19/2023 11:15:00 AM,06/20/2023 02:28:00 AM,DSNY,Department of Sanitation,Derelict Vehicles,Derelict Vehicles,,Street,10314,513 COLLEGE AVENUE,COLLEGE AVENUE,LIVERMORE AVENUE,WOOLLEY AVENUE,,,ADDRESS,STATEN ISLAND,,DSNY Garage,Closed,,The Department of Sanitation (DSNY) couldn't find the condition. Please file a new Service Request with more details about the location.,06/20/2023 12:00:00 PM,01 STATEN ISLAND,50,Precinct 121,5003910300,STATEN ISLAND,945911,165813,PHONE,Unspecified,STATEN ISLAND,,,,,,,,40.621711904109645,-74.13810564385288,POINT (-74.138105643853 40.62171190411)
57948480,06/19/2023 06:04:24 AM,06/19/2023 07:18:35 AM,NYPD,New York City Police Department,Illegal Parking,Blocked Sidewalk,,Street/Sidewalk,11235,2702 EMMONS AVENUE,EMMONS AVENUE,EAST   27 STREET,EAST   28 STREET,EAST   27 STREET,EAST   28 STREET,ADDRESS,BROOKLYN,EMMONS AVENUE,,Closed,,The Police Department responded to the complaint and determined that police action was not necessary.,06/19/2023 07:18:41 AM,15 BROOKLYN,48,Precinct 61,3088150001,BROOKLYN,1000541,151974,PHONE,Unspecified,BROOKLYN,,,,,,,,40.583794649546256,-73.94134951608702,POINT (-73.941349516087 40.583794649546)
57952431,06/20/2023 10:54:03 AM,07/17/2023 10:14:54 AM,DPR,Department of Parks and Recreation,Dead/Dying Tree,Planted More Than 2 Years Ago,N/A,Street,11228,367 BAY    8 STREET,BAY    8 STREET,BELT PARKWAY EXIT    4 EASTBOUND,SHORE PARKWAY,BELT PARKWAY EXIT    4 EASTBOUND,SHORE PARKWAY,ADDRESS,BROOKLYN,BAY    8 STREET,,Closed,,"NYC Parks created a work order for the tree condition.  Please note that addressing this work can take up to a year or more depending on the higher priority work identified during this period and resources available to address this work.    NYC Parks work priority categories range from Category A through D, with A being the most critical and time-sensitive. We will complete all work in Category A first and address work in lower priority categories in accordance with available resources. For more information about the Tree Risk Management Program, visit the NYC Urban Forest page on the NYC Parks website at nyc.gov/parks/trees.   Alternatively, you may choose complete the work yourself by hiring an independent contractor. The contractor must complete a Tree Work Permit application on the NYC Parks website at nyc.gov/parks/trees.",07/17/2023 10:14:58 AM,11 BROOKLYN,50,Precinct 62,3064800006,BROOKLYN,979307,159540,PHONE,Unspecified,BROOKLYN,,,,,,,,40.60457538910259,-74.01780121285441,POINT (-74.017801212854 40.604575389103)
58024116,06/27/2023 08:34:09 PM,06/27/2023 08:58:43 PM,NYPD,New York City Police Department,Noise - Street/Sidewalk,Loud Music/Party,,Street/Sidewalk,11372,33-16 78 STREET,78 STREET,NORTHERN BOULEVARD,34 AVENUE,NORTHERN BOULEVARD,34 AVENUE,ADDRESS,JACKSON HEIGHTS,78 STREET,,Closed,,The Police Department responded to the complaint and with the information available observed no evidence of the violation at that time.,06/27/2023 08:58:47 PM,03 QUEENS,25,Precinct 115,4012500014,QUEENS,1014987,214340,MOBILE,Unspecified,QUEENS,,,,,,,,40.75493687538746,-73.88905703309607,POINT (-73.889057033096 40.754936875387)
57944601,06/19/2023 02:49:04 AM,06/19/2023 03:01:57 AM,NYPD,New York City Police Department,Noise - Vehicle,Car/Truck Music,,Street/Sidewalk,10452,1360 UNIVERSITY AVENUE,UNIVERSITY AVENUE,WEST  170 STREET,HIGHBRIDGE PARK PATH,WEST  170 STREET,HIGHBRIDGE PARK PATH,ADDRESS,BRONX,UNIVERSITY AVENUE,,Closed,,The Police Department responded to the complaint and took action to fix the condition.,06/19/2023 03:02:04 AM,04 BRONX,16,Precinct 44,2025340001,BRONX,1004680,246108,ONLINE,Unspecified,BRONX,,,,,,,,40.842161163886175,-73.92616272567575,POINT (-73.926162725676 40.842161163886)
57951720,06/20/2023 03:42:26 PM,06/21/2023 11:55:01 AM,DSNY,Department of Sanitation,Dead Animal,Opossum,Street or Sidewalk,Street,10307,750 PAGE AVENUE,PAGE AVENUE,LERER LANE,CLERMONT AVENUE,LERER LANE,CLERMONT AVENUE,ADDRESS,STATEN ISLAND,PAGE AVENUE,,Closed,,The Department of Sanitation removed the items.,06/21/2023 06:03:49 AM,03 STATEN ISLAND,51,Precinct 123,5077800110,STATEN ISLAND,920486,123500,ONLINE,Unspecified,STATEN ISLAND,,,,,,,,40.50542481229337,-74.22929286575895,POINT (-74.229292865759 40.505424812293)
57941100,06/19/2023 08:15:45 PM,06/19/2023 10:03:45 PM,NYPD,New York City Police Department,Blocked Driveway,Partial Access,,Street/Sidewalk,11210,1544 EAST   22 STREET,EAST   22 STREET,BAY AVENUE,AVENUE O,BAY AVENUE,AVENUE O,ADDRESS,BROOKLYN,EAST   22 STREET,,Closed,,The Police Department responded and upon arrival those responsible for the condition were gone.,06/19/2023 10:03:50 PM,14 BROOKLYN,48,Precinct 70,3076750104,BROOKLYN,997517,163036,PHONE,Unspecified,BROOKLYN,,,,,,,,40.614162637908095,-73.95221472393507,POINT (-73.952214723935 40.614162637908)
57945492,06/19/2023 04:34:58 AM,06/19/2023 05:08:41 AM,NYPD,New York City Police Department,Noise - Commercial,Loud Music/Party,,Club/Bar/Restaurant,11208,2988 FULTON STREET,FULTON STREET,ELTON STREET,LINWOOD STREET,ELTON STREET,LINWOOD STREET,ADDRESS,BROOKLYN,FULTON STREET,,Closed,,The Police Department responded to the complaint and with the information available observed no evidence of the violation at that time.,06/19/2023 05:08:56 AM,05 BROOKLYN,37,Precinct 75,3039550019,BROOKLYN,1016307,187044,ONLINE,Unspecified,BROOKLYN,,,,,,,,40.68001128851836,-73.88442258738768,POINT (-73.884422587388 40.680011288518)
57937869,06/18/2023 11:53:23 AM,06/18/2023 12:28:40 PM,NYPD,New York City Police Department,Illegal Parking,Parking Permit Improper Use,,Street/Sidewalk,11694,BEACH  102 LANE,BEACH  102 LANE,BEACH  102 LANE,SHORE FRONT PARKWAY,BEACH  102 LANE,SHORE FRONT PARKWAY,INTERSECTION,,,,Closed,,The Police Department responded to the complaint and took action to fix the condition.,06/18/2023 12:28:43 PM,14 QUEENS,32,Precinct 100,,QUEENS,1033276,151229,ONLINE,Unspecified,QUEENS,,,,,,,,40.581629174801094,-73.8235033377858,POINT (-73.823503337786 40.581629174801)
57944466,06/19/2023 09:13:00 AM,06/19/2023 09:42:03 AM,NYPD,New York City Police Department,Noise - Residential,Loud Music/Party,,Residential Building/House,11204,5905 20 AVENUE,20 AVENUE,59 STREET,60 STREET,59 STREET,60 STREET,ADDRESS,BROOKLYN,20 AVENUE,,Closed,,The Police Department responded to the complaint and took action to fix the condition.,06/19/2023 09:42:08 AM,12 BROOKLYN,44,Precinct 66,3055140009,BROOKLYN,989142,165106,ONLINE,Unspecified,BROOKLYN,,,,,,,,40.61985294062112,-73.98237842097082,POINT (-73.982378420971 40.619852940621)
57940677,06/19/2023 12:02:24 AM,06/19/2023 12:09:52 AM,NYPD,New York City Police Department,Noise - Street/Sidewalk,Loud Music/Party,,Street/Sidewalk,11226,125 LENOX ROAD,LENOX ROAD,BEDFORD AVENUE,ROGERS AVENUE,BEDFORD AVENUE,ROGERS AVENUE,ADDRESS,BROOKLYN,LENOX ROAD,,Closed,,The Police Department responded to the complaint and took action to fix the condition.,06/19/2023 12:09:56 AM,17 BROOKLYN,40,Precinct 67,3050650100,BROOKLYN,996710,177494,MOBILE,Unspecified,BROOKLYN,,,,,,,,40.653847944816754,-73.9550946924735,POINT (-73.955094692473 40.653847944817)
57950145,06/20/2023 08:44:49 AM,06/20/2023 02:42:56 PM,DPR,Department of Parks and Recreation,Damaged Tree,Branch or Limb Has Fallen Down,Blocking Street,Street,11101,41-20 34 AVENUE,34 AVENUE,41 STREET,42 STREET,41 STREET,42 STREET,ADDRESS,LONG ISLAND CITY,34 AVENUE,,Closed,,NYC Parks performed the work necessary to correct the condition.,06/20/2023 02:43:00 PM,01 QUEENS,22,Precinct 114,4006740018,QUEENS,1006460,214785,PHONE,Unspecified,QUEENS,,,,,,,,40.75618381701184,-73.91983312924444,POINT (-73.919833129244 40.756183817012)
57936258,06/18/2023 12:39:33 PM,06/18/2023 01:10:55 PM,NYPD,New York City Police Department,Blocked Driveway,No Access,,Street/Sidewalk,11416,81-02 ROCKAWAY BOULEVARD,ROCKAWAY BOULEVARD,81 STREET,82 STREET,81 STREET,82 STREET,ADDRESS,OZONE PARK,ROCKAWAY BOULEVARD,,Closed,,The Police Department issued a summons in response to the complaint.,06/18/2023 01:11:00 PM,09 QUEENS,32,Precinct 102,4090100021,QUEENS,1023224,188655,PHONE,Unspecified,QUEENS,,,,,,,,40.684405358798884,-73.85947495003275,POINT (-73.859474950033 40.684405358799)
57950721,06/20/2023 01:41:52 PM,06/26/2023 08:33:17 PM,HPD,Department of Housing Preservation and Development,PLUMBING,BASIN/SINK,DRAIN PIPE BLOCKED OR BROKEN,RESIDENTIAL BUILDING,10026,17 ST NICHOLAS AVENUE,ST NICHOLAS AVENUE,,,,,ADDRESS,NEW YORK,,,Closed,,The Department of Housing Preservation and Development inspected the following conditions. No violations were issued. The complaint has been closed.,06/26/2023 12:00:00 AM,10 MANHATTAN,09,Precinct 28,1018210046,MANHATTAN,997419,230490,PHONE,Unspecified,MANHATTAN,,,,,,,,40.79930798322807,-73.95243577915605,POINT (-73.952435779156 40.799307983228)
57940047,06/18/2023 03:10:59 PM,06/18/2023 03:12:34 PM,NYPD,New York City Police Department,Drug Activity,Use Outside,,Street/Sidewalk,11432,82-68 164 STREET,164 STREET,82 ROAD,GRAND CENTRAL PARKWAY,82 ROAD,GRAND CENTRAL PARKWAY,ADDRESS,JAMAICA,164 STREET,,Closed,,The Police Department responded to the complaint and with the information available observed no evidence of the violation at that time.,06/18/2023 03:12:42 PM,08 QUEENS,24,Precinct 107,4068580001,QUEENS,1038740,200651,ONLINE,Unspecified,QUEENS,,,,,,,,40.71724956934783,-73.80343340538089,POINT (-73.803433405381 40.717249569348)
57945834,06/19/2023 04:04:18 PM,06/20/2023 04:18:20 AM,DOT,Department of Transportation,Broken Parking Meter,Credit Card Stuck in Meter,N/A,Street,10462,2071 WHITE PLAINS ROAD,WHITE PLAINS ROAD,BRADY AVENUE,MARAN PLACE,BRADY AVENUE,MARAN PLACE,ADDRESS,BRONX,WHITE PLAINS ROAD,,Closed,,"The Department of Transportation inspected the condition you reported. You can find additional information in the ""Notes to Customer"" field.",06/20/2023 04:18:25 AM,11 BRONX,13,Precinct 49,2042860001,BRONX,1020830,249930,PHONE,Unspecified,BRONX,,,,,,,,40.85259928366343,-73.86777327121693,POINT (-73.867773271217 40.852599283663)
57937536,06/19/2023 01:06:17 AM,06/19/2023 01:41:20 AM,NYPD,New York City Police Department,Illegal Parking,Blocked Sidewalk,,Street/Sidewalk,11210,1757 BROOKLYN AVENUE,BROOKLYN AVENUE,LIRR BAY RIDGE LINE,AVENUE I,LIRR BAY RIDGE LINE,AVENUE I,ADDRESS,BROOKLYN,BROOKLYN AVENUE,,Closed,,The Police Department issued a summons in response to the complaint.,06/19/2023 01:41:23 AM,18 BROOKLYN,45,Precinct 63,3075820012,BROOKLYN,1000474,168870,ONLINE,Unspecified,BROOKLYN,,,,,,,,40.63017082524982,-73.94155013958206,POINT (-73.941550139582 40.63017082525)
57943872,06/19/2023 01:02:30 PM,10/24/2024 01:58:46 PM,EDC,Economic Development Corporation,Noise - Helicopter,Other,Flying Too Low,Above Address,11218,164 WESTMINSTER ROAD,WESTMINSTER ROAD,ALBEMARLE ROAD,BEVERLEY ROAD,ALBEMARLE ROAD,BEVERLEY ROAD,ADDRESS,BROOKLYN,WESTMINSTER ROAD,,Closed,,"The New York City Economic Development Corporation determined that this issue is not within its jurisdiction because the helicopter did not belong to a tour company departing from a NYC heliport.Â  Instead, it was most likely a law enforcement or news gathering helicopter not subject to the routing protocols established for tour helicopters. It may also have been a helicopter that departed as a charter or tour from another City but flew over NYC airspace. Helicopter tours originating from outside NYC are not subject to the same City regulations as tours departing from heliports managed by NYCEDC. Any City regulation of these flights is pre-empted by federal law and subject only to the jurisdiction of the Federal Aviation Administration. To file a complaint with the FAA, you can contact the New York Flight Standards District Office at the following web address:Â https://www.faa.gov/about/office_org/field_offices/fsdo/",10/24/2024 01:58:49 PM,14 BROOKLYN,40,Precinct 70,3051150027,BROOKLYN,993131,174275,ONLINE,Unspecified,BROOKLYN,,,,,,,,40.645016801359894,-73.96799749247175,POINT (-73.967997492472 40.64501680136)
57949335,06/19/2023 11:40:50 PM,10/24/2024 02:00:54 PM,EDC,Economic Development Corporation,Noise - Helicopter,Other,Flying Too Low,Above Address,11217,131 ST MARKS PLACE,ST MARKS PLACE,4 AVENUE,5 AVENUE,4 AVENUE,5 AVENUE,ADDRESS,BROOKLYN,ST MARKS PLACE,,Closed,,"The New York City Economic Development Corporation determined that this issue is not within its jurisdiction because the helicopter did not belong to a tour company departing from a NYC heliport.Â  Instead, it was most likely a law enforcement or news gathering helicopter not subject to the routing protocols established for tour helicopters. It may also have been a helicopter that departed as a charter or tour from another City but flew over NYC airspace. Helicopter tours originating from outside NYC are not subject to the same City regulations as tours departing from heliports managed by NYCEDC. Any City regulation of these flights is pre-empted by federal law and subject only to the jurisdiction of the Federal Aviation Administration. To file a complaint with the FAA, you can contact the New York Flight Standards District Office at the following web address:Â https://www.faa.gov/about/office_org/field_offices/fsdo/",10/24/2024 02:00:57 PM,06 BROOKLYN,39,Precinct 78,3009320051,BROOKLYN,990332,187420,ONLINE,Unspecified,BROOKLYN,,,,,,,,40.681099280997365,-73.97807177541993,POINT (-73.97807177542 40.681099280997)
57945942,06/19/2023 03:23:11 PM,07/14/2023 06:34:00 PM,DPR,Department of Parks and Recreation,Overgrown Tree/Branches,Hitting Building,N/A,Street,11104,50-51 39 STREET,39 STREET,50 AVENUE,HUNTERS POINT AVENUE,50 AVENUE,HUNTERS POINT AVENUE,ADDRESS,SUNNYSIDE,39 STREET,,Closed,,"NYC Parks created a work order for the tree condition.  Please note that addressing this work can take up to a year or more depending on the higher priority work identified during this period and resources available to address this work.    NYC Parks work priority categories range from Category A through D, with A being the most critical and time-sensitive. We will complete all work in Category A first and address work in lower priority categories in accordance with available resources. For more information about the Tree Risk Management Program, visit the NYC Urban Forest page on the NYC Parks website at nyc.gov/parks/trees.   Alternatively, you may choose complete the work yourself by hiring an independent contractor. The contractor must complete a Tree Work Permit application on the NYC Parks website at nyc.gov/parks/trees.",07/14/2023 06:34:04 PM,02 QUEENS,26,Precinct 108,4002100008,QUEENS,1004354,207959,PHONE,Unspecified,QUEENS,,,,,,,,40.73745320664524,-73.9274551254436,POINT (-73.927455125444 40.737453206645)
57946356,06/19/2023 07:21:37 AM,06/19/2023 08:11:18 AM,NYPD,New York City Police Department,Illegal Parking,Posted Parking Sign Violation,,Street/Sidewalk,10468,2519 CRESTON AVENUE,CRESTON AVENUE,EAST  190 STREET,EAST  191 STREET,EAST  190 STREET,EAST  191 STREET,ADDRESS,BRONX,CRESTON AVENUE,,Closed,,The Police Department responded to the complaint and took action to fix the condition.,06/19/2023 08:11:22 AM,07 BRONX,14,Precinct 52,2031757501,BRONX,1012552,253854,ONLINE,Unspecified,BRONX,,,,,,,,40.86339989603282,-73.89767938528355,POINT (-73.897679385284 40.863399896033)
57948444,06/19/2023 03:02:16 PM,06/19/2023 03:20:27 PM,NYPD,New York City Police Department,Illegal Parking,Posted Parking Sign Violation,,Street/Sidewalk,11239,498 SCHROEDERS AVENUE,SCHROEDERS AVENUE,ASHFORD STREET,ELTON STREET,ASHFORD STREET,ELTON STREET,ADDRESS,BROOKLYN,SCHROEDERS AVENUE,,Closed,,The Police Department responded to the complaint and determined that police action was not necessary.,06/19/2023 03:20:30 PM,05 BROOKLYN,42,Precinct 75,3044520417,BROOKLYN,1019294,177775,ONLINE,Unspecified,BROOKLYN,,,,,,,,40.654558652017265,-73.87370153790772,POINT (-73.873701537908 40.654558652017)
57944736,06/19/2023 02:58:43 PM,06/19/2023 03:42:30 PM,NYPD,New York City Police Department,Abandoned Vehicle,With License Plate,,Street/Sidewalk,11213,69 UTICA AVENUE,UTICA AVENUE,ATLANTIC AVENUE,PACIFIC STREET,ATLANTIC AVENUE,PACIFIC STREET,ADDRESS,BROOKLYN,UTICA AVENUE,,Closed,,The Police Department responded to the complaint and determined that police action was not necessary.,06/19/2023 03:42:34 PM,08 BROOKLYN,36,Precinct 77,3013370001,BROOKLYN,1003566,185825,PHONE,Unspecified,BROOKLYN,,,,,,,,40.67670238251981,-73.9303621011465,POINT (-73.930362101146 40.67670238252)
57947625,06/19/2023 07:40:12 AM,06/20/2023 01:05:50 PM,DSNY,Department of Sanitation,Residential Disposal Complaint,Trash or Recycling Not Secure,N/A,Sidewalk,10022,985 1 AVENUE,1 AVENUE,EAST   54 STREET,EAST   55 STREET,EAST   54 STREET,EAST   55 STREET,ADDRESS,NEW YORK,1 AVENUE,,Closed,,The Department of Sanitation investigated this complaint and found no violation at the location.,06/20/2023 01:05:54 PM,06 MANHATTAN,04,Precinct 17,1013470023,MANHATTAN,994150,214885,ONLINE,Unspecified,MANHATTAN,,,,,,,,40.75648064402137,-73.96426585014258,POINT (-73.964265850143 40.756480644021)
57958830,06/20/2023 06:57:58 PM,06/20/2023 07:19:55 PM,NYPD,New York City Police Department,Noise - Street/Sidewalk,Loud Talking,,Street/Sidewalk,10027,2053 7 AVENUE,7 AVENUE,WEST  122 STREET,WEST  123 STREET,WEST  122 STREET,WEST  123 STREET,ADDRESS,NEW YORK,7 AVENUE,,Closed,,The Police Department responded to the complaint and took action to fix the condition.,06/20/2023 07:20:00 PM,10 MANHATTAN,09,Precinct 28,1019070063,MANHATTAN,998245,233447,MOBILE,Unspecified,MANHATTAN,,,,,,,,40.807422865462605,-73.94944624253222,POINT (-73.949446242532 40.807422865463)
57960792,06/21/2023 10:23:21 AM,08/29/2023 02:37:36 PM,TLC,Taxi and Limousine Commission,Taxi Complaint,Driver Complaint - Non Passenger,Unsafe Driving - Non-Passenger,Street,10128,EAST   90 STREET,EAST   90 STREET,EAST   90 STREET,PARK AVENUE,EAST   90 STREET,PARK AVENUE,INTERSECTION,,,,Closed,,A hearing was scheduled at the OATH/Taxi and Limousine Tribunal.,04/03/2024 03:08:13 PM,08 MANHATTAN,04,Precinct 19,,MANHATTAN,996619,224452,ONLINE,Unspecified,MANHATTAN,,,"EAST   90 STREET AND PARK AVENUE, MANHATTAN, NY, 10128",,,,,40.78273645680392,-73.95533636403404,POINT (-73.955336364034 40.782736456804)
57948777,06/19/2023 02:42:50 AM,06/19/2023 04:10:00 AM,NYPD,New York City Police Department,Noise - Residential,Loud Music/Party,,Residential Building/House,10461,2951 BAISLEY AVENUE,BAISLEY AVENUE,B STREET,CROSBY AVENUE,B STREET,CROSBY AVENUE,ADDRESS,BRONX,BAISLEY AVENUE,,Closed,,The Police Department responded to the complaint and took action to fix the condition.,06/19/2023 04:10:06 AM,10 BRONX,13,Precinct 45,2053360006,BRONX,1031855,243971,ONLINE,Unspecified,BRONX,,,,,,,,40.836191046464805,-73.82796329589081,POINT (-73.827963295891 40.836191046465)
57959190,06/20/2023 05:39:00 PM,07/27/2023 12:18:19 PM,EDC,Economic Development Corporation,Noise - Helicopter,Other,Flying Too Low,Above Address,11414,88-12 151 AVENUE,151 AVENUE,88 STREET,89 STREET,88 STREET,89 STREET,ADDRESS,HOWARD BEACH,151 AVENUE,,Closed,,"The New York City Economic Development Corporation determined that this issue is not within its jurisdiction because the helicopter did not belong to a tour company departing from a NYC heliport.Â  Instead, it was most likely a law enforcement or news gathering helicopter not subject to the routing protocols established for tour helicopters. It may also have been a helicopter that departed as a charter or tour from another City but flew over NYC airspace. Helicopter tours originating from outside NYC are not subject to the same City regulations as tours departing from heliports managed by NYCEDC. Any City regulation of these flights is pre-empted by federal law and subject only to the jurisdiction of the Federal Aviation Administration. To file a complaint with the FAA, you can contact the New York Flight Standards District Office at the following web address:Â https://www.faa.gov/about/office_org/field_offices/fsdo/",07/27/2023 12:18:22 PM,10 QUEENS,32,Precinct 106,4114340007,QUEENS,1026729,182858,ONLINE,Unspecified,QUEENS,,,,,,,,40.6684777987759,-73.84687384879807,POINT (-73.846873848798 40.668477798776)
57946734,06/19/2023 05:03:41 PM,06/19/2023 05:18:55 PM,NYPD,New York City Police Department,Non-Emergency Police Matter,Other (complaint details),,Street/Sidewalk,10032,516 WEST  169 STREET,WEST  169 STREET,AMSTERDAM AVENUE,AUDUBON AVENUE,AMSTERDAM AVENUE,AUDUBON AVENUE,ADDRESS,NEW YORK,WEST  169 STREET,,Closed,,The Police Department responded to the complaint and with the information available observed no evidence of the violation at that time.,06/19/2023 05:19:00 PM,12 MANHATTAN,10,Precinct 33,1021250034,MANHATTAN,1001641,245593,ONLINE,Unspecified,MANHATTAN,,,,,,,,40.84075414752999,-73.93714748717194,POINT (-73.937147487172 40.84075414753)
57960774,06/21/2023 05:35:58 PM,06/21/2023 05:48:19 PM,NYPD,New York City Police Department,Illegal Parking,Blocked Hydrant,,Street/Sidewalk,11421,84-25 85 ROAD,85 ROAD,FOREST PARKWAY,85 STREET,FOREST PARKWAY,85 STREET,ADDRESS,WOODHAVEN,85 ROAD,,Closed,,The Police Department responded and upon arrival those responsible for the condition were gone.,06/21/2023 05:48:23 PM,09 QUEENS,32,Precinct 102,4088570075,QUEENS,1022809,192567,PHONE,Unspecified,QUEENS,,,,,,,,40.69514470265117,-73.86094888534394,POINT (-73.860948885344 40.695144702651)
57945357,06/19/2023 01:40:16 PM,06/24/2023 03:36:49 AM,DSNY,Department of Sanitation,Dirty Condition,Trash,Littering,Street,10460,1813 WEST FARMS ROAD,WEST FARMS ROAD,EAST  174 STREET,CROSS BRONX EXPWY EB ET    4 A,EAST  174 STREET,CROSS BRONX EXPWY EB ET    4 A,ADDRESS,BRONX,WEST FARMS ROAD,,Closed,,The Department of Sanitation investigated this complaint and found no condition at the location.,06/24/2023 03:36:54 AM,03 BRONX,17,Precinct 42,2030150058,BRONX,1016862,244129,PHONE,Unspecified,BRONX,,,,,,,,40.836692802887974,-73.88214470342257,POINT (-73.882144703423 40.836692802888)
57946554,06/19/2023 10:47:08 AM,06/22/2023 12:59:19 PM,DSNY,Department of Sanitation,Residential Disposal Complaint,Waste Left in Front of Other Residence,N/A,Sidewalk,11235,2452 BRAGG STREET,BRAGG STREET,AVENUE X,AVENUE Y,AVENUE X,AVENUE Y,ADDRESS,BROOKLYN,BRAGG STREET,,Closed,,The Department of Sanitation investigated this complaint and found no violation at the location.,06/22/2023 12:59:22 PM,15 BROOKLYN,46,Precinct 61,3074270027,BROOKLYN,1002386,155366,ONLINE,Unspecified,BROOKLYN,,,,,,,,40.593101427300006,-73.9346980881701,POINT (-73.93469808817 40.5931014273)
57951018,06/20/2023 11:49:29 PM,06/21/2023 05:40:54 AM,NYPD,New York City Police Department,Illegal Parking,Commercial Overnight Parking,,Street/Sidewalk,10466,4001 BELL AVENUE,BELL AVENUE,STRANG AVENUE,NUVERN AVENUE,STRANG AVENUE,NUVERN AVENUE,ADDRESS,BRONX,BELL AVENUE,,Closed,,This complaint does not fall under the Police Department's jurisdiction.,06/21/2023 05:40:57 AM,12 BRONX,12,Precinct 47,2049900048,BRONX,1029929,264347,PHONE,Unspecified,BRONX,,,,,,,,40.89212706869174,-73.83478464652947,POINT (-73.834784646529 40.892127068692)
57947733,06/19/2023 11:24:31 AM,06/19/2023 12:38:19 PM,NYPD,New York City Police Department,Noise - Residential,Banging/Pounding,,Residential Building/House,11368,37-29 104 STREET,104 STREET,37 ROAD,37 DRIVE,37 ROAD,37 DRIVE,ADDRESS,CORONA,104 STREET,,Closed,,The Police Department responded to the complaint and took action to fix the condition.,06/19/2023 12:38:29 PM,03 QUEENS,21,Precinct 115,4017720044,QUEENS,1022170,213530,MOBILE,Unspecified,QUEENS,,,,,,,,40.75268574613619,-73.8631351229877,POINT (-73.863135122988 40.752685746136)
57948255,06/19/2023 08:33:44 AM,10/24/2024 01:58:45 PM,EDC,Economic Development Corporation,Noise - Helicopter,Other,Flying Too Low,Above Address,11414,88-12 151 AVENUE,151 AVENUE,88 STREET,89 STREET,88 STREET,89 STREET,ADDRESS,HOWARD BEACH,151 AVENUE,,Closed,,"The New York City Economic Development Corporation determined that this issue is not within its jurisdiction because the helicopter did not belong to a tour company departing from a NYC heliport.Â  Instead, it was most likely a law enforcement or news gathering helicopter not subject to the routing protocols established for tour helicopters. It may also have been a helicopter that departed as a charter or tour from another City but flew over NYC airspace. Helicopter tours originating from outside NYC are not subject to the same City regulations as tours departing from heliports managed by NYCEDC. Any City regulation of these flights is pre-empted by federal law and subject only to the jurisdiction of the Federal Aviation Administration. To file a complaint with the FAA, you can contact the New York Flight Standards District Office at the following web address:Â https://www.faa.gov/about/office_org/field_offices/fsdo/",10/24/2024 01:58:48 PM,10 QUEENS,32,Precinct 106,4114340007,QUEENS,1026729,182858,ONLINE,Unspecified,QUEENS,,,,,,,,40.6684777987759,-73.84687384879807,POINT (-73.846873848798 40.668477798776)
57944061,06/19/2023 12:50:00 PM,06/23/2023 01:30:00 PM,DEP,Department of Environmental Protection,Water System,Leak (Use Comments) (WA2),WA2,,11414,159-42 84 STREET,84 STREET,159 AVE,160 AVE,,,ADDRESS,HOWARD BEACH,,,Closed,,The Department of Environmental Protection investigated this complaint and made a repair.,06/23/2023 01:30:00 PM,10 QUEENS,32,Precinct 106,4140040085,QUEENS,1026398,178754,PHONE,Unspecified,QUEENS,,,,,,,,40.65721482536282,-73.84809267335987,POINT (-73.84809267336 40.657214825363)
57944952,06/19/2023 11:11:46 PM,07/12/2023 02:54:42 PM,EDC,Economic Development Corporation,Noise - Helicopter,Other,Flying Too Low,Above Address,10128,57 EAST   95 STREET,EAST   95 STREET,MADISON AVENUE,PARK AVENUE,MADISON AVENUE,PARK AVENUE,ADDRESS,NEW YORK,EAST   95 STREET,,Closed,,"The New York City Economic Development Corporation determined that this issue is not within its jurisdiction because the helicopter did not belong to a tour company departing from a NYC heliport.Â  Instead, it was most likely a law enforcement or news gathering helicopter not subject to the routing protocols established for tour helicopters. It may also have been a helicopter that departed as a charter or tour from another City but flew over NYC airspace. Helicopter tours originating from outside NYC are not subject to the same City regulations as tours departing from heliports managed by NYCEDC. Any City regulation of these flights is pre-empted by federal law and subject only to the jurisdiction of the Federal Aviation Administration. To file a complaint with the FAA, you can contact the New York Flight Standards District Office at the following web address:Â https://www.faa.gov/about/office_org/field_offices/fsdo/",07/12/2023 02:54:48 PM,08 MANHATTAN,05,Precinct 19,1015070027,MANHATTAN,996966,225758,ONLINE,Unspecified,MANHATTAN,,,,,,,,40.78632058594399,-73.9540808982521,POINT (-73.954080898252 40.786320585944)
59448699,10/05/2023 02:31:41 PM,10/12/2023 12:00:00 AM,HPD,Department of Housing Preservation and Development,Paint/Plaster,Wall,Chipped/Peeling/Flaking,Apartment,11216,823 MARCY AVENUE,MARCY AVENUE,MONROE STREET,MADISON STREET,MONROE STREET,MADISON STREET,ADDRESS,BROOKLYN,MARCY AVENUE,,Closed,,,10/12/2023 12:00:00 AM,03 BROOKLYN,36,Precinct 79,3018190005,BROOKLYN,998888,189010,ONLINE,Unspecified,BROOKLYN,,,,,,,,40.68545345393956,-73.94722026851181,POINT (-73.947220268512 40.68545345394)
57946185,06/19/2023 10:37:44 AM,09/28/2023 05:02:57 AM,HPD,Department of Housing Preservation and Development,APPLIANCE,REFRIGERATOR,BROKEN DOOR SEAL,RESIDENTIAL BUILDING,10304,492 VAN DUZER STREET,VAN DUZER STREET,,,,,ADDRESS,STATEN ISLAND,,,Closed,,"The Department of Housing Preservation and Development was not able to gain access to inspect the following conditions. The complaint has been closed. If the condition still exists, please file a new complaint.",09/28/2023 12:00:00 AM,01 STATEN ISLAND,49,Precinct 120,5005190022,STATEN ISLAND,961350,167886,PHONE,Unspecified,STATEN ISLAND,,,,,,,,40.62745521120579,-74.08249799308895,POINT (-74.082497993089 40.627455211206)
57961242,06/21/2023 05:23:45 PM,06/23/2023 11:58:21 AM,DSNY,Department of Sanitation,Sanitation Worker or Vehicle Complaint,Inappropriate Behavior,Collection Worker,Street,11230,1354 EAST   14 STREET,EAST   14 STREET,ELM AVENUE,AVENUE N,ELM AVENUE,AVENUE N,ADDRESS,BROOKLYN,EAST   14 STREET,,Closed,,The Department of Sanitation found an open service request already exists for the same location.,06/23/2023 09:47:55 AM,14 BROOKLYN,44,Precinct 70,3067420029,BROOKLYN,995154,163915,PHONE,Unspecified,BROOKLYN,,,,,,,,40.61657853390438,-73.96072439136125,POINT (-73.960724391361 40.616578533904)
57957840,06/20/2023 02:05:51 PM,06/20/2023 03:32:33 PM,NYPD,New York City Police Department,Abandoned Vehicle,With License Plate,,Street/Sidewalk,10465,2885 SCHLEY AVENUE,SCHLEY AVENUE,CROSS BRONX EXPRESSWAY,EAST TREMONT AVENUE,CROSS BRONX EXPRESSWAY,EAST TREMONT AVENUE,ADDRESS,BRONX,SCHLEY AVENUE,,Closed,,The Police Department reviewed your complaint and provided additional information below.,06/20/2023 03:32:38 PM,10 BRONX,13,Precinct 45,2055620160,BRONX,1033851,239589,ONLINE,Unspecified,BRONX,,,,,,,,40.82415275247627,-73.82078249613647,POINT (-73.820782496136 40.824152752476)
57951810,06/20/2023 08:19:48 PM,06/21/2023 01:12:58 AM,DHS,Department of Homeless Services,Encampment,N/A,,Residential Building/House,11103,36-01 24 AVENUE,24 AVENUE,36 STREET,37 STREET,36 STREET,37 STREET,ADDRESS,ASTORIA,24 AVENUE,,Closed,,The Department of Homeless Services (DHS) visited the location and is coordinating with their agency partners to address the condition. No further information will be available with 311.,06/21/2023 01:13:03 AM,01 QUEENS,22,Precinct 114,4008190001,QUEENS,1008410,219985,MOBILE,Unspecified,QUEENS,,,,,,,,40.77045135690273,-73.9127759302086,POINT (-73.912775930209 40.770451356903)
57956742,06/20/2023 09:24:00 PM,06/22/2023 02:20:18 PM,DSNY,Department of Sanitation,Abandoned Bike,Chained to Public Property,N/A,Street,11218,40 TEHAMA STREET,TEHAMA STREET,ALBEMARLE ROAD,CHESTER AVENUE,ALBEMARLE ROAD,CHESTER AVENUE,ADDRESS,BROOKLYN,TEHAMA STREET,,Closed,,The Department of Sanitation investigated and found that the bike did not meet the criteria to be classified as derelict.,06/21/2023 05:59:59 AM,12 BROOKLYN,39,Precinct 66,3053070070,BROOKLYN,989200,174092,ONLINE,Unspecified,BROOKLYN,,,,,,,,40.64451757529861,-73.98216290681292,POINT (-73.982162906813 40.644517575299)
57949524,06/20/2023 09:09:54 PM,05/13/2025 04:51:39 PM,DPR,Department of Parks and Recreation,New Tree Request,For One Address,Street Tree,Street,10466,761 EAST  236 STREET,EAST  236 STREET,BYRON AVENUE,BARNES AVENUE,BYRON AVENUE,BARNES AVENUE,ADDRESS,BRONX,EAST  236 STREET,,Closed,,"In an effort to more fully and efficiently service each city block, NYC Parks is shifting their street tree planting program to a neighborhood approach.  If the site that you requested meets the criteria for planting, NYC Parks will plant a tree through their new Neighborhood Tree Planting Program.   NYC Parks is no longer accepting new tree planting requests. Each neighborhood will be surveyed, inspected, and planted sequentially. NYC Parks foresters will be conducting tree removal, stump removal, and planting block by block and closing all unplantable tree beds. The most heat-vulnerable neighborhoods will be prioritized first.  To learn more about this program, visit nyc.gov/parks/street-tree-planting.  To learn more about the trees in your neighborhood, visit the NYC Tree Map at nyc.gov/parks/treemap.",05/13/2025 04:51:45 PM,12 BRONX,11,Precinct 47,2050450008,BRONX,1024622,265360,ONLINE,Unspecified,BRONX,,,,,,,,40.89493330504896,-73.85397327043893,POINT (-73.853973270439 40.894933305049)
57947175,06/19/2023 07:33:22 PM,10/24/2024 01:59:45 PM,EDC,Economic Development Corporation,Noise - Helicopter,Other,Flying Too Low,Above Address,10001,365 WEST   28 STREET,WEST   28 STREET,8 AVENUE,9 AVENUE,8 AVENUE,9 AVENUE,ADDRESS,NEW YORK,WEST   28 STREET,,Closed,,"The New York City Economic Development Corporation determined that this issue is not within its jurisdiction because the helicopter did not belong to a tour company departing from a NYC heliport.Â  Instead, it was most likely a law enforcement or news gathering helicopter not subject to the routing protocols established for tour helicopters. It may also have been a helicopter that departed as a charter or tour from another City but flew over NYC airspace. Helicopter tours originating from outside NYC are not subject to the same City regulations as tours departing from heliports managed by NYCEDC. Any City regulation of these flights is pre-empted by federal law and subject only to the jurisdiction of the Federal Aviation Administration. To file a complaint with the FAA, you can contact the New York Flight Standards District Office at the following web address:Â https://www.faa.gov/about/office_org/field_offices/fsdo/",10/24/2024 01:59:48 PM,04 MANHATTAN,03,Precinct 10,1007520001,MANHATTAN,984681,212340,ONLINE,Unspecified,MANHATTAN,,,,,,,,40.749500796117886,-73.9984444641935,POINT (-73.998444464193 40.749500796118)
57950253,06/20/2023 07:44:28 AM,06/20/2023 07:58:32 AM,NYPD,New York City Police Department,Noise - Commercial,Loud Talking,,Club/Bar/Restaurant,10014,4 CHARLES STREET,CHARLES STREET,GREENWICH AVENUE,WAVERLY PLACE,GREENWICH AVENUE,WAVERLY PLACE,ADDRESS,NEW YORK,CHARLES STREET,,Closed,,The Police Department responded to the complaint and determined that police action was not necessary.,06/20/2023 07:58:39 AM,02 MANHATTAN,03,Precinct 6,1006110056,MANHATTAN,984081,207152,ONLINE,Unspecified,MANHATTAN,,,,,,,,40.73526103863939,-74.00060981292518,POINT (-74.000609812925 40.735261038639)
57954960,06/20/2023 05:21:02 PM,06/24/2023 03:24:23 PM,HPD,Department of Housing Preservation and Development,WATER LEAK,SLOW LEAK,AT WALL OR CEILING,RESIDENTIAL BUILDING,11237,371 MENAHAN STREET,MENAHAN STREET,,,,,ADDRESS,BROOKLYN,,,Closed,,The Department of Housing Preservation and Development inspected the following conditions. Violations were issued. Information about specific violations is available at www.nyc.gov/hpd,06/24/2023 12:00:00 AM,04 BROOKLYN,37,Precinct 83,3033110046,BROOKLYN,1008207,194935,ONLINE,Unspecified,BROOKLYN,,,,,,,,40.7016958822392,-73.91359801727273,POINT (-73.913598017273 40.701695882239)
57958767,06/20/2023 10:34:38 PM,06/20/2023 11:10:41 PM,NYPD,New York City Police Department,Noise - Street/Sidewalk,Loud Talking,,Street/Sidewalk,11377,72-50 44 AVENUE,44 AVENUE,AMTRAK-CONNECTING RAIL LINE,74 STREET,AMTRAK-CONNECTING RAIL LINE,74 STREET,ADDRESS,WOODSIDE,44 AVENUE,,Closed,,The Police Department responded to the complaint and with the information available observed no evidence of the violation at that time.,06/20/2023 11:10:44 PM,04 QUEENS,25,Precinct 110,4013550030,QUEENS,1014461,209427,MOBILE,Unspecified,QUEENS,,,,,,,,40.74145374989406,-73.89097766026529,POINT (-73.890977660265 40.741453749894)
57954627,06/20/2023 10:24:16 AM,06/20/2023 03:07:22 PM,NYPD,New York City Police Department,Encampment,N/A,,Park/Playground,11212,GLENMORE AVENUE,GLENMORE AVENUE,GLENMORE AVENUE,POWELL STREET,GLENMORE AVENUE,POWELL STREET,INTERSECTION,,,,Closed,,The Police Department visited the location and has referred the complaint to the Department of Homeless Services (DHS) for further action. DHS will inspect the condition and update your Service Request with more information.,06/20/2023 03:07:27 PM,16 BROOKLYN,37,Precinct 73,,BROOKLYN,1010737,184091,PHONE,Unspecified,BROOKLYN,,,,,,,,40.67192439342777,-73.9045160974782,POINT (-73.904516097478 40.671924393428)
57959460,06/20/2023 05:12:49 PM,06/20/2023 05:35:41 PM,NYPD,New York City Police Department,Illegal Parking,Blocked Crosswalk,,Street/Sidewalk,10039,308 WEST  147 STREET,WEST  147 STREET,FREDERICK DOUGLASS BOULEVARD,BRADHURST AVENUE,FREDERICK DOUGLASS BOULEVARD,BRADHURST AVENUE,ADDRESS,NEW YORK,WEST  147 STREET,,Closed,,The Police Department responded to the complaint and took action to fix the condition.,06/20/2023 05:35:46 PM,10 MANHATTAN,09,Precinct 32,1020450038,MANHATTAN,1000529,239565,MOBILE,Unspecified,MANHATTAN,,,,,,,,40.824211145159126,-73.94118097438643,POINT (-73.941180974386 40.824211145159)
57945789,06/19/2023 10:15:18 AM,06/21/2023 08:58:48 AM,HPD,Department of Housing Preservation and Development,UNSANITARY CONDITION,PESTS,ROACHES,RESIDENTIAL BUILDING,11367,153-11 73 AVENUE,73 AVENUE,,,,,ADDRESS,FLUSHING,,,Closed,,The Department of Housing Preservation and Development inspected the following conditions. Violations were issued. Information about specific violations is available at www.nyc.gov/hpd,06/21/2023 12:00:00 AM,08 QUEENS,24,Precinct 107,4068030002,QUEENS,1035823,204090,PHONE,Unspecified,QUEENS,,,,,,,,40.72670625758648,-73.81392977299828,POINT (-73.813929772998 40.726706257586)
57950685,06/20/2023 01:20:46 PM,06/22/2023 12:01:26 PM,HPD,Department of Housing Preservation and Development,PAINT/PLASTER,CEILING,CHIPPED/PEELING/FLAKING,RESIDENTIAL BUILDING,10030,2518 FREDERICK DOUGLASS BOULEVARD,FREDERICK DOUGLASS BOULEVARD,,,,,ADDRESS,NEW YORK,,,Closed,,The Department of Housing Preservation and Development inspected the following conditions. No violations were issued. The complaint has been closed.,06/22/2023 12:00:00 AM,10 MANHATTAN,09,Precinct 32,1019400003,MANHATTAN,998965,236603,ONLINE,Unspecified,MANHATTAN,,,,,,,,40.81608403592885,-73.94683848805919,POINT (-73.946838488059 40.816084035929)
57955383,06/20/2023 09:36:00 AM,06/20/2023 09:36:00 AM,DOT,Department of Transportation,Street Light Condition,Fixture/Luminaire Hanging,Location Type: Intersection,,10469,,,,,ARNOW AVENUE,EASTCHESTER ROAD,INTERSECTION,BRONX,,,Closed,,Service Request status for this request is available on the Department of Transportationâs website. Please click the âLearn Moreâ link below.,06/19/2023 09:36:00 AM,11 BRONX,12,Precinct 49,,BRONX,1027726,255386,UNKNOWN,Unspecified,BRONX,,,,,,,,40.86754307503354,-73.84281077012459,POINT (-73.842810770125 40.867543075034)
57944070,06/19/2023 08:50:35 AM,06/19/2023 09:01:46 AM,NYPD,New York City Police Department,Illegal Parking,Blocked Hydrant,,Street/Sidewalk,11375,104-20 68 DRIVE,68 DRIVE,QUEENS BOULEVARD,YELLOWSTONE BOULEVARD,QUEENS BOULEVARD,YELLOWSTONE BOULEVARD,ADDRESS,FOREST HILLS,68 DRIVE,,Closed,,The Police Department issued a summons in response to the complaint.,06/19/2023 09:01:50 AM,06 QUEENS,29,Precinct 112,4021390007,QUEENS,1026109,203330,MOBILE,Unspecified,QUEENS,,,,,,,,40.724671547043656,-73.84898156338559,POINT (-73.848981563386 40.724671547044)
57952557,06/21/2023 12:20:49 AM,06/21/2023 04:03:27 AM,NYPD,New York City Police Department,Noise - Street/Sidewalk,Loud Music/Party,,Street/Sidewalk,10458,EAST  187 STREET,EAST  187 STREET,EAST  187 STREET,3 AVENUE,EAST  187 STREET,3 AVENUE,INTERSECTION,,,,Closed,,The Police Department responded to the complaint and determined that police action was not necessary.,06/21/2023 04:03:35 AM,06 BRONX,15,Precinct 48,,BRONX,1014373,251680,ONLINE,Unspecified,BRONX,,,,,,,,40.85742689878469,-73.8911056757803,POINT (-73.89110567578 40.857426898785)
57947211,06/19/2023 07:01:13 AM,06/22/2023 09:04:37 PM,DSNY,Department of Sanitation,Residential Disposal Complaint,Trash or Recycling Not Secure,N/A,Street,10014,51 BANK STREET,BANK STREET,WEST    4 STREET,BLEECKER STREET,WEST    4 STREET,BLEECKER STREET,ADDRESS,NEW YORK,BANK STREET,,Closed,,The Department of Sanitation investigated this complaint and found no violation at the location.,06/22/2023 09:04:42 PM,02 MANHATTAN,03,Precinct 6,1006240053,MANHATTAN,983138,207714,ONLINE,Unspecified,MANHATTAN,,,,,,,,40.73680352159004,-74.00401258977008,POINT (-74.00401258977 40.73680352159)
57949308,06/19/2023 08:49:28 PM,06/20/2023 11:12:56 AM,DOHMH,Department of Health and Mental Hygiene,Rodent,Signs of Rodents,,1-2 Family Dwelling,11379,64-27 65 LANE,65 LANE,METROPOLITAN AVENUE,ADMIRAL AVENUE,METROPOLITAN AVENUE,ADMIRAL AVENUE,ADDRESS,MIDDLE VILLAGE,65 LANE,,Closed,,This service request was closed because the Department of Health and Mental Hygiene received an earlier complaint about the same location.  You can find inspection results for this address by going to the online Rat Portal at www.nyc.gov/rats.,06/19/2023 08:49:28 PM,05 QUEENS,30,Precinct 104,4036040023,QUEENS,1013626,198648,MOBILE,Unspecified,QUEENS,,,,,,,,40.711870853029346,-73.89403797226313,POINT (-73.894037972263 40.711870853029)
57950811,06/20/2023 11:40:59 AM,06/22/2023 03:10:02 PM,HPD,Department of Housing Preservation and Development,WATER LEAK,HEAVY FLOW,AT WALL OR CEILING,RESIDENTIAL BUILDING,10040,97 ARDEN STREET,ARDEN STREET,,,,,ADDRESS,NEW YORK,,,Closed,,"The Department of Housing Preservation and Development contacted an occupant of the apartment and verified that the following conditions were corrected. The complaint has been closed. If the condition still exists, please file a new complaint.",06/22/2023 12:00:00 AM,12 MANHATTAN,10,Precinct 34,1021750150,MANHATTAN,1004021,254105,ONLINE,Unspecified,MANHATTAN,,,,,,,,40.864112043376764,-73.9285208712648,POINT (-73.928520871265 40.864112043377)
57952674,06/20/2023 02:39:32 PM,07/11/2023 05:11:48 PM,DSNY,Department of Sanitation,Missed Collection,Trash,N/A,Street,10019,341 WEST   54 STREET,WEST   54 STREET,8 AVENUE,9 AVENUE,8 AVENUE,9 AVENUE,ADDRESS,NEW YORK,WEST   54 STREET,,Closed,,The Department of Sanitation collected the requested items.,06/23/2023 05:32:55 AM,04 MANHATTAN,03,Precinct 18,1010450012,MANHATTAN,988263,218104,ONLINE,Unspecified,MANHATTAN,,,,,,,,40.765320604437726,-73.98551311379107,POINT (-73.985513113791 40.765320604438)
57955896,06/20/2023 01:52:35 PM,06/20/2023 02:24:11 PM,DPR,Department of Parks and Recreation,Overgrown Tree/Branches,Blocking Street,N/A,Street,10310,45 FLOYD STREET,FLOYD STREET,RAYMOND PLACE,BROOKS PLACE,RAYMOND PLACE,BROOKS PLACE,ADDRESS,STATEN ISLAND,FLOYD STREET,,Closed,,"Under NYC Parksâ Tree Risk Management Program, work is prioritized to address the conditions with the highest risk first.  NYC Parks determined that the issue will be addressed in the next pruning cycle through the routine block pruning program.  For more information about the Tree Risk Management Program, visit the NYC Urban Forest page on the NYC Parks website at nyc.gov/parks/trees.   To learn more about the trees in your neighborhood, visit the NYC Tree Map at nyc.gov/parks/treemap.",06/20/2023 02:24:16 PM,01 STATEN ISLAND,49,Precinct 120,5002280001,STATEN ISLAND,949296,168418,ONLINE,Unspecified,STATEN ISLAND,,,,,,,,40.62887607716524,-74.12592562485844,POINT (-74.125925624858 40.628876077165)
57949668,06/20/2023 07:44:40 PM,07/27/2023 12:13:49 PM,EDC,Economic Development Corporation,Noise - Helicopter,Other,Flying Too Low,Above Address,10023,114 WEST   74 STREET,WEST   74 STREET,COLUMBUS AVENUE,AMSTERDAM AVENUE,COLUMBUS AVENUE,AMSTERDAM AVENUE,ADDRESS,NEW YORK,WEST   74 STREET,,Closed,,"The New York City Economic Development Corporation determined that this issue is not within its jurisdiction because the helicopter did not belong to a tour company departing from a NYC heliport.Â  Instead, it was most likely a law enforcement or news gathering helicopter not subject to the routing protocols established for tour helicopters. It may also have been a helicopter that departed as a charter or tour from another City but flew over NYC airspace. Helicopter tours originating from outside NYC are not subject to the same City regulations as tours departing from heliports managed by NYCEDC. Any City regulation of these flights is pre-empted by federal law and subject only to the jurisdiction of the Federal Aviation Administration. To file a complaint with the FAA, you can contact the New York Flight Standards District Office at the following web address:Â https://www.faa.gov/about/office_org/field_offices/fsdo/",07/27/2023 12:13:54 PM,07 MANHATTAN,06,Precinct 20,1011450138,MANHATTAN,990226,223077,ONLINE,Unspecified,MANHATTAN,,,,,,,,40.77896908082277,-73.97842228324052,POINT (-73.978422283241 40.778969080823)
57945564,06/19/2023 06:02:34 PM,06/19/2023 10:45:16 PM,NYPD,New York City Police Department,Noise - Street/Sidewalk,Loud Music/Party,,Street/Sidewalk,10457,1675 CARTER AVENUE,CARTER AVENUE,EAST  173 STREET,EAST  174 STREET,EAST  173 STREET,EAST  174 STREET,ADDRESS,BRONX,CARTER AVENUE,,Closed,,The Police Department responded to the complaint and with the information available observed no evidence of the violation at that time.,06/19/2023 10:45:21 PM,04 BRONX,15,Precinct 44,2028890029,BRONX,1010786,246580,ONLINE,Unspecified,BRONX,,,,,,,,40.84344042741511,-73.90409281693677,POINT (-73.904092816937 40.843440427415)
57953808,06/20/2023 11:14:18 AM,,DPR,Department of Parks and Recreation,Overgrown Tree/Branches,Blocking Street,N/A,Street,11209,227 96 STREET,96 STREET,MARINE AVENUE,3 AVENUE,MARINE AVENUE,3 AVENUE,ADDRESS,BROOKLYN,96 STREET,,In Progress,,,,10 BROOKLYN,47,Precinct 68,3061160049,BROOKLYN,974469,164034,PHONE,Unspecified,BROOKLYN,,,,,,,,40.61690647509199,-74.03523079721965,POINT (-74.03523079722 40.616906475092)
57948570,06/19/2023 04:27:53 AM,06/19/2023 05:20:10 AM,NYPD,New York City Police Department,Illegal Parking,Blocked Crosswalk,,Street/Sidewalk,11101,12-02 37 AVENUE,37 AVENUE,12 STREET,13 STREET,12 STREET,13 STREET,ADDRESS,LONG ISLAND CITY,37 AVENUE,,Closed,,The Police Department responded to the complaint and with the information available observed no evidence of the violation at that time.,06/19/2023 05:20:16 AM,01 QUEENS,26,Precinct 114,4003620017,QUEENS,1000910,215957,MOBILE,Unspecified,QUEENS,,,,,,,,40.759412856219924,-73.93986291165876,POINT (-73.939862911659 40.75941285622)
57953925,06/21/2023 01:45:12 AM,06/21/2023 02:07:54 AM,NYPD,New York City Police Department,Noise - Street/Sidewalk,Loud Music/Party,,Street/Sidewalk,11226,124 LENOX ROAD,LENOX ROAD,BEDFORD AVENUE,ROGERS AVENUE,BEDFORD AVENUE,ROGERS AVENUE,ADDRESS,BROOKLYN,LENOX ROAD,,Closed,,The Police Department responded to the complaint and took action to fix the condition.,06/21/2023 02:08:00 AM,17 BROOKLYN,40,Precinct 67,3050840024,BROOKLYN,996698,177487,MOBILE,Unspecified,BROOKLYN,,,,,,,,40.65382874822407,-73.95513795287319,POINT (-73.955137952873 40.653828748224)
57954708,06/21/2023 12:30:26 AM,06/21/2023 12:35:36 AM,NYPD,New York City Police Department,Noise - Street/Sidewalk,Loud Music/Party,,Street/Sidewalk,10031,561 WEST  141 STREET,WEST  141 STREET,HAMILTON PLACE,BROADWAY,HAMILTON PLACE,BROADWAY,ADDRESS,NEW YORK,WEST  141 STREET,,Closed,,The Police Department responded to the complaint and took action to fix the condition.,06/21/2023 12:35:39 AM,09 MANHATTAN,07,Precinct 30,1020730001,MANHATTAN,997700,239309,MOBILE,Unspecified,MANHATTAN,,,,,,,,40.82351325869593,-73.95140318332777,POINT (-73.951403183328 40.823513258696)
57959550,06/20/2023 03:10:32 PM,06/21/2023 12:00:00 AM,DOB,Department of Buildings,Building/Use,Illegal Conversion Of Residential Building/Space,,,11249,109 NORTH    7 STREET,NORTH    7 STREET,,,,,ADDRESS,BROOKLYN,,,Closed,,"The Department of Buildings determined that the conditions described in this complaint were addressed under another service request number. Click on ""Learn More"" in the ""Did You Know"" section below for more information.",06/21/2023 12:00:00 AM,01 BROOKLYN,33,Precinct 94,3023180029,BROOKLYN,995485,201206,UNKNOWN,Unspecified,BROOKLYN,,,,,,,,40.71893358427464,-73.9594699997005,POINT (-73.9594699997 40.718933584275)
57955941,06/20/2023 02:14:00 PM,06/20/2023 05:36:00 PM,DEP,Department of Environmental Protection,Water System,Hydrant Running Full (WA4),WA4,,10468,124 EAMES PLACE,EAMES PLACE,CLAFLIN AVE,WEBB AVE,,,ADDRESS,BRONX,,,Closed,,The Department of Environmental Protection determined that this complaint is a duplicate of a previously filed complaint. The original complaint is being addressed.,06/20/2023 05:36:00 PM,08 BRONX,14,Precinct 50,2032480062,BRONX,1011486,256001,MOBILE,Unspecified,BRONX,,,,,,,,40.86929610833195,-73.90152458061507,POINT (-73.901524580615 40.869296108332)
57952179,06/20/2023 06:42:56 PM,06/27/2023 04:42:28 PM,HPD,Department of Housing Preservation and Development,WATER LEAK,HEAVY FLOW,AT WALL OR CEILING,RESIDENTIAL BUILDING,10019,879 10 AVENUE,10 AVENUE,,,,,ADDRESS,NEW YORK,,,Closed,,The Department of Housing Preservation and Development inspected the following conditions. No violations were issued. The complaint has been closed.,06/27/2023 12:00:00 AM,04 MANHATTAN,06,Precinct 18,1010860031,MANHATTAN,987480,219602,ONLINE,Unspecified,MANHATTAN,,,,,,,,40.76943254673519,-73.98833901532525,POINT (-73.988339015325 40.769432546735)
57944259,06/19/2023 06:11:57 PM,06/19/2023 06:15:07 PM,NYPD,New York City Police Department,Illegal Parking,Blocked Bike Lane,,Street/Sidewalk,10024,209 CENTRAL PARK WEST,CENTRAL PARK WEST,WEST   81 STREET,WEST   82 STREET,WEST   81 STREET,WEST   82 STREET,ADDRESS,NEW YORK,CENTRAL PARK WEST,,Closed,,The Police Department issued a summons in response to the complaint.,06/19/2023 06:15:12 PM,07 MANHATTAN,06,Precinct 20,,MANHATTAN,992099,224229,ONLINE,Unspecified,MANHATTAN,,,,,,,,40.78212955087735,-73.97165804233954,POINT (-73.97165804234 40.782129550877)
57947670,06/19/2023 06:49:21 PM,06/20/2023 12:00:00 AM,DOB,Department of Buildings,Emergency Response Team (ERT),After Hours Work - Illegal,,,11215,237 7 AVENUE,7 AVENUE,,,,,ADDRESS,BROOKLYN,,N/A,Closed,,The Department of Buildings investigated this complaint and determined that no further action was necessary.,06/20/2023 12:00:00 AM,06 BROOKLYN,39,Precinct 78,3010820001,BROOKLYN,989996,183241,UNKNOWN,Unspecified,BROOKLYN,,,,,,,,40.66962909214282,-73.97928676257965,POINT (-73.97928676258 40.669629092143)
57948642,06/19/2023 07:00:10 PM,06/19/2023 07:27:45 PM,NYPD,New York City Police Department,Illegal Parking,Blocked Bike Lane,,Street/Sidewalk,10002,417 GRAND STREET,GRAND STREET,CLINTON STREET,ATTORNEY STREET,CLINTON STREET,ATTORNEY STREET,ADDRESS,NEW YORK,GRAND STREET,,Closed,,The Police Department responded and upon arrival those responsible for the condition were gone.,06/19/2023 07:27:48 PM,03 MANHATTAN,01,Precinct 7,1003150001,MANHATTAN,988094,200050,ONLINE,Unspecified,MANHATTAN,,,,,,,,40.715766940526244,-73.98613351897879,POINT (-73.986133518979 40.715766940526)
57959055,06/20/2023 07:59:30 AM,06/20/2023 08:37:50 AM,NYPD,New York City Police Department,Illegal Parking,Blocked Bike Lane,,Street/Sidewalk,11238,671 DEAN STREET,DEAN STREET,VANDERBILT AVENUE,UNDERHILL AVENUE,VANDERBILT AVENUE,UNDERHILL AVENUE,ADDRESS,BROOKLYN,DEAN STREET,,Closed,,The Police Department responded to the complaint and determined that police action was not necessary.,06/20/2023 08:37:55 AM,08 BROOKLYN,35,Precinct 77,3011300001,BROOKLYN,993241,187064,ONLINE,Unspecified,BROOKLYN,,,,,,,,40.68011966510153,-73.96758405565778,POINT (-73.967584055658 40.680119665102)
57959199,06/20/2023 03:26:42 PM,07/05/2023 03:50:06 PM,DPR,Department of Parks and Recreation,Maintenance or Facility,Structure - Outdoors,Playground Equipment,Park,10038,89 SOUTH STREET,SOUTH STREET,FULTON STREET,BEEKMAN STREET,FULTON STREET,BEEKMAN STREET,ADDRESS,NEW YORK,SOUTH STREET,,Closed,,NYC Parks inspected the condition and determined that no work was needed.,07/05/2023 03:50:10 PM,01 MANHATTAN,01,Precinct 1,1000730010,MANHATTAN,983491,196660,ONLINE,Unspecified,MANHATTAN,,,,,,,,40.7064629986641,-74.002737562466,POINT (-74.002737562466 40.706462998664)
57946797,06/19/2023 04:50:50 AM,06/25/2023 05:21:28 PM,HPD,Department of Housing Preservation and Development,PAINT/PLASTER,WALL,BULGING/HOLE/CRACKED,RESIDENTIAL BUILDING,11212,9407 KINGS HIGHWAY,KINGS HIGHWAY,,,,,ADDRESS,BROOKLYN,,,Closed,,The Department of Housing Preservation and Development inspected the following conditions. No violations were issued. The complaint has been closed.,06/25/2023 12:00:00 AM,17 BROOKLYN,41,Precinct 67,3046490024,BROOKLYN,1006269,179153,PHONE,Unspecified,BROOKLYN,,,,,,,,40.658382925121444,-73.920639062938,POINT (-73.920639062938 40.658382925121)
57948507,06/19/2023 11:02:55 PM,06/20/2023 01:14:46 AM,NYPD,New York City Police Department,Illegal Parking,Double Parked Blocking Traffic,,Street/Sidewalk,11218,1252 39 STREET,39 STREET,12 AVENUE,13 AVENUE,12 AVENUE,13 AVENUE,ADDRESS,BROOKLYN,39 STREET,,Closed,,The Police Department responded to the complaint and took action to fix the condition.,06/20/2023 01:14:50 AM,12 BROOKLYN,39,Precinct 66,3052930027,BROOKLYN,987760,172903,MOBILE,Unspecified,BROOKLYN,,,,,,,,40.64125471363625,-73.98735249789694,POINT (-73.987352497897 40.641254713636)
57945501,06/19/2023 01:47:05 PM,06/19/2023 05:38:44 PM,NYPD,New York City Police Department,Noise - Residential,Banging/Pounding,,Residential Building/House,10457,1872 MONROE AVENUE,MONROE AVENUE,MOUNT HOPE PLACE,EAST TREMONT AVENUE,MOUNT HOPE PLACE,EAST TREMONT AVENUE,ADDRESS,BRONX,MONROE AVENUE,,Closed,,The Police Department responded to the complaint and with the information available observed no evidence of the violation at that time.,06/19/2023 05:38:48 PM,05 BRONX,15,Precinct 46,2028040001,BRONX,1010260,248435,ONLINE,Unspecified,BRONX,,,,,,,,40.848533419181855,-73.90598670450618,POINT (-73.905986704506 40.848533419182)
57959991,06/20/2023 10:07:39 AM,06/21/2023 11:09:33 AM,DSNY,Department of Sanitation,Dirty Condition,Trash,Not Cleaned by Property Owner,Gutter,11106,34-48 31 STREET,31 STREET,34 AVENUE,35 AVENUE,34 AVENUE,35 AVENUE,ADDRESS,ASTORIA,31 STREET,,Closed,,The Department of Sanitation investigated this complaint and found no violation at the location.,06/21/2023 11:09:38 AM,01 QUEENS,22,Precinct 114,4006070046,QUEENS,1004232,215778,ONLINE,Unspecified,QUEENS,,,,,,,,40.75891466341391,-73.92787212767799,POINT (-73.927872127678 40.758914663414)
57953475,06/20/2023 06:18:45 PM,11/14/2023 11:30:09 AM,HPD,Department of Housing Preservation and Development,ELECTRIC,NO LIGHTING,ONE ROOM OR AREA,RESIDENTIAL BUILDING,11237,1517 JEFFERSON AVENUE,JEFFERSON AVENUE,,,,,ADDRESS,BROOKLYN,,,Closed,,The Department of Housing Preservation and Development inspected the following conditions. No violations were issued. The complaint has been closed.,11/14/2023 12:00:00 AM,04 BROOKLYN,37,Precinct 83,3033860058,BROOKLYN,1009908,193304,PHONE,Unspecified,BROOKLYN,,,,,,,,40.69721440191457,-73.90746950331182,POINT (-73.907469503312 40.697214401915)
57945933,06/19/2023 12:44:44 PM,06/19/2023 02:44:01 PM,NYPD,New York City Police Department,Animal-Abuse,Neglected,Dog,Residential Building/House,10314,19 MAINE AVENUE,MAINE AVENUE,MANOR ROAD,SOUTH GREENLEAF AVENUE,MANOR ROAD,SOUTH GREENLEAF AVENUE,ADDRESS,STATEN ISLAND,MAINE AVENUE,,Closed,,The Police Department responded to the complaint and with the information available observed no evidence of the violation at that time.,06/19/2023 02:44:07 PM,01 STATEN ISLAND,50,Precinct 120,5003640100,STATEN ISLAND,949679,165489,ONLINE,Unspecified,STATEN ISLAND,,,,,,,,40.62083809706299,-74.12453082606407,POINT (-74.124530826064 40.620838097063)
57955770,06/20/2023 11:33:21 AM,06/20/2023 11:38:35 AM,NYPD,New York City Police Department,Illegal Parking,Posted Parking Sign Violation,,Street/Sidewalk,11224,3030 WEST   35 STREET,WEST   35 STREET,SURF AVENUE,BOARDWALK WEST,SURF AVENUE,BOARDWALK WEST,ADDRESS,BROOKLYN,WEST   35 STREET,,Closed,,The Police Department responded to the complaint and determined that police action was not necessary.,06/20/2023 11:38:39 AM,13 BROOKLYN,47,Precinct 60,3070657501,BROOKLYN,984183,147861,ONLINE,Unspecified,BROOKLYN,,,,,,,,40.57252024396796,-74.00024117112889,POINT (-74.000241171129 40.572520243968)
57960261,06/20/2023 10:11:00 PM,06/20/2023 11:17:00 PM,DEP,Department of Environmental Protection,Water System,Hydrant Leaking (WC1),WC1,,10305,,,,,BAY STREET,HIGH STREET,INTERSECTION,STATEN ISLAND,,,Closed,,The Department of Environmental Protection determined that this complaint is a duplicate of a previously filed complaint. The original complaint is being addressed.,06/20/2023 11:17:00 PM,01 STATEN ISLAND,50,Precinct 120,,STATEN ISLAND,967038,160968,PHONE,Unspecified,STATEN ISLAND,,,,,,,,40.60847961962798,-74.06198915993585,POINT (-74.061989159936 40.608479619628)
57951954,06/20/2023 11:22:47 AM,06/20/2023 11:36:09 AM,NYPD,New York City Police Department,Noise - Residential,Loud Music/Party,,Residential Building/House,11231,30 CENTRE MALL,CENTRE MALL,COLUMBIA STREET,HICKS STREET,COLUMBIA STREET,HICKS STREET,ADDRESS,BROOKLYN,CENTRE MALL,,Closed,,The Police Department responded to the complaint and with the information available observed no evidence of the violation at that time.,06/20/2023 11:36:13 AM,06 BROOKLYN,38,Precinct 76,3005380001,BROOKLYN,982350,185497,PHONE,Unspecified,BROOKLYN,,,,,,,,40.675822966706484,-74.00684977476323,POINT (-74.006849774763 40.675822966706)
57961008,06/21/2023 04:32:52 AM,06/21/2023 10:24:48 AM,DSNY,Department of Sanitation,Dirty Condition,Trash,Not Cleaned by Property Owner,Sidewalk,11377,59-15 37 AVENUE,37 AVENUE,59 STREET,60 STREET,59 STREET,60 STREET,ADDRESS,WOODSIDE,37 AVENUE,,Closed,,The Department of Sanitation investigated this complaint and found no violation at the location.,06/21/2023 10:24:53 AM,02 QUEENS,26,Precinct 108,4011980001,QUEENS,1011064,212494,ONLINE,Unspecified,QUEENS,,,,,,,,40.749882843093104,-73.9032241651883,POINT (-73.903224165188 40.749882843093)
57957219,06/20/2023 11:46:06 PM,06/21/2023 12:15:12 AM,NYPD,New York City Police Department,Encampment,N/A,,Residential Building/House,10001,26 WEST   27 STREET,WEST   27 STREET,BROADWAY,AVENUE OF THE AMERICAS,BROADWAY,AVENUE OF THE AMERICAS,ADDRESS,NEW YORK,WEST   27 STREET,,Closed,,The Police Department visited the location and no Encampment was found.,06/21/2023 12:15:17 AM,05 MANHATTAN,03,Precinct 13,1008280063,MANHATTAN,987171,210617,ONLINE,Unspecified,MANHATTAN,,,,,,,,40.74477112202199,-73.98945847440086,POINT (-73.989458474401 40.744771122022)
57945960,06/19/2023 07:21:00 AM,06/20/2023 03:53:00 AM,DSNY,Department of Sanitation,Derelict Vehicles,Derelict Vehicles,,Street,11234,832 EAST   55 STREET,EAST   55 STREET,FOSTER AVENUE,GLENWOOD ROAD,,,ADDRESS,BROOKLYN,,,Closed,,The owner claimed the vehicle.Â Your request is now closed and no further action will be taken.,06/20/2023 12:00:00 PM,18 BROOKLYN,46,Precinct 63,3079720040,BROOKLYN,1005348,171388,PHONE,Unspecified,BROOKLYN,,,,,,,,40.63707193100111,-73.92398281872126,POINT (-73.923982818721 40.637071931001)
57954897,06/20/2023 05:15:26 PM,07/13/2023 09:13:38 AM,HPD,Department of Housing Preservation and Development,PLUMBING,BASIN/SINK,BASIN CHIPPED OR RUSTED,RESIDENTIAL BUILDING,10027,165 WEST  127 STREET,WEST  127 STREET,,,,,ADDRESS,NEW YORK,,,Closed,,The Department of Housing Preservation and Development inspected the following conditions. No violations were issued. The complaint has been closed.,07/13/2023 12:00:00 AM,10 MANHATTAN,09,Precinct 32,1019120001,MANHATTAN,999135,234313,PHONE,Unspecified,MANHATTAN,,,,,,,,40.80979834066753,-73.94622940031867,POINT (-73.946229400319 40.809798340668)
58029642,06/27/2023 08:36:58 PM,06/27/2023 08:51:23 PM,NYPD,New York City Police Department,Noise - Residential,Loud Music/Party,,Residential Building/House,10463,2630 KINGSBRIDGE TERRACE,KINGSBRIDGE TERRACE,HEATH AVENUE,WEST KINGSBRIDGE ROAD,HEATH AVENUE,WEST KINGSBRIDGE ROAD,ADDRESS,BRONX,KINGSBRIDGE TERRACE,,Closed,,The Police Department responded to the complaint and took action to fix the condition.,06/27/2023 08:51:28 PM,07 BRONX,14,Precinct 52,2032370067,BRONX,1010252,256209,ONLINE,Unspecified,BRONX,,,,,,,,40.86987072578627,-73.90598546285003,POINT (-73.90598546285 40.869870725786)
57949974,06/20/2023 12:22:06 PM,07/13/2023 12:00:00 AM,DOB,Department of Buildings,Special Projects Inspection Team (SPIT),Illegal Hotel Rooms In Residential Building,,,11215,442 11 STREET,11 STREET,,,,,ADDRESS,BROOKLYN,,N/A,Closed,,The Department of Buildings investigated this complaint and determined that no further action was necessary.,07/13/2023 12:00:00 AM,06 BROOKLYN,39,Precinct 78,3010240018,BROOKLYN,988707,182041,UNKNOWN,Unspecified,BROOKLYN,,,,,,,,40.66633610235026,-73.98393415573386,POINT (-73.983934155734 40.66633610235)
57956292,06/20/2023 01:48:12 PM,08/03/2023 09:02:26 AM,HPD,Department of Housing Preservation and Development,PAINT/PLASTER,WALL,BULGING/HOLE/CRACKED,RESIDENTIAL BUILDING,10467,655 BURKE AVENUE,BURKE AVENUE,,,,,ADDRESS,BRONX,,,Closed,,"The Department of Housing Preservation and Development was not able to gain access to inspect the following conditions. The complaint has been closed. If the condition still exists, please file a new complaint.",08/03/2023 12:00:00 AM,12 BRONX,15,Precinct 47,2045940001,BRONX,1020428,256812,PHONE,Unspecified,BRONX,,,,,,,,40.871489932698715,-73.86918924081932,POINT (-73.869189240819 40.871489932699)
57954870,06/20/2023 02:04:23 PM,06/25/2023 05:18:41 PM,HPD,Department of Housing Preservation and Development,DOOR/WINDOW,DOOR,LOCK BROKEN OR MISSING,RESIDENTIAL BUILDING,10027,503 WEST  122 STREET,WEST  122 STREET,,,,,ADDRESS,NEW YORK,,,Closed,,The Department of Housing Preservation and Development inspected the following conditions. Violations were issued. Information about specific violations is available at www.nyc.gov/hpd,06/25/2023 12:00:00 AM,09 MANHATTAN,07,Precinct 26,1019770028,MANHATTAN,995718,234663,PHONE,Unspecified,MANHATTAN,,,,,,,,40.81076408963974,-73.95857237695095,POINT (-73.958572376951 40.81076408964)
57947598,06/20/2023 12:56:13 AM,06/20/2023 01:14:23 AM,NYPD,New York City Police Department,Illegal Fireworks,N/A,,Street/Sidewalk,10460,ARCHER STREET,ARCHER STREET,ARCHER STREET,WHITEPLAINS ROAD,ARCHER STREET,WHITEPLAINS ROAD,INTERSECTION,,,,Closed,,The Police Department responded to the complaint and took action to fix the condition.,06/20/2023 01:14:30 AM,09 BRONX,18,Precinct 43,,BRONX,1022005,244564,ONLINE,Unspecified,BRONX,,,,,,,,40.837866260761324,-73.86355618595726,POINT (-73.863556185957 40.837866260761)
57956202,06/20/2023 08:51:48 PM,06/22/2023 07:32:15 PM,HPD,Department of Housing Preservation and Development,ELECTRIC,OUTLET/SWITCH,OUTLET SEALED OR DEFECTIVE,RESIDENTIAL BUILDING,11235,3100 BRIGHTON    3 STREET,BRIGHTON    3 STREET,,,,,ADDRESS,BROOKLYN,,,Closed,,The Department of Housing Preservation and Development inspected the following conditions. Violations were issued. Information about specific violations is available at www.nyc.gov/hpd,06/22/2023 12:00:00 AM,13 BROOKLYN,48,Precinct 60,3086850010,BROOKLYN,994220,149312,ONLINE,Unspecified,BROOKLYN,,,,,,,,40.57649734870509,-73.9641101582745,POINT (-73.964110158274 40.576497348705)
57952935,06/20/2023 07:52:00 PM,06/21/2023 04:01:00 AM,DSNY,Department of Sanitation,Derelict Vehicles,Derelict Vehicles,,Street,10461,1401 MERRY AVENUE,MERRY AVENUE,CODDINGTON AVENUE,ZULETTE AVENUE,,,ADDRESS,BRONX,,,Closed,,The vehicle you reported exceeds the monetary value eligible for collection as junk. The Department of Sanitation has forwarded the request to the NYPD for further action.,06/21/2023 12:00:00 PM,10 BRONX,13,Precinct 45,2053980034,BRONX,1031854,245872,PHONE,Unspecified,BRONX,,,,,,,,40.84140873439503,-73.82795341680351,POINT (-73.827953416804 40.841408734395)
57947931,06/19/2023 08:44:20 PM,09/13/2023 05:16:23 PM,HPD,Department of Housing Preservation and Development,UNSANITARY CONDITION,SEWAGE,RAW SEWAGE ACCUMULATION,RESIDENTIAL BUILDING,10451,514 EAST  163 STREET,EAST  163 STREET,,,,,ADDRESS,BRONX,,,Closed,,The Department of Housing Preservation and Development inspected the following conditions. No violations were issued. The complaint has been closed.,09/13/2023 12:00:00 AM,03 BRONX,17,Precinct 42,2023670020,BRONX,1009383,239574,ONLINE,Unspecified,BRONX,,,,,,,,40.824215092110634,-73.9091898266397,POINT (-73.90918982664 40.824215092111)
57952296,06/20/2023 09:04:00 AM,06/20/2023 09:26:53 AM,NYPD,New York City Police Department,Drug Activity,Use Outside,,Street/Sidewalk,11366,78-15 PARSONS BOULEVARD,PARSONS BOULEVARD,78 AVENUE,78 ROAD,78 AVENUE,78 ROAD,ADDRESS,FRESH MEADOWS,PARSONS BOULEVARD,,Closed,,The Police Department responded to the complaint and determined that police action was not necessary.,06/20/2023 09:26:58 AM,08 QUEENS,24,Precinct 107,4068290001,QUEENS,1037000,202363,ONLINE,Unspecified,QUEENS,,,,,,,,40.72195913199264,-73.80969682426189,POINT (-73.809696824262 40.721959131993)
57957669,06/20/2023 05:27:06 PM,06/21/2023 07:26:20 PM,HPD,Department of Housing Preservation and Development,WATER LEAK,HEAVY FLOW,AT WALL OR CEILING,RESIDENTIAL BUILDING,11691,20 SCOTT A GADELL PLACE,SCOTT A GADELL PLACE,,,,,ADDRESS,FAR ROCKAWAY,,,Closed,,The Department of Housing Preservation and Development inspected the following conditions. No violations were issued. The complaint has been closed.,06/21/2023 12:00:00 AM,14 QUEENS,31,Precinct 101,4155570086,QUEENS,1053666,159150,PHONE,Unspecified,QUEENS,,,,,,,,40.603234427877794,-73.75001702574622,POINT (-73.750017025746 40.603234427878)
57944079,06/20/2023 12:35:37 AM,06/20/2023 01:22:00 AM,NYPD,New York City Police Department,Illegal Parking,Blocked Hydrant,,Street/Sidewalk,11220,445 58 STREET,58 STREET,4 AVENUE,5 AVENUE,4 AVENUE,5 AVENUE,ADDRESS,BROOKLYN,58 STREET,,Closed,,The Police Department responded to the complaint and determined that police action was not necessary.,06/20/2023 01:22:06 AM,07 BROOKLYN,38,Precinct 72,3008470057,BROOKLYN,979769,172935,MOBILE,Unspecified,BROOKLYN,,,,,,,,40.64134210874057,-74.01614630520673,POINT (-74.016146305207 40.641342108741)
57949605,06/20/2023 11:11:30 AM,06/29/2023 10:49:41 AM,DSNY,Department of Sanitation,Abandoned Bike,Chained to Public Property,N/A,Street,10451,837 WASHINGTON AVENUE,WASHINGTON AVENUE,EAST  159 STREET,EAST  160 STREET,EAST  159 STREET,EAST  160 STREET,ADDRESS,BRONX,WASHINGTON AVENUE,,Closed,,The Department of Sanitation investigated this complaint and found no condition at the location.,06/28/2023 04:00:13 AM,03 BRONX,17,Precinct 42,2023817501,BRONX,1008707,238924,PHONE,Unspecified,BRONX,,,,,,,,40.822432924869034,-73.91163470704052,POINT (-73.911634707041 40.822432924869)
57952566,06/20/2023 03:26:20 PM,06/21/2023 01:45:19 PM,DOT,Department of Transportation,Sidewalk Condition,Dumpster - Construction Waste,N/A,Sidewalk,11226,2107 DITMAS AVENUE,DITMAS AVENUE,EAST   21 STREET,EAST   22 STREET,EAST   21 STREET,EAST   22 STREET,ADDRESS,BROOKLYN,DITMAS AVENUE,,Closed,,"The condition was inspected and it was in compliance with Department of Transportation standards, not hazardous, or a valid permit exists.",06/21/2023 01:45:24 PM,14 BROOKLYN,40,Precinct 70,3051850042,BROOKLYN,995950,172393,ONLINE,Unspecified,BROOKLYN,,,,,,,,40.63984784072244,-73.95784254702458,POINT (-73.957842547025 40.639847840722)
57954816,06/20/2023 10:12:56 AM,07/06/2023 11:12:41 AM,HPD,Department of Housing Preservation and Development,DOOR/WINDOW,DOOR,LOCK BROKEN OR MISSING,RESIDENTIAL BUILDING,11231,9 WEST    9 STREET,WEST    9 STREET,,,,,ADDRESS,BROOKLYN,,,Closed,,"The Department of Housing Preservation and Development was not able to gain access to inspect the following conditions. The complaint has been closed. If the condition still exists, please file a new complaint.",07/06/2023 12:00:00 AM,06 BROOKLYN,38,Precinct 76,3005340046,BROOKLYN,982553,185962,ONLINE,Unspecified,BROOKLYN,,,,,,,,40.67709932803554,-74.00611804749362,POINT (-74.006118047494 40.677099328036)
57949047,06/19/2023 12:48:39 PM,06/20/2023 07:28:39 AM,DPR,Department of Parks and Recreation,Overgrown Tree/Branches,Hitting Power Lines,Power Lines,Street,10309,177 CAMDEN AVENUE,CAMDEN AVENUE,CAMDEN COURT,PAGE AVENUE,CAMDEN COURT,PAGE AVENUE,ADDRESS,STATEN ISLAND,CAMDEN AVENUE,,Closed,,"The Service Request submitted did not have sufficient location or complaint information for NYC Parks to respond. Please submit a new Service Request with adequate site details, including a full street address and descriptive location information.",06/20/2023 07:28:42 AM,03 STATEN ISLAND,51,Precinct 123,5077560001,STATEN ISLAND,920282,124636,ONLINE,Unspecified,STATEN ISLAND,,,,,,,,40.50854144764017,-74.23003716599864,POINT (-74.230037165999 40.50854144764)
57949074,06/19/2023 04:57:11 PM,06/28/2023 07:23:08 PM,HPD,Department of Housing Preservation and Development,UNSANITARY CONDITION,GARBAGE/RECYCLING STORAGE,ACCUMULATION,RESIDENTIAL BUILDING,11219,5510 13 AVENUE,13 AVENUE,,,,,ADDRESS,BROOKLYN,,,Closed,,The Department of Housing Preservation and Development inspected the following conditions. No violations were issued. The complaint has been closed.,06/28/2023 12:00:00 AM,12 BROOKLYN,44,Precinct 66,3056830040,BROOKLYN,985428,169366,PHONE,Unspecified,BROOKLYN,,,,,,,,40.63154701907021,-73.9957559572027,POINT (-73.995755957203 40.63154701907)
57954312,06/20/2023 07:01:14 AM,06/20/2023 09:22:44 AM,NYPD,New York City Police Department,Illegal Parking,Blocked Sidewalk,,Street/Sidewalk,11101,37-29 VERNON BOULEVARD,VERNON BOULEVARD,37 AVENUE,38 AVENUE,37 AVENUE,38 AVENUE,ADDRESS,LONG ISLAND CITY,VERNON BOULEVARD,,Closed,,The Police Department responded to the complaint and took action to fix the condition.,06/20/2023 09:22:48 AM,01 QUEENS,26,Precinct 114,4003580005,QUEENS,999876,216236,ONLINE,Unspecified,QUEENS,,,,,,,,40.76018052749627,-73.94359466002561,POINT (-73.943594660026 40.760180527496)
57947769,06/19/2023 01:03:24 PM,06/19/2023 01:06:13 PM,NYPD,New York City Police Department,Non-Emergency Police Matter,Other (complaint details),,Street/Sidewalk,11375,68-54 AUSTIN STREET,AUSTIN STREET,,69 ROAD,,69 ROAD,ADDRESS,FOREST HILLS,AUSTIN STREET,,Closed,,The Police Department responded to the complaint and determined that police action was not necessary.,06/19/2023 01:06:25 PM,06 QUEENS,29,Precinct 112,4032340029,QUEENS,1025705,202440,ONLINE,Unspecified,QUEENS,,,,,,,,40.72223061862219,-73.85044458930831,POINT (-73.850444589308 40.722230618622)
57952377,06/20/2023 08:56:31 AM,06/20/2023 02:45:45 PM,NYPD,New York City Police Department,Abandoned Vehicle,With License Plate,,Street/Sidewalk,11223,2180 WEST    7 STREET,WEST    7 STREET,LAKE PLACE,AVENUE V,LAKE PLACE,AVENUE V,ADDRESS,BROOKLYN,WEST    7 STREET,,Closed,,The Police Department responded and upon arrival those responsible for the condition were gone.,06/20/2023 02:45:49 PM,15 BROOKLYN,43,Precinct 61,,BROOKLYN,990309,155924,ONLINE,Unspecified,BROOKLYN,,,,,,,,40.59464950897179,-73.97818298278126,POINT (-73.978182982781 40.594649508972)
57946806,06/19/2023 04:26:11 PM,06/22/2023 06:18:01 PM,HPD,Department of Housing Preservation and Development,DOOR/WINDOW,DOOR,LOCK BROKEN OR MISSING,RESIDENTIAL BUILDING,11226,31 EAST   31 STREET,EAST   31 STREET,,,,,ADDRESS,BROOKLYN,,,Closed,,The Department of Housing Preservation and Development inspected the following conditions. No violations were issued. The complaint has been closed.,06/22/2023 12:00:00 AM,17 BROOKLYN,40,Precinct 67,3048850054,BROOKLYN,998541,176104,PHONE,Unspecified,BROOKLYN,,,,,,,,40.65002993245494,-73.94849879338881,POINT (-73.948498793389 40.650029932455)
57945123,06/19/2023 01:04:48 PM,06/21/2023 03:38:23 PM,DCWP,Department of Consumer and Worker Protection,Consumer Complaint,Gas Station Pumps,Price Displayed on Pump Inaccurate,Business,10035,255 EAST  125 STREET,EAST  125 STREET,3 AVENUE,2 AVENUE,3 AVENUE,2 AVENUE,ADDRESS,NEW YORK,EAST  125 STREET,,Closed,,"The Department of Consumer and Worker Protection (DCWP) closed your NYC311 Service Request.   DCWP couldn't take action on your complaint because it didn't include important details, such as your contact information or the business's name or location.  If you would like to pursue this complaint, you can file a new NYC311 Service Request. Please provide more information about the complaint so DCWP can help you.",06/21/2023 03:38:28 PM,11 MANHATTAN,08,Precinct 25,1017900024,MANHATTAN,1002353,231911,PHONE,Unspecified,MANHATTAN,,,,,,,,40.80319950741337,-73.93461117262443,POINT (-73.934611172624 40.803199507413)
57948066,06/19/2023 10:07:51 AM,10/24/2024 01:58:45 PM,EDC,Economic Development Corporation,Noise - Helicopter,Other,Passing By,Above Address,10023,240 WEST END AVENUE,WEST END AVENUE,WEST   70 STREET,WEST   71 STREET,WEST   70 STREET,WEST   71 STREET,ADDRESS,NEW YORK,WEST END AVENUE,,Closed,,"The New York City Economic Development Corporation determined that this issue is not within its jurisdiction because the helicopter did not belong to a tour company departing from a NYC heliport.Â  Instead, it was most likely a law enforcement or news gathering helicopter not subject to the routing protocols established for tour helicopters. It may also have been a helicopter that departed as a charter or tour from another City but flew over NYC airspace. Helicopter tours originating from outside NYC are not subject to the same City regulations as tours departing from heliports managed by NYCEDC. Any City regulation of these flights is pre-empted by federal law and subject only to the jurisdiction of the Federal Aviation Administration. To file a complaint with the FAA, you can contact the New York Flight Standards District Office at the following web address:Â https://www.faa.gov/about/office_org/field_offices/fsdo/",10/24/2024 01:58:49 PM,07 MANHATTAN,06,Precinct 20,1011627501,MANHATTAN,988380,223071,ONLINE,Unspecified,MANHATTAN,,,,,,,,40.77895366773213,-73.98508769258397,POINT (-73.985087692584 40.778953667732)
57946914,06/19/2023 01:23:51 PM,06/28/2023 11:13:36 AM,DPR,Department of Parks and Recreation,Illegal Tree Damage,Trunk Damaged,N/A,Street,10012,76 EAST HOUSTON STREET,EAST HOUSTON STREET,ELIZABETH STREET,BOWERY,ELIZABETH STREET,BOWERY,ADDRESS,NEW YORK,EAST HOUSTON STREET,,Closed,,NYC Parks visited the site and inspected the condition. No work is necessary at this time.,06/28/2023 11:13:39 AM,02 MANHATTAN,02,Precinct 9,1005210086,MANHATTAN,986119,203185,ONLINE,Unspecified,MANHATTAN,,,,,,,,40.724372397923716,-73.99325707610056,POINT (-73.993257076101 40.724372397924)
57957255,06/20/2023 03:49:44 PM,06/20/2023 04:25:45 PM,NYPD,New York City Police Department,Encampment,N/A,,Street/Sidewalk,10128,1566 3 AVENUE,3 AVENUE,EAST   87 STREET,EAST   88 STREET,EAST   87 STREET,EAST   88 STREET,ADDRESS,NEW YORK,3 AVENUE,,Closed,,The Police Department visited the location and has referred the complaint to the Department of Homeless Services (DHS) for further action. DHS will inspect the condition and update your Service Request with more information.,06/20/2023 04:25:49 PM,08 MANHATTAN,05,Precinct 19,1015160040,MANHATTAN,997235,223468,ONLINE,Unspecified,MANHATTAN,,,,,,,,40.780034754500015,-73.95311393125125,POINT (-73.953113931251 40.7800347545)
57946545,06/19/2023 11:53:01 AM,06/19/2023 12:27:10 PM,NYPD,New York City Police Department,Noise - Commercial,Car/Truck Music,,Store/Commercial,11105,20 AVENUE,20 AVENUE,20 AVENUE,36 STREET,20 AVENUE,36 STREET,INTERSECTION,,,,Closed,,The Police Department responded to the complaint and took action to fix the condition.,06/19/2023 12:27:18 PM,01 QUEENS,22,Precinct 114,,QUEENS,1010895,222722,ONLINE,Unspecified,QUEENS,,,,,,,,40.77795655911321,-73.90379356917987,POINT (-73.90379356918 40.777956559113)
57947427,06/19/2023 05:18:42 AM,06/19/2023 07:17:51 AM,NYPD,New York City Police Department,Illegal Parking,Blocked Sidewalk,,Street/Sidewalk,11223,AVENUE W,AVENUE W,AVENUE W,EAST    3 STREET,AVENUE W,EAST    3 STREET,INTERSECTION,,,,Closed,,The Police Department responded to the complaint and took action to fix the condition.,06/19/2023 07:17:55 AM,15 BROOKLYN,44,Precinct 61,,BROOKLYN,993179,155313,ONLINE,Unspecified,BROOKLYN,,,,,,,,40.59297001021414,-73.96784960397629,POINT (-73.967849603976 40.592970010214)
57946437,06/19/2023 07:34:36 PM,06/20/2023 01:41:24 AM,DHS,Department of Homeless Services,Homeless Person Assistance,,,Street/Sidewalk,10024,524 COLUMBUS AVENUE,COLUMBUS AVENUE,WEST 85 STREET,WEST 86 STREET,WEST   85 STREET,WEST   86 STREET,ADDRESS,NEW YORK,COLUMBUS AVENUE,,Closed,,The mobile outreach response team went to the location provided but could not find the individual that you reported.,06/20/2023 01:41:24 AM,07 MANHATTAN,06,Precinct 20,1012160027,MANHATTAN,991858,225645,MOBILE,Unspecified,MANHATTAN,,,,,,,,40.78601630444902,-73.97252666567724,POINT (-73.972526665677 40.786016304449)
57946194,06/19/2023 10:05:00 AM,06/20/2023 06:04:00 AM,DEP,Department of Environmental Protection,Air Quality,"Air: Odor/Fumes, Vehicle Idling (AD3)",AD3,,10036,640 8 AVENUE,8 AVENUE,W 41 ST,W 42 ST,,,ADDRESS,NEW YORK,,N/A,Closed,,The Department of Environmental Protection determined that this complaint is a duplicate of a previously filed complaint. The original complaint is being addressed.,06/20/2023 06:04:00 AM,05 MANHATTAN,03,Precinct 14,1010137501,MANHATTAN,986967,214950,ONLINE,Unspecified,MANHATTAN,,,,,,,,40.75666417742652,-73.99019293432467,POINT (-73.990192934325 40.756664177427)
57950802,06/20/2023 03:00:45 PM,06/20/2023 03:25:45 PM,NYPD,New York City Police Department,Illegal Parking,Blocked Bike Lane,,Street/Sidewalk,10024,263 CENTRAL PARK WEST,CENTRAL PARK WEST,WEST   86 STREET,WEST   87 STREET,WEST   86 STREET,WEST   87 STREET,ADDRESS,NEW YORK,CENTRAL PARK WEST,,Closed,,The Police Department responded to the complaint and with the information available observed no evidence of the violation at that time.,06/20/2023 03:25:51 PM,07 MANHATTAN,06,Precinct 24,,MANHATTAN,992841,225570,ONLINE,Unspecified,MANHATTAN,,,,,,,,40.78580954861665,-73.96897703952386,POINT (-73.968977039524 40.785809548617)
57960414,06/21/2023 05:22:31 PM,06/23/2023 12:44:24 PM,DOT,Department of Transportation,Outdoor Dining,Sidewalk Zone Blocked,Pedestrian Path Less Than 8 Feet,Sidewalk,10013,148 MULBERRY STREET,MULBERRY STREET,HESTER STREET,GRAND STREET,HESTER STREET,GRAND STREET,ADDRESS,NEW YORK,MULBERRY STREET,,Closed,,The Department of Transportation inspected this location and determined that the establishment must remove all of the items immediately.,06/23/2023 12:44:30 PM,02 MANHATTAN,01,Precinct 5,1002370012,MANHATTAN,984950,201204,ONLINE,Unspecified,MANHATTAN,,,,,,,,40.71893520107021,-73.99747476636496,POINT (-73.997474766365 40.71893520107)
57944718,06/19/2023 10:30:53 AM,08/14/2023 09:53:47 AM,HPD,Department of Housing Preservation and Development,UNSANITARY CONDITION,PESTS,OTHER,RESIDENTIAL BUILDING,10466,2106 NEEDHAM AVENUE,NEEDHAM AVENUE,,,,,ADDRESS,BRONX,,,Closed,,"The Department of Housing Preservation and Development was not able to gain access to inspect the following conditions. The complaint has been closed. If the condition still exists, please file a new complaint.",08/14/2023 12:00:00 AM,12 BRONX,12,Precinct 47,2049240029,BRONX,1029768,261259,PHONE,Unspecified,BRONX,,,,,,,,40.883652327003034,-73.83538795097647,POINT (-73.835387950976 40.883652327003)
57944835,06/20/2023 12:08:54 AM,05/13/2025 04:51:43 PM,DPR,Department of Parks and Recreation,New Tree Request,For One Address,Street Tree,Street,11210,1426 EAST   29 STREET,EAST   29 STREET,AVENUE N,KINGS HIGHWAY,AVENUE N,KINGS HIGHWAY,ADDRESS,BROOKLYN,EAST   29 STREET,,Closed,,"In an effort to more fully and efficiently service each city block, NYC Parks is shifting their street tree planting program to a neighborhood approach.  If the site that you requested meets the criteria for planting, NYC Parks will plant a tree through their new Neighborhood Tree Planting Program.   NYC Parks is no longer accepting new tree planting requests. Each neighborhood will be surveyed, inspected, and planted sequentially. NYC Parks foresters will be conducting tree removal, stump removal, and planting block by block and closing all unplantable tree beds. The most heat-vulnerable neighborhoods will be prioritized first.  To learn more about this program, visit nyc.gov/parks/street-tree-planting.  To learn more about the trees in your neighborhood, visit the NYC Tree Map at nyc.gov/parks/treemap.",05/13/2025 04:51:54 PM,14 BROOKLYN,45,Precinct 70,3076820059,BROOKLYN,999255,163872,PHONE,Unspecified,BROOKLYN,,,,,,,,40.616454511765895,-73.94595291358037,POINT (-73.94595291358 40.616454511766)
57944268,06/19/2023 04:41:03 PM,06/20/2023 10:11:58 AM,DSNY,Department of Sanitation,Illegal Dumping,Removal Request,N/A,Sidewalk,11224,1115 NEPTUNE AVENUE,NEPTUNE AVENUE,SHEEPSHEAD BAY ROAD,WEST   12 STREET,SHEEPSHEAD BAY ROAD,WEST   12 STREET,ADDRESS,BROOKLYN,NEPTUNE AVENUE,,Closed,,The Department of Sanitation investigated this complaint and found no condition at the location.,06/20/2023 03:13:02 AM,13 BROOKLYN,47,Precinct 60,,BROOKLYN,989994,150398,ONLINE,Unspecified,BROOKLYN,,,,,,,,40.579481950051886,-73.979321919831,POINT (-73.979321919831 40.579481950052)
57956976,06/20/2023 02:33:00 PM,06/21/2023 06:49:00 AM,DSNY,Department of Sanitation,Derelict Vehicles,Derelict Vehicles,,Street,11228,633 92 STREET,92 STREET,DAHLGREN PLACE,BATTERY AVENUE,,,ADDRESS,BROOKLYN,,,Closed,,The vehicle you reported exceeds the monetary value eligible for collection as junk. The Department of Sanitation has forwarded the request to the NYPD for further action.,06/21/2023 12:00:00 PM,10 BROOKLYN,43,Precinct 68,3060920046,BROOKLYN,977231,163642,PHONE,Unspecified,BROOKLYN,,,,,,,,40.6158331348873,-74.0252817693752,POINT (-74.025281769375 40.615833134887)
57948615,06/19/2023 05:21:12 PM,06/19/2023 05:55:33 PM,NYPD,New York City Police Department,Blocked Driveway,No Access,,Street/Sidewalk,10468,2947 JEROME AVENUE,JEROME AVENUE,EAST  199 STREET,BEDFORD PARK BOULEVARD,EAST  199 STREET,BEDFORD PARK BOULEVARD,ADDRESS,BRONX,JEROME AVENUE,,Closed,,The Police Department responded and upon arrival those responsible for the condition were gone.,06/19/2023 05:55:38 PM,07 BRONX,11,Precinct 52,2032470105,BRONX,1014824,257441,PHONE,Unspecified,BRONX,,,,,,,,40.873237533554494,-73.88944903418606,POINT (-73.889449034186 40.873237533554)
57949794,06/20/2023 03:12:22 PM,06/21/2023 03:11:52 PM,DSNY,Department of Sanitation,Dirty Condition,Trash,Not Cleaned by Property Owner,Sidewalk,11419,101-21 113 STREET,113 STREET,101 AVENUE,103 AVENUE,101 AVENUE,103 AVENUE,ADDRESS,SOUTH RICHMOND HILL,113 STREET,,Closed,,The Department of Sanitation investigated this complaint and issued a Notice of Violation.,06/21/2023 03:11:57 PM,09 QUEENS,29,Precinct 102,4094310068,QUEENS,1031167,190056,ONLINE,Unspecified,QUEENS,,,,,,,,40.688212237253836,-73.830825898064,POINT (-73.830825898064 40.688212237254)
57960657,06/21/2023 04:40:06 PM,06/23/2023 05:27:04 AM,DSNY,Department of Sanitation,Dirty Condition,Trash,Littering,Sidewalk,11226,321 EAST   32 STREET,EAST   32 STREET,CLARENDON ROAD,AVENUE D,CLARENDON ROAD,AVENUE D,ADDRESS,BROOKLYN,EAST   32 STREET,,Closed,,The Department of Sanitation found an open service request already exists for the same location.,06/23/2023 05:27:06 AM,17 BROOKLYN,45,Precinct 67,3049490080,BROOKLYN,999021,173430,MOBILE,Unspecified,BROOKLYN,,,,,,,,40.642689593744166,-73.9467748485043,POINT (-73.946774848504 40.642689593744)
57948183,06/19/2023 09:15:46 PM,08/10/2023 11:04:45 AM,TLC,Taxi and Limousine Commission,Taxi Complaint,Driver Complaint - Passenger,Fare/Tip Complaint,Street,10128,3 AVENUE,3 AVENUE,3 AVENUE,EAST   90 STREET,3 AVENUE,EAST   90 STREET,INTERSECTION,,,,Closed,,"Based on the information provided by the customer, the Taxi and Limousine Commission has determined that a hearing is not necessary or not possible.",08/10/2023 11:04:47 AM,08 MANHATTAN,05,Precinct 19,,MANHATTAN,997509,223961,PHONE,Unspecified,MANHATTAN,,,"3 AVENUE AND EAST   90 STREET, MANHATTAN, NY, 10128",,,,,40.78138750196465,-73.9521236028916,POINT (-73.952123602892 40.781387501965)
57959352,06/20/2023 08:08:14 PM,01/11/2025 05:40:30 PM,DOHMH,Department of Health and Mental Hygiene,Mobile Food Vendor,Permit/License/Certificate,No Food Protection Certificate,Mobile Food Vendor,10002,270 SOUTH STREET,SOUTH STREET,RUTGERS SLIP,CLINTON STREET,RUTGERS SLIP,CLINTON STREET,ADDRESS,NEW YORK,SOUTH STREET,,Closed,,"The NYC Health Department has responded to your service request. For inspection results, please call (212) 676-1600 or email infobfscs@health.nyc.gov to request an inspection report. This service request has been closed.",01/11/2025 05:40:35 PM,03 MANHATTAN,01,Precinct 7,1002410013,MANHATTAN,987482,198049,ONLINE,Unspecified,MANHATTAN,,,,,,,,40.71027491721062,-73.98834215034015,POINT (-73.98834215034 40.710274917211)
57958209,06/20/2023 01:38:45 PM,07/21/2023 12:00:00 AM,DOB,Department of Buildings,Special Projects Inspection Team (SPIT),Illegal Hotel Rooms In Residential Building,,,11429,208-15 109 AVENUE,109 AVENUE,,,,,ADDRESS,QUEENS VILLAGE,,N/A,Closed,,The Department of Buildings has made a second attempt to conduct an inspection of this premises and was denied access. No further attempts will be made.,07/21/2023 12:00:00 AM,13 QUEENS,27,Precinct 105,4109150028,QUEENS,1053614,197799,UNKNOWN,Unspecified,QUEENS,,,,,,,,40.70931742603649,-73.74980675573167,POINT (-73.749806755732 40.709317426036)
57951999,06/20/2023 05:36:15 PM,06/23/2023 01:13:19 PM,HPD,Department of Housing Preservation and Development,DOOR/WINDOW,DOOR FRAME,FRAME BROKEN,RESIDENTIAL BUILDING,10451,815 GERARD AVENUE,GERARD AVENUE,,,,,ADDRESS,BRONX,,,Closed,,"The Department of Housing Preservation and Development contacted an occupant of the apartment and verified that the following conditions were corrected. The complaint has been closed. If the condition still exists, please file a new complaint.",06/23/2023 12:00:00 AM,04 BRONX,08,Precinct 44,2024830023,BRONX,1004728,240112,PHONE,Unspecified,BRONX,,,,,,,,40.82570376736279,-73.92600755094807,POINT (-73.926007550948 40.825703767363)
57948219,06/19/2023 08:50:07 AM,06/20/2023 10:48:21 AM,DOT,Department of Transportation,Sidewalk Condition,Blocked - Construction,N/A,Sidewalk,10035,212 EAST  119 STREET,EAST  119 STREET,3 AVENUE,2 AVENUE,3 AVENUE,2 AVENUE,ADDRESS,NEW YORK,EAST  119 STREET,,Closed,,The Department of Transportation inspected the condition you reported and found that the condition meets its standards and/or there is a valid permit to conduct work.,06/20/2023 10:48:25 AM,11 MANHATTAN,08,Precinct 25,1017830041,MANHATTAN,1001399,230620,PHONE,Unspecified,MANHATTAN,,,,,,,,40.799657969726645,-73.93806035844065,POINT (-73.938060358441 40.799657969727)
57957120,06/20/2023 12:09:13 PM,06/20/2023 01:49:31 PM,NYPD,New York City Police Department,Illegal Parking,Blocked Sidewalk,,Street/Sidewalk,11433,150-10 BEAVER ROAD,BEAVER ROAD,150 STREET,151 STREET,150 STREET,151 STREET,ADDRESS,JAMAICA,BEAVER ROAD,,Closed,,The Police Department responded and upon arrival those responsible for the condition were gone.,06/20/2023 01:49:35 PM,12 QUEENS,27,Precinct 103,4101070081,QUEENS,1038969,194095,MOBILE,Unspecified,QUEENS,,,,,,,,40.69925353286307,-73.80266059503913,POINT (-73.802660595039 40.699253532863)
57954996,06/20/2023 05:54:58 PM,07/07/2023 08:31:47 AM,HPD,Department of Housing Preservation and Development,UNSANITARY CONDITION,PESTS,MICE,RESIDENTIAL BUILDING,10460,825 EAST  179 STREET,EAST  179 STREET,,,,,ADDRESS,BRONX,,,Closed,,"The Department of Housing Preservation and Development was not able to gain access to inspect the following conditions. The complaint has been closed. If the condition still exists, please file a new complaint.",07/07/2023 12:00:00 AM,06 BRONX,15,Precinct 48,2031080044,BRONX,1015826,247077,PHONE,Unspecified,BRONX,,,,,,,,40.84478796166483,-73.88587478104928,POINT (-73.885874781049 40.844787961665)
57946329,06/19/2023 06:54:21 PM,06/19/2023 07:52:47 PM,NYPD,New York City Police Department,Illegal Parking,Blocked Hydrant,,Street/Sidewalk,10309,275 CANDON AVENUE,CANDON AVENUE,WIRT LANE,PRINCE LANE,WIRT LANE,PRINCE LANE,ADDRESS,STATEN ISLAND,CANDON AVENUE,,Closed,,The Police Department responded to the complaint and determined that police action was not necessary.,06/19/2023 07:52:51 PM,03 STATEN ISLAND,51,Precinct 123,5070840095,STATEN ISLAND,923296,138484,ONLINE,Unspecified,STATEN ISLAND,,,,,,,,40.546572734764425,-74.21932316561234,POINT (-74.219323165612 40.546572734764)
57949173,06/20/2023 12:34:00 AM,08/10/2023 09:01:17 AM,TLC,Taxi and Limousine Commission,For Hire Vehicle Complaint,Driver Complaint - Non Passenger,Unsafe Driving,Street,10128,1746 2 AVENUE,2 AVENUE,EAST   90 STREET,EAST   91 STREET,EAST   90 STREET,EAST   91 STREET,ADDRESS,NEW YORK,2 AVENUE,,Closed,,The Taxi and Limousine Commission (TLC) reviewed your complaint. The driver or owner pled guilty to a violation and paid a fine. TLC has sent you a written confirmation of this outcome.,08/10/2023 09:01:21 AM,08 MANHATTAN,05,Precinct 19,1015530049,MANHATTAN,998252,223826,ONLINE,Unspecified,MANHATTAN,,,"1746 2 AVENUE, MANHATTAN (NEW YORK), NY, 10128",,,,,40.78101581697033,-73.94944101560037,POINT (-73.9494410156 40.78101581697)
57960765,06/21/2023 11:07:24 PM,06/22/2023 04:23:48 AM,NYPD,New York City Police Department,Noise - Residential,Loud Music/Party,,Residential Building/House,11413,135-08 231 STREET,231 STREET,135 AVENUE,137 AVENUE,135 AVENUE,137 AVENUE,ADDRESS,SPRINGFIELD GARDENS,231 STREET,,Closed,,The Police Department responded to the complaint and with the information available observed no evidence of the violation at that time.,06/22/2023 04:23:54 AM,13 QUEENS,31,Precinct 105,4131650040,QUEENS,1056406,184755,ONLINE,Unspecified,QUEENS,,,,,,,,40.6734924849976,-73.73987589305618,POINT (-73.739875893056 40.673492484998)
57955464,06/20/2023 05:35:12 PM,06/22/2023 12:24:35 PM,DSNY,Department of Sanitation,Missed Collection,Bulky Trash,N/A,Street,11208,128 SHERIDAN AVENUE,SHERIDAN AVENUE,MC KINLEY AVENUE,LIBERTY AVENUE,MC KINLEY AVENUE,LIBERTY AVENUE,ADDRESS,BROOKLYN,SHERIDAN AVENUE,,Closed,,The Department of Sanitation investigated this complaint and found no condition at the location.,06/22/2023 11:05:21 AM,05 BROOKLYN,37,Precinct 75,3041810046,BROOKLYN,1021043,186873,ONLINE,Unspecified,BROOKLYN,,,,,,,,40.67952351443583,-73.86734850327899,POINT (-73.867348503279 40.679523514436)
57950217,06/20/2023 08:33:35 PM,06/20/2023 08:44:53 PM,NYPD,New York City Police Department,Illegal Parking,Posted Parking Sign Violation,,Street/Sidewalk,11694,191 BEACH  129 STREET,BEACH  129 STREET,OCEAN PROMENADE,ROCKAWAY BEACH BOULEVARD,OCEAN PROMENADE,ROCKAWAY BEACH BOULEVARD,ADDRESS,FAR ROCKAWAY,BEACH  129 STREET,,Closed,,The Police Department responded to the complaint and took action to fix the condition.,06/20/2023 08:44:57 PM,14 QUEENS,32,Precinct 100,4162390011,QUEENS,1026548,148984,MOBILE,Unspecified,QUEENS,,,,,,,,40.57550175694906,-73.84773855370824,POINT (-73.847738553708 40.575501756949)
57955536,06/20/2023 04:38:31 PM,06/26/2023 06:26:50 AM,DSNY,Department of Sanitation,Missed Collection,Trash,N/A,Street,11417,104-40 104 STREET,104 STREET,LIBERTY AVENUE,107 AVENUE,LIBERTY AVENUE,107 AVENUE,ADDRESS,OZONE PARK,104 STREET,,Closed,,The Department of Sanitation collected the requested items.,06/21/2023 04:37:15 AM,10 QUEENS,28,Precinct 106,4095240026,QUEENS,1029595,187432,ONLINE,Unspecified,QUEENS,,,,,,,,40.681018162410666,-73.83651188738244,POINT (-73.836511887382 40.681018162411)
57945132,06/19/2023 03:42:00 PM,06/19/2023 06:00:00 PM,DOT,Department of Transportation,Traffic Signal Condition,Controller,Operating Improperly,,,,,,,ASTORIA BLVD,31 ST,INTERSECTION,,,N/A,Closed,,Service Request status for this request is available on the Department of Transportationâs website. Please click the âLearn Moreâ link below.,06/19/2023 06:00:00 PM,Unspecified QUEENS,,Unspecified,,QUEENS,,,UNKNOWN,Unspecified,QUEENS,,,,,,,,,,
57954771,06/20/2023 03:33:30 PM,06/20/2023 04:08:33 PM,NYPD,New York City Police Department,Panhandling,N/A,,Store/Commercial,10036,1530 BROADWAY,BROADWAY,AVENUE OF THE AMERICAS,7 AVENUE,AVENUE OF THE AMERICAS,7 AVENUE,ADDRESS,NEW YORK,BROADWAY,,Closed,,The Police Department responded to the complaint and took action to fix the condition.,06/20/2023 04:08:36 PM,05 MANHATTAN,04,Precinct 14,1009970001,MANHATTAN,988372,215318,ONLINE,Unspecified,MANHATTAN,,,,,,,,40.75767370013583,-73.98512133327421,POINT (-73.985121333274 40.757673700136)
57951360,06/20/2023 03:34:46 PM,06/28/2023 01:44:24 PM,DSNY,Department of Sanitation,Street Sweeping Complaint,Inadequate Sweeping,Caused by a parked vehicle,Street,11212,61 EAST   95 STREET,EAST   95 STREET,EAST NEW YORK AVENUE,RUTLAND ROAD,EAST NEW YORK AVENUE,RUTLAND ROAD,ADDRESS,BROOKLYN,EAST   95 STREET,,Closed,,The Department of Sanitation investigated this complaint and issued a Notice of Violation.,06/28/2023 10:37:53 AM,17 BROOKLYN,41,Precinct 67,3045980066,BROOKLYN,1004733,181191,PHONE,Unspecified,BROOKLYN,,,,,,,,40.66398046983997,-73.92616892439418,POINT (-73.926168924394 40.66398046984)
57953916,06/20/2023 06:41:55 PM,06/23/2023 11:33:51 AM,DOT,Department of Transportation,Street Condition,Defective Hardware,N/A,Street,10014,403 BLEECKER STREET,BLEECKER STREET,WEST   11 STREET,BANK STREET,WEST   11 STREET,BANK STREET,ADDRESS,NEW YORK,BLEECKER STREET,,Closed,,This request required re-assignment to a new DOT unit.,06/23/2023 11:34:01 AM,02 MANHATTAN,03,Precinct 6,1006230016,MANHATTAN,982824,207443,ONLINE,Unspecified,MANHATTAN,,,,,,,,40.73605964848975,-74.0051455837531,POINT (-74.005145583753 40.73605964849)
57944556,06/19/2023 11:06:31 AM,06/19/2023 11:15:36 AM,NYPD,New York City Police Department,Noise - Street/Sidewalk,Loud Music/Party,,Street/Sidewalk,11224,3514 SURF AVENUE,SURF AVENUE,WEST   35 STREET,WEST   36 STREET,WEST   35 STREET,WEST   36 STREET,ADDRESS,BROOKLYN,SURF AVENUE,,Closed,,The Police Department responded to the complaint and took action to fix the condition.,06/19/2023 11:15:42 AM,13 BROOKLYN,47,Precinct 60,3070657501,BROOKLYN,984086,148024,ONLINE,Unspecified,BROOKLYN,,,,,,,,40.57296764582055,-74.00059033328448,POINT (-74.000590333284 40.572967645821)
57957426,06/20/2023 06:06:55 PM,06/20/2023 06:19:40 PM,NYPD,New York City Police Department,Noise - Street/Sidewalk,Loud Music/Party,,Street/Sidewalk,11375,61-20 GRAND CENTRAL PARKWAY SR WEST,GRAND CENTRAL PARKWAY SR WEST,62 AVENUE,62 DRIVE,62 AVENUE,62 DRIVE,ADDRESS,FOREST HILLS,GRAND CENTRAL PARKWAY SR WEST,,Closed,,The Police Department responded to the complaint and with the information available observed no evidence of the violation at that time.,06/20/2023 06:19:46 PM,06 QUEENS,24,Precinct 112,4021620122,QUEENS,1026714,208337,ONLINE,Unspecified,QUEENS,,,,,,,,40.73841162977033,-73.84676725605964,POINT (-73.84676725606 40.73841162977)
57949515,06/20/2023 10:16:00 AM,,DPR,Department of Parks and Recreation,Damaged Tree,Tree Alive - in Poor Condition,Cracked,Street,11417,103-03 102 STREET,102 STREET,103 AVENUE,LIBERTY AVENUE,103 AVENUE,LIBERTY AVENUE,ADDRESS,OZONE PARK,102 STREET,,In Progress,,"NYC Parks created a work order for the tree condition and expects to address the issue within 120 days from the date of the tree assessment, barring any weather-related requests.   NYC Parks work priority categories range from Category A through D, with A being the most critical and time-sensitive. We will complete all work in Category A first and address work in lower priority categories in accordance with available resources. For more information about the Tree Risk Management Program, visit the NYC Urban Forest page on the NYC Parks website at nyc.gov/parks/trees.",12/14/2023 07:25:55 AM,10 QUEENS,29,Precinct 106,4095060077,QUEENS,1028740,188290,ONLINE,Unspecified,QUEENS,,,,,,,,40.68337751188288,-73.8395888561458,POINT (-73.839588856146 40.683377511883)
57947616,06/19/2023 02:18:37 AM,06/19/2023 02:32:42 AM,NYPD,New York City Police Department,Blocked Driveway,No Access,,Street/Sidewalk,11105,41-16 21 AVENUE,21 AVENUE,41 STREET,42 STREET,41 STREET,42 STREET,ADDRESS,ASTORIA,21 AVENUE,,Closed,,The Police Department issued a summons in response to the complaint.,06/19/2023 02:32:45 AM,01 QUEENS,22,Precinct 114,4007960035,QUEENS,1011140,221291,PHONE,Unspecified,QUEENS,,,,,,,,40.77402810070163,-73.90291468109105,POINT (-73.902914681091 40.774028100702)
57957759,06/20/2023 05:53:35 PM,06/20/2023 06:17:30 PM,NYPD,New York City Police Department,Illegal Parking,Blocked Bike Lane,,Street/Sidewalk,11201,360 ADAMS STREET,ADAMS STREET,JOHNSON STREET,WILLOUGHBY STREET,JOHNSON STREET,WILLOUGHBY STREET,ADDRESS,BROOKLYN,ADAMS STREET,,Closed,,The Police Department issued a summons in response to the complaint.,06/20/2023 06:17:36 PM,02 BROOKLYN,33,Precinct 84,3001390020,BROOKLYN,987327,192164,ONLINE,Unspecified,BROOKLYN,,,,,,,,40.69412202737985,-73.98890392545164,POINT (-73.988903925452 40.69412202738)
57950667,06/20/2023 11:12:09 AM,07/20/2023 12:23:29 PM,HPD,Department of Housing Preservation and Development,GENERAL,VENTILATION SYSTEM,BROKEN OR MISSING,RESIDENTIAL BUILDING,10011,216 WEST   23 STREET,WEST   23 STREET,,,,,ADDRESS,NEW YORK,,,Closed,,The Department of Housing Preservation and Development inspected the following conditions. No violations were issued. The complaint has been closed.,07/20/2023 12:00:00 AM,04 MANHATTAN,03,Precinct 10,1007720064,MANHATTAN,985247,210484,PHONE,Unspecified,MANHATTAN,,,,,,,,40.74440649650926,-73.99640197073623,POINT (-73.996401970736 40.744406496509)
57951279,06/20/2023 10:52:31 PM,06/23/2023 11:31:00 AM,DSNY,Department of Sanitation,Missed Collection,Trash,N/A,Street,11229,1744 EAST   21 STREET,EAST   21 STREET,AVENUE P,QUENTIN ROAD,AVENUE P,QUENTIN ROAD,ADDRESS,BROOKLYN,EAST   21 STREET,,Closed,,The Department of Sanitation collected the requested items.,06/23/2023 11:14:39 AM,15 BROOKLYN,48,Precinct 61,3067830017,BROOKLYN,997458,161608,ONLINE,Unspecified,BROOKLYN,,,,,,,,40.610243160752404,-73.95243002409852,POINT (-73.952430024099 40.610243160752)
57957588,06/20/2023 05:15:26 PM,07/13/2023 09:13:39 AM,HPD,Department of Housing Preservation and Development,PLUMBING,BATHTUB/SHOWER,CHIPPED OR RUSTED,RESIDENTIAL BUILDING,10027,165 WEST  127 STREET,WEST  127 STREET,,,,,ADDRESS,NEW YORK,,,Closed,,The Department of Housing Preservation and Development inspected the following conditions. No violations were issued. The complaint has been closed.,07/13/2023 12:00:00 AM,10 MANHATTAN,09,Precinct 32,1019120001,MANHATTAN,999135,234313,PHONE,Unspecified,MANHATTAN,,,,,,,,40.80979834066753,-73.94622940031867,POINT (-73.946229400319 40.809798340668)
57944151,06/19/2023 03:30:37 PM,06/19/2023 04:07:59 PM,NYPD,New York City Police Department,Illegal Parking,Blocked Sidewalk,,Street/Sidewalk,11216,391 EASTERN PARKWAY,EASTERN PARKWAY,FRANKLIN AVENUE,BEDFORD AVENUE,FRANKLIN AVENUE,BEDFORD AVENUE,ADDRESS,BROOKLYN,EASTERN PARKWAY,,Closed,,The Police Department responded to the complaint and determined that police action was not necessary.,06/19/2023 04:08:08 PM,08 BROOKLYN,35,Precinct 77,3012590036,BROOKLYN,996486,183471,MOBILE,Unspecified,BROOKLYN,,,,,,,,40.670253799661076,-73.95589113204423,POINT (-73.955891132044 40.670253799661)
57949893,06/20/2023 10:49:00 AM,06/20/2023 06:25:00 PM,DOT,Department of Transportation,Traffic Signal Condition,Veh Signal Lamp,Out,,11231,,,,,COURT STREET,DE GRAW STREET,INTERSECTION,BROOKLYN,,N/A,Closed,,Service Request status for this request is available on the Department of Transportationâs website. Please click the âLearn Moreâ link below.,06/20/2023 06:25:00 PM,06 BROOKLYN,33,Precinct 76,,BROOKLYN,985572,188382,UNKNOWN,Unspecified,BROOKLYN,,,,,,,,40.683741742780825,-73.9952334328601,POINT (-73.99523343286 40.683741742781)
57947328,06/19/2023 08:41:34 AM,06/19/2023 09:06:14 AM,NYPD,New York City Police Department,Illegal Parking,Blocked Sidewalk,,Street/Sidewalk,11226,72 LOTT STREET,LOTT STREET,ALBEMARLE ROAD,TILDEN AVENUE,ALBEMARLE ROAD,TILDEN AVENUE,ADDRESS,BROOKLYN,LOTT STREET,,Closed,,The Police Department responded and upon arrival those responsible for the condition were gone.,06/19/2023 09:06:18 AM,17 BROOKLYN,40,Precinct 67,3051270015,BROOKLYN,996957,175272,ONLINE,Unspecified,BROOKLYN,,,,,,,,40.64774868762451,-73.9542087013535,POINT (-73.954208701353 40.647748687625)
57959388,06/20/2023 11:34:00 AM,06/20/2023 05:00:00 PM,DOT,Department of Transportation,Traffic Signal Condition,LED Pedestrian Unit,Out,,10025,,,,,BROADWAY,WEST 94 STREET,INTERSECTION,MANHATTAN,,N/A,Closed,,Service Request status for this request is available on the Department of Transportationâs website. Please click the âLearn Moreâ link below.,06/20/2023 05:00:00 PM,07 MANHATTAN,06,Precinct 24,,MANHATTAN,991800,228317,UNKNOWN,Unspecified,MANHATTAN,,,,,,,,40.793350276113884,-73.97273310665051,POINT (-73.972733106651 40.793350276114)
57956382,06/20/2023 07:02:13 AM,06/21/2023 10:10:08 AM,DPR,Department of Parks and Recreation,Damaged Tree,Tree Leaning/Uprooted,Leaning,Street,10312,512 TENNYSON DRIVE,TENNYSON DRIVE,RICHMOND AVENUE,PROL PLACE,RICHMOND AVENUE,PROL PLACE,ADDRESS,STATEN ISLAND,TENNYSON DRIVE,,Closed,,"NYC Parks created a work order for the tree condition.  Please note that addressing this work can take up to a year or more depending on the higher priority work identified during this period and resources available to address this work.    NYC Parks work priority categories range from Category A through D, with A being the most critical and time-sensitive. We will complete all work in Category A first and address work in lower priority categories in accordance with available resources. For more information about the Tree Risk Management Program, visit the NYC Urban Forest page on the NYC Parks website at nyc.gov/parks/trees.   Alternatively, you may choose complete the work yourself by hiring an independent contractor. The contractor must complete a Tree Work Permit application on the NYC Parks website at nyc.gov/parks/trees.",06/21/2023 10:10:13 AM,03 STATEN ISLAND,51,Precinct 123,5054120041,STATEN ISLAND,941955,133461,MOBILE,Unspecified,STATEN ISLAND,,,,,,,,40.532894169297556,-74.15215358781722,POINT (-74.152153587817 40.532894169298)
57958956,06/20/2023 03:53:46 PM,06/23/2023 08:13:52 PM,HPD,Department of Housing Preservation and Development,PLUMBING,WATER SUPPLY,LOW WATER PRESSURE,RESIDENTIAL BUILDING,10003,346 EAST   18 STREET,EAST   18 STREET,,,,,ADDRESS,NEW YORK,,,Closed,,The Department of Housing Preservation and Development inspected the following conditions. No violations were issued. The complaint has been closed.,06/23/2023 12:00:00 AM,06 MANHATTAN,02,Precinct 13,1009230039,MANHATTAN,989242,206821,PHONE,Unspecified,MANHATTAN,,,,,,,,40.73435111806608,-73.98198731021692,POINT (-73.981987310217 40.734351118066)
57948039,06/19/2023 07:53:44 PM,10/24/2024 01:59:49 PM,EDC,Economic Development Corporation,Noise - Helicopter,Other,Flying Too Low,Above Address,10028,12 EAST   86 STREET,EAST   86 STREET,5 AVENUE,MADISON AVENUE,5 AVENUE,MADISON AVENUE,ADDRESS,NEW YORK,EAST   86 STREET,,Closed,,"The New York City Economic Development Corporation determined that this issue is not within its jurisdiction because the helicopter did not belong to a tour company departing from a NYC heliport.Â  Instead, it was most likely a law enforcement or news gathering helicopter not subject to the routing protocols established for tour helicopters. It may also have been a helicopter that departed as a charter or tour from another City but flew over NYC airspace. Helicopter tours originating from outside NYC are not subject to the same City regulations as tours departing from heliports managed by NYCEDC. Any City regulation of these flights is pre-empted by federal law and subject only to the jurisdiction of the Federal Aviation Administration. To file a complaint with the FAA, you can contact the New York Flight Standards District Office at the following web address:Â https://www.faa.gov/about/office_org/field_offices/fsdo/",10/24/2024 01:59:54 PM,08 MANHATTAN,04,Precinct 19,1014970009,MANHATTAN,995355,223928,ONLINE,Unspecified,MANHATTAN,,,,,,,,40.78129989454938,-73.95990144939537,POINT (-73.959901449395 40.781299894549)
57957795,06/20/2023 02:17:31 PM,07/06/2023 01:40:28 PM,DPR,Department of Parks and Recreation,Damaged Tree,Branch or Limb Has Fallen Down,Fell on House,Street,11413,143-40 182 PLACE,182 PLACE,143 AVENUE,144 AVENUE,143 AVENUE,144 AVENUE,ADDRESS,SPRINGFIELD GARDENS,182 PLACE,,Closed,,NYC Parks visited the site and inspected the condition. No work is necessary at this time.,07/06/2023 01:40:31 PM,12 QUEENS,31,Precinct 113,4130770001,QUEENS,1050354,182904,PHONE,Unspecified,QUEENS,,,,,,,,40.668459182620246,-73.76171153740358,POINT (-73.761711537404 40.66845918262)
57944187,06/19/2023 10:07:01 AM,06/19/2023 12:37:43 PM,NYPD,New York City Police Department,Illegal Parking,Double Parked Blocking Vehicle,,Street/Sidewalk,10452,96 WEST  163 STREET,WEST  163 STREET,WOODYCREST AVENUE,OGDEN AVENUE,WOODYCREST AVENUE,OGDEN AVENUE,ADDRESS,BRONX,WEST  163 STREET,,Closed,,The Police Department responded to the complaint and took action to fix the condition.,06/19/2023 12:37:50 PM,04 BRONX,16,Precinct 44,2025110065,BRONX,1003829,242447,ONLINE,Unspecified,BRONX,,,,,,,,40.8321147109914,-73.92924906069243,POINT (-73.929249060692 40.832114710991)
57944547,06/19/2023 10:54:42 PM,06/19/2023 11:16:06 PM,NYPD,New York City Police Department,Noise - Residential,Loud Music/Party,,Residential Building/House,10314,14 DAKOTA PLACE,DAKOTA PLACE,WATERS AVENUE,MARKHAM PLACE,WATERS AVENUE,MARKHAM PLACE,ADDRESS,STATEN ISLAND,DAKOTA PLACE,,Closed,,The Police Department responded to the complaint and took action to fix the condition.,06/19/2023 11:16:10 PM,01 STATEN ISLAND,50,Precinct 121,5004280027,STATEN ISLAND,947652,163840,ONLINE,Unspecified,STATEN ISLAND,,,,,,,,40.6163037983978,-74.13182348709744,POINT (-74.131823487097 40.616303798398)
57951378,06/20/2023 10:29:00 AM,06/21/2023 05:41:00 AM,DEP,Department of Environmental Protection,Air Quality,"Air: Odor/Fumes, Vehicle Idling (AD3)",AD3,,10036,640 8 AVENUE,8 AVENUE,W 41 ST,W 42 ST,,,ADDRESS,NEW YORK,,N/A,Closed,,The Department of Environmental Protection will keep the location under observation for idling commercial vehicles.Â Summonses will be issued when warranted.,06/21/2023 05:41:00 AM,05 MANHATTAN,03,Precinct 14,1010137501,MANHATTAN,986967,214950,ONLINE,Unspecified,MANHATTAN,,,,,,,,40.75666417742652,-73.99019293432467,POINT (-73.990192934325 40.756664177427)
57947067,06/19/2023 05:09:00 PM,09/07/2023 07:24:35 PM,HPD,Department of Housing Preservation and Development,WATER LEAK,SLOW LEAK,AT WALL OR CEILING,RESIDENTIAL BUILDING,10459,1420 STEBBINS AVENUE,STEBBINS AVENUE,,,,,ADDRESS,BRONX,,,Closed,,The Department of Housing Preservation and Development inspected the following conditions. No violations were issued. The complaint has been closed.,09/07/2023 12:00:00 AM,03 BRONX,17,Precinct 42,2029650042,BRONX,1013505,243086,ONLINE,Unspecified,BRONX,,,,,,,,40.83384183000208,-73.89428097771565,POINT (-73.894280977716 40.833841830002)
57959577,06/20/2023 01:33:11 PM,06/20/2023 05:56:07 PM,NYPD,New York City Police Department,Blocked Driveway,No Access,,Street/Sidewalk,11106,32-31 34 STREET,34 STREET,BROADWAY,34 AVENUE,BROADWAY,34 AVENUE,ADDRESS,ASTORIA,34 STREET,,Closed,,The Police Department issued a summons in response to the complaint.,06/20/2023 05:56:11 PM,01 QUEENS,22,Precinct 114,4006220025,QUEENS,1005498,216341,PHONE,Unspecified,QUEENS,,,,,,,,40.76045700175715,-73.92330054339642,POINT (-73.923300543396 40.760457001757)
57946581,06/19/2023 08:22:20 PM,06/19/2023 08:23:25 PM,NYPD,New York City Police Department,Noise - Residential,Loud Music/Party,,Residential Building/House,10031,3445 BROADWAY,BROADWAY,WEST  140 STREET,WEST  141 STREET,WEST  140 STREET,WEST  141 STREET,ADDRESS,NEW YORK,BROADWAY,,Closed,,The Police Department responded to the complaint and took action to fix the condition.,06/19/2023 08:23:29 PM,09 MANHATTAN,07,Precinct 30,1020880029,MANHATTAN,997372,239311,ONLINE,Unspecified,MANHATTAN,,,,,,,,40.82351924148444,-73.95258829114272,POINT (-73.952588291143 40.823519241484)
57953943,06/20/2023 02:46:46 PM,06/21/2023 01:49:57 PM,DOHMH,Department of Health and Mental Hygiene,Rodent,Rat Sighting,,Commercial Building,11215,648 PRESIDENT STREET,PRESIDENT STREET,4 AVENUE,5 AVENUE,4 AVENUE,5 AVENUE,ADDRESS,BROOKLYN,PRESIDENT STREET,,Closed,,This service request was closed because the Department of Health and Mental Hygiene received an earlier complaint about the same location.  You can find inspection results for this address by going to the online Rat Portal at www.nyc.gov/rats.,06/20/2023 02:46:46 PM,06 BROOKLYN,39,Precinct 78,3009580041,BROOKLYN,989381,185564,PHONE,Unspecified,BROOKLYN,,,,,,,,40.67600558349092,-73.98150195222456,POINT (-73.981501952225 40.676005583491)
57956940,06/20/2023 06:47:00 PM,06/22/2023 10:39:00 AM,DSNY,Department of Sanitation,Derelict Vehicles,Derelict Vehicles,,Street,11223,419 VAN SICKLEN STREET,VAN SICKLEN STREET,VILLAGE ROAD SOUTH,WOLF PLACE,,,ADDRESS,BROOKLYN,,,Closed,,The Department of Sanitation does NOT have jurisdiction over vehicles (abandoned or otherwise) that have license plates affixed to them. Your request will be referred to the NYPD for further action.,06/22/2023 12:00:00 PM,15 BROOKLYN,44,Precinct 61,3071480002,BROOKLYN,991079,155694,PHONE,Unspecified,BROOKLYN,,,,,,,,40.594017645416905,-73.97541062862219,POINT (-73.975410628622 40.594017645417)
57947481,06/19/2023 06:46:16 PM,06/20/2023 05:26:54 AM,DSNY,Department of Sanitation,Dirty Condition,Trash,Not Cleaned by Property Owner,Sidewalk,11220,504 44 STREET,44 STREET,5 AVENUE,6 AVENUE,5 AVENUE,6 AVENUE,ADDRESS,BROOKLYN,44 STREET,,Closed,,The Department of Sanitation investigated this complaint and found no condition at the location.,06/20/2023 05:26:58 AM,07 BROOKLYN,38,Precinct 72,3007390009,BROOKLYN,982464,175441,ONLINE,Unspecified,BROOKLYN,,,,,,,,40.64822149214479,-74.00643612459912,POINT (-74.006436124599 40.648221492145)
57948192,06/19/2023 05:01:26 PM,06/19/2023 10:36:13 PM,DHS,Department of Homeless Services,Homeless Person Assistance,,,Street/Sidewalk,10009,AVENUE C,AVENUE C,AVENUE C,EAST   16 STREET,AVENUE C,EAST 16 STREET,INTERSECTION,MANHATTAN,,,Closed,,The mobile outreach response team went to the location provided but could not find the individual that you reported.,06/19/2023 10:36:13 PM,06 MANHATTAN,04,Precinct 13,,MANHATTAN,991234,205163,MOBILE,Unspecified,MANHATTAN,,,,,,,,40.729798966504575,-73.97480127552117,POINT (-73.974801275521 40.729798966505)
57955671,06/20/2023 07:27:27 PM,06/20/2023 11:47:09 PM,NYPD,New York City Police Department,Illegal Parking,Blocked Hydrant,,Street/Sidewalk,10457,1705 TOPPING AVENUE,TOPPING AVENUE,EAST  173 STREET,EAST  174 STREET,EAST  173 STREET,EAST  174 STREET,ADDRESS,BRONX,TOPPING AVENUE,,Closed,,The Police Department responded and upon arrival those responsible for the condition were gone.,06/20/2023 11:47:11 PM,04 BRONX,15,Precinct 44,,BRONX,1010309,246870,MOBILE,Unspecified,BRONX,,,,,,,,40.84423781254142,-73.90581567592815,POINT (-73.905815675928 40.844237812541)
57952881,06/20/2023 10:02:00 PM,,DEP,Department of Environmental Protection,Hazardous Materials,Chemical Odor (HD1),HD1,,10037,2121 5 AVENUE,5 AVENUE,E 130 ST,E 131 ST,,,ADDRESS,NEW YORK,,N/A,Open,,,,11 MANHATTAN,09,Precinct 25,1017550001,MANHATTAN,1000895,234268,PHONE,Unspecified,MANHATTAN,,,,,,,,40.80967168759027,-73.93987168675638,POINT (-73.939871686756 40.80967168759)
57955995,06/20/2023 11:18:31 PM,06/20/2023 11:55:27 PM,NYPD,New York City Police Department,Illegal Fireworks,N/A,,Street/Sidewalk,11207,641 VERMONT STREET,VERMONT STREET,LIVONIA AVENUE,RIVERDALE AVENUE,LIVONIA AVENUE,RIVERDALE AVENUE,ADDRESS,BROOKLYN,VERMONT STREET,,Closed,,The Police Department responded and upon arrival those responsible for the condition were gone.,06/20/2023 11:55:31 PM,05 BROOKLYN,42,Precinct 75,3038250001,BROOKLYN,1014271,181113,ONLINE,Unspecified,BROOKLYN,,,,,,,,40.6637391743598,-73.89178953257934,POINT (-73.891789532579 40.66373917436)
57960144,06/20/2023 10:41:00 AM,06/20/2023 09:30:00 PM,DEP,Department of Environmental Protection,Water System,Dirty Water (WE),WE,,10301,536 HOWARD AVENUE,HOWARD AVENUE,SIGNAL HILL RD,STRATFORD AVE,,,ADDRESS,STATEN ISLAND,,,Closed,,The Department of Environmental Protection investigated this complaint and opened fire hydrants to flush water mains in the area.,06/20/2023 09:30:00 PM,01 STATEN ISLAND,49,Precinct 120,5005950015,STATEN ISLAND,958510,164718,PHONE,Unspecified,STATEN ISLAND,,,,,,,,40.61875192171878,-74.09271709815114,POINT (-74.092717098151 40.618751921719)
57951189,06/20/2023 10:22:09 AM,06/21/2023 06:20:48 AM,DOT,Department of Transportation,Street Sign - Missing,Bus Stop,N/A,Street,10026,7 CENTRAL PARK NORTH,CENTRAL PARK NORTH,FRAWLEY CIRCLE,LENOX AVENUE,FRAWLEY CIRCLE,LENOX AVENUE,ADDRESS,NEW YORK,WEST  110 STREET,,Closed,,"The Department of Transportation inspected the condition you reported. You can find additional information in the ""Notes to Customer"" field.",06/21/2023 06:20:57 AM,10 MANHATTAN,09,Precinct 28,1015940030,MANHATTAN,998072,229739,MOBILE,Unspecified,MANHATTAN,,,,,,,,40.79724569573451,-73.95007879893046,POINT (-73.95007879893 40.797245695735)
57945726,06/19/2023 10:40:55 AM,07/03/2023 10:11:33 AM,HPD,Department of Housing Preservation and Development,GENERAL,BELL/BUZZER/INTERCOM,BROKEN OR MISSING,RESIDENTIAL BUILDING,11411,115-113 SPRINGFIELD BOULEVARD,SPRINGFIELD BOULEVARD,,,,,ADDRESS,CAMBRIA HEIGHTS,,,Closed,,"The Department of Housing Preservation and Development was not able to gain access to inspect the following conditions. The complaint has been closed. If the condition still exists, please file a new complaint.",07/03/2023 12:00:00 AM,13 QUEENS,27,Precinct 105,4112980008,QUEENS,1055592,193894,PHONE,Unspecified,QUEENS,,,,,,,,40.698583437563016,-73.7427135975096,POINT (-73.74271359751 40.698583437563)
57944529,06/19/2023 09:29:08 PM,06/19/2023 09:59:26 PM,NYPD,New York City Police Department,Noise - Residential,Loud Music/Party,,Residential Building/House,10460,1700 CROTONA PARK EAST,CROTONA PARK EAST,EAST  173 STREET,CROTONA PARK NORTH,EAST  173 STREET,CROTONA PARK NORTH,ADDRESS,BRONX,CROTONA PARK EAST,,Closed,,The Police Department responded to the complaint and took action to fix the condition.,06/19/2023 09:59:32 PM,03 BRONX,15,Precinct 42,2029400011,BRONX,1014855,244448,MOBILE,Unspecified,BRONX,,,,,,,,40.83757554812452,-73.88939626268355,POINT (-73.889396262684 40.837575548125)
57944205,06/19/2023 12:48:02 PM,06/19/2023 01:57:21 PM,NYPD,New York City Police Department,Illegal Parking,Posted Parking Sign Violation,,Street/Sidewalk,11694,CRONSTON AVENUE,CRONSTON AVENUE,BEACH  127 STREET,BEACH  128 STREET,BEACH  127 STREET,BEACH  128 STREET,BLOCKFACE,,,,Closed,,The Police Department responded to the complaint and took action to fix the condition.,06/19/2023 01:57:26 PM,Unspecified QUEENS,,Precinct 100,,QUEENS,,,PHONE,Unspecified,QUEENS,,,,,,,,,,
57949713,06/20/2023 10:04:12 AM,06/22/2023 02:09:09 PM,DPR,Department of Parks and Recreation,Maintenance or Facility,Structure - Outdoors,Fence,Park,10451,502 MORRIS AVENUE,MORRIS AVENUE,EAST  144 STREET,EAST  148 STREET,EAST  144 STREET,EAST  148 STREET,ADDRESS,BRONX,MORRIS AVENUE,,Closed,,NYC Parks has completed the requested work order and corrected the problem.,06/22/2023 02:09:15 PM,01 BRONX,08,Precinct 40,2023240008,BRONX,1005483,236725,PHONE,Unspecified,BRONX,,,,,,,,40.8164056297733,-73.92329025398072,POINT (-73.923290253981 40.816405629773)
57947661,06/19/2023 10:21:39 PM,06/20/2023 12:49:38 AM,NYPD,New York City Police Department,Noise - Residential,Banging/Pounding,,Residential Building/House,10457,2185 VALENTINE AVENUE,VALENTINE AVENUE,EAST  181 STREET,EAST  182 STREET,EAST  181 STREET,EAST  182 STREET,ADDRESS,BRONX,VALENTINE AVENUE,,Closed,,The Police Department responded to the complaint and with the information available observed no evidence of the violation at that time.,06/20/2023 12:49:45 AM,05 BRONX,15,Precinct 46,2031490147,BRONX,1012181,250712,ONLINE,Unspecified,BRONX,,,,,,,,40.85477723678787,-73.89903375851317,POINT (-73.899033758513 40.854777236788)
57959865,06/20/2023 08:46:50 PM,06/20/2023 08:52:02 PM,NYPD,New York City Police Department,Noise - Park,Loud Music/Party,,Park/Playground,10028,1000 5 AVENUE,5 AVENUE,EAST   81 STREET,EAST   82 STREET,EAST   81 STREET,EAST   82 STREET,ADDRESS,NEW YORK,5 AVENUE,,Closed,,The Police Department responded to the complaint and determined that police action was not necessary.,06/20/2023 08:52:08 PM,64 MANHATTAN,06,Precinct 22,1011110001,MANHATTAN,994623,222956,ONLINE,Central Park,MANHATTAN,,,,,,,,40.77863290127972,-73.96254609596876,POINT (-73.962546095969 40.77863290128)
57949407,06/19/2023 05:36:58 PM,06/22/2023 01:10:00 PM,DOT,Department of Transportation,Street Condition,Pothole,,,11377,30 AVENUE,30 AVENUE,49 STREET,50 STREET,,,BLOCKFACE,QUEENS,,N/A,Closed,,The Department of Transportation inspected this complaint and repaired the problem.,06/22/2023 01:10:00 PM,01 QUEENS,,Precinct 114,,QUEENS,,,UNKNOWN,Unspecified,QUEENS,,,,,,,,,,
57948075,06/19/2023 12:35:44 PM,07/05/2023 08:36:26 AM,HPD,Department of Housing Preservation and Development,UNSANITARY CONDITION,PESTS,ROACHES,RESIDENTIAL BUILDING,10463,1 JACOBUS PLACE,JACOBUS PLACE,,,,,ADDRESS,NEW YORK,,,Closed,,The Department of Housing Preservation and Development inspected the following conditions. No violations were issued. The complaint has been closed.,07/05/2023 12:00:00 AM,08 BRONX,10,Precinct 50,1022150339,MANHATTAN,1008544,258129,PHONE,Unspecified,MANHATTAN,,,,,,,,40.875145400143914,-73.91215405363715,POINT (-73.912154053637 40.875145400144)
57957498,06/20/2023 02:28:47 PM,07/16/2023 09:15:47 AM,HPD,Department of Housing Preservation and Development,DOOR/WINDOW,DOOR,LOCK BROKEN OR MISSING,RESIDENTIAL BUILDING,11213,1515 ST JOHNS PLACE,ST JOHNS PLACE,,,,,ADDRESS,BROOKLYN,,,Closed,,The Department of Housing Preservation and Development inspected the following conditions. No violations were issued. The complaint has been closed.,07/16/2023 12:00:00 AM,08 BROOKLYN,36,Precinct 77,3013800074,BROOKLYN,1004370,183529,ONLINE,Unspecified,BROOKLYN,,,,,,,,40.67039858960956,-73.92747038135592,POINT (-73.927470381356 40.67039858961)
57955176,06/20/2023 12:23:40 PM,,EDC,Economic Development Corporation,Noise - Helicopter,Other,Flying Too Low,Above Address,10016,499 EAST   34 STREET,EAST   34 STREET,CONNECTOR,FRANKLIN D ROOSEVELT DRIVE,CONNECTOR,FRANKLIN D ROOSEVELT DRIVE,ADDRESS,NEW YORK,EAST   34 STREET,,In Progress,,,,06 MANHATTAN,04,Precinct 17,1009620050,MANHATTAN,991892,209689,ONLINE,Unspecified,MANHATTAN,,,,,,,,40.742221174418034,-73.97242202788439,POINT (-73.972422027884 40.742221174418)
57945681,06/19/2023 02:24:31 AM,06/19/2023 02:34:11 AM,NYPD,New York City Police Department,Noise - Street/Sidewalk,Loud Music/Party,,Street/Sidewalk,10065,424 EAST   65 STREET,EAST   65 STREET,1 AVENUE,YORK AVENUE,1 AVENUE,YORK AVENUE,ADDRESS,NEW YORK,EAST   65 STREET,,Closed,,The Police Department responded to the complaint and with the information available observed no evidence of the violation at that time.,06/19/2023 02:34:15 AM,08 MANHATTAN,05,Precinct 19,,MANHATTAN,995843,217224,ONLINE,Unspecified,MANHATTAN,,,,,,,,40.762898541383656,-73.9581509170025,POINT (-73.958150917002 40.762898541384)
57960963,06/21/2023 12:11:00 AM,06/26/2023 10:00:00 AM,DEP,Department of Environmental Protection,Noise,"Noise, Barking Dog (NR5)",NR5,,10457,4275 PARK AVENUE,PARK AVENUE,E 178 ST,E 179 ST,,,ADDRESS,BRONX,,N/A,Closed,,The Department of Environmental Protection sent a letter to the complainant and/or respondent and the letter was returned as undeliverable.,06/26/2023 10:00:00 AM,06 BRONX,15,Precinct 48,2030280055,BRONX,1012365,248737,ONLINE,Unspecified,BRONX,,,,,,,,40.849355867723204,-73.89837691003626,POINT (-73.898376910036 40.849355867723)
57955662,06/20/2023 10:22:00 PM,06/21/2023 03:40:00 AM,DSNY,Department of Sanitation,Derelict Vehicles,Derelict Vehicles,,Street,11217,203 SIXTH AVENUE,SIXTH AVENUE,BERKELEY PLACE,UNION STREET,,,ADDRESS,BROOKLYN,,DSNY Garage,Closed,,The Department of Sanitation does NOT have jurisdiction over vehicles (abandoned or otherwise) that have license plates affixed to them. Your request will be referred to the NYPD for further action.,06/21/2023 12:00:00 PM,06 BROOKLYN,39,Precinct 78,3009540003,BROOKLYN,990418,185457,PHONE,Unspecified,BROOKLYN,,,,,,,,40.675711230816276,-73.97776350507068,POINT (-73.977763505071 40.675711230816)
57948849,06/19/2023 09:58:31 AM,06/19/2023 12:22:02 PM,NYPD,New York City Police Department,Noise - Vehicle,Car/Truck Music,,Street/Sidewalk,10460,342 DEVOE AVENUE,DEVOE AVENUE,EAST  177 STREET,WYATT STREET,EAST  177 STREET,WYATT STREET,ADDRESS,BRONX,DEVOE AVENUE,,Closed,,The Police Department responded to the complaint and took action to fix the condition.,06/19/2023 12:22:08 PM,06 BRONX,15,Precinct 48,2039060001,BRONX,1018018,245018,ONLINE,Unspecified,BRONX,,,,,,,,40.83912850303386,-73.8779626073825,POINT (-73.877962607382 40.839128503034)
57954285,06/20/2023 10:46:43 AM,06/20/2023 11:20:10 AM,NYPD,New York City Police Department,Illegal Parking,Blocked Hydrant,,Street/Sidewalk,10023,19 WEST   74 STREET,WEST   74 STREET,CENTRAL PARK WEST,COLUMBUS AVENUE,CENTRAL PARK WEST,COLUMBUS AVENUE,ADDRESS,NEW YORK,WEST   74 STREET,,Closed,,The Police Department responded to the complaint and took action to fix the condition.,06/20/2023 11:20:14 AM,07 MANHATTAN,06,Precinct 20,1011270022,MANHATTAN,990957,222677,MOBILE,Unspecified,MANHATTAN,,,,,,,,40.77787066194197,-73.97578323972019,POINT (-73.97578323972 40.777870661942)
57958146,06/20/2023 09:59:59 AM,06/21/2023 08:22:40 AM,DSNY,Department of Sanitation,Missed Collection,Recycling - Paper/Metal/Glass/Rigid Plastic,N/A,Street,10467,3747 OLINVILLE AVENUE,OLINVILLE AVENUE,EAST  216 STREET,EAST  219 STREET,EAST  216 STREET,EAST  219 STREET,ADDRESS,BRONX,OLINVILLE AVENUE,,Closed,,The Department of Sanitation investigated and found this complaint to be out of jurisdiction. The Department of Sanitation reviewed this and found it not to be meeting the criteria for a complaint or service request.,06/21/2023 08:22:40 AM,12 BRONX,12,Precinct 47,2046490060,BRONX,1021394,261047,ONLINE,Unspecified,BRONX,,,,,,,,40.88310967227867,-73.8656729461056,POINT (-73.865672946106 40.883109672279)
55864863,11/01/2022 02:07:56 PM,11/02/2022 07:42:39 AM,DOT,Department of Transportation,Highway Condition,Litter,,Highway,,,,,,,,,,,,Closed,,"The condition has been inspected/investigated, see customer notes for more information.",11/02/2022 07:42:43 AM,Unspecified STATEN ISLAND,,Unspecified,,STATEN ISLAND,,,PHONE,Unspecified,STATEN ISLAND,,,,Staten Island Expwy,Westbound/To Goethals Br,Roadway,Richmond Rd Targee St (Exit 13B) - Clove Rd (Exit 13A),,,
57957354,06/20/2023 09:25:23 PM,06/20/2023 09:31:42 PM,NYPD,New York City Police Department,Noise - Residential,Loud Music/Party,,Residential Building/House,10024,67 WEST   87 STREET,WEST   87 STREET,CENTRAL PARK WEST,COLUMBUS AVENUE,CENTRAL PARK WEST,COLUMBUS AVENUE,ADDRESS,NEW YORK,WEST   87 STREET,,Closed,,The Police Department responded to the complaint and took action to fix the condition.,06/20/2023 09:31:50 PM,07 MANHATTAN,06,Precinct 24,1012010001,MANHATTAN,992275,225965,ONLINE,Unspecified,MANHATTAN,,,,,,,,40.786894250080074,-73.9710204501074,POINT (-73.971020450107 40.78689425008)
55867068,11/01/2022 08:50:38 AM,11/02/2022 09:25:00 AM,DOT,Department of Transportation,Street Condition,Pothole,,,10029,EAST  111 STREET,EAST  111 STREET,YOUNG LORDS WAY,3 AVENUE,,,BLOCKFACE,MANHATTAN,,N/A,Closed,,The Department of Transportation inspected this complaint and repaired the problem.,11/02/2022 09:25:00 AM,11 MANHATTAN,,Precinct 23,,MANHATTAN,,,UNKNOWN,Unspecified,MANHATTAN,,,,,,,,,,
57961089,06/21/2023 08:35:58 AM,08/17/2023 03:54:18 PM,TLC,Taxi and Limousine Commission,For Hire Vehicle Complaint,Driver Complaint - Non Passenger,Unsafe Driving,Street,10003,351 EAST   12 STREET,EAST   12 STREET,2 AVENUE,1 AVENUE,2 AVENUE,1 AVENUE,ADDRESS,NEW YORK,EAST   12 STREET,,Closed,,A hearing was scheduled at the OATH/Taxi and Limousine Tribunal.,08/17/2023 03:54:21 PM,03 MANHATTAN,02,Precinct 9,1004540045,MANHATTAN,988490,205423,ONLINE,Unspecified,MANHATTAN,,,"351 EAST   12 STREET, MANHATTAN (NEW YORK), NY, 10003",,,,,40.73051434384185,-73.98470164119949,POINT (-73.984701641199 40.730514343842)
57944745,06/19/2023 08:48:28 PM,06/20/2023 01:20:01 AM,NYPD,New York City Police Department,Abandoned Vehicle,With License Plate,,Street/Sidewalk,11366,75 AVENUE,75 AVENUE,75 AVENUE,199 STREET,75 AVENUE,199 STREET,INTERSECTION,,,,Closed,,The Police Department responded to the complaint and determined that police action was not necessary.,06/20/2023 01:20:06 AM,08 QUEENS,23,Precinct 107,,QUEENS,1047278,206729,PHONE,Unspecified,QUEENS,,,,,,,,40.733875439488884,-73.7725767278794,POINT (-73.772576727879 40.733875439489)
57953880,06/20/2023 06:42:52 PM,06/04/2024 12:52:19 AM,DOHMH,Department of Health and Mental Hygiene,Food Establishment,Rodents/Insects/Garbage,Rodent Infestation,Other (Explain Below),11378,58-05 MASPETH AVENUE,MASPETH AVENUE,58 STREET,58 PLACE,58 STREET,58 PLACE,ADDRESS,MASPETH,MASPETH AVENUE,,Closed,,This SR was administratively closed. The issue you reported was addressed.,06/04/2024 12:52:23 AM,05 QUEENS,30,Precinct 104,4026680068,QUEENS,1008707,202734,ONLINE,Unspecified,QUEENS,,,,,,,,40.72310090152547,-73.91176641454696,POINT (-73.911766414547 40.723100901525)
57956175,06/20/2023 04:10:09 PM,07/10/2023 12:04:38 PM,HPD,Department of Housing Preservation and Development,APPLIANCE,ELECTRIC/GAS RANGE,NO GAS OR ELECTRICITY,RESIDENTIAL BUILDING,10465,3266 WATERBURY AVENUE,WATERBURY AVENUE,,,,,ADDRESS,BRONX,,,Closed,,"The Department of Housing Preservation and Development was not able to gain access to inspect the following conditions. The complaint has been closed. If the condition still exists, please file a new complaint.",07/10/2023 12:00:00 AM,10 BRONX,13,Precinct 45,2053300035,BRONX,1034135,244307,ONLINE,Unspecified,BRONX,,,,,,,,40.837100682617674,-73.8197212715937,POINT (-73.819721271594 40.837100682618)
57952782,06/20/2023 04:44:00 PM,06/20/2023 08:59:00 PM,DEP,Department of Environmental Protection,Hazardous Materials,Chemical Spill/Release (HA1),HA1,,10003,253 1 AVENUE,1 AVENUE,BEND,E 15 ST,,,ADDRESS,NEW YORK,,N/A,Closed,,The Department of Environmental Protection investigated this complaint and determined that no further action is required.,06/20/2023 08:59:00 PM,06 MANHATTAN,02,Precinct 13,1009210036,MANHATTAN,989215,205905,ONLINE,Unspecified,MANHATTAN,,,,,,,,40.731836938452446,-73.9820854105702,POINT (-73.98208541057 40.731836938452)
57947841,06/19/2023 09:35:22 AM,07/14/2023 10:30:13 AM,HPD,Department of Housing Preservation and Development,FLOORING/STAIRS,FLOOR,HOLE IN WALKING AREA,RESIDENTIAL BUILDING,11207,875 PENNSYLVANIA AVENUE,PENNSYLVANIA AVENUE,,,,,ADDRESS,BROOKLYN,,,Closed,,The Department of Housing Preservation and Development inspected the following conditions. No violations were issued. The complaint has been closed.,07/14/2023 12:00:00 AM,05 BROOKLYN,42,Precinct 75,3043690001,BROOKLYN,1015059,178434,PHONE,Unspecified,BROOKLYN,,,,,,,,40.65638320846473,-73.88896143606928,POINT (-73.888961436069 40.656383208465)
57951495,06/20/2023 08:34:50 PM,06/20/2023 09:55:50 PM,NYPD,New York City Police Department,Illegal Parking,Posted Parking Sign Violation,,Street/Sidewalk,10457,1625 BATHGATE AVENUE,BATHGATE AVENUE,EAST  172 STREET,EAST  173 STREET,EAST  172 STREET,EAST  173 STREET,ADDRESS,BRONX,BATHGATE AVENUE,,Closed,,The Police Department responded to the complaint and determined that police action was not necessary.,06/20/2023 09:55:56 PM,03 BRONX,15,Precinct 42,2029140001,BRONX,1011711,245416,MOBILE,Unspecified,BRONX,,,,,,,,40.84024276121237,-73.90075442423029,POINT (-73.90075442423 40.840242761212)
57945321,06/19/2023 08:45:21 AM,06/22/2023 12:20:43 PM,DSNY,Department of Sanitation,Illegal Dumping,Removal Request,N/A,Sidewalk,11221,538 MONROE STREET,MONROE STREET,MARCUS GARVEY BOULEVARD,LEWIS AVENUE,MARCUS GARVEY BOULEVARD,LEWIS AVENUE,ADDRESS,BROOKLYN,MONROE STREET,,Closed,,The Department of Sanitation cleaned the location.,06/21/2023 03:58:34 PM,03 BROOKLYN,36,Precinct 81,3016390037,BROOKLYN,1001875,189607,PHONE,Unspecified,BROOKLYN,,,,,,,,40.68708663793354,-73.93644858745387,POINT (-73.936448587454 40.687086637934)
57955203,06/20/2023 09:33:34 AM,06/21/2023 10:51:51 AM,DOT,Department of Transportation,Street Condition,Cave-in,N/A,Street,11385,84 STREET,84 STREET,84 STREET,DORAN AVENUE,84 STREET,DORAN AVENUE,INTERSECTION,,,,Closed,,This request required re-assignment to a new DOT unit.,06/21/2023 10:51:48 AM,05 QUEENS,32,Precinct 104,,QUEENS,1021637,197645,ONLINE,Unspecified,QUEENS,,,,,,,,40.70908763454525,-73.8651471432666,POINT (-73.865147143267 40.709087634545)
57955734,06/20/2023 08:33:14 AM,06/20/2023 08:55:22 AM,NYPD,New York City Police Department,Illegal Parking,Posted Parking Sign Violation,,Street/Sidewalk,10027,201 WEST  132 STREET,WEST  132 STREET,ADAM CLAYTON POWELL JR BOULEVARD,FREDERICK DOUGLASS BOULEVARD,ADAM CLAYTON POWELL JR BOULEVARD,FREDERICK DOUGLASS BOULEVARD,ADDRESS,NEW YORK,WEST  132 STREET,,Closed,,The Police Department responded to the complaint and took action to fix the condition.,06/20/2023 08:55:28 AM,10 MANHATTAN,09,Precinct 32,1019380029,MANHATTAN,999312,235698,ONLINE,Unspecified,MANHATTAN,,,,,,,,40.81359947963159,-73.94558689753521,POINT (-73.945586897535 40.813599479632)
57947202,06/19/2023 02:05:00 PM,06/20/2023 08:19:00 PM,DSNY,Department of Sanitation,Derelict Vehicles,Derelict Vehicles,,Street,11204,6401 17 AVENUE,17 AVENUE,64 STREET,65 STREET,,,ADDRESS,BROOKLYN,,,Closed,,The Department of Sanitation (DSNY) couldn't find the condition. Please file a new Service Request with more details about the location.,06/20/2023 12:00:00 PM,11 BROOKLYN,38,Precinct 62,3055460006,BROOKLYN,986491,165529,PHONE,Unspecified,BROOKLYN,,,,,,,,40.6210150546685,-73.99192750491831,POINT (-73.991927504918 40.621015054669)
57944925,06/19/2023 10:52:55 PM,10/24/2024 02:00:40 PM,EDC,Economic Development Corporation,Noise - Helicopter,Other,Flying Too Low,Above Address,11231,111 1 PLACE,1 PLACE,COURT STREET,SMITH STREET,COURT STREET,SMITH STREET,ADDRESS,BROOKLYN,1 PLACE,,Closed,,"The New York City Economic Development Corporation determined that this issue is not within its jurisdiction because the helicopter did not belong to a tour company departing from a NYC heliport.Â  Instead, it was most likely a law enforcement or news gathering helicopter not subject to the routing protocols established for tour helicopters. It may also have been a helicopter that departed as a charter or tour from another City but flew over NYC airspace. Helicopter tours originating from outside NYC are not subject to the same City regulations as tours departing from heliports managed by NYCEDC. Any City regulation of these flights is pre-empted by federal law and subject only to the jurisdiction of the Federal Aviation Administration. To file a complaint with the FAA, you can contact the New York Flight Standards District Office at the following web address:Â https://www.faa.gov/about/office_org/field_offices/fsdo/",10/24/2024 02:00:44 PM,06 BROOKLYN,39,Precinct 76,3004490052,BROOKLYN,985227,187095,ONLINE,Unspecified,BROOKLYN,,,,,,,,40.680209265329324,-73.99647754204652,POINT (-73.996477542047 40.680209265329)
57956337,06/20/2023 08:05:12 PM,06/21/2023 03:58:41 PM,HPD,Department of Housing Preservation and Development,UNSANITARY CONDITION,MOLD,N/A,RESIDENTIAL BUILDING,11213,853 EMPIRE BOULEVARD,EMPIRE BOULEVARD,,,,,ADDRESS,BROOKLYN,,,Closed,,The Department of Housing Preservation and Development inspected the following conditions. No violations were issued. The complaint has been closed.,06/21/2023 12:00:00 AM,09 BROOKLYN,41,Precinct 71,3014240063,BROOKLYN,1002620,181044,PHONE,Unspecified,BROOKLYN,,,,,,,,40.663581623650984,-73.93378564087965,POINT (-73.93378564088 40.663581623651)
57945384,06/19/2023 10:30:44 AM,06/19/2023 11:19:09 AM,NYPD,New York City Police Department,Illegal Parking,Blocked Crosswalk,,Street/Sidewalk,11209,227 OVINGTON AVENUE,OVINGTON AVENUE,BAY RIDGE PLACE,3 AVENUE,BAY RIDGE PLACE,3 AVENUE,ADDRESS,BROOKLYN,OVINGTON AVENUE,,Closed,,The Police Department responded to the complaint and with the information available observed no evidence of the violation at that time.,06/19/2023 11:19:14 AM,10 BROOKLYN,47,Precinct 68,3058710078,BROOKLYN,976486,170703,MOBILE,Unspecified,BROOKLYN,,,,,,,,40.63521347621622,-74.0279733100262,POINT (-74.027973310026 40.635213476216)
57955707,06/20/2023 10:17:46 AM,06/20/2023 11:30:54 AM,NYPD,New York City Police Department,Illegal Parking,Blocked Sidewalk,,Street/Sidewalk,10303,479 MORNINGSTAR ROAD,MORNINGSTAR ROAD,WENLOCK STREET,WESTBROOK AVENUE,WENLOCK STREET,WESTBROOK AVENUE,ADDRESS,STATEN ISLAND,MORNINGSTAR ROAD,,Closed,,The Police Department responded and upon arrival those responsible for the condition were gone.,06/20/2023 11:30:58 AM,01 STATEN ISLAND,49,Precinct 121,5011480034,STATEN ISLAND,943060,167609,MOBILE,Unspecified,STATEN ISLAND,,,,,,,,40.6266287447867,-74.14838652311487,POINT (-74.148386523115 40.626628744787)
57951702,06/20/2023 05:56:37 PM,06/20/2023 06:09:59 PM,NYPD,New York City Police Department,Illegal Parking,Posted Parking Sign Violation,,Street/Sidewalk,11239,516 SCHROEDERS AVENUE,SCHROEDERS AVENUE,ASHFORD STREET,ELTON STREET,ASHFORD STREET,ELTON STREET,ADDRESS,BROOKLYN,SCHROEDERS AVENUE,,Closed,,This complaint does not fall under the Police Department's jurisdiction.,06/20/2023 06:10:06 PM,05 BROOKLYN,42,Precinct 75,3044520423,BROOKLYN,1019422,177846,ONLINE,Unspecified,BROOKLYN,,,,,,,,40.65475302381683,-73.87323985668276,POINT (-73.873239856683 40.654753023817)
57946761,06/19/2023 04:44:12 AM,06/19/2023 06:07:32 AM,NYPD,New York City Police Department,Noise - Street/Sidewalk,Loud Music/Party,,Street/Sidewalk,10472,1056 BOYNTON AVENUE,BOYNTON AVENUE,BRUCKNER BOULEVARD,WATSON AVENUE,BRUCKNER BOULEVARD,WATSON AVENUE,ADDRESS,BRONX,BOYNTON AVENUE,,Closed,,The Police Department responded to the complaint and with the information available observed no evidence of the violation at that time.,06/19/2023 06:07:37 AM,09 BRONX,18,Precinct 43,2037150030,BRONX,1018128,240207,MOBILE,Unspecified,BRONX,,,,,,,,40.82592328359406,-73.87758936535008,POINT (-73.87758936535 40.825923283594)
57947877,06/19/2023 04:18:15 PM,06/19/2023 05:55:43 PM,NYPD,New York City Police Department,Non-Emergency Police Matter,Other (complaint details),,Street/Sidewalk,11201,72 CLARK STREET,CLARK STREET,HICKS STREET,HENRY STREET,HICKS STREET,HENRY STREET,ADDRESS,BROOKLYN,CLARK STREET,,Closed,,The Police Department responded to the complaint and with the information available observed no evidence of the violation at that time.,06/19/2023 05:55:48 PM,02 BROOKLYN,33,Precinct 84,3002360112,BROOKLYN,986054,193424,ONLINE,Unspecified,BROOKLYN,,,,,,,,40.69758078582154,-73.99349419664559,POINT (-73.993494196646 40.697580785822)
57961404,06/21/2023 06:28:18 PM,06/21/2023 06:29:56 PM,NYPD,New York City Police Department,Noise - Residential,Loud Music/Party,,Residential Building/House,10454,400 BROOK AVENUE,BROOK AVENUE,EAST  143 STREET,EAST  144 STREET,EAST  143 STREET,EAST  144 STREET,ADDRESS,BRONX,BROOK AVENUE,,Closed,,The Police Department responded to the complaint and determined that police action was not necessary.,06/21/2023 06:30:01 PM,01 BRONX,08,Precinct 40,2022690100,BRONX,1007256,234955,ONLINE,Unspecified,BRONX,,,,,,,,40.81154303671623,-73.91689090006788,POINT (-73.916890900068 40.811543036716)
57949209,06/19/2023 10:27:44 AM,06/20/2023 02:04:05 PM,DSNY,Department of Sanitation,Illegal Posting,Poster or Sign,Utility Pole,Street,11416,98-19 101 AVENUE,101 AVENUE,98 STREET,99 STREET,98 STREET,99 STREET,ADDRESS,OZONE PARK,101 AVENUE,,Closed,,The Department of Sanitation has removed illegal postings from the location. The Department will issue a Notice of Violation to the responsible party once it is identified.,06/20/2023 02:04:11 PM,09 QUEENS,32,Precinct 102,4090750050,QUEENS,1027761,188914,ONLINE,Unspecified,QUEENS,,,,,,,,40.6850951133512,-73.84311465742671,POINT (-73.843114657427 40.685095113351)
57953934,06/20/2023 11:03:51 AM,06/28/2023 08:32:12 AM,DOT,Department of Transportation,Street Condition,Defective Hardware,N/A,Street,11101,21-41 44 DRIVE,44 DRIVE,21 STREET,23 STREET,21 STREET,23 STREET,ADDRESS,LONG ISLAND CITY,44 DRIVE,,Closed,,"The Department of Transportation inspected the location for the condition you reported and could not find the problem. It you would like to pursue the complaint, please call 311 or (212) 639-9675 with additional information.",06/28/2023 08:32:16 AM,02 QUEENS,26,Precinct 108,4004387501,QUEENS,998950,211812,ONLINE,Unspecified,QUEENS,,,,,,,,40.74803936131165,-73.94694692313273,POINT (-73.946946923133 40.748039361312)
57959226,06/20/2023 10:46:36 PM,06/21/2023 04:00:46 AM,NYPD,New York City Police Department,Noise - Residential,Loud Music/Party,,Residential Building/House,10467,3515 BARNES AVENUE,BARNES AVENUE,TILDEN STREET,EAST  211 STREET,TILDEN STREET,EAST  211 STREET,ADDRESS,BRONX,BARNES AVENUE,,Closed,,The Police Department responded to the complaint and with the information available observed no evidence of the violation at that time.,06/21/2023 04:00:53 AM,12 BRONX,12,Precinct 47,2046590031,BRONX,1022509,258919,ONLINE,Unspecified,BRONX,,,,,,,,40.87726421732481,-73.86165283614274,POINT (-73.861652836143 40.877264217325)
57952476,06/20/2023 08:40:48 AM,07/14/2023 10:05:03 AM,DOHMH,Department of Health and Mental Hygiene,Rodent,Rat Sighting,,1-2 Family Dwelling,11238,261 PROSPECT PLACE,PROSPECT PLACE,VANDERBILT AVENUE,UNDERHILL AVENUE,VANDERBILT AVENUE,UNDERHILL AVENUE,ADDRESS,BROOKLYN,PROSPECT PLACE,,Closed,,This service request was closed because the Department of Health and Mental Hygiene received an earlier complaint about the same location.  You can find inspection results for this address by going to the online Rat Portal at www.nyc.gov/rats.,06/20/2023 08:40:48 AM,08 BROOKLYN,35,Precinct 77,3011520082,BROOKLYN,993213,186083,ONLINE,Unspecified,BROOKLYN,,,,,,,,40.677427070764324,-73.96768631091933,POINT (-73.967686310919 40.677427070764)
57958695,06/20/2023 08:56:02 AM,06/20/2023 09:28:28 AM,NYPD,New York City Police Department,Encampment,N/A,,Street/Sidewalk,10035,1815 MADISON AVENUE,MADISON AVENUE,EAST  118 STREET,EAST  119 STREET,EAST  118 STREET,EAST  119 STREET,ADDRESS,NEW YORK,MADISON AVENUE,,Closed,,The Police Department visited the location and has referred the complaint to the Department of Homeless Services (DHS) for further action. DHS will inspect the condition and update your Service Request with more information.,06/20/2023 09:28:33 AM,11 MANHATTAN,09,Precinct 25,1017457501,MANHATTAN,999837,231305,ONLINE,Unspecified,MANHATTAN,,,,,,,,40.80154100056227,-73.94370047873146,POINT (-73.943700478731 40.801541000562)
57946005,06/19/2023 09:57:25 PM,10/24/2024 02:00:22 PM,EDC,Economic Development Corporation,Noise - Helicopter,Other,Flying Too Low,Above Address,11215,255 15 STREET,15 STREET,5 AVENUE,6 AVENUE,5 AVENUE,6 AVENUE,ADDRESS,BROOKLYN,15 STREET,,Closed,,"The New York City Economic Development Corporation determined that this issue is not within its jurisdiction because the helicopter did not belong to a tour company departing from a NYC heliport.Â  Instead, it was most likely a law enforcement or news gathering helicopter not subject to the routing protocols established for tour helicopters. It may also have been a helicopter that departed as a charter or tour from another City but flew over NYC airspace. Helicopter tours originating from outside NYC are not subject to the same City regulations as tours departing from heliports managed by NYCEDC. Any City regulation of these flights is pre-empted by federal law and subject only to the jurisdiction of the Federal Aviation Administration. To file a complaint with the FAA, you can contact the New York Flight Standards District Office at the following web address:Â https://www.faa.gov/about/office_org/field_offices/fsdo/",10/24/2024 02:00:24 PM,06 BROOKLYN,39,Precinct 78,3010420060,BROOKLYN,987616,181509,ONLINE,Unspecified,BROOKLYN,,,,,,,,40.664876362495356,-73.98786707466286,POINT (-73.987867074663 40.664876362495)
57951549,06/20/2023 09:59:00 PM,06/21/2023 01:40:00 AM,DEP,Department of Environmental Protection,Water System,Hydrant Running Full (WA4),WA4,,11368,33-11 102 STREET,102 STREET,NORTHERN BLVD,34 AVE,,,ADDRESS,CORONA,,,Closed,,"The Department of Environment Protection inspected your complaint but could not find the problem you reported. If the condition persists, please call 311 (or 212-639-9675 if calling from a non-New York City area code) with more detailed information to submit a new complaint.",06/21/2023 01:40:00 AM,03 QUEENS,21,Precinct 115,,QUEENS,1021239,215151,PHONE,Unspecified,QUEENS,,,,,,,,40.757138917368586,-73.86648646398224,POINT (-73.866486463982 40.757138917369)
57947112,06/19/2023 04:17:46 PM,06/20/2023 12:04:23 PM,DPR,Department of Parks and Recreation,Damaged Tree,Branch or Limb Has Fallen Down,Blocking Sidewalk,Street,11361,206-61 46 AVENUE,46 AVENUE,206 STREET,OCEANIA STREET,206 STREET,OCEANIA STREET,ADDRESS,BAYSIDE,46 AVENUE,,Closed,,"NYC Parks created a work order for the tree condition.  Please note that addressing this work can take up to a year or more depending on the higher priority work identified during this period and resources available to address this work.    NYC Parks work priority categories range from Category A through D, with A being the most critical and time-sensitive. We will complete all work in Category A first and address work in lower priority categories in accordance with available resources. For more information about the Tree Risk Management Program, visit the NYC Urban Forest page on the NYC Parks website at nyc.gov/parks/trees.   Alternatively, you may choose complete the work yourself by hiring an independent contractor. The contractor must complete a Tree Work Permit application on the NYC Parks website at nyc.gov/parks/trees.",06/20/2023 12:04:30 PM,11 QUEENS,19,Precinct 111,4073070139,QUEENS,1046430,214919,UNKNOWN,Unspecified,QUEENS,,,,,,,,40.75636086695625,-73.77556082705433,POINT (-73.775560827054 40.756360866956)
57957444,06/20/2023 11:57:10 PM,06/21/2023 12:23:48 AM,NYPD,New York City Police Department,Noise - Residential,Loud Music/Party,,Residential Building/House,11694,150 BEACH  115 STREET,BEACH  115 STREET,OCEAN PROMENADE,ROCKAWAY BEACH BOULEVARD,OCEAN PROMENADE,ROCKAWAY BEACH BOULEVARD,ADDRESS,FAR ROCKAWAY,BEACH  115 STREET,,Closed,,The Police Department responded to the complaint and took action to fix the condition.,06/21/2023 12:23:52 AM,14 QUEENS,32,Precinct 100,4161870057,QUEENS,1029889,150310,ONLINE,Unspecified,QUEENS,,,,,,,,40.579124790193184,-73.83570292500706,POINT (-73.835702925007 40.579124790193)
57948048,06/19/2023 11:02:03 AM,06/22/2023 01:44:01 PM,HPD,Department of Housing Preservation and Development,UNSANITARY CONDITION,MOLD,N/A,RESIDENTIAL BUILDING,10027,278 WEST  127 STREET,WEST  127 STREET,,,,,ADDRESS,NEW YORK,,,Closed,,The Department of Housing Preservation and Development inspected the following conditions. No violations were issued. The complaint has been closed.,06/22/2023 12:00:00 AM,10 MANHATTAN,09,Precinct 28,1019320059,MANHATTAN,998182,234837,PHONE,Unspecified,MANHATTAN,,,,,,,,40.81123812915661,-73.94967093081291,POINT (-73.949670930813 40.811238129157)
57949128,06/19/2023 04:13:44 PM,06/23/2023 08:41:14 AM,TLC,Taxi and Limousine Commission,Green Taxi Complaint,Driver Complaint - Passenger,Unsafe Driving,,11415,80-02 KEW GARDENS ROAD,KEW GARDENS ROAD,UNION TURNPIKE,80 ROAD,UNION TURNPIKE,80 ROAD,ADDRESS,KEW GARDENS,KEW GARDENS ROAD,,Closed,,,11/13/2023 08:00:20 AM,09 QUEENS,29,Precinct 102,4033480037,QUEENS,1031238,199337,PHONE,Unspecified,QUEENS,,,"80-02 KEW GARDENS ROAD, QUEENS (KEW GARDENS), NY, 11415",,,,,40.71368598591725,-73.83050513209646,POINT (-73.830505132096 40.713685985917)
57953979,06/20/2023 05:38:07 AM,10/24/2024 02:01:03 PM,EDC,Economic Development Corporation,Noise - Helicopter,Other,Flying Too Low,Above Address,10025,214 WEST  102 STREET,WEST  102 STREET,AMSTERDAM AVENUE,BROADWAY,AMSTERDAM AVENUE,BROADWAY,ADDRESS,NEW YORK,WEST  102 STREET,,Closed,,"The New York City Economic Development Corporation determined that this issue is not within its jurisdiction because the helicopter did not belong to a tour company departing from a NYC heliport.Â  Instead, it was most likely a law enforcement or news gathering helicopter not subject to the routing protocols established for tour helicopters. It may also have been a helicopter that departed as a charter or tour from another City but flew over NYC airspace. Helicopter tours originating from outside NYC are not subject to the same City regulations as tours departing from heliports managed by NYCEDC. Any City regulation of these flights is pre-empted by federal law and subject only to the jurisdiction of the Federal Aviation Administration. To file a complaint with the FAA, you can contact the New York Flight Standards District Office at the following web address:Â https://www.faa.gov/about/office_org/field_offices/fsdo/",10/24/2024 02:01:07 PM,07 MANHATTAN,07,Precinct 24,1018730041,MANHATTAN,993042,230062,ONLINE,Unspecified,MANHATTAN,,,,,,,,40.798138679135754,-73.96824532821826,POINT (-73.968245328218 40.798138679136)
57944997,06/19/2023 08:20:40 AM,06/26/2023 06:44:31 AM,DSNY,Department of Sanitation,Dumpster Complaint,Blocking Sidewalk or Street,N/A,Street,11367,140-42 69 ROAD,69 ROAD,140 STREET,MAIN STREET,140 STREET,MAIN STREET,ADDRESS,FLUSHING,69 ROAD,,Closed,,The Department of Sanitation investigated this complaint and found no condition at the location.,06/20/2023 05:29:00 AM,08 QUEENS,24,Precinct 107,4064980036,QUEENS,1032888,205461,ONLINE,Unspecified,QUEENS,,,,,,,,40.730485935376386,-73.82450902073637,POINT (-73.824509020736 40.730485935376)
57954780,06/21/2023 01:01:03 AM,06/21/2023 01:14:44 AM,NYPD,New York City Police Department,Noise - Residential,Banging/Pounding,,Residential Building/House,10025,319 WEST   94 STREET,WEST   94 STREET,WEST END AVENUE,RIVERSIDE DRIVE,WEST END AVENUE,RIVERSIDE DRIVE,ADDRESS,NEW YORK,WEST   94 STREET,,Closed,,The Police Department responded to the complaint and with the information available observed no evidence of the violation at that time.,06/21/2023 01:14:52 AM,07 MANHATTAN,06,Precinct 24,1012530010,MANHATTAN,991128,228693,ONLINE,Unspecified,MANHATTAN,,,,,,,,40.79438284298674,-73.97515965552397,POINT (-73.975159655524 40.794382842987)
57945519,06/19/2023 11:44:56 PM,06/20/2023 12:07:15 AM,NYPD,New York City Police Department,Noise - Park,Loud Music/Party,,Park/Playground,11212,BETSY HEAD PARK,BETSY HEAD PARK,HERZL STREET,AMBOY STREET,HERZL STREET,AMBOY STREET,UNRECOGNIZED,BROOKLYN,BETSY HEAD PARK,,Closed,,The Police Department responded to the complaint and took action to fix the condition.,06/20/2023 12:07:21 AM,16 BROOKLYN,41,Precinct 73,3035700001,BROOKLYN,1008255,180767,PHONE,Betsy Head Park,BROOKLYN,,,,,,,,40.6628078358559,-73.91347537508494,POINT (-73.913475375085 40.662807835856)
57953448,06/20/2023 03:40:44 PM,06/21/2023 09:50:25 AM,HPD,Department of Housing Preservation and Development,HEAT/HOT WATER,ENTIRE BUILDING,NO HOT WATER,RESIDENTIAL BUILDING,10467,3580 WEBSTER AVENUE,WEBSTER AVENUE,,,,,ADDRESS,BRONX,,,Closed,,"The Department of Housing Preservation and Development contacted a tenant in the building and verified that the following conditions were corrected. The complaint has been closed. If the condition still exists, please file a new complaint.",06/21/2023 12:00:00 AM,12 BRONX,11,Precinct 47,2033600070,BRONX,1020091,260443,PHONE,Unspecified,BRONX,,,,,,,,40.881457270343866,-73.87038832244687,POINT (-73.870388322447 40.881457270344)
57950226,06/20/2023 01:00:57 PM,06/20/2023 01:11:08 PM,NYPD,New York City Police Department,Illegal Parking,Posted Parking Sign Violation,,Street/Sidewalk,10013,151 WORTH STREET,WORTH STREET,CENTRE STREET,HAMILL PLACE,CENTRE STREET,HAMILL PLACE,ADDRESS,NEW YORK,WORTH STREET,,Closed,,The Police Department responded to the complaint and took action to fix the condition.,06/20/2023 01:11:14 PM,01 MANHATTAN,01,Precinct 5,1001660027,MANHATTAN,983766,199770,MOBILE,Unspecified,MANHATTAN,,,,,,,,40.71499922935064,-74.00174591557867,POINT (-74.001745915579 40.714999229351)
57957813,06/20/2023 12:19:28 PM,06/20/2023 12:19:28 PM,DOHMH,Department of Health and Mental Hygiene,Rodent,Condition Attracting Rodents,,3+ Family Apt. Building,10453,2033 MORRIS AVENUE,MORRIS AVENUE,EAST 179 STREET,EAST BURNSIDE AVENUE,EAST  179 STREET,EAST BURNSIDE AVENUE,ADDRESS,BRONX,MORRIS AVENUE,,Closed,,The Department of Health and Mental Hygiene found violations on the property you reported. Follow-up inspections will be scheduled.,06/20/2023 12:19:28 PM,05 BRONX,14,Precinct 46,2028290055,BRONX,1010213,249903,PHONE,Unspecified,BRONX,,,,,,,,40.85256278046497,-73.90615090135645,POINT (-73.906150901356 40.852562780465)
57945231,06/20/2023 12:57:37 AM,06/20/2023 01:50:21 AM,NYPD,New York City Police Department,Illegal Parking,Commercial Overnight Parking,,Street/Sidewalk,11369,24-17 98 STREET,98 STREET,24 AVENUE,25 AVENUE,24 AVENUE,25 AVENUE,ADDRESS,EAST ELMHURST,98 STREET,,Closed,,The Police Department issued a summons in response to the complaint.,06/20/2023 01:50:31 AM,03 QUEENS,21,Precinct 115,4011090050,QUEENS,1019714,218302,MOBILE,Unspecified,QUEENS,,,,,,,,40.76579384193644,-73.87197439231652,POINT (-73.871974392317 40.765793841936)
57955185,06/20/2023 09:56:36 PM,06/21/2023 02:55:41 AM,NYPD,New York City Police Department,Noise - Street/Sidewalk,Loud Music/Party,,Street/Sidewalk,10469,EAST  214 STREET,EAST  214 STREET,EAST  214 STREET,WILSON AVENUE,EAST  214 STREET,WILSON AVENUE,INTERSECTION,,,,Closed,,The Police Department responded and upon arrival those responsible for the condition were gone.,06/21/2023 02:55:46 AM,12 BRONX,12,Precinct 47,,BRONX,1025475,258401,MOBILE,Unspecified,BRONX,,,,,,,,40.87582911385495,-73.85093078460079,POINT (-73.850930784601 40.875829113855)
57950829,06/20/2023 01:23:55 PM,06/23/2023 09:21:00 AM,DOT,Department of Transportation,Street Condition,Pothole,,,11434,,,,,BELT PARKWAY SB ENTRANCE 181 ST,NORTH CONDUIT AVENUE,INTERSECTION,QUEENS,,N/A,Closed,,The Department of Transportation inspected this complaint and repaired the problem.,06/23/2023 09:21:00 AM,12 QUEENS,31,Precinct 113,,QUEENS,1049788,182405,UNKNOWN,Unspecified,QUEENS,,,,,,,,40.667093751724906,-73.76375666769641,POINT (-73.763756667696 40.667093751725)
57948543,06/19/2023 04:57:00 AM,,DOT,Department of Transportation,Street Light Condition,Street Light Out,Location Type: Intersection,,10001,,,,,9 AVENUE,WEST 26 STREET,INTERSECTION,MANHATTAN,,,Assigned,,Service Request status for this request is available on the Department of Transportationâs website. Please click the âLearn Moreâ link below.,07/10/2023 12:00:00 AM,04 MANHATTAN,03,Precinct 10,,MANHATTAN,984267,211939,UNKNOWN,Unspecified,MANHATTAN,,,,,,,,40.74840016262004,-73.99993864577306,POINT (-73.999938645773 40.74840016262)
57956994,06/20/2023 12:58:58 PM,06/20/2023 01:30:35 PM,NYPD,New York City Police Department,Illegal Parking,Blocked Sidewalk,,Street/Sidewalk,11377,55-07 39 AVENUE,39 AVENUE,55 STREET,56 STREET,55 STREET,56 STREET,ADDRESS,WOODSIDE,39 AVENUE,,Closed,,The Police Department responded to the complaint and took action to fix the condition.,06/20/2023 01:30:40 PM,02 QUEENS,26,Precinct 108,4012080022,QUEENS,1009785,212008,MOBILE,Unspecified,QUEENS,,,,,,,,40.748552682184524,-73.90784211405325,POINT (-73.907842114053 40.748552682185)
57951675,06/20/2023 07:58:24 AM,06/20/2023 11:58:00 AM,NYPD,New York City Police Department,Blocked Driveway,Partial Access,,Street/Sidewalk,10462,1935 BARNES AVENUE,BARNES AVENUE,RHINELANDER AVENUE,BRONXDALE AVENUE,RHINELANDER AVENUE,BRONXDALE AVENUE,ADDRESS,BRONX,BARNES AVENUE,,Closed,,The Police Department issued a summons in response to the complaint.,06/20/2023 11:58:05 AM,11 BRONX,13,Precinct 49,2042610038,BRONX,1021939,248708,PHONE,Unspecified,BRONX,,,,,,,,40.84924059548261,-73.86377141437083,POINT (-73.863771414371 40.849240595483)
57953358,06/21/2023 12:36:44 AM,06/21/2023 01:11:45 AM,NYPD,New York City Police Department,Noise - Residential,Loud Music/Party,,Residential Building/House,11433,107-09 159 STREET,159 STREET,107 AVENUE,108 AVENUE,107 AVENUE,108 AVENUE,ADDRESS,JAMAICA,159 STREET,,Closed,,The Police Department responded to the complaint and with the information available observed no evidence of the violation at that time.,06/21/2023 01:11:52 AM,12 QUEENS,28,Precinct 103,4101250033,QUEENS,1041091,193174,ONLINE,Unspecified,QUEENS,,,,,,,,40.69671223371353,-73.79501558307801,POINT (-73.795015583078 40.696712233714)
57950658,06/20/2023 12:31:56 PM,06/26/2023 05:06:48 PM,HPD,Department of Housing Preservation and Development,GENERAL,CABINET,DAMAGED OR MISSING,RESIDENTIAL BUILDING,10472,1990 ELLIS AVENUE,ELLIS AVENUE,,,,,ADDRESS,BRONX,,,Closed,,The Department of Housing Preservation and Development inspected the following conditions. Violations were issued. Information about specific violations is available at www.nyc.gov/hpd,06/26/2023 12:00:00 AM,09 BRONX,18,Precinct 43,2037930039,BRONX,1023515,242322,PHONE,Unspecified,BRONX,,,,,,,,40.831706041426315,-73.85811228962753,POINT (-73.858112289628 40.831706041426)
57950604,06/20/2023 02:22:12 AM,10/01/2023 10:58:12 AM,HPD,Department of Housing Preservation and Development,ELECTRIC,LIGHTING,DIMS OR FLICKERS,RESIDENTIAL BUILDING,10466,4435 MUNDY LANE,MUNDY LANE,,,,,ADDRESS,BRONX,,,Closed,,The Department of Housing Preservation and Development inspected the following conditions. No violations were issued. The complaint has been closed.,10/01/2023 12:00:00 AM,12 BRONX,11,Precinct 47,2051000016,BRONX,1028272,267781,PHONE,Unspecified,BRONX,,,,,,,,40.90156070933591,-73.84075522012387,POINT (-73.840755220124 40.901560709336)
57944295,06/19/2023 08:44:17 AM,06/21/2023 02:48:46 PM,DSNY,Department of Sanitation,Missed Collection,Recycling - Metal/Glass/Rigid Plastic,N/A,Street,11219,1482 45 STREET,45 STREET,14 AVENUE,15 AVENUE,14 AVENUE,15 AVENUE,ADDRESS,BROOKLYN,45 STREET,,Closed,,The Department of Sanitation collected the requested items.,06/21/2023 11:02:02 AM,12 BROOKLYN,44,Precinct 66,,BROOKLYN,988144,170607,ONLINE,Unspecified,BROOKLYN,,,,,,,,40.63495252334905,-73.98597016461804,POINT (-73.985970164618 40.634952523349)
57960342,06/20/2023 04:00:23 PM,06/26/2023 06:43:33 PM,HPD,Department of Housing Preservation and Development,WATER LEAK,SLOW LEAK,AT WALL OR CEILING,RESIDENTIAL BUILDING,11226,125 LENOX ROAD,LENOX ROAD,,,,,ADDRESS,BROOKLYN,,,Closed,,The Department of Housing Preservation and Development inspected the following conditions. No violations were issued. The complaint has been closed.,06/26/2023 12:00:00 AM,17 BROOKLYN,40,Precinct 67,3050650100,BROOKLYN,996710,177494,PHONE,Unspecified,BROOKLYN,,,,,,,,40.653847944816754,-73.9550946924735,POINT (-73.955094692473 40.653847944817)
57945168,06/19/2023 11:40:28 AM,06/19/2023 11:55:19 AM,NYPD,New York City Police Department,Illegal Parking,Blocked Sidewalk,,Street/Sidewalk,10003,51 ST MARKS PLACE,ST MARKS PLACE,2 AVENUE,1 AVENUE,2 AVENUE,1 AVENUE,ADDRESS,NEW YORK,ST MARKS PLACE,,Closed,,The Police Department responded and upon arrival those responsible for the condition were gone.,06/19/2023 11:55:23 AM,03 MANHATTAN,02,Precinct 9,1004500049,MANHATTAN,987908,204594,ONLINE,Unspecified,MANHATTAN,,,,,,,,40.728239201293114,-73.98680200805882,POINT (-73.986802008059 40.728239201293)
57944862,06/19/2023 11:11:44 AM,03/25/2024 12:31:42 PM,DPR,Department of Parks and Recreation,Maintenance or Facility,Structure - Outdoors,Gate,Park,11101,OLD HICKORY PLAYGROUND,OLD HICKORY PLAYGROUND,VERNON BOULEVARD,51 AVENUE,VERNON BOULEVARD,51 AVENUE,UNRECOGNIZED,LONG ISLAND CITY,OLD HICKORY PLAYGROUND,,Closed,,NYC Parks has completed the requested work order and corrected the problem.,03/25/2024 12:31:48 PM,02 QUEENS,26,Precinct 108,4000390002,QUEENS,997066,209510,MOBILE,Old Hickory Playground,QUEENS,,,,,,,,40.741723879596954,-73.95375076378717,POINT (-73.953750763787 40.741723879597)
57944826,06/19/2023 07:31:35 PM,08/23/2023 08:18:24 AM,TLC,Taxi and Limousine Commission,Taxi Complaint,Driver Complaint - Passenger,Fare/Tip Complaint,Street,11369,LGA,LGA,94 STREET,GRAND CENTRAL PARKWAY ET    7 EB,94 STREET,GRAND CENTRAL PARKWAY ET    7 EB,UNRECOGNIZED,EAST ELMHURST,LA GUARDIA AIRPORT,,Closed,,"Based on the information provided by the customer, the Taxi and Limousine Commission has determined that a hearing is not necessary or not possible.",08/23/2023 08:18:26 AM,80 QUEENS,21,Precinct 115,4009260001,QUEENS,1018236,221443,PHONE,Unspecified,QUEENS,,,"LA GUARDIA AIRPORT, QUEENS (EAST ELMHURST) ,NY, 11369",,,,,40.77442086598845,-73.87729410513894,POINT (-73.877294105139 40.774420865988)
57957885,06/20/2023 07:50:23 PM,07/27/2023 12:13:53 PM,EDC,Economic Development Corporation,Noise - Helicopter,Other,Flying Too Low,Above Address,10023,158 WEST   74 STREET,WEST   74 STREET,COLUMBUS AVENUE,AMSTERDAM AVENUE,COLUMBUS AVENUE,AMSTERDAM AVENUE,ADDRESS,NEW YORK,WEST   74 STREET,,Closed,,"The New York City Economic Development Corporation determined that this issue is not within its jurisdiction because the helicopter did not belong to a tour company departing from a NYC heliport.Â  Instead, it was most likely a law enforcement or news gathering helicopter not subject to the routing protocols established for tour helicopters. It may also have been a helicopter that departed as a charter or tour from another City but flew over NYC airspace. Helicopter tours originating from outside NYC are not subject to the same City regulations as tours departing from heliports managed by NYCEDC. Any City regulation of these flights is pre-empted by federal law and subject only to the jurisdiction of the Federal Aviation Administration. To file a complaint with the FAA, you can contact the New York Flight Standards District Office at the following web address:Â https://www.faa.gov/about/office_org/field_offices/fsdo/",07/27/2023 12:13:57 PM,07 MANHATTAN,06,Precinct 20,1011450155,MANHATTAN,989822,223301,ONLINE,Unspecified,MANHATTAN,,,,,,,,40.779584165538544,-73.97988083195621,POINT (-73.979880831956 40.779584165539)
57950847,06/20/2023 09:38:06 AM,06/22/2023 08:05:00 AM,DOT,Department of Transportation,Street Condition,Pothole,,,11358,,,,,29 AVENUE,FRANCIS LEWIS BOULEVARD,INTERSECTION,QUEENS,,N/A,Closed,,The Department of Transportation inspected this complaint and repaired the problem.,06/22/2023 08:05:00 AM,07 QUEENS,19,Precinct 109,,QUEENS,1041521,220047,UNKNOWN,Unspecified,QUEENS,,,,,,,,40.770469026122576,-73.79323614074833,POINT (-73.793236140748 40.770469026123)
57950523,06/20/2023 09:42:49 PM,06/20/2023 10:42:44 PM,NYPD,New York City Police Department,Noise - Residential,Loud Music/Party,,Residential Building/House,11201,70 CLARK STREET,CLARK STREET,HICKS STREET,HENRY STREET,HICKS STREET,HENRY STREET,ADDRESS,BROOKLYN,CLARK STREET,,Closed,,The Police Department responded to the complaint but officers were unable to gain entry into the premises.,06/20/2023 10:42:48 PM,02 BROOKLYN,33,Precinct 84,3002360112,BROOKLYN,986038,193430,ONLINE,Unspecified,BROOKLYN,,,,,,,,40.69759725767173,-73.99355189619098,POINT (-73.993551896191 40.697597257672)
57960972,06/21/2023 10:02:40 AM,06/22/2023 12:23:35 PM,DSNY,Department of Sanitation,Missed Collection,Compost,N/A,Street,11222,118 MILTON STREET,MILTON STREET,FRANKLIN STREET,MANHATTAN AVENUE,FRANKLIN STREET,MANHATTAN AVENUE,ADDRESS,BROOKLYN,MILTON STREET,,Closed,,The Department of Sanitation collected the requested items.,06/22/2023 11:34:27 AM,01 BROOKLYN,33,Precinct 94,3025660024,BROOKLYN,996507,204991,ONLINE,Unspecified,BROOKLYN,,,,,,,,40.72932113348252,-73.95577626573717,POINT (-73.955776265737 40.729321133483)
57959919,06/20/2023 01:48:51 PM,06/20/2023 05:18:57 PM,NYPD,New York City Police Department,Noise - Street/Sidewalk,Loud Music/Party,,Street/Sidewalk,11419,103-20 114 STREET,114 STREET,103 AVENUE,LIBERTY AVENUE,103 AVENUE,LIBERTY AVENUE,ADDRESS,SOUTH RICHMOND HILL,114 STREET,,Closed,,The Police Department responded to the complaint and took action to fix the condition.,06/20/2023 05:19:03 PM,10 QUEENS,29,Precinct 106,4095180016,QUEENS,1031700,189325,ONLINE,Unspecified,QUEENS,,,,,,,,40.686202972225466,-73.8289091508428,POINT (-73.828909150843 40.686202972225)
57945483,06/19/2023 12:58:11 PM,06/19/2023 03:08:22 PM,NYPD,New York City Police Department,Blocked Driveway,Partial Access,,Street/Sidewalk,11368,100-22 35 AVENUE,35 AVENUE,100 STREET,101 STREET,100 STREET,101 STREET,ADDRESS,CORONA,35 AVENUE,,Closed,,The Police Department responded and upon arrival those responsible for the condition were gone.,06/19/2023 03:08:25 PM,03 QUEENS,21,Precinct 115,4017410006,QUEENS,1020933,214083,MOBILE,Unspecified,QUEENS,,,,,,,,40.75420880744355,-73.86759681051305,POINT (-73.867596810513 40.754208807444)
57960423,06/21/2023 07:30:24 PM,06/21/2023 09:14:43 PM,NYPD,New York City Police Department,Illegal Parking,Parking Permit Improper Use,Parked On Sidewalk,Street/Sidewalk,11365,71-01 PARSONS BOULEVARD,PARSONS BOULEVARD,71 AVENUE,72 AVENUE,71 AVENUE,72 AVENUE,ADDRESS,FRESH MEADOWS,PARSONS BOULEVARD,,Closed,,The Police Department responded to the complaint and determined that police action was not necessary.,06/21/2023 09:14:46 PM,08 QUEENS,24,Precinct 107,4067970040,QUEENS,1036658,205328,ONLINE,Unspecified,QUEENS,,,,,,,,40.73009934988612,-73.81090754397326,POINT (-73.810907543973 40.730099349886)
57953889,06/20/2023 11:10:12 AM,07/12/2023 02:57:10 PM,EDC,Economic Development Corporation,Noise - Helicopter,Other,Flying Too Low,Above Address,10016,499 EAST   34 STREET,EAST   34 STREET,CONNECTOR,FRANKLIN D ROOSEVELT DRIVE,CONNECTOR,FRANKLIN D ROOSEVELT DRIVE,ADDRESS,NEW YORK,EAST   34 STREET,,Closed,,"The New York City Economic Development Corporation determined that this issue is not within its jurisdiction because the helicopter did not belong to a tour company departing from a NYC heliport.Â  Instead, it was most likely a law enforcement or news gathering helicopter not subject to the routing protocols established for tour helicopters. It may also have been a helicopter that departed as a charter or tour from another City but flew over NYC airspace. Helicopter tours originating from outside NYC are not subject to the same City regulations as tours departing from heliports managed by NYCEDC. Any City regulation of these flights is pre-empted by federal law and subject only to the jurisdiction of the Federal Aviation Administration. To file a complaint with the FAA, you can contact the New York Flight Standards District Office at the following web address:Â https://www.faa.gov/about/office_org/field_offices/fsdo/",07/12/2023 02:57:14 PM,06 MANHATTAN,04,Precinct 17,1009620050,MANHATTAN,991892,209689,ONLINE,Unspecified,MANHATTAN,,,,,,,,40.742221174418034,-73.97242202788439,POINT (-73.972422027884 40.742221174418)
57953772,06/20/2023 08:49:27 PM,06/20/2023 10:56:46 PM,NYPD,New York City Police Department,Abandoned Vehicle,With License Plate,,Street/Sidewalk,11218,36 CHESTER AVENUE,CHESTER AVENUE,MINNA STREET,12 AVENUE,MINNA STREET,12 AVENUE,ADDRESS,BROOKLYN,CHESTER AVENUE,,Closed,,The Police Department responded to the complaint and took action to fix the condition.,06/20/2023 10:56:49 PM,12 BROOKLYN,39,Precinct 66,3053040044,BROOKLYN,988513,174188,MOBILE,Unspecified,BROOKLYN,,,,,,,,40.64478143193661,-73.9846384184206,POINT (-73.984638418421 40.644781431937)
57955401,06/20/2023 12:51:46 AM,06/20/2023 08:07:28 PM,HPD,Department of Housing Preservation and Development,SAFETY,SMOKE DETECTOR,BROKEN OR MISSING,RESIDENTIAL BUILDING,11106,31-51 35 STREET,35 STREET,,,,,ADDRESS,ASTORIA,,,Closed,,The Department of Housing Preservation and Development inspected the following conditions. No violations were issued. The complaint has been closed.,06/20/2023 12:00:00 AM,01 QUEENS,22,Precinct 114,4006480021,QUEENS,1006067,216768,PHONE,Unspecified,QUEENS,,,,,,,,40.761627620890636,-73.92124522467188,POINT (-73.921245224672 40.761627620891)
57957390,06/20/2023 02:58:31 AM,06/20/2023 03:12:15 AM,NYPD,New York City Police Department,Noise - Vehicle,Car/Truck Music,,Street/Sidewalk,10035,1900 LEXINGTON AVENUE,LEXINGTON AVENUE,EAST  118 STREET,EAST  119 STREET,EAST  118 STREET,EAST  119 STREET,ADDRESS,NEW YORK,LEXINGTON AVENUE,,Closed,,The Police Department responded to the complaint and with the information available observed no evidence of the violation at that time.,06/20/2023 03:12:19 AM,11 MANHATTAN,09,Precinct 25,1017670016,MANHATTAN,1000700,230764,ONLINE,Unspecified,MANHATTAN,,,,,,,,40.80005453928576,-73.94058468907889,POINT (-73.940584689079 40.800054539286)
57954933,06/20/2023 04:03:16 PM,08/21/2023 07:30:50 AM,HPD,Department of Housing Preservation and Development,SAFETY,SMOKE DETECTOR,BROKEN OR MISSING,RESIDENTIAL BUILDING,10456,587 EAST  167 STREET,EAST  167 STREET,,,,,ADDRESS,BRONX,,,Closed,,"The Department of Housing Preservation and Development was not able to gain access to inspect the following conditions. The complaint has been closed. If the condition still exists, please file a new complaint.",08/21/2023 12:00:00 AM,03 BRONX,16,Precinct 42,2026140061,BRONX,1010642,241213,PHONE,Unspecified,BRONX,,,,,,,,40.82871000547055,-73.90463438330687,POINT (-73.904634383307 40.828710005471)
57945375,06/19/2023 02:01:55 PM,06/19/2023 02:23:12 PM,NYPD,New York City Police Department,Illegal Parking,Blocked Bike Lane,,Street/Sidewalk,11109,46-15 CENTER BOULEVARD,CENTER BOULEVARD,46 AVENUE,47 AVENUE,46 AVENUE,47 AVENUE,ADDRESS,LONG ISLAND CITY,CENTER BOULEVARD,,Closed,,The Police Department responded to the complaint and determined that police action was not necessary.,06/19/2023 02:23:21 PM,02 QUEENS,26,Precinct 108,4000210035,QUEENS,996337,211519,ONLINE,Unspecified,QUEENS,,,,,,,,40.74723910773346,-73.9563779030925,POINT (-73.956377903092 40.747239107733)
57958488,06/20/2023 07:37:58 PM,06/21/2023 12:34:56 AM,NYPD,New York City Police Department,Illegal Parking,Unauthorized Bus Layover,,Street/Sidewalk,11229,1615 QUENTIN ROAD,QUENTIN ROAD,EAST   16 STREET,EAST   17 STREET,EAST   16 STREET,EAST   17 STREET,ADDRESS,BROOKLYN,QUENTIN ROAD,,Closed,,The Police Department responded to the complaint and determined that police action was not necessary.,06/21/2023 12:34:59 AM,15 BROOKLYN,48,Precinct 61,3067790042,BROOKLYN,996183,160935,MOBILE,Unspecified,BROOKLYN,,,,,,,,40.60839772279964,-73.95702325668057,POINT (-73.957023256681 40.6083977228)
57958506,06/20/2023 08:33:46 AM,06/20/2023 06:18:26 PM,NYPD,New York City Police Department,Illegal Parking,Blocked Hydrant,,Street/Sidewalk,10469,2351 WICKHAM AVENUE,WICKHAM AVENUE,ASTOR AVENUE,WARING AVENUE,ASTOR AVENUE,WARING AVENUE,ADDRESS,BRONX,WICKHAM AVENUE,,Closed,,The Police Department responded and upon arrival those responsible for the condition were gone.,06/20/2023 06:18:31 PM,11 BRONX,13,Precinct 49,2044060039,BRONX,1029814,252575,MOBILE,Unspecified,BRONX,,,,,,,,40.859817213127016,-73.83528065057071,POINT (-73.835280650571 40.859817213127)
57951837,06/20/2023 10:22:12 PM,06/20/2023 10:37:40 PM,NYPD,New York City Police Department,Noise - Residential,Loud Music/Party,,Residential Building/House,11218,1239 36 STREET,36 STREET,TEHAMA STREET,CLARA STREET,TEHAMA STREET,CLARA STREET,ADDRESS,BROOKLYN,36 STREET,,Closed,,The Police Department responded to the complaint and took action to fix the condition.,06/20/2023 10:37:45 PM,12 BROOKLYN,39,Precinct 66,3053080043,BROOKLYN,988219,173523,ONLINE,Unspecified,BROOKLYN,,,,,,,,40.642956286716235,-73.98569822905893,POINT (-73.985698229059 40.642956286716)
57944250,06/19/2023 11:30:57 AM,06/19/2023 12:11:01 PM,NYPD,New York City Police Department,Encampment,N/A,,Store/Commercial,10013,65 AVENUE OF THE AMERICAS,AVENUE OF THE AMERICAS,YORK STREET,LAIGHT STREET,YORK STREET,LAIGHT STREET,ADDRESS,NEW YORK,AVENUE OF THE AMERICAS,,Closed,,The Police Department visited the location and no Encampment was found.,06/19/2023 12:11:07 PM,01 MANHATTAN,01,Precinct 1,,MANHATTAN,982782,202127,ONLINE,Unspecified,MANHATTAN,,,,,,,,40.72146851955966,-74.00529597698329,POINT (-74.005295976983 40.72146851956)
57960999,06/21/2023 08:45:32 AM,07/17/2023 10:32:17 AM,DSNY,Department of Sanitation,Missed Collection,Recycling - Paper/Metal/Glass/Rigid Plastic,N/A,Street,11361,36-12 205 STREET,205 STREET,36 AVENUE,38 AVENUE,36 AVENUE,38 AVENUE,ADDRESS,BAYSIDE,205 STREET,,Closed,,The Department of Sanitation collected the requested items.,06/22/2023 11:47:01 AM,11 QUEENS,19,Precinct 111,4061530011,QUEENS,1044667,218107,ONLINE,Unspecified,QUEENS,,,,,,,,40.76512330431938,-73.78189571103937,POINT (-73.781895711039 40.765123304319)
57952098,06/20/2023 12:50:04 PM,06/22/2023 06:56:46 PM,HPD,Department of Housing Preservation and Development,PAINT/PLASTER,WALL,CHIPPED/PEELING/FLAKING,RESIDENTIAL BUILDING,11206,16 VERNON AVENUE,VERNON AVENUE,,,,,ADDRESS,BROOKLYN,,,Closed,,The Department of Housing Preservation and Development inspected the following conditions. No violations were issued. The complaint has been closed.,06/22/2023 12:00:00 AM,03 BROOKLYN,36,Precinct 79,3017580014,BROOKLYN,997730,192256,PHONE,Unspecified,BROOKLYN,,,,,,,,40.69436481480573,-73.95138913329274,POINT (-73.951389133293 40.694364814806)
57949956,06/20/2023 10:58:48 AM,06/22/2023 01:36:23 PM,DSNY,Department of Sanitation,Commercial Disposal Complaint,Private Carter Decal Not Posted,N/A,Street,10011,101 WEST   17 STREET,WEST   17 STREET,AVENUE OF THE AMERICAS,7 AVENUE,AVENUE OF THE AMERICAS,7 AVENUE,ADDRESS,NEW YORK,WEST   17 STREET,,Closed,,The Department of Sanitation investigated this complaint and found no violation at the location.,06/22/2023 01:36:26 PM,04 MANHATTAN,03,Precinct 13,1007930033,MANHATTAN,985425,208664,PHONE,Unspecified,MANHATTAN,,,,,,,,40.73941102813062,-73.9957599123247,POINT (-73.995759912325 40.739411028131)
57952710,06/20/2023 07:01:30 AM,06/24/2023 07:40:58 PM,DSNY,Department of Sanitation,Residential Disposal Complaint,Trash or Recycling Not Secure,N/A,Sidewalk,10014,75 CHRISTOPHER STREET,CHRISTOPHER STREET,7 AVENUE SOUTH,BLEECKER STREET,7 AVENUE SOUTH,BLEECKER STREET,ADDRESS,NEW YORK,CHRISTOPHER STREET,,Closed,,The Department of Sanitation investigated this complaint and found no violation at the location.,06/24/2023 07:41:03 PM,02 MANHATTAN,03,Precinct 6,1006190074,MANHATTAN,983343,206533,ONLINE,Unspecified,MANHATTAN,,,,,,,,40.733561991198215,-74.00327269952749,POINT (-74.003272699527 40.733561991198)
57958668,06/20/2023 08:32:00 PM,06/20/2023 09:00:00 PM,DEP,Department of Environmental Protection,Air Quality,"Air: Odor/Fumes, Vehicle Idling (AD3)",AD3,,10028,EAST   85 STREET,EAST   85 STREET,LEXINGTON AVENUE,3 AVENUE,,,BLOCKFACE,MANHATTAN,,N/A,Closed,,The Department of Environmental Protection will keep the location under observation for idling commercial vehicles.Â Summonses will be issued when warranted.,06/20/2023 09:00:00 PM,08 MANHATTAN,,Precinct 19,,MANHATTAN,,,PHONE,Unspecified,MANHATTAN,,,,,,,,,,
57957993,06/20/2023 12:55:52 PM,07/03/2023 02:22:07 PM,DPR,Department of Parks and Recreation,Maintenance or Facility,Garbage or Litter,Overflowing Trash Can,Park,11214,2122 CROPSEY AVENUE,CROPSEY AVENUE,21 AVENUE,21 LANE,21 AVENUE,21 LANE,ADDRESS,BROOKLYN,CROPSEY AVENUE,,Closed,,NYC Parks has completed the requested work order and corrected the problem.,07/03/2023 02:22:12 PM,11 BROOKLYN,47,Precinct 62,,BROOKLYN,984196,157286,MOBILE,Bensonhurst Park,BROOKLYN,,,,,,,,40.598389995130134,-74.00019445204099,POINT (-74.000194452041 40.59838999513)
57956922,06/20/2023 07:23:02 AM,06/20/2023 08:13:42 AM,NYPD,New York City Police Department,Blocked Driveway,Partial Access,,Street/Sidewalk,11203,117 EAST   38 STREET,EAST   38 STREET,LENOX ROAD,LINDEN BOULEVARD,LENOX ROAD,LINDEN BOULEVARD,ADDRESS,BROOKLYN,EAST   38 STREET,,Closed,,The Police Department responded and upon arrival those responsible for the condition were gone.,06/20/2023 08:13:46 AM,17 BROOKLYN,40,Precinct 67,3048590001,BROOKLYN,1000281,177696,ONLINE,Unspecified,BROOKLYN,,,,,,,,40.654396645917565,-73.94222448423722,POINT (-73.942224484237 40.654396645918)
57949155,06/19/2023 10:13:20 AM,09/08/2023 12:20:30 PM,DPR,Department of Parks and Recreation,Maintenance or Facility,Grass/Weeds,Grass - Needs to be Cut,Park,10459,FREEMAN TRIANGLE,FREEMAN TRIANGLE,WEST FARMS ROAD,FREEMAN STREET,WEST FARMS ROAD,FREEMAN STREET,UNRECOGNIZED,BRONX,FREEMAN TRIANGLE,,Closed,,NYC Parks has completed the requested work order and corrected the problem.,09/08/2023 12:20:35 PM,03 BRONX,17,Precinct 42,2200599999,BRONX,1015265,241442,ONLINE,Unspecified,BRONX,,,,,,,,40.82932352047723,-73.88792845950056,POINT (-73.887928459501 40.829323520477)
57952953,06/20/2023 10:32:47 PM,07/21/2023 02:28:43 PM,TLC,Taxi and Limousine Commission,For Hire Vehicle Complaint,Driver Complaint - Non Passenger,Unsafe Driving,Street,10017,340 EAST   45 STREET,EAST   45 STREET,2 AVENUE,1 AVENUE,2 AVENUE,1 AVENUE,ADDRESS,NEW YORK,EAST   45 STREET,,Closed,,"Based on the information provided by the customer, the Taxi and Limousine Commission has determined that a hearing is not necessary or not possible.",07/21/2023 02:28:46 PM,06 MANHATTAN,04,Precinct 17,1013370030,MANHATTAN,992618,213004,ONLINE,Unspecified,MANHATTAN,,,"340 EAST   45 STREET, MANHATTAN (NEW YORK), NY, 10017",,,,,40.75131935947687,-73.96979796001732,POINT (-73.969797960017 40.751319359477)
57952629,06/20/2023 04:41:00 AM,06/24/2023 02:32:21 PM,HPD,Department of Housing Preservation and Development,HEAT/HOT WATER,APARTMENT ONLY,HEAT ON IN SUMMER,RESIDENTIAL BUILDING,11209,338 96 STREET,96 STREET,,,,,ADDRESS,BROOKLYN,,,Closed,,The Department of Housing Preservation and Development inspected the following conditions. No violations were issued. The complaint has been closed.,06/24/2023 12:00:00 AM,10 BROOKLYN,43,Precinct 68,3061220022,BROOKLYN,975115,163706,ONLINE,Unspecified,BROOKLYN,,,,,,,,40.61600687269316,-74.03290348576192,POINT (-74.032903485762 40.616006872693)
57957903,06/21/2023 12:19:10 AM,06/21/2023 05:18:16 AM,NYPD,New York City Police Department,Illegal Parking,Commercial Overnight Parking,,Street/Sidewalk,11385,70-08 71 PLACE,71 PLACE,EDSALL AVENUE,CENTRAL AVENUE,EDSALL AVENUE,CENTRAL AVENUE,ADDRESS,RIDGEWOOD,71 PLACE,,Closed,,The Police Department responded to the complaint and determined that police action was not necessary.,06/21/2023 05:18:20 AM,05 QUEENS,32,Precinct 104,4036620035,QUEENS,1017303,196514,PHONE,Unspecified,QUEENS,,,,,,,,40.70600056144867,-73.88078517469495,POINT (-73.880785174695 40.706000561449)
57944655,06/19/2023 07:06:12 AM,06/20/2023 08:32:21 PM,HPD,Department of Housing Preservation and Development,HEAT/HOT WATER,APARTMENT ONLY,NO HOT WATER,RESIDENTIAL BUILDING,11233,2305A PACIFIC STREET,PACIFIC STREET,,,,,ADDRESS,BROOKLYN,,,Closed,,The Department of Housing Preservation and Development inspected the following conditions. Violations were issued. Information about specific violations is available at www.nyc.gov/hpd,06/20/2023 12:00:00 AM,16 BROOKLYN,37,Precinct 73,3014350059,BROOKLYN,1009364,185378,ONLINE,Unspecified,BROOKLYN,,,,,,,,40.67546091876031,-73.90946087368548,POINT (-73.909460873685 40.67546091876)
57956553,06/20/2023 10:08:35 AM,07/27/2023 12:13:42 PM,EDC,Economic Development Corporation,Noise - Helicopter,Other,Flying Too Low,Above Address,10016,499 EAST   34 STREET,EAST   34 STREET,CONNECTOR,FRANKLIN D ROOSEVELT DRIVE,CONNECTOR,FRANKLIN D ROOSEVELT DRIVE,ADDRESS,NEW YORK,EAST   34 STREET,,Closed,,"The New York City Economic Development Corporation determined that this issue is not within its jurisdiction because the helicopter did not belong to a tour company departing from a NYC heliport.Â  Instead, it was most likely a law enforcement or news gathering helicopter not subject to the routing protocols established for tour helicopters. It may also have been a helicopter that departed as a charter or tour from another City but flew over NYC airspace. Helicopter tours originating from outside NYC are not subject to the same City regulations as tours departing from heliports managed by NYCEDC. Any City regulation of these flights is pre-empted by federal law and subject only to the jurisdiction of the Federal Aviation Administration. To file a complaint with the FAA, you can contact the New York Flight Standards District Office at the following web address:Â https://www.faa.gov/about/office_org/field_offices/fsdo/",07/27/2023 12:13:46 PM,06 MANHATTAN,04,Precinct 17,1009620050,MANHATTAN,991892,209689,ONLINE,Unspecified,MANHATTAN,,,,,,,,40.742221174418034,-73.97242202788439,POINT (-73.972422027884 40.742221174418)
57947760,06/19/2023 02:31:00 AM,06/19/2023 02:40:56 AM,NYPD,New York City Police Department,Noise - Residential,Loud Music/Party,,Residential Building/House,11216,585 ST MARKS AVENUE,ST MARKS AVENUE,FRANKLIN AVENUE,BEDFORD AVENUE,FRANKLIN AVENUE,BEDFORD AVENUE,ADDRESS,BROOKLYN,ST MARKS AVENUE,,Closed,,The Police Department responded to the complaint and took action to fix the condition.,06/19/2023 02:41:00 AM,08 BROOKLYN,35,Precinct 77,3012170064,BROOKLYN,996889,185422,ONLINE,Unspecified,BROOKLYN,,,,,,,,40.67560828988007,-73.95443472190897,POINT (-73.954434721909 40.67560828988)
57959451,06/20/2023 06:15:16 PM,06/22/2023 08:29:22 AM,DSNY,Department of Sanitation,Missed Collection,Recycling - Paper/Metal/Glass/Rigid Plastic,N/A,Street,11377,50-17 QUEENS BOULEVARD,QUEENS BOULEVARD,50 STREET,51 STREET,50 STREET,51 STREET,ADDRESS,WOODSIDE,QUEENS BOULEVARD,,Closed,,The Department of Sanitation collected the requested items.,06/21/2023 10:10:54 AM,02 QUEENS,26,Precinct 108,4013190021,QUEENS,1007878,209878,ONLINE,Unspecified,QUEENS,,,,,,,,40.742711669876286,-73.91473211011441,POINT (-73.914732110114 40.742711669876)
57945897,06/19/2023 09:42:41 PM,10/24/2024 02:00:17 PM,EDC,Economic Development Corporation,Noise - Helicopter,Other,Flying Too Low,Above Address,10128,50 EAST   96 STREET,EAST   96 STREET,MADISON AVENUE,PARK AVENUE,MADISON AVENUE,PARK AVENUE,ADDRESS,NEW YORK,EAST   96 STREET,,Closed,,"The New York City Economic Development Corporation determined that this issue is not within its jurisdiction because the helicopter did not belong to a tour company departing from a NYC heliport.Â  Instead, it was most likely a law enforcement or news gathering helicopter not subject to the routing protocols established for tour helicopters. It may also have been a helicopter that departed as a charter or tour from another City but flew over NYC airspace. Helicopter tours originating from outside NYC are not subject to the same City regulations as tours departing from heliports managed by NYCEDC. Any City regulation of these flights is pre-empted by federal law and subject only to the jurisdiction of the Federal Aviation Administration. To file a complaint with the FAA, you can contact the New York Flight Standards District Office at the following web address:Â https://www.faa.gov/about/office_org/field_offices/fsdo/",10/24/2024 02:00:19 PM,08 MANHATTAN,05,Precinct 19,1015070050,MANHATTAN,997019,226043,ONLINE,Unspecified,MANHATTAN,,,,,,,,40.78710275822787,-73.95388896675728,POINT (-73.953888966757 40.787102758228)
57959586,06/20/2023 12:48:33 PM,06/20/2023 01:02:59 PM,NYPD,New York City Police Department,Blocked Driveway,Partial Access,,Street/Sidewalk,11235,2658 HUBBARD STREET,HUBBARD STREET,AVENUE Z,HUBBARD ST-GUIDER AVE PED OVPS,AVENUE Z,HUBBARD ST-GUIDER AVE PED OVPS,ADDRESS,BROOKLYN,HUBBARD STREET,,Closed,,The Police Department responded to the complaint and determined that police action was not necessary.,06/20/2023 01:03:04 PM,13 BROOKLYN,48,Precinct 60,3072420029,BROOKLYN,994598,152685,PHONE,Unspecified,BROOKLYN,,,,,,,,40.58575513286991,-73.96274427615566,POINT (-73.962744276156 40.58575513287)
57953025,06/20/2023 06:55:16 AM,06/22/2023 09:03:32 PM,DSNY,Department of Sanitation,Residential Disposal Complaint,Trash or Recycling Not Secure,N/A,Street,10014,284 WEST   12 STREET,WEST   12 STREET,WEST    4 STREET,8 AVENUE,WEST    4 STREET,8 AVENUE,ADDRESS,NEW YORK,WEST   12 STREET,,Closed,,The Department of Sanitation investigated this complaint and found no violation at the location.,06/22/2023 09:03:37 PM,02 MANHATTAN,03,Precinct 6,1006240048,MANHATTAN,983139,207981,ONLINE,Unspecified,MANHATTAN,,,,,,,,40.73753637067619,-74.00400902542006,POINT (-74.00400902542 40.737536370676)
57950046,06/20/2023 01:36:00 PM,06/20/2023 11:14:00 PM,DSNY,Department of Sanitation,Derelict Vehicles,Derelict Vehicles,,Street,11377,34-51 69 STREET,69 STREET,34 AVENUE,35 AVENUE,,,ADDRESS,WOODSIDE,,,Closed,,DSNY already has a request to investigate this reportedly abandoned vehicle and cannot open multiple service requests for the same vehicle at once. Your request is being closed while we action the prior report.,06/20/2023 12:00:00 PM,03 QUEENS,25,Precinct 115,4012560042,QUEENS,1012843,212913,PHONE,Unspecified,QUEENS,,,,,,,,40.75102731800003,-73.89680170577793,POINT (-73.896801705778 40.751027318)
57954141,06/20/2023 06:56:39 PM,06/20/2023 07:07:05 PM,NYPD,New York City Police Department,Noise - Vehicle,Engine Idling,,Street/Sidewalk,10019,910 9 AVENUE,9 AVENUE,WEST   58 STREET,WEST   59 STREET,WEST   58 STREET,WEST   59 STREET,ADDRESS,NEW YORK,9 AVENUE,,Closed,,The Police Department responded to the complaint and determined that police action was not necessary.,06/20/2023 07:07:09 PM,04 MANHATTAN,06,Precinct 18,1010490001,MANHATTAN,988375,219347,ONLINE,Unspecified,MANHATTAN,,,,,,,,40.76873226571956,-73.98510803217168,POINT (-73.985108032172 40.76873226572)
57956607,06/20/2023 05:58:47 PM,06/20/2023 06:25:57 PM,NYPD,New York City Police Department,Illegal Parking,Parking Permit Improper Use,Parked At Bus Stop,Street/Sidewalk,11201,40 CADMAN PLAZA WEST,CADMAN PLAZA WEST,ELIZABETH PLACE,FRONT STREET,ELIZABETH PLACE,FRONT STREET,ADDRESS,BROOKLYN,CADMAN PLAZA WEST,,Closed,,The Police Department responded and upon arrival those responsible for the condition were gone.,06/20/2023 06:26:01 PM,02 BROOKLYN,33,Precinct 84,3002020001,BROOKLYN,986070,195210,ONLINE,Unspecified,BROOKLYN,,,,,,,,40.70248293517284,-73.99343601286753,POINT (-73.993436012868 40.702482935173)
57952548,06/20/2023 12:29:24 PM,07/27/2023 12:17:56 PM,EDC,Economic Development Corporation,Noise - Helicopter,Other,Flying Too Low,Above Address,10025,417 RIVERSIDE DRIVE,RIVERSIDE DRIVE,WEST  113 STREET,WEST  114 STREET,WEST  113 STREET,WEST  114 STREET,ADDRESS,NEW YORK,RIVERSIDE DRIVE,,Closed,,"The New York City Economic Development Corporation determined that this issue is not within its jurisdiction because the helicopter did not belong to a tour company departing from a NYC heliport.Â  Instead, it was most likely a law enforcement or news gathering helicopter not subject to the routing protocols established for tour helicopters. It may also have been a helicopter that departed as a charter or tour from another City but flew over NYC airspace. Helicopter tours originating from outside NYC are not subject to the same City regulations as tours departing from heliports managed by NYCEDC. Any City regulation of these flights is pre-empted by federal law and subject only to the jurisdiction of the Federal Aviation Administration. To file a complaint with the FAA, you can contact the New York Flight Standards District Office at the following web address:Â https://www.faa.gov/about/office_org/field_offices/fsdo/",07/27/2023 12:17:59 PM,09 MANHATTAN,07,Precinct 26,1018950076,MANHATTAN,993406,233453,ONLINE,Unspecified,MANHATTAN,,,,,,,,40.80744567372928,-73.96692602020056,POINT (-73.966926020201 40.807445673729)
57959883,06/20/2023 02:38:01 PM,06/20/2023 03:31:50 PM,NYPD,New York City Police Department,Illegal Parking,Double Parked Blocking Traffic,,Street/Sidewalk,10309,138 BARTOW AVENUE,BARTOW AVENUE,EUGENE STREET,PAGE AVENUE,EUGENE STREET,PAGE AVENUE,ADDRESS,STATEN ISLAND,BARTOW AVENUE,,Closed,,The Police Department responded and upon arrival those responsible for the condition were gone.,06/20/2023 03:31:53 PM,03 STATEN ISLAND,51,Precinct 123,5077560017,STATEN ISLAND,920388,124928,MOBILE,Unspecified,STATEN ISLAND,,,,,,,,40.50934369528577,-74.2296587311178,POINT (-74.229658731118 40.509343695286)
57954060,06/20/2023 02:49:48 PM,06/20/2023 03:49:02 PM,NYPD,New York City Police Department,Illegal Parking,Blocked Crosswalk,,Street/Sidewalk,11374,98-02 62 DRIVE,62 DRIVE,98 STREET,99 STREET,98 STREET,99 STREET,ADDRESS,REGO PARK,62 DRIVE,,Closed,,The Police Department responded to the complaint and with the information available observed no evidence of the violation at that time.,06/20/2023 03:49:04 PM,06 QUEENS,24,Precinct 112,4020860050,QUEENS,1023158,206387,ONLINE,Unspecified,QUEENS,,,,,,,,40.73307572664068,-73.85961045372234,POINT (-73.859610453722 40.733075726641)
57952368,06/20/2023 06:09:25 PM,07/10/2023 02:09:16 PM,TLC,Taxi and Limousine Commission,Taxi Complaint,Driver Complaint - Passenger,Fare/Tip Complaint,Street,11430,JFK,JFK,BEND,AIRTRAIN-HOWARD BCH/JAMAICA LINE,BEND,AIRTRAIN-HOWARD BCH/JAMAICA LINE,UNRECOGNIZED,JAMAICA,JOHN F KENNEDY AIRPORT,,Closed,,A hearing was scheduled at the OATH/Taxi and Limousine Tribunal.,11/13/2023 06:49:22 AM,83 QUEENS,31,Precinct 113,4142600001,QUEENS,1043001,175548,PHONE,Unspecified,QUEENS,,,"JOHN F KENNEDY AIRPORT, QUEENS (JAMAICA) ,NY, 11430",,,,,40.64832048620134,-73.78828125130184,POINT (-73.788281251302 40.648320486201)
57944727,06/19/2023 01:27:10 PM,06/20/2023 08:36:33 PM,HPD,Department of Housing Preservation and Development,WATER LEAK,HEAVY FLOW,AT WALL OR CEILING,RESIDENTIAL BUILDING,10470,660 EAST  242 STREET,EAST  242 STREET,,,,,ADDRESS,BRONX,,,Closed,,The Department of Housing Preservation and Development was unable to access the rooms where the following  conditions were reported. No violations were issued. The complaint has been closed.,06/20/2023 12:00:00 AM,12 BRONX,11,Precinct 47,2051060051,BRONX,1025621,269386,ONLINE,Unspecified,BRONX,,,,,,,,40.90597873905552,-73.85033498426777,POINT (-73.850334984268 40.905978739056)
57957174,06/20/2023 05:59:00 PM,06/21/2023 05:41:00 AM,DEP,Department of Environmental Protection,Air Quality,"Air: Odor/Fumes, Vehicle Idling (AD3)",AD3,,10036,640 8 AVENUE,8 AVENUE,W 41 ST,W 42 ST,,,ADDRESS,NEW YORK,,N/A,Closed,,The Department of Environmental Protection will keep the location under observation for idling commercial vehicles.Â Summonses will be issued when warranted.,06/21/2023 05:41:00 AM,05 MANHATTAN,03,Precinct 14,1010137501,MANHATTAN,986967,214950,ONLINE,Unspecified,MANHATTAN,,,,,,,,40.75666417742652,-73.99019293432467,POINT (-73.990192934325 40.756664177427)
57949110,06/19/2023 12:09:27 PM,09/28/2023 01:06:55 PM,HPD,Department of Housing Preservation and Development,PLUMBING,BATHTUB/SHOWER,FAUCET BROKEN/MISSING/LEAKING,RESIDENTIAL BUILDING,11225,969 CARROLL STREET,CARROLL STREET,,,,,ADDRESS,BROOKLYN,,,Closed,,The Department of Housing Preservation and Development inspected the following conditions. No violations were issued. The complaint has been closed.,09/28/2023 12:00:00 AM,09 BROOKLYN,35,Precinct 71,3012800066,BROOKLYN,995892,182595,PHONE,Unspecified,BROOKLYN,,,,,,,,40.66785017648269,-73.95803392174678,POINT (-73.958033921747 40.667850176483)
57951306,06/20/2023 10:33:29 AM,06/20/2023 09:55:38 PM,NYPD,New York City Police Department,Illegal Parking,Paper License Plates,,Street/Sidewalk,10461,1739 ST PETERS AVENUE,ST PETERS AVENUE,MACLAY AVENUE,EAST TREMONT AVENUE,MACLAY AVENUE,EAST TREMONT AVENUE,ADDRESS,BRONX,ST PETERS AVENUE,,Closed,,The Police Department responded and upon arrival those responsible for the condition were gone.,06/20/2023 09:55:42 PM,10 BRONX,18,Precinct 45,2039990043,BRONX,1025773,246192,PHONE,Unspecified,BRONX,,,,,,,,40.84231772722965,-73.84992885491218,POINT (-73.849928854912 40.84231772723)
57949812,06/20/2023 10:38:00 PM,06/20/2023 11:00:00 PM,DEP,Department of Environmental Protection,Air Quality,"Air: Odor/Fumes, Vehicle Idling (AD3)",AD3,,11215,,,,,2 STREET,7 AVENUE,INTERSECTION,BROOKLYN,,N/A,Closed,,The Department of Environmental Protection will keep the location under observation for idling commercial vehicles.Â Summonses will be issued when warranted.,06/20/2023 11:00:00 PM,06 BROOKLYN,39,Precinct 78,,BROOKLYN,990336,183782,PHONE,Unspecified,BROOKLYN,,,,,,,,40.671113788927556,-73.97806063883692,POINT (-73.978060638837 40.671113788928)
57950019,06/20/2023 06:02:00 AM,06/20/2023 12:36:00 PM,DSNY,Department of Sanitation,Derelict Vehicles,Derelict Vehicles,,Street,10466,1835 NEEDHAM AVENUE,NEEDHAM AVENUE,EAST 224 STREET,DEAD END,,,ADDRESS,BRONX,,,Closed,,The Department of Sanitation does NOT have jurisdiction over vehicles (abandoned or otherwise) that have license plates affixed to them. Your request will be referred to the NYPD for further action.,06/20/2023 12:00:00 PM,12 BRONX,12,Precinct 47,2048990003,BRONX,1027467,260361,PHONE,Unspecified,BRONX,,,,,,,,40.88119916902506,-73.84371510138696,POINT (-73.843715101387 40.881199169025)
57950478,06/20/2023 10:36:40 PM,06/20/2023 10:38:06 PM,NYPD,New York City Police Department,Noise - Commercial,Loud Music/Party,,Club/Bar/Restaurant,10036,253 WEST   47 STREET,WEST   47 STREET,WEST   47 STREET BIKE PATH,8 AVENUE,WEST   47 STREET BIKE PATH,8 AVENUE,ADDRESS,NEW YORK,WEST   47 STREET,,Closed,,The Police Department responded to the complaint and took action to fix the condition.,06/20/2023 10:38:09 PM,05 MANHATTAN,03,Precinct 18,1010190010,MANHATTAN,988050,216134,ONLINE,Unspecified,MANHATTAN,,,,,,,,40.75991355561686,-73.98628315507113,POINT (-73.986283155071 40.759913555617)
57948750,06/19/2023 07:40:33 AM,06/19/2023 08:13:00 AM,NYPD,New York City Police Department,Blocked Driveway,Partial Access,,Street/Sidewalk,11229,2026 AVENUE T,AVENUE T,OCEAN AVENUE,EAST   21 STREET,OCEAN AVENUE,EAST   21 STREET,ADDRESS,BROOKLYN,AVENUE T,,Closed,,The Police Department issued a summons in response to the complaint.,06/19/2023 08:13:05 AM,15 BROOKLYN,48,Precinct 61,3073250008,BROOKLYN,997722,158484,PHONE,Unspecified,BROOKLYN,,,,,,,,40.601668022677714,-73.9514854324728,POINT (-73.951485432473 40.601668022678)
57946320,06/19/2023 06:26:08 PM,06/19/2023 06:54:27 PM,NYPD,New York City Police Department,Illegal Parking,Blocked Sidewalk,,Street/Sidewalk,10014,403 WEST STREET,WEST STREET,WEST   10 STREET,CHARLES STREET,WEST   10 STREET,CHARLES STREET,ADDRESS,NEW YORK,WEST STREET,,Closed,,The Police Department responded to the complaint and took action to fix the condition.,06/19/2023 06:54:33 PM,02 MANHATTAN,03,Precinct 6,1006360049,MANHATTAN,981415,206549,MOBILE,Unspecified,MANHATTAN,,,,,,,,40.7336054994197,-74.0102294478913,POINT (-74.010229447891 40.73360549942)
57951540,06/20/2023 06:28:59 AM,06/20/2023 07:51:37 AM,NYPD,New York City Police Department,Illegal Parking,Blocked Hydrant,,Street/Sidewalk,11378,53-12 65 PLACE,65 PLACE,53 AVENUE,53 DRIVE,53 AVENUE,53 DRIVE,ADDRESS,MASPETH,65 PLACE,,Closed,,The Police Department responded and upon arrival those responsible for the condition were gone.,06/20/2023 07:51:41 AM,05 QUEENS,30,Precinct 104,4023740165,QUEENS,1011918,205620,MOBILE,Unspecified,QUEENS,,,,,,,,40.73101280341938,-73.90017022476788,POINT (-73.900170224768 40.731012803419)
57954519,06/20/2023 06:36:57 AM,06/20/2023 08:52:56 AM,NYPD,New York City Police Department,Illegal Parking,Blocked Hydrant,,Street/Sidewalk,11379,64-05 ELIOT AVENUE,ELIOT AVENUE,64 STREET,65 STREET,64 STREET,65 STREET,ADDRESS,MIDDLE VILLAGE,ELIOT AVENUE,,Closed,,The Police Department responded and upon arrival those responsible for the condition were gone.,06/20/2023 08:53:00 AM,05 QUEENS,30,Precinct 104,4027620086,QUEENS,1012396,200129,ONLINE,Unspecified,QUEENS,,,,,,,,40.715939840209586,-73.89846850337797,POINT (-73.898468503378 40.71593984021)
57947652,06/19/2023 09:14:49 AM,06/19/2023 09:14:49 AM,DOB,Department of Buildings,Real Time Enforcement,Work Without A Permit - Occupied Multiple Dwelling,,,11222,91 MILTON STREET,MILTON STREET,,,,,ADDRESS,BROOKLYN,,,Closed,,The Department of Buildings investigated this complaint and determined that no further action was necessary.,06/19/2023 12:00:00 AM,01 BROOKLYN,33,Precinct 94,3025630001,BROOKLYN,996234,204964,UNKNOWN,Unspecified,BROOKLYN,,,,,,,,40.729247399171534,-73.95676130831353,POINT (-73.956761308314 40.729247399172)
57957408,06/20/2023 11:23:36 PM,06/21/2023 12:23:48 AM,NYPD,New York City Police Department,Noise - Residential,Loud Music/Party,,Residential Building/House,11236,1033 EAST  101 STREET,EAST  101 STREET,AVENUE J,AVENUE K,AVENUE J,AVENUE K,ADDRESS,BROOKLYN,EAST  101 STREET,,Closed,,The Police Department responded to the complaint and took action to fix the condition.,06/21/2023 12:23:52 AM,18 BROOKLYN,46,Precinct 69,3082280026,BROOKLYN,1013391,173660,ONLINE,Unspecified,BROOKLYN,,,,,,,,40.64328527049689,-73.89499368611473,POINT (-73.894993686115 40.643285270497)
57956679,06/20/2023 01:15:40 PM,06/23/2023 10:15:40 AM,DOT,Department of Transportation,Street Condition,Line/Marking - Faded,N/A,Street,10465,2969 OTIS AVENUE,OTIS AVENUE,EDISON AVENUE,LOGAN AVENUE,EDISON AVENUE,LOGAN AVENUE,ADDRESS,BRONX,OTIS AVENUE,,Closed,,"The Department of Transportation inspected the condition you reported. You can find additional information in the ""Notes to Customer"" field.",06/23/2023 10:15:47 AM,10 BRONX,13,Precinct 45,2054200008,BRONX,1032490,242939,ONLINE,Unspecified,BRONX,,,,,,,,40.833355064235185,-73.82567593739071,POINT (-73.825675937391 40.833355064235)
57960810,06/21/2023 11:02:47 AM,07/11/2023 05:47:35 PM,DSNY,Department of Sanitation,Illegal Dumping,Removal Request,N/A,Sidewalk,10013,109 READE STREET,READE STREET,CHURCH STREET,WEST BROADWAY,CHURCH STREET,WEST BROADWAY,ADDRESS,NEW YORK,READE STREET,,Closed,,The Department of Sanitation cleaned the location.,06/23/2023 06:42:17 AM,01 MANHATTAN,01,Precinct 1,1001457503,MANHATTAN,981934,200059,ONLINE,Unspecified,MANHATTAN,,,,,,,,40.71579217532244,-74.00835452188309,POINT (-74.008354521883 40.715792175322)
57956301,06/20/2023 06:54:29 AM,08/09/2023 05:00:17 PM,HPD,Department of Housing Preservation and Development,UNSANITARY CONDITION,PESTS,MICE,RESIDENTIAL BUILDING,10458,230 EAST  202 STREET,EAST  202 STREET,,,,,ADDRESS,BRONX,,,Closed,,The Department of Housing Preservation and Development inspected the following conditions. No violations were issued. The complaint has been closed.,08/09/2023 12:00:00 AM,07 BRONX,14,Precinct 52,2033070084,BRONX,1015878,257358,PHONE,Unspecified,BRONX,,,,,,,,40.87300601035539,-73.88563832546303,POINT (-73.885638325463 40.873006010355)
57946095,06/20/2023 01:20:29 AM,07/03/2023 03:40:25 PM,DOT,Department of Transportation,Street Sign - Dangling,Other/Unknown,N/A,Street,11693,298 BEACH   90 STREET,BEACH   90 STREET,ROCKAWAY BEACH BOULEVARD,ROCKAWAY FREEWAY,ROCKAWAY BEACH BOULEVARD,ROCKAWAY FREEWAY,ADDRESS,FAR ROCKAWAY,BEACH   90 STREET,,Closed,,The Department of Transportation has completed the request or corrected the condition.,07/03/2023 03:40:30 PM,14 QUEENS,32,Precinct 100,,QUEENS,1035837,153423,ONLINE,Unspecified,QUEENS,,,,,,,,40.58763672226427,-73.81426685745835,POINT (-73.814266857458 40.587636722264)
57955194,06/20/2023 09:15:26 AM,06/21/2023 11:35:18 AM,DOT,Department of Transportation,Curb Condition,Defacement,N/A,Curb,11368,55-12 96 STREET,96 STREET,55 AVENUE,57 AVENUE,55 AVENUE,57 AVENUE,ADDRESS,CORONA,96 STREET,,Closed,,The Department of Transportation inspected the condition you reported and issued a notice to the responsible party to correct the condition.,06/21/2023 11:35:21 AM,04 QUEENS,25,Precinct 110,4019030036,QUEENS,1021554,208179,UNKNOWN,Unspecified,QUEENS,,,,,,,,40.73800122917439,-73.8653881309853,POINT (-73.865388130985 40.738001229174)
57947292,06/20/2023 12:50:35 AM,06/20/2023 12:59:55 AM,NYPD,New York City Police Department,Illegal Parking,Blocked Hydrant,,Street/Sidewalk,11234,7265 BERGEN COURT,BERGEN COURT,EAST   72 STREET,BERGEN AVENUE,EAST   72 STREET,BERGEN AVENUE,ADDRESS,BROOKLYN,BERGEN COURT,,Closed,,The Police Department issued a summons in response to the complaint.,06/20/2023 01:00:00 AM,18 BROOKLYN,46,Precinct 63,3083620001,BROOKLYN,1009187,167266,MOBILE,Unspecified,BROOKLYN,,,,,,,,40.62574794248561,-73.91016594385141,POINT (-73.910165943851 40.625747942486)
57955788,06/20/2023 02:09:52 AM,06/20/2023 02:34:45 AM,NYPD,New York City Police Department,Illegal Parking,Double Parked Blocking Vehicle,,Street/Sidewalk,10304,1950 CLOVE ROAD,CLOVE ROAD,NECKAR AVENUE,WESER AVENUE,NECKAR AVENUE,WESER AVENUE,ADDRESS,STATEN ISLAND,CLOVE ROAD,,Closed,,The Police Department responded to the complaint and with the information available observed no evidence of the violation at that time.,06/20/2023 02:34:49 AM,02 STATEN ISLAND,50,Precinct 122,5031570001,STATEN ISLAND,960224,160057,PHONE,Unspecified,STATEN ISLAND,,,,,,,,40.60596325695638,-74.08652658255487,POINT (-74.086526582555 40.605963256956)
57948174,06/19/2023 09:54:48 PM,07/12/2023 02:54:26 PM,EDC,Economic Development Corporation,Noise - Helicopter,NYPD,Flying Too Low,Above Address,11201,403 HENRY STREET,HENRY STREET,WARREN STREET,BALTIC STREET,WARREN STREET,BALTIC STREET,ADDRESS,BROOKLYN,HENRY STREET,,Closed,,"The New York City Economic Development Corporation determined that this issue is not within its jurisdiction because the helicopter did not belong to a tour company departing from a NYC heliport.Â  Instead, it was most likely a law enforcement or news gathering helicopter not subject to the routing protocols established for tour helicopters. It may also have been a helicopter that departed as a charter or tour from another City but flew over NYC airspace. Helicopter tours originating from outside NYC are not subject to the same City regulations as tours departing from heliports managed by NYCEDC. Any City regulation of these flights is pre-empted by federal law and subject only to the jurisdiction of the Federal Aviation Administration. To file a complaint with the FAA, you can contact the New York Flight Standards District Office at the following web address:Â https://www.faa.gov/about/office_org/field_offices/fsdo/",07/12/2023 02:54:32 PM,06 BROOKLYN,39,Precinct 76,3003060050,BROOKLYN,984886,189815,ONLINE,Unspecified,BROOKLYN,,,,,,,,40.68767507589175,-73.99770672048088,POINT (-73.997706720481 40.687675075892)
57948921,06/19/2023 08:01:16 PM,06/19/2023 08:24:11 PM,NYPD,New York City Police Department,Noise - Street/Sidewalk,Loud Music/Party,,Street/Sidewalk,11234,5721 AVENUE H,AVENUE H,EAST   57 STREET,EAST   58 STREET,EAST   57 STREET,EAST   58 STREET,ADDRESS,BROOKLYN,AVENUE H,,Closed,,The Police Department responded to the complaint and took action to fix the condition.,06/19/2023 08:24:14 PM,18 BROOKLYN,45,Precinct 63,3079780001,BROOKLYN,1006257,170028,MOBILE,Unspecified,BROOKLYN,,,,,,,,40.63333680985013,-73.92071208195789,POINT (-73.920712081958 40.63333680985)
57951297,06/20/2023 06:43:19 PM,06/20/2023 07:05:15 PM,NYPD,New York City Police Department,Illegal Parking,Blocked Crosswalk,,Street/Sidewalk,10040,124 FT GEORGE AVENUE,FT GEORGE AVENUE,AUDUBON AVENUE,ST NICHOLAS AVENUE,AUDUBON AVENUE,ST NICHOLAS AVENUE,ADDRESS,NEW YORK,FORT GEORGE AVENUE,,Closed,,The Police Department responded to the complaint and took action to fix the condition.,06/20/2023 07:05:20 PM,12 MANHATTAN,10,Precinct 34,1021610033,MANHATTAN,1004299,251548,MOBILE,Unspecified,MANHATTAN,,,,,,,,40.85709322339035,-73.92752345251631,POINT (-73.927523452516 40.85709322339)
57946617,06/19/2023 11:32:44 PM,06/20/2023 01:10:22 AM,NYPD,New York City Police Department,Noise - Residential,Loud Talking,,Residential Building/House,11366,73-14 192 STREET,192 STREET,71 CRESCENT,75 AVENUE,71 CRESCENT,75 AVENUE,ADDRESS,FRESH MEADOWS,192 STREET,,Closed,,The Police Department responded to the complaint and took action to fix the condition.,06/20/2023 01:10:25 AM,08 QUEENS,23,Precinct 107,4071780013,QUEENS,1045148,206649,ONLINE,Unspecified,QUEENS,,,,,,,,40.73367078182817,-73.7802630758678,POINT (-73.780263075868 40.733670781828)
57958569,06/20/2023 05:18:11 PM,06/20/2023 06:53:54 PM,NYPD,New York City Police Department,Illegal Parking,Posted Parking Sign Violation,,Street/Sidewalk,11235,1804 JEROME AVENUE,JEROME AVENUE,EAST   18 STREET,EAST   19 STREET,EAST   18 STREET,EAST   19 STREET,ADDRESS,BROOKLYN,JEROME AVENUE,,Closed,,The Police Department responded to the complaint and took action to fix the condition.,06/20/2023 06:53:58 PM,15 BROOKLYN,48,Precinct 61,3074630069,BROOKLYN,997811,153336,MOBILE,Unspecified,BROOKLYN,,,,,,,,40.58753766486818,-73.9511752640566,POINT (-73.951175264057 40.587537664868)
57952071,06/20/2023 10:44:40 AM,06/27/2023 01:48:17 PM,HPD,Department of Housing Preservation and Development,PAINT/PLASTER,WALL,BULGING/HOLE/CRACKED,RESIDENTIAL BUILDING,10026,138 WEST  112 STREET,WEST  112 STREET,,,,,ADDRESS,NEW YORK,,,Closed,,The Department of Housing Preservation and Development inspected the following conditions. No violations were issued. The complaint has been closed.,06/27/2023 12:00:00 AM,10 MANHATTAN,09,Precinct 28,1018210058,MANHATTAN,997174,230813,PHONE,Unspecified,MANHATTAN,,,,,,,,40.8001948916806,-73.95332005623987,POINT (-73.95332005624 40.800194891681)
57948705,06/19/2023 09:17:16 PM,06/19/2023 10:07:27 PM,NYPD,New York City Police Department,Noise - Park,Loud Talking,,Park/Playground,11355,142-30 BARCLAY AVENUE,BARCLAY AVENUE,UNION STREET,BOWNE STREET,UNION STREET,BOWNE STREET,ADDRESS,FLUSHING,BARCLAY AVENUE,,Closed,,The Police Department responded to the complaint and took action to fix the condition.,06/19/2023 10:07:33 PM,07 QUEENS,20,Precinct 109,4050470001,QUEENS,1032778,215736,PHONE,Bowne Playground,QUEENS,,,,,,,,40.7586887870978,-73.82483177581406,POINT (-73.824831775814 40.758688787098)
57956643,06/20/2023 01:11:00 PM,06/20/2023 01:11:00 PM,DOHMH,Department of Health and Mental Hygiene,Standing Water,Swimming Pool Cover,,1-2 Family Dwelling,10471,512 WEST  261 STREET,WEST  261 STREET,RIVERDALE AVENUE,NETHERLAND AVENUE,RIVERDALE AVENUE,NETHERLAND AVENUE,ADDRESS,BRONX,WEST  261 STREET,,Closed,,An inspection of the property was conducted and the owner was issued a summons. Follow-up inspections will be scheduled.,06/20/2023 01:11:00 PM,08 BRONX,11,Precinct 50,2059570403,BRONX,1010900,270921,PHONE,Unspecified,BRONX,,,,,,,,40.910248563803314,-73.90358396451,POINT (-73.90358396451 40.910248563803)
57955041,06/20/2023 05:30:08 PM,07/03/2023 04:33:19 PM,HPD,Department of Housing Preservation and Development,WATER LEAK,HEAVY FLOW,AT WALL OR CEILING,RESIDENTIAL BUILDING,10452,124 ELLIOT PLACE,ELLIOT PLACE,,,,,ADDRESS,BRONX,,,Closed,,The Department of Housing Preservation and Development inspected the following conditions. Violations were issued. Information about specific violations is available at www.nyc.gov/hpd,07/03/2023 12:00:00 AM,04 BRONX,16,Precinct 44,2028410055,BRONX,1007589,244828,PHONE,Unspecified,BRONX,,,,,,,,40.83864072911436,-73.91565359683287,POINT (-73.915653596833 40.838640729114)
57957084,06/20/2023 03:29:09 AM,06/20/2023 05:37:01 AM,NYPD,New York City Police Department,Illegal Parking,Commercial Overnight Parking,,Street/Sidewalk,11378,54-45 64 STREET,64 STREET,53 DRIVE,55 AVENUE,53 DRIVE,55 AVENUE,ADDRESS,MASPETH,64 STREET,,Closed,,The Police Department responded to the complaint and took action to fix the condition.,06/20/2023 05:37:13 AM,05 QUEENS,30,Precinct 104,4023700014,QUEENS,1011621,204472,ONLINE,Unspecified,QUEENS,,,,,,,,40.727862750035634,-73.90124650850333,POINT (-73.901246508503 40.727862750036)
57945276,06/19/2023 09:32:22 PM,06/20/2023 01:37:24 AM,NYPD,New York City Police Department,Illegal Parking,Posted Parking Sign Violation,,Street/Sidewalk,10472,1229 WHITE PLAINS ROAD,WHITE PLAINS ROAD,GLEASON AVENUE,WESTCHESTER AVENUE,GLEASON AVENUE,WESTCHESTER AVENUE,ADDRESS,BRONX,WHITE PLAINS ROAD,,Closed,,The Police Department responded to the complaint and with the information available observed no evidence of the violation at that time.,06/20/2023 01:37:31 AM,09 BRONX,18,Precinct 43,2037670077,BRONX,1022430,242210,MOBILE,Unspecified,BRONX,,,,,,,,40.83140339103584,-73.86203366837805,POINT (-73.862033668378 40.831403391036)
57944493,06/19/2023 07:39:03 PM,06/19/2023 08:54:33 PM,NYPD,New York City Police Department,Noise - Residential,Loud Talking,,Residential Building/House,11004,261-08 LANGSTON AVENUE,LANGSTON AVENUE,261 STREET,73 AVENUE,261 STREET,73 AVENUE,ADDRESS,GLEN OAKS,LANGSTON AVENUE,,Closed,,The Police Department responded to the complaint and with the information available observed no evidence of the violation at that time.,06/19/2023 08:54:38 PM,13 QUEENS,23,Precinct 105,4084470001,QUEENS,1062506,213716,ONLINE,Unspecified,QUEENS,,,,,,,,40.752931285932135,-73.71754874746735,POINT (-73.717548747467 40.752931285932)
57946509,06/19/2023 08:45:47 AM,06/19/2023 08:50:26 AM,NYPD,New York City Police Department,Blocked Driveway,No Access,,Street/Sidewalk,11225,1188 PRESIDENT STREET,PRESIDENT STREET,ROGERS AVENUE,NOSTRAND AVENUE,ROGERS AVENUE,NOSTRAND AVENUE,ADDRESS,BROOKLYN,PRESIDENT STREET,,Closed,,The Police Department responded to the complaint and with the information available observed no evidence of the violation at that time.,06/19/2023 08:50:31 AM,09 BROOKLYN,35,Precinct 71,3012820039,BROOKLYN,997757,182687,PHONE,Unspecified,BROOKLYN,,,,,,,,40.668100047096004,-73.95131094743633,POINT (-73.951310947436 40.668100047096)
57955491,06/20/2023 05:49:04 PM,06/20/2023 06:19:07 PM,NYPD,New York City Police Department,Illegal Parking,Blocked Crosswalk,,Street/Sidewalk,10034,BROADWAY,BROADWAY,BROADWAY,WEST  204 STREET,BROADWAY,WEST  204 STREET,INTERSECTION,,,,Closed,,The Police Department responded to the complaint and took action to fix the condition.,06/20/2023 06:19:11 PM,12 MANHATTAN,10,Precinct 34,,MANHATTAN,1005517,255164,ONLINE,Unspecified,MANHATTAN,,,,,,,,40.86701519865037,-73.92310894630785,POINT (-73.923108946308 40.86701519865)
57959037,06/20/2023 05:57:34 PM,06/27/2023 05:46:55 PM,HPD,Department of Housing Preservation and Development,UNSANITARY CONDITION,PESTS,MICE,RESIDENTIAL BUILDING,10463,3805 REVIEW PLACE,REVIEW PLACE,,,,,ADDRESS,BRONX,,,Closed,,The Department of Housing Preservation and Development inspected the following conditions. Violations were issued. Information about specific violations is available at www.nyc.gov/hpd,06/27/2023 12:00:00 AM,08 BRONX,11,Precinct 50,2032710227,BRONX,1012001,261709,PHONE,Unspecified,BRONX,,,,,,,,40.88496118941129,-73.899638885275,POINT (-73.899638885275 40.884961189411)
57950595,06/20/2023 06:32:37 PM,06/20/2023 06:51:15 PM,NYPD,New York City Police Department,Non-Emergency Police Matter,Trespassing,,Store/Commercial,10025,2722 BROADWAY,BROADWAY,WEST  104 STREET,WEST  105 STREET,WEST  104 STREET,WEST  105 STREET,ADDRESS,NEW YORK,BROADWAY,,Closed,,The Police Department responded to the complaint and with the information available observed no evidence of the violation at that time.,06/20/2023 06:51:22 PM,07 MANHATTAN,07,Precinct 24,1018760020,MANHATTAN,993076,230737,PHONE,Unspecified,MANHATTAN,,,,,,,,40.7999913360812,-73.96812164087211,POINT (-73.968121640872 40.799991336081)
59450760,10/01/2023 05:38:32 PM,10/03/2023 12:00:00 AM,DOB,Department of Buildings,Unstable Building,Leaning,Construction/Demolition,Street,11211,450 SOUTH    5 STREET,SOUTH    5 STREET,HEWES STREET,MONTROSE AVENUE,HEWES STREET,MONTROSE AVENUE,ADDRESS,BROOKLYN,SOUTH    5 STREET,,Closed,,,10/03/2023 12:00:00 AM,01 BROOKLYN,34,Precinct 90,3024650014,BROOKLYN,997883,196782,PHONE,Unspecified,BROOKLYN,,,,,,,,40.706787389941034,-73.95082823100313,POINT (-73.950828231003 40.706787389941)
57948417,06/19/2023 08:05:39 PM,06/19/2023 09:18:40 PM,NYPD,New York City Police Department,Illegal Parking,Blocked Sidewalk,,Street/Sidewalk,11226,1908 DITMAS AVENUE,DITMAS AVENUE,EAST   19 STREET,OCEAN AVENUE,EAST   19 STREET,OCEAN AVENUE,ADDRESS,BROOKLYN,DITMAS AVENUE,,Closed,,The Police Department responded and upon arrival those responsible for the condition were gone.,06/19/2023 09:18:44 PM,14 BROOKLYN,40,Precinct 70,3052050004,BROOKLYN,995392,172039,PHONE,Unspecified,BROOKLYN,,,,,,,,40.638876906051244,-73.95985371753852,POINT (-73.959853717539 40.638876906051)
57945195,06/19/2023 07:35:27 PM,06/19/2023 07:37:33 PM,NYPD,New York City Police Department,Illegal Parking,Blocked Hydrant,,Street/Sidewalk,10031,565 WEST  144 STREET,WEST  144 STREET,AMSTERDAM AVENUE,BROADWAY,AMSTERDAM AVENUE,BROADWAY,ADDRESS,NEW YORK,WEST  144 STREET,,Closed,,The Police Department responded to the complaint and took action to fix the condition.,06/19/2023 07:37:36 PM,09 MANHATTAN,07,Precinct 30,1020760001,MANHATTAN,998155,239949,MOBILE,Unspecified,MANHATTAN,,,,,,,,40.82526917214624,-73.94975787584788,POINT (-73.949757875848 40.825269172146)
57944286,06/19/2023 08:54:40 PM,06/21/2023 02:12:59 PM,DSNY,Department of Sanitation,Missed Collection,Recycling - Paper,N/A,Street,11206,676 FLUSHING AVENUE,FLUSHING AVENUE,WHIPPLE STREET,THORNTON STREET,WHIPPLE STREET,THORNTON STREET,ADDRESS,BROOKLYN,FLUSHING AVENUE,,Closed,,The Department of Sanitation investigated this complaint and found no condition at the location.,06/21/2023 11:37:55 AM,03 BROOKLYN,36,Precinct 79,3017220019,BROOKLYN,999294,194408,ONLINE,Unspecified,BROOKLYN,,,,,,,,40.7002690323993,-73.94574431352622,POINT (-73.945744313526 40.700269032399)
57959235,06/20/2023 07:44:15 AM,06/04/2024 12:04:35 AM,DOHMH,Department of Health and Mental Hygiene,Smoking,Smoking Violation,Smoking Ban Not Enforced,Residential Building,11105,20-24 31 STREET,31 STREET,20 ROAD,21 AVENUE,20 ROAD,21 AVENUE,ADDRESS,ASTORIA,31 STREET,,Closed,,This SR was administratively closed. The issue you reported was addressed.,06/04/2024 12:04:39 AM,01 QUEENS,22,Precinct 114,4008480044,QUEENS,1009981,223137,ONLINE,Unspecified,QUEENS,,,,,,,,40.779098331946315,-73.90709213418204,POINT (-73.907092134182 40.779098331946)
57959442,06/20/2023 11:16:13 AM,06/22/2023 08:29:09 AM,DSNY,Department of Sanitation,Illegal Dumping,Removal Request,N/A,Street,11101,42-15 CRESCENT STREET,CRESCENT STREET,QUEENS PLAZA SOUTH,42 ROAD,QUEENS PLAZA SOUTH,42 ROAD,ADDRESS,LONG ISLAND CITY,CRESCENT STREET,,Closed,,The Department of Sanitation cleaned the location.,06/21/2023 12:26:53 PM,02 QUEENS,26,Precinct 108,4004230005,QUEENS,1000612,212588,ONLINE,Unspecified,QUEENS,,,,,,,,40.75016636628985,-73.9409467909979,POINT (-73.940946790998 40.75016636629)
57945600,06/19/2023 03:32:11 AM,06/19/2023 04:01:01 AM,NYPD,New York City Police Department,Noise - Street/Sidewalk,Loud Music/Party,,Street/Sidewalk,10034,251 DYCKMAN STREET,DYCKMAN STREET,SEAMAN AVENUE,PAYSON AVENUE,SEAMAN AVENUE,PAYSON AVENUE,ADDRESS,NEW YORK,DYCKMAN STREET,,Closed,,The Police Department responded to the complaint and took action to fix the condition.,06/19/2023 04:01:07 AM,12 MANHATTAN,10,Precinct 34,1022470056,MANHATTAN,1004072,254951,ONLINE,Unspecified,MANHATTAN,,,,,,,,40.86643394166972,-73.92833398605853,POINT (-73.928333986059 40.86643394167)
57944682,06/19/2023 08:38:12 AM,07/03/2023 10:11:19 AM,HPD,Department of Housing Preservation and Development,PLUMBING,BATHTUB/SHOWER,BROKEN OR MISSING,RESIDENTIAL BUILDING,10460,1932 BRYANT AVENUE,BRYANT AVENUE,,,,,ADDRESS,BRONX,,,Closed,,The Department of Housing Preservation and Development inspected the following conditions. No violations were issued. The complaint has been closed.,07/03/2023 12:00:00 AM,06 BRONX,17,Precinct 48,2030057501,BRONX,1016835,245328,PHONE,Unspecified,BRONX,,,,,,,,40.83998380642961,-73.88223645239954,POINT (-73.8822364524 40.83998380643)
57948588,06/19/2023 02:01:11 PM,09/26/2024 12:00:00 AM,DOB,Department of Buildings,General Construction/Plumbing,Safety Netting/Guard Rails - Damaged/Inadequate/None (6 Stories/75 Feet Or Less),,,11221,457 PUTNAM AVENUE,PUTNAM AVENUE,,,,,ADDRESS,BROOKLYN,,,Closed,,The Department of Buildings investigated this complaint and removed the stop work order.,09/26/2024 12:00:00 AM,03 BROOKLYN,36,Precinct 79,3018250060,BROOKLYN,1000107,188798,UNKNOWN,Unspecified,BROOKLYN,,,,,,,,40.68486946258969,-73.94282546239904,POINT (-73.942825462399 40.68486946259)
57958605,06/20/2023 01:54:28 PM,06/20/2023 03:04:09 PM,DSNY,Department of Sanitation,Vendor Enforcement,Food Vendor,Unlicensed,Street,11368,111 STREET,111 STREET,111 STREET,ROOSEVELT AVENUE,111 STREET,ROOSEVELT AVENUE,INTERSECTION,,,,Closed,,N/A,06/20/2023 03:04:15 PM,03 QUEENS,21,Precinct 115,,QUEENS,1024193,213129,PHONE,Unspecified,QUEENS,,,,,,,,40.75157619712471,-73.8558358921075,POINT (-73.855835892107 40.751576197125)
57946698,06/20/2023 12:33:00 AM,06/20/2023 01:11:06 AM,NYPD,New York City Police Department,Noise - Commercial,Loud Music/Party,,Club/Bar/Restaurant,11411,225-07 LINDEN BOULEVARD,LINDEN BOULEVARD,225 STREET,226 STREET,225 STREET,226 STREET,ADDRESS,CAMBRIA HEIGHTS,LINDEN BOULEVARD,,Closed,,The Police Department responded to the complaint and took action to fix the condition.,06/20/2023 01:11:12 AM,13 QUEENS,27,Precinct 105,4113260001,QUEENS,1057570,192130,ONLINE,Unspecified,QUEENS,,,,,,,,40.69372552216442,-73.73559942124214,POINT (-73.735599421242 40.693725522164)
57956157,06/20/2023 11:55:00 PM,06/21/2023 12:08:31 AM,NYPD,New York City Police Department,Noise - Street/Sidewalk,Loud Music/Party,,Street/Sidewalk,10472,1968 CROSS BRONX EXPRESSWAY,CROSS BRONX EXPRESSWAY,NEWBOLD AVENUE,PUGSLEY AVENUE,NEWBOLD AVENUE,PUGSLEY AVENUE,ADDRESS,BRONX,CROSS BRONX EXPRESSWAY,,Closed,,The Police Department responded to the complaint and took action to fix the condition.,06/21/2023 12:08:36 AM,09 BRONX,18,Precinct 43,2037940046,BRONX,1023521,242521,ONLINE,Unspecified,BRONX,,,,,,,,40.83225221183823,-73.85808944313642,POINT (-73.858089443136 40.832252211838)
57946338,06/19/2023 04:18:16 AM,06/19/2023 04:40:10 AM,NYPD,New York City Police Department,Illegal Parking,Commercial Overnight Parking,,Street/Sidewalk,11210,2402 FARRAGUT ROAD,FARRAGUT ROAD,EAST   24 STREET,BEDFORD AVENUE,EAST   24 STREET,BEDFORD AVENUE,ADDRESS,BROOKLYN,FARRAGUT ROAD,,Closed,,The Police Department responded to the complaint and took action to fix the condition.,06/19/2023 04:40:15 AM,14 BROOKLYN,45,Precinct 70,,BROOKLYN,996954,170889,MOBILE,Unspecified,BROOKLYN,,,,,,,,40.63571829904727,-73.95422776544888,POINT (-73.954227765449 40.635718299047)
57954555,06/20/2023 08:29:42 AM,06/20/2023 08:34:04 AM,NYPD,New York City Police Department,Illegal Parking,Posted Parking Sign Violation,,Street/Sidewalk,11221,1307 MYRTLE AVENUE,MYRTLE AVENUE,CEDAR STREET,DEKALB AVENUE,CEDAR STREET,DEKALB AVENUE,ADDRESS,BROOKLYN,MYRTLE AVENUE,,Closed,,This complaint does not fall under the Police Department's jurisdiction.,06/20/2023 08:34:10 AM,04 BROOKLYN,34,Precinct 83,3032330001,BROOKLYN,1004782,193592,MOBILE,Unspecified,BROOKLYN,,,,,,,,40.698018272038865,-73.92595451951783,POINT (-73.925954519518 40.698018272039)
57951891,06/20/2023 10:10:08 PM,06/21/2023 03:27:29 AM,DHS,Department of Homeless Services,Homeless Person Assistance,,,Street/Sidewalk,10107,250 WEST   57 STREET,WEST   57 STREET,BROADWAY,8 AVENUE,BROADWAY,8 AVENUE,ADDRESS,NEW YORK,WEST   57 STREET,,Closed,,"The mobile outreach response team offered services to the individual, but the individual did not accept assistance.",06/21/2023 03:27:29 AM,05 MANHATTAN,03,Precinct 18,1010280056,MANHATTAN,989203,218494,ONLINE,Unspecified,MANHATTAN,,,,,,,,40.76639057686906,-73.98211943675079,POINT (-73.982119436751 40.766390576869)
57946266,06/19/2023 09:56:36 PM,06/19/2023 10:31:57 PM,NYPD,New York City Police Department,Illegal Parking,Blocked Hydrant,,Street/Sidewalk,11219,1343 67 STREET,67 STREET,13 AVENUE,14 AVENUE,13 AVENUE,14 AVENUE,ADDRESS,BROOKLYN,67 STREET,,Closed,,The Police Department responded and upon arrival those responsible for the condition were gone.,06/19/2023 10:32:02 PM,10 BROOKLYN,43,Precinct 68,3057610061,BROOKLYN,983769,166700,ONLINE,Unspecified,BROOKLYN,,,,,,,,40.624229475391786,-74.00173273410512,POINT (-74.001732734105 40.624229475392)
57957975,06/20/2023 11:41:00 AM,07/26/2023 04:29:28 PM,DPR,Department of Parks and Recreation,Root/Sewer/Sidewalk Condition,Trees and Sidewalks Program,Free Repair,Street,11209,247 89 STREET,89 STREET,RIDGE BOULEVARD,3 AVENUE,RIDGE BOULEVARD,3 AVENUE,ADDRESS,BROOKLYN,89 STREET,,Closed,,"NYC Parks inspected the requested repair site. This site meets the criteria for repair under the Trees & Sidewalks Program. The timeframe for repair work depends on available funding for the program, the severity of damage, and the other sidewalk requests in the surrounding district.",07/26/2023 04:29:34 PM,10 BROOKLYN,47,Precinct 68,3060610056,BROOKLYN,975034,165772,UNKNOWN,Unspecified,BROOKLYN,,,,,,,,40.62167752901004,-74.03319806101983,POINT (-74.03319806102 40.62167752901)
57959073,06/20/2023 10:25:26 AM,06/21/2023 02:20:50 PM,DOT,Department of Transportation,Highway Condition,Cave-in,N/A,Highway,,,,,,,,,,,,Closed,,"Upon inspection, the reported condition was not found, therefore no action was taken.",06/21/2023 02:20:57 PM,Unspecified QUEENS,,Unspecified,,QUEENS,,,ONLINE,Unspecified,QUEENS,,,,BQE/Gowanus Expwy,East/Bronx Bound,Ramp,Grand Central Pkwy La Guardia Airport (Exit 42),,,
57956526,06/20/2023 11:01:11 PM,06/20/2023 11:03:07 PM,NYPD,New York City Police Department,Drug Activity,Use Outside,,Street/Sidewalk,11366,159-06 UNION TURNPIKE,UNION TURNPIKE,159 STREET,160 STREET,159 STREET,160 STREET,ADDRESS,FRESH MEADOWS,UNION TURNPIKE,,Closed,,The Police Department responded to the complaint and determined that police action was not necessary.,06/20/2023 11:03:12 PM,08 QUEENS,24,Precinct 107,4068540028,QUEENS,1037538,201770,ONLINE,Unspecified,QUEENS,,,,,,,,40.720328269590894,-73.80776061338688,POINT (-73.807760613387 40.720328269591)
57958794,06/21/2023 12:35:20 AM,06/21/2023 12:43:58 AM,NYPD,New York City Police Department,Noise - Street/Sidewalk,Loud Music/Party,,Street/Sidewalk,10471,6535 BROADWAY,BROADWAY,WEST  259 STREET,WEST  260 STREET,WEST  259 STREET,WEST  260 STREET,ADDRESS,BRONX,BROADWAY,,Closed,,The Police Department responded to the complaint and with the information available observed no evidence of the violation at that time.,06/21/2023 12:44:01 AM,08 BRONX,11,Precinct 50,2058640526,BRONX,1012855,269594,MOBILE,Unspecified,BRONX,,,,,,,,40.90660026019804,-73.89651672124921,POINT (-73.896516721249 40.906600260198)
57952764,06/20/2023 06:00:39 PM,07/28/2023 12:00:00 AM,DOB,Department of Buildings,General Construction/Plumbing,Debris - Excessive,,,10455,710 TINTON AVENUE,TINTON AVENUE,,,,,ADDRESS,BRONX,,,Closed,,The Department of Buildings investigated this complaint and determined that no further action was necessary.,07/28/2023 12:00:00 AM,01 BRONX,17,Precinct 40,2026650001,BRONX,1010526,236941,UNKNOWN,Unspecified,BRONX,,,,,,,,40.81698492816716,-73.90507026944597,POINT (-73.905070269446 40.816984928167)
57949578,06/20/2023 12:45:55 PM,,DPR,Department of Parks and Recreation,Overgrown Tree/Branches,Hitting Building,N/A,Street,11414,158-22 90 STREET,90 STREET,158 AVENUE,159 AVENUE,158 AVENUE,159 AVENUE,ADDRESS,HOWARD BEACH,90 STREET,,In Progress,,"NYC Parks created a work order for the tree condition and expects to address the issue within 120 days from the date of the tree assessment, barring any weather-related requests.   NYC Parks work priority categories range from Category A through D, with A being the most critical and time-sensitive. We will complete all work in Category A first and address work in lower priority categories in accordance with available resources. For more information about the Tree Risk Management Program, visit the NYC Urban Forest page on the NYC Parks website at nyc.gov/parks/trees.",09/06/2024 04:48:14 PM,10 QUEENS,32,Precinct 106,4139880018,QUEENS,1027808,179744,PHONE,Unspecified,QUEENS,,,,,,,,40.65992532971227,-73.84300445063552,POINT (-73.843004450636 40.659925329712)
57947049,06/19/2023 11:11:05 PM,06/20/2023 02:02:33 AM,NYPD,New York City Police Department,Noise - Street/Sidewalk,Loud Talking,,Street/Sidewalk,10451,811 WALTON AVENUE,WALTON AVENUE,EAST  157 STREET,EAST  158 STREET,EAST  157 STREET,EAST  158 STREET,ADDRESS,BRONX,WALTON AVENUE,,Closed,,The Police Department responded to the complaint and with the information available observed no evidence of the violation at that time.,06/20/2023 02:02:38 AM,04 BRONX,16,Precinct 44,2024740001,BRONX,1004949,240015,ONLINE,Unspecified,BRONX,,,,,,,,40.82543701491463,-73.92520931892479,POINT (-73.925209318925 40.825437014915)
57960495,06/21/2023 05:35:09 PM,07/05/2023 09:43:25 AM,DPR,Department of Parks and Recreation,Damaged Tree,Branch Cracked and Will Fall,Hanging from Other Branches,Street,10306,COMBS AVENUE,COMBS AVENUE,COMBS AVENUE,WOLVERINE STREET,COMBS AVENUE,WOLVERINE STREET,INTERSECTION,,,,Closed,,NYC Parks performed the work necessary to correct the condition.,07/05/2023 09:43:31 AM,03 STATEN ISLAND,50,Precinct 122,,STATEN ISLAND,947604,146059,PHONE,Unspecified,STATEN ISLAND,,,,,,,,40.56749837646563,-74.1318999421379,POINT (-74.131899942138 40.567498376466)
57944961,06/19/2023 02:11:41 PM,06/20/2023 11:09:38 AM,DOT,Department of Transportation,Sidewalk Condition,Broken Sidewalk,1-3 Residential Units,Sidewalk,11209,7614 COLONIAL ROAD,COLONIAL ROAD,76 STREET,77 STREET,76 STREET,77 STREET,ADDRESS,BROOKLYN,COLONIAL ROAD,,Closed,,The Department of Transportation has determined that this issue is not within its jurisdiction.,06/20/2023 11:09:44 AM,10 BROOKLYN,47,Precinct 68,3059470044,BROOKLYN,974943,169477,MOBILE,Unspecified,BROOKLYN,,,,,,,,40.63184687964018,-74.0335309717676,POINT (-74.033530971768 40.63184687964)
57953124,06/20/2023 06:23:23 PM,06/20/2023 08:23:52 PM,NYPD,New York City Police Department,Illegal Parking,Posted Parking Sign Violation,,Street/Sidewalk,11214,7704 18 AVENUE,18 AVENUE,77 STREET,78 STREET,77 STREET,78 STREET,ADDRESS,BROOKLYN,18 AVENUE,,Closed,,The Police Department responded to the complaint and determined that police action was not necessary.,06/20/2023 08:23:55 PM,11 BROOKLYN,43,Precinct 62,3062480042,BROOKLYN,985005,162288,MOBILE,Unspecified,BROOKLYN,,,,,,,,40.61211943244717,-73.99728071324252,POINT (-73.997280713243 40.612119432447)
58030542,06/27/2023 02:09:49 PM,02/01/2024 12:00:00 AM,DOB,Department of Buildings,General Construction/Plumbing,"Building - Vacant, Open And Unguarded",,,11236,1400 EAST   93 STREET,EAST   93 STREET,,,,,ADDRESS,BROOKLYN,,,Closed,,The Department of Buildings investigated this complaint and determined that no further action was necessary.,02/01/2024 12:00:00 AM,18 BROOKLYN,46,Precinct 69,3082380068,BROOKLYN,1012321,171451,UNKNOWN,Unspecified,BROOKLYN,,,,,,,,40.63722549850375,-73.89885849783622,POINT (-73.898858497836 40.637225498504)
57952107,06/20/2023 04:47:43 AM,06/21/2023 03:09:27 PM,HPD,Department of Housing Preservation and Development,UNSANITARY CONDITION,PESTS,ROACHES,RESIDENTIAL BUILDING,10452,974 ANDERSON AVENUE,ANDERSON AVENUE,,,,,ADDRESS,BRONX,,,Closed,,The Department of Housing Preservation and Development inspected the following conditions. No violations were issued. The complaint has been closed.,06/21/2023 12:00:00 AM,04 BRONX,08,Precinct 44,2025040072,BRONX,1004284,242293,PHONE,Unspecified,BRONX,,,,,,,,40.83169100499876,-73.92760532719244,POINT (-73.927605327192 40.831691004999)
57951180,06/20/2023 03:36:33 PM,06/27/2023 02:49:11 PM,DOT,Department of Transportation,Sidewalk Condition,Broken Sidewalk,1-3 Residential Units,Sidewalk,11213,971 PARK PLACE,PARK PLACE,NEW YORK AVENUE,BROOKLYN AVENUE,NEW YORK AVENUE,BROOKLYN AVENUE,ADDRESS,BROOKLYN,PARK PLACE,,Closed,,"The Department of Transportation will inspect the complaint location and notify the property owner within 180 days if a defective sidewalk condition exists. The property owner is responsible for maintaining, repairing and installing sidewalks adjoining their property, according to Section 19-152 of the New York City Administrative Code.",06/27/2023 02:49:15 PM,08 BROOKLYN,36,Precinct 77,3012350058,BROOKLYN,999338,184540,ONLINE,Unspecified,BROOKLYN,,,,,,,,40.67318356343414,-73.94560772727652,POINT (-73.945607727277 40.673183563434)
57956841,06/20/2023 10:34:19 PM,06/20/2023 11:02:05 PM,NYPD,New York City Police Department,Illegal Parking,Blocked Crosswalk,,Street/Sidewalk,11358,35-01 191 STREET,191 STREET,35 AVENUE,CROCHERON AVENUE,35 AVENUE,CROCHERON AVENUE,ADDRESS,FLUSHING,191 STREET,,Closed,,The Police Department responded to the complaint and determined that police action was not necessary.,06/20/2023 11:02:08 PM,11 QUEENS,19,Precinct 111,4053060018,QUEENS,1042113,217844,ONLINE,Unspecified,QUEENS,,,,,,,,40.764418524404,-73.79111783358982,POINT (-73.79111783359 40.764418524404)
57949344,06/20/2023 01:05:23 AM,06/22/2023 11:44:47 AM,DSNY,Department of Sanitation,Dirty Condition,Dirt or Gravel,N/A,Street,11231,611 CLINTON STREET,CLINTON STREET,CENTRE MALL,BUSH STREET,CENTRE MALL,BUSH STREET,ADDRESS,BROOKLYN,CLINTON STREET,,Closed,,The Department of Sanitation investigated this complaint and found no condition at the location.,06/21/2023 03:27:25 AM,06 BROOKLYN,38,Precinct 76,3005620004,BROOKLYN,983698,184982,ONLINE,Unspecified,BROOKLYN,,,,,,,,40.674409594357286,-74.00198999765105,POINT (-74.001989997651 40.674409594357)
57947526,06/19/2023 06:48:18 PM,06/19/2023 07:51:14 PM,NYPD,New York City Police Department,Encampment,N/A,,Street/Sidewalk,11249,KENT AVENUE,KENT AVENUE,KENT AVENUE,NORTH    5 STREET,KENT AVENUE,NORTH    5 STREET,INTERSECTION,,,,Closed,,The Police Department visited the location and no Encampment was found.,06/19/2023 07:51:19 PM,01 BROOKLYN,33,Precinct 94,,BROOKLYN,994535,201313,ONLINE,Unspecified,BROOKLYN,,,,,,,,40.719228428965984,-73.96289693860493,POINT (-73.962896938605 40.719228428966)
57958362,06/20/2023 02:03:00 PM,06/20/2023 11:28:00 PM,DSNY,Department of Sanitation,Derelict Vehicles,Derelict Vehicles,,Street,10455,1031 LEGGETT AVENUE,LEGGETT AVENUE,SOUTHERN BOULEVARD,BRUCKNER BOULEVARD,,,ADDRESS,BRONX,,DSNY Garage,Closed,,DSNY already has a request to investigate this reportedly abandoned vehicle and cannot open multiple service requests for the same vehicle at once. Your request is being closed while we action the prior report.,06/20/2023 12:00:00 PM,02 BRONX,08,Precinct 41,2027290001,BRONX,1012151,235655,PHONE,Unspecified,BRONX,,,,,,,,40.81345023732245,-73.89920483303611,POINT (-73.899204833036 40.813450237322)
57945213,06/19/2023 11:23:09 AM,06/19/2023 11:56:52 AM,NYPD,New York City Police Department,Illegal Parking,Posted Parking Sign Violation,,Street/Sidewalk,10011,359 WEST   23 STREET,WEST   23 STREET,8 AVENUE,9 AVENUE,8 AVENUE,9 AVENUE,ADDRESS,NEW YORK,WEST   23 STREET,,Closed,,The Police Department responded to the complaint and determined that police action was not necessary.,06/19/2023 11:56:58 AM,04 MANHATTAN,03,Precinct 10,1007470001,MANHATTAN,984227,211056,ONLINE,Unspecified,MANHATTAN,,,,,,,,40.745976549430566,-74.00008300564024,POINT (-74.00008300564 40.745976549431)
57948786,06/19/2023 05:36:10 PM,06/19/2023 05:53:15 PM,NYPD,New York City Police Department,Bike/Roller/Skate Chronic,N/A,,Street/Sidewalk,10308,85 SANDALWOOD DRIVE,SANDALWOOD DRIVE,COUNTRY WOODS LANE,IRONWOOD STREET,COUNTRY WOODS LANE,IRONWOOD STREET,ADDRESS,STATEN ISLAND,SANDALWOOD DRIVE,,Closed,,The Police Department responded to the complaint and with the information available observed no evidence of the violation at that time.,06/19/2023 05:53:21 PM,03 STATEN ISLAND,51,Precinct 122,5045100060,STATEN ISLAND,943494,144013,ONLINE,Unspecified,STATEN ISLAND,,,,,,,,40.561864571342674,-74.1466807070275,POINT (-74.146680707027 40.561864571343)
57945573,06/19/2023 09:37:12 PM,06/19/2023 09:50:25 PM,NYPD,New York City Police Department,Illegal Fireworks,N/A,,Park/Playground,11221,RAYMOND BUSH PLAYGROUND,RAYMOND BUSH PLAYGROUND,MONROE STREET,MADISON STREET,MONROE STREET,MADISON STREET,UNRECOGNIZED,BROOKLYN,RAYMOND BUSH PLAYGROUND,,Closed,,The Police Department responded to the complaint and took action to fix the condition.,06/19/2023 09:50:29 PM,03 BROOKLYN,36,Precinct 79,3018210025,BROOKLYN,1001014,189343,ONLINE,Unspecified,BROOKLYN,,,,,,,,40.686363691228365,-73.93955379742252,POINT (-73.939553797423 40.686363691228)
57949911,06/20/2023 07:47:06 PM,06/21/2023 07:29:40 PM,HPD,Department of Housing Preservation and Development,PAINT/PLASTER,WALL,COLLAPSING OR FALLING,RESIDENTIAL BUILDING,11224,501 SURF AVENUE,SURF AVENUE,,,,,ADDRESS,BROOKLYN,,,Closed,,The Department of Housing Preservation and Development inspected the following conditions. No violations were issued. The complaint has been closed.,06/21/2023 12:00:00 AM,13 BROOKLYN,48,Precinct 60,3072797501,BROOKLYN,991479,148728,PHONE,Unspecified,BROOKLYN,,,,,,,,40.574897042198685,-73.97397778873605,POINT (-73.973977788736 40.574897042199)
57947976,06/19/2023 06:09:03 PM,06/20/2023 07:46:07 AM,DPR,Department of Parks and Recreation,Overgrown Tree/Branches,Dead Branches in Tree,N/A,Street,11358,45-31 171 STREET,171 STREET,45 AVENUE,46 AVENUE,45 AVENUE,46 AVENUE,ADDRESS,FLUSHING,171 STREET,,Closed,,"NYC Parks created a work order for the tree condition.  Please note that addressing this work can take up to a year or more depending on the higher priority work identified during this period and resources available to address this work.    NYC Parks work priority categories range from Category A through D, with A being the most critical and time-sensitive. We will complete all work in Category A first and address work in lower priority categories in accordance with available resources. For more information about the Tree Risk Management Program, visit the NYC Urban Forest page on the NYC Parks website at nyc.gov/parks/trees.   Alternatively, you may choose complete the work yourself by hiring an independent contractor. The contractor must complete a Tree Work Permit application on the NYC Parks website at nyc.gov/parks/trees.",06/20/2023 07:46:11 AM,07 QUEENS,19,Precinct 109,4054500017,QUEENS,1040709,214416,ONLINE,Unspecified,QUEENS,,,,,,,,40.75501864584193,-73.79621496460489,POINT (-73.796214964605 40.755018645842)
57944880,06/19/2023 09:51:18 PM,07/12/2023 11:19:28 AM,DPR,Department of Parks and Recreation,Maintenance or Facility,Rodent Sighting,N/A,Street/Curbside,11217,LAFAYETTE AVENUE,LAFAYETTE AVENUE,LAFAYETTE AVENUE,SOUTH ELLIOTT PLACE,LAFAYETTE AVENUE,SOUTH ELLIOTT PLACE,INTERSECTION,,,,Closed,,NYC Parks has completed the requested work order and corrected the problem.,07/12/2023 11:19:34 AM,02 BROOKLYN,35,Precinct 88,,BROOKLYN,991020,189601,PHONE,Unspecified,BROOKLYN,,,,,,,,40.68708512865023,-73.97558904845249,POINT (-73.975589048452 40.68708512865)
57955824,06/20/2023 10:01:28 AM,06/20/2023 11:03:35 AM,DSNY,Department of Sanitation,Vendor Enforcement,Non-Food Vendor,Unlicensed,Street,11101,13-06 QUEENS PLAZA SOUTH,QUEENS PLAZA SOUTH,13 STREET,21 STREET,13 STREET,21 STREET,ADDRESS,LONG ISLAND CITY,QUEENS PLAZA SOUTH,,Closed,,N/A,06/20/2023 11:03:39 AM,02 QUEENS,26,Precinct 108,4004570169,QUEENS,999504,213397,ONLINE,Unspecified,QUEENS,,,,,,,,40.75238884709425,-73.94494391305291,POINT (-73.944943913053 40.752388847094)
57950982,06/20/2023 01:23:43 PM,08/03/2023 06:12:27 AM,DPR,Department of Parks and Recreation,Root/Sewer/Sidewalk Condition,Trees and Sidewalks Program,Free Repair,Street,11373,86-09 JUSTICE AVENUE,JUSTICE AVENUE,BROADWAY,52 AVENUE,BROADWAY,52 AVENUE,ADDRESS,ELMHURST,JUSTICE AVENUE,,Closed,,NYC Parks inspected and determined that the site is ineligible for the Trees and Sidewalks Program because of one or more of the following reasons:  - The property adjacent to the sidewalk is not in Tax Class 1 - The property adjacent to the sidewalk is not owner-occupied - The property adjacent to the sidewalk contains a place of business  You can repair the sidewalk yourself by hiring an independent contractor. The contractor must complete a Tree Work Permit application on the NYC Parks website.,08/03/2023 06:12:33 AM,04 QUEENS,25,Precinct 110,4018370097,QUEENS,1018327,208120,ONLINE,Unspecified,QUEENS,,,,,,,,40.737852311379456,-73.87703307663568,POINT (-73.877033076636 40.737852311379)
57947589,06/19/2023 10:13:31 AM,06/19/2023 01:29:20 PM,NYPD,New York City Police Department,Blocked Driveway,No Access,,Street/Sidewalk,11375,113-16 76 ROAD,76 ROAD,113 STREET,GRAND CENTRAL PARKWAY,113 STREET,GRAND CENTRAL PARKWAY,ADDRESS,FOREST HILLS,76 ROAD,,Closed,,The Police Department responded to the complaint and with the information available observed no evidence of the violation at that time.,06/19/2023 01:29:25 PM,06 QUEENS,29,Precinct 112,4022670223,QUEENS,1030340,200946,PHONE,Unspecified,QUEENS,,,,,,,,40.71810702144812,-73.83373336874195,POINT (-73.833733368742 40.718107021448)
57959676,06/20/2023 09:42:21 PM,06/20/2023 10:02:46 PM,NYPD,New York City Police Department,Illegal Parking,Commercial Overnight Parking,,Street/Sidewalk,10306,72 HEMPSTEAD AVENUE,HEMPSTEAD AVENUE,BADEN PLACE,PATTERSON AVENUE,BADEN PLACE,PATTERSON AVENUE,ADDRESS,STATEN ISLAND,HEMPSTEAD AVENUE,,Closed,,The Police Department issued a summons in response to the complaint.,06/20/2023 10:02:52 PM,02 STATEN ISLAND,50,Precinct 122,5038130018,STATEN ISLAND,958986,147695,ONLINE,Unspecified,STATEN ISLAND,,,,,,,,40.572028611628525,-74.09093886044279,POINT (-74.090938860443 40.572028611629)
57957282,06/20/2023 09:30:00 PM,06/21/2023 09:00:00 PM,DOT,Department of Transportation,Street Light Condition,Street Light Out,Location Type: Intersection,,11207,241 COOPER STREET,COOPER STREET,KNICKERBOCKER AVE,WILSON AVE,COOPER STREET,WILSON AVENUE,INTERSECTION,BROOKLYN,,,Closed,,"Service Request status for this request is available on the Department of Transportation's website. Please click the ""Learn More"" link below.",06/21/2023 09:00:00 PM,04 BROOKLYN,37,Precinct 83,3034360039,BROOKLYN,1010376,190445,UNKNOWN,Unspecified,BROOKLYN,,,,,,,,40.68936574355551,-73.90579284368451,POINT (-73.905792843685 40.689365743556)
57946374,06/20/2023 12:20:37 AM,06/20/2023 12:54:50 AM,NYPD,New York City Police Department,Illegal Parking,Commercial Overnight Parking,,Street/Sidewalk,11436,138-02 116 AVENUE,116 AVENUE,VAN WYCK EXPRESSWAY,139 STREET,VAN WYCK EXPRESSWAY,139 STREET,ADDRESS,JAMAICA,116 AVENUE,,Closed,,The Police Department issued a summons in response to the complaint.,06/20/2023 12:54:55 AM,12 QUEENS,28,Precinct 113,4119960128,QUEENS,1038796,186946,ONLINE,Unspecified,QUEENS,,,,,,,,40.67963228973748,-73.8033423842917,POINT (-73.803342384292 40.679632289737)
57960603,06/21/2023 10:11:59 AM,06/21/2023 12:10:39 PM,DOHMH,Department of Health and Mental Hygiene,Rodent,Condition Attracting Rodents,,1-2 Family Dwelling,11234,1799 EAST   51 STREET,EAST   51 STREET,AVENUE O,FILLMORE AVENUE,AVENUE O,FILLMORE AVENUE,ADDRESS,BROOKLYN,EAST   51 STREET,,Closed,,This service request was closed because the Department of Health and Mental Hygiene received an earlier complaint about the same location.  You can find inspection results for this address by going to the online Rat Portal at www.nyc.gov/rats.,06/21/2023 10:11:59 AM,18 BROOKLYN,46,Precinct 63,3084910034,BROOKLYN,1004916,163785,PHONE,Unspecified,BROOKLYN,,,,,,,,40.61620431935926,-73.92556261478595,POINT (-73.925562614786 40.616204319359)
57958164,06/20/2023 10:05:27 AM,06/21/2023 12:00:00 AM,DOB,Department of Buildings,Real Time Enforcement,Work Without A Permit - Occupied Multiple Dwelling,,,10463,3033 GODWIN TERRACE,GODWIN TERRACE,,,,,ADDRESS,BRONX,,,Closed,,"The Department of Buildings attempted to investigate this complaint twice but could not gain access to the location. If the problem still exists, please call 311 and file a new complaint with additional access information. If you are outside of New York City, please call (212) NEW-YORK (212-639-9675).",06/21/2023 12:00:00 AM,08 BRONX,11,Precinct 50,2057030203,BRONX,1010119,259353,UNKNOWN,Unspecified,BRONX,,,,,,,,40.87850042435171,-73.90645420640544,POINT (-73.906454206405 40.878500424352)
57946464,06/19/2023 08:24:06 PM,06/23/2023 11:20:03 PM,DSNY,Department of Sanitation,Dirty Condition,Trash,Littering,Sidewalk,11211,483 GRAND STREET,GRAND STREET,KEAP STREET,BORINQUEN PLACE,KEAP STREET,BORINQUEN PLACE,ADDRESS,BROOKLYN,GRAND STREET,,Closed,,The Department of Sanitation cleaned the location.,06/23/2023 11:20:06 PM,01 BROOKLYN,34,Precinct 90,3023870025,BROOKLYN,997583,198319,MOBILE,Unspecified,BROOKLYN,,,,,,,,40.711006547422556,-73.95190723300554,POINT (-73.951907233006 40.711006547423)
57945051,06/19/2023 02:40:34 PM,09/11/2023 12:00:00 AM,DOB,Department of Buildings,Building/Use,No Certificate Of Occupancy/Illegal/Contrary To CO,,,11238,1000 ATLANTIC AVENUE,ATLANTIC AVENUE,,,,,ADDRESS,BROOKLYN,,,Closed,,The Department of Buildings investigated this complaint and issued an Office of Administrative Trials and Hearings (OATH) summons.,09/11/2023 12:00:00 AM,08 BROOKLYN,35,Precinct 77,3011250010,BROOKLYN,995210,187122,UNKNOWN,Unspecified,BROOKLYN,,,,,,,,40.680276642979265,-73.96048497494918,POINT (-73.960484974949 40.680276642979)
57948696,06/19/2023 03:00:27 PM,06/21/2023 03:31:18 PM,DSNY,Department of Sanitation,Illegal Dumping,Removal Request,N/A,Sidewalk,11228,82 STREET,82 STREET,82 STREET,FORT HAMILTON PARKWAY,82 STREET,FORT HAMILTON PARKWAY,INTERSECTION,,,,Closed,,The Department of Sanitation cleaned the location.,06/21/2023 05:21:47 AM,10 BROOKLYN,47,Precinct 68,,BROOKLYN,978240,166052,ONLINE,Unspecified,BROOKLYN,,,,,,,,40.62244882545146,-74.02164959305392,POINT (-74.021649593054 40.622448825451)
57960450,06/21/2023 04:58:47 PM,06/21/2023 05:35:21 PM,NYPD,New York City Police Department,Abandoned Vehicle,With License Plate,,Street/Sidewalk,11201,120 NASSAU STREET,NASSAU STREET,JAY STREET,BRIDGE PLAZA COURT,JAY STREET,BRIDGE PLAZA COURT,ADDRESS,BROOKLYN,NASSAU STREET,,Closed,,The Police Department reviewed your complaint and provided additional information below.,06/21/2023 05:35:25 PM,02 BROOKLYN,33,Precinct 84,3001077501,BROOKLYN,987949,193754,MOBILE,Unspecified,BROOKLYN,,,,,,,,40.69848596973355,-73.98666003690991,POINT (-73.98666003691 40.698485969734)
57950496,06/20/2023 09:13:48 PM,06/20/2023 09:31:54 PM,NYPD,New York City Police Department,Noise - Residential,Banging/Pounding,,Residential Building/House,10024,63 WEST   87 STREET,WEST   87 STREET,CENTRAL PARK WEST,COLUMBUS AVENUE,CENTRAL PARK WEST,COLUMBUS AVENUE,ADDRESS,NEW YORK,WEST   87 STREET,,Closed,,The Police Department responded to the complaint and took action to fix the condition.,06/20/2023 09:32:00 PM,07 MANHATTAN,06,Precinct 24,1012010003,MANHATTAN,992291,225956,ONLINE,Unspecified,MANHATTAN,,,,,,,,40.786869532945126,-73.97096268234327,POINT (-73.970962682343 40.786869532945)
57953331,06/20/2023 04:29:10 PM,06/20/2023 06:44:11 PM,NYPD,New York City Police Department,Noise - Residential,Banging/Pounding,,Residential Building/House,10457,1872 MONROE AVENUE,MONROE AVENUE,MOUNT HOPE PLACE,EAST TREMONT AVENUE,MOUNT HOPE PLACE,EAST TREMONT AVENUE,ADDRESS,BRONX,MONROE AVENUE,,Closed,,The Police Department responded to the complaint and took action to fix the condition.,06/20/2023 06:44:17 PM,05 BRONX,15,Precinct 46,2028040001,BRONX,1010260,248435,ONLINE,Unspecified,BRONX,,,,,,,,40.848533419181855,-73.90598670450618,POINT (-73.905986704506 40.848533419182)
57951396,06/20/2023 05:26:00 PM,06/22/2023 12:10:00 PM,DSNY,Department of Sanitation,Derelict Vehicles,Derelict Vehicles,,Street,10472,1001 WHEELER AVENUE,WHEELER AVENUE,BRUCKNER BOULEVARD,WATSON AVENUE,,,ADDRESS,BRONX,,,Closed,,The Department of Sanitation (DSNY) tagged the vehicle to confirm it was abandoned. The owner then claimed the vehicle. DSNY closed your Service Request. No further action will be taken.,06/22/2023 12:00:00 PM,09 BRONX,17,Precinct 43,2037120001,BRONX,1017718,239519,PHONE,Unspecified,BRONX,,,,,,,,40.82403648397303,-73.87907423923606,POINT (-73.879074239236 40.824036483973)
57957381,06/20/2023 11:39:23 PM,06/21/2023 12:02:38 AM,NYPD,New York City Police Department,Noise - Street/Sidewalk,Loud Music/Party,,Street/Sidewalk,10026,309 WEST  113 STREET,WEST  113 STREET,FREDERICK DOUGLASS BOULEVARD,MANHATTAN AVENUE,FREDERICK DOUGLASS BOULEVARD,MANHATTAN AVENUE,ADDRESS,NEW YORK,WEST  113 STREET,,Closed,,The Police Department responded to the complaint and took action to fix the condition.,06/21/2023 12:02:42 AM,10 MANHATTAN,09,Precinct 28,1018470049,MANHATTAN,996133,231697,MOBILE,Unspecified,MANHATTAN,,,,,,,,40.80262269075818,-73.95707845874469,POINT (-73.957078458745 40.802622690758)
57953169,06/20/2023 06:38:46 AM,06/20/2023 06:54:52 AM,DOT,Department of Transportation,Broken Parking Meter,Parking Card Stuck in Meter,N/A,Street,10453,1973 WALTON AVENUE,WALTON AVENUE,EAST TREMONT AVENUE,EAST  179 STREET,EAST TREMONT AVENUE,EAST  179 STREET,ADDRESS,BRONX,WALTON AVENUE,,Closed,,The request submitted did not have sufficient information for the Department of Transportation to respond.,06/20/2023 06:54:59 AM,05 BRONX,14,Precinct 46,2028540024,BRONX,1009669,249572,MOBILE,Unspecified,BRONX,,,,,,,,40.85165586715717,-73.9081185651524,POINT (-73.908118565152 40.851655867157)
57951108,06/20/2023 09:13:58 AM,06/26/2023 03:42:00 PM,DPR,Department of Parks and Recreation,Maintenance or Facility,Garbage or Litter,Other Litter,Park,10029,176 EAST  115 STREET,EAST  115 STREET,LEXINGTON AVENUE,3 AVENUE,LEXINGTON AVENUE,3 AVENUE,ADDRESS,NEW YORK,EAST  115 STREET,,Closed,,NYC Parks has completed the requested work order and corrected the problem.,06/26/2023 03:42:04 PM,11 MANHATTAN,08,Precinct 23,1016400139,MANHATTAN,1000508,229861,PHONE,Unspecified,MANHATTAN,,,,,,,,40.797576406303705,-73.94128035480412,POINT (-73.941280354804 40.797576406304)
57957021,06/20/2023 07:07:39 PM,06/20/2023 07:49:58 PM,NYPD,New York City Police Department,Illegal Parking,Posted Parking Sign Violation,,Street/Sidewalk,11236,959 EAST   92 STREET,EAST   92 STREET,FOSTER AVENUE,BEDELL LANE,FOSTER AVENUE,BEDELL LANE,ADDRESS,BROOKLYN,EAST   92 STREET,,Closed,,The Police Department responded to the complaint and determined that police action was not necessary.,06/20/2023 07:50:03 PM,18 BROOKLYN,42,Precinct 69,3081420024,BROOKLYN,1009383,174365,ONLINE,Unspecified,BROOKLYN,,,,,,,,40.645232623214426,-73.90943342542958,POINT (-73.90943342543 40.645232623214)
57952134,06/20/2023 10:19:00 AM,06/26/2023 11:26:40 AM,HPD,Department of Housing Preservation and Development,PLUMBING,WATER SUPPLY,NO HOT WATER,RESIDENTIAL BUILDING,11221,1267 PUTNAM AVENUE,PUTNAM AVENUE,,,,,ADDRESS,BROOKLYN,,,Closed,,The Department of Housing Preservation and Development inspected the following conditions. Violations were issued. Information about specific violations is available at www.nyc.gov/hpd,06/26/2023 12:00:00 AM,04 BROOKLYN,37,Precinct 83,3033690165,BROOKLYN,1007941,191536,ONLINE,Unspecified,BROOKLYN,,,,,,,,40.692367138543794,-73.91456931290232,POINT (-73.914569312902 40.692367138544)
57961305,06/21/2023 07:41:36 PM,06/21/2023 08:00:24 PM,NYPD,New York City Police Department,Noise - Residential,Loud Music/Party,,Residential Building/House,10025,50 MANHATTAN AVENUE,MANHATTAN AVENUE,WEST  102 STREET,WEST  103 STREET,WEST  102 STREET,WEST  103 STREET,ADDRESS,NEW YORK,MANHATTAN AVENUE,,Closed,,The Police Department responded to the complaint and took action to fix the condition.,06/21/2023 08:00:28 PM,07 MANHATTAN,07,Precinct 24,1018380021,MANHATTAN,994403,229319,ONLINE,Unspecified,MANHATTAN,,,,,,,,40.79609788727609,-73.96333083470218,POINT (-73.963330834702 40.796097887276)
57954834,06/20/2023 07:45:51 AM,06/23/2023 01:10:24 PM,HPD,Department of Housing Preservation and Development,ELECTRIC,LIGHTING,DIMS OR FLICKERS,RESIDENTIAL BUILDING,10039,720 LENOX AVENUE,LENOX AVENUE,,,,,ADDRESS,NEW YORK,,,Closed,,"The Department of Housing Preservation and Development contacted an occupant of the apartment and verified that the following conditions were corrected. The complaint has been closed. If the condition still exists, please file a new complaint.",06/23/2023 12:00:00 AM,10 MANHATTAN,09,Precinct 32,1017440001,MANHATTAN,1002057,238468,PHONE,Unspecified,MANHATTAN,,,,,,,,40.821197243330026,-73.93566294199654,POINT (-73.935662941997 40.82119724333)
57952539,06/20/2023 07:12:03 AM,07/12/2023 02:56:01 PM,EDC,Economic Development Corporation,Noise - Helicopter,Other,Flying Too Low,Above Address,11238,268 LINCOLN PLACE,LINCOLN PLACE,UNDERHILL AVENUE,WASHINGTON AVENUE,UNDERHILL AVENUE,WASHINGTON AVENUE,ADDRESS,BROOKLYN,LINCOLN PLACE,,Closed,,"The New York City Economic Development Corporation determined that this issue is not within its jurisdiction because the helicopter did not belong to a tour company departing from a NYC heliport.Â  Instead, it was most likely a law enforcement or news gathering helicopter not subject to the routing protocols established for tour helicopters. It may also have been a helicopter that departed as a charter or tour from another City but flew over NYC airspace. Helicopter tours originating from outside NYC are not subject to the same City regulations as tours departing from heliports managed by NYCEDC. Any City regulation of these flights is pre-empted by federal law and subject only to the jurisdiction of the Federal Aviation Administration. To file a complaint with the FAA, you can contact the New York Flight Standards District Office at the following web address:Â https://www.faa.gov/about/office_org/field_offices/fsdo/",07/12/2023 02:56:05 PM,08 BROOKLYN,35,Precinct 77,3011790001,BROOKLYN,993468,184688,ONLINE,Unspecified,BROOKLYN,,,,,,,,40.67359784846708,-73.96676888492564,POINT (-73.966768884926 40.673597848467)
57951198,06/20/2023 06:29:40 AM,06/20/2023 12:14:47 PM,DHS,Department of Homeless Services,Homeless Person Assistance,,,Residential Building/House,10016,729 2 AVENUE,2 AVENUE,EAST 39 STREET,EAST 40 STREET,EAST   39 STREET,EAST   40 STREET,ADDRESS,NEW YORK,2 AVENUE,,Closed,,"The mobile outreach response team offered services to the individual, but the individual did not accept assistance.",06/20/2023 12:14:47 PM,06 MANHATTAN,04,Precinct 17,1009200028,MANHATTAN,991590,211820,MOBILE,Unspecified,MANHATTAN,,,,,,,,40.748070491314714,-73.97350954093204,POINT (-73.973509540932 40.748070491315)
57950208,06/20/2023 07:42:02 AM,06/20/2023 08:44:13 AM,NYPD,New York City Police Department,Illegal Parking,Posted Parking Sign Violation,,Street/Sidewalk,10468,2519 CRESTON AVENUE,CRESTON AVENUE,EAST  190 STREET,EAST  191 STREET,EAST  190 STREET,EAST  191 STREET,ADDRESS,BRONX,CRESTON AVENUE,,Closed,,The Police Department issued a summons in response to the complaint.,06/20/2023 08:44:17 AM,07 BRONX,14,Precinct 52,2031757501,BRONX,1012552,253854,ONLINE,Unspecified,BRONX,,,,,,,,40.86339989603282,-73.89767938528355,POINT (-73.897679385284 40.863399896033)
57951639,06/20/2023 03:21:51 AM,06/20/2023 05:45:49 AM,NYPD,New York City Police Department,Blocked Driveway,No Access,,Street/Sidewalk,11214,1963 BATH AVENUE,BATH AVENUE,BAY   23 STREET,20 AVENUE,BAY   23 STREET,20 AVENUE,ADDRESS,BROOKLYN,BATH AVENUE,,Closed,,The Police Department responded to the complaint and determined that police action was not necessary.,06/20/2023 05:45:58 AM,11 BROOKLYN,38,Precinct 62,3064080050,BROOKLYN,983687,158498,MOBILE,Unspecified,BROOKLYN,,,,,,,,40.601716671813165,-74.0020274435886,POINT (-74.002027443589 40.601716671813)
57947688,06/19/2023 09:13:00 AM,06/19/2023 01:29:00 PM,DOT,Department of Transportation,Street Light Condition,Street Light Out,Location Type: Intersection,,10462,2183 BOGART AVENUE,BOGART AVENUE,PAULDING AVE,WOODMANSTEN PL,BOGART AVENUE,WOODMANSTEN PLACE,INTERSECTION,BRONX,,,Closed,,Service Request status for this request is available on the Department of Transportationâs website. Please click the âLearn Moreâ link below.,06/19/2023 01:29:00 PM,11 BRONX,13,Precinct 49,2043240046,BRONX,1022693,250784,UNKNOWN,Unspecified,BRONX,,,,,,,,40.85493534137573,-73.8610341478372,POINT (-73.861034147837 40.854935341376)
57950775,06/20/2023 10:25:18 AM,06/23/2023 08:03:09 AM,HPD,Department of Housing Preservation and Development,WATER LEAK,SLOW LEAK,AT WALL OR CEILING,RESIDENTIAL BUILDING,11208,765 LINCOLN AVENUE,LINCOLN AVENUE,,,,,ADDRESS,BROOKLYN,,,Closed,,The Department of Housing Preservation and Development inspected the following conditions. No violations were issued. The complaint has been closed.,06/23/2023 12:00:00 AM,05 BROOKLYN,42,Precinct 75,3042719001,BROOKLYN,1021474,183447,PHONE,Unspecified,BROOKLYN,,,,,,,,40.67011812462209,-73.86581352291451,POINT (-73.865813522914 40.670118124622)
57961098,06/21/2023 01:35:00 PM,07/12/2023 09:40:00 AM,DEP,Department of Environmental Protection,Water System,Hydrant Leaking (WC1),WC1,,10306,84 BELFAST AVENUE,BELFAST AVENUE,EBONY ST,COVERLY ST,,,ADDRESS,STATEN ISLAND,,,Closed,,The Department of Environmental Protection investigated this complaint and repaired or replaced the hydrant.,07/12/2023 09:40:00 AM,03 STATEN ISLAND,50,Precinct 122,5043420062,STATEN ISLAND,949453,147623,ONLINE,Unspecified,STATEN ISLAND,,,,,,,,40.57179869646588,-74.12525289521955,POINT (-74.12525289522 40.571798696466)
57948471,06/19/2023 02:26:23 AM,06/19/2023 03:29:10 AM,NYPD,New York City Police Department,Illegal Parking,Blocked Sidewalk,,Street/Sidewalk,10306,28 NEUTRAL AVENUE,NEUTRAL AVENUE,BEND,CEDAR GROVE AVENUE,BEND,CEDAR GROVE AVENUE,ADDRESS,STATEN ISLAND,NEUTRAL AVENUE,,Closed,,The Police Department responded to the complaint and determined that police action was not necessary.,06/19/2023 03:29:15 AM,02 STATEN ISLAND,50,Precinct 122,5040930014,STATEN ISLAND,955714,143575,MOBILE,Unspecified,STATEN ISLAND,,,,,,,,40.5607100915523,-74.10269916889975,POINT (-74.1026991689 40.560710091552)
57945537,06/19/2023 09:19:03 PM,06/19/2023 10:09:47 PM,NYPD,New York City Police Department,Noise - Commercial,Loud Music/Party,,Store/Commercial,11236,9211 AVENUE L,AVENUE L,EAST   92 STREET,EAST   93 STREET,EAST   92 STREET,EAST   93 STREET,ADDRESS,BROOKLYN,AVENUE L,,Closed,,The Police Department responded to the complaint and took action to fix the condition.,06/19/2023 10:09:55 PM,18 BROOKLYN,46,Precinct 69,3082380009,BROOKLYN,1012339,171159,ONLINE,Unspecified,BROOKLYN,,,,,,,,40.636423964196865,-73.89879485834271,POINT (-73.898794858343 40.636423964197)
57959784,06/21/2023 01:45:43 AM,06/21/2023 10:34:51 AM,NYPD,New York City Police Department,Illegal Parking,Blocked Crosswalk,,Street/Sidewalk,11379,61-44 ELIOT AVENUE,ELIOT AVENUE,FRESH POND ROAD,62 STREET,FRESH POND ROAD,62 STREET,ADDRESS,MIDDLE VILLAGE,ELIOT AVENUE,,Closed,,The Police Department responded and upon arrival those responsible for the condition were gone.,06/21/2023 10:34:55 AM,05 QUEENS,30,Precinct 104,4027630015,QUEENS,1011824,199756,ONLINE,Unspecified,QUEENS,,,,,,,,40.71491784634795,-73.90053341378739,POINT (-73.900533413787 40.714917846348)
57955068,06/20/2023 07:14:49 AM,07/28/2023 07:25:09 AM,DPR,Department of Parks and Recreation,Root/Sewer/Sidewalk Condition,Trees and Sidewalks Program,Free Repair,Street,10305,6 BENTON AVENUE,BENTON AVENUE,COOPER AVENUE,BEND,COOPER AVENUE,BEND,ADDRESS,STATEN ISLAND,BENTON AVENUE,,Closed,,"NYC Parks determined that the requested site is ineligible for the Trees and Sidewalks Program, because the tree is not adjacent to a 1-, 2-, or 3-family home (NYC Tax Class 1 property).   You can repair the sidewalk yourself by hiring an independent contractor. The contractor must complete a Tree Work Permit application on the NYC Parks website",07/28/2023 07:25:14 AM,02 STATEN ISLAND,50,Precinct 122,5033280058,STATEN ISLAND,959625,155340,PHONE,Unspecified,STATEN ISLAND,,,,,,,,40.59301440946481,-74.08866660834443,POINT (-74.088666608344 40.593014409465)
57958893,06/20/2023 11:05:06 AM,06/23/2023 07:50:26 AM,HPD,Department of Housing Preservation and Development,HEAT/HOT WATER,APARTMENT ONLY,NO HOT WATER,RESIDENTIAL BUILDING,11226,1825 NOSTRAND AVENUE,NOSTRAND AVENUE,,,,,ADDRESS,BROOKLYN,,,Closed,,"The Department of Housing Preservation and Development was not able to gain access to your apartment or others in the building to inspect for a lack of heat or hot water. The complaint has been closed. If the condition still exists, please file a new complaint.",06/23/2023 12:00:00 AM,17 BROOKLYN,45,Precinct 67,3049470057,BROOKLYN,998525,173000,PHONE,Unspecified,BROOKLYN,,,,,,,,40.64151014958292,-73.94856302182188,POINT (-73.948563021822 40.641510149583)
57950703,06/20/2023 05:39:18 PM,08/12/2023 05:08:27 PM,HPD,Department of Housing Preservation and Development,PLUMBING,TOILET,BOWL STOPPED UP,RESIDENTIAL BUILDING,11212,1139 CLARKSON AVENUE,CLARKSON AVENUE,,,,,ADDRESS,BROOKLYN,,,Closed,,The Department of Housing Preservation and Development inspected the following conditions. No violations were issued. The complaint has been closed.,08/12/2023 12:00:00 AM,17 BROOKLYN,41,Precinct 67,3046320049,BROOKLYN,1006279,180039,ONLINE,Unspecified,BROOKLYN,,,,,,,,40.66081477421872,-73.92060012644052,POINT (-73.920600126441 40.660814774219)
57945762,06/19/2023 09:17:18 AM,08/01/2023 01:07:19 PM,HPD,Department of Housing Preservation and Development,PLUMBING,BASIN/SINK,DRAIN PIPE BLOCKED OR BROKEN,RESIDENTIAL BUILDING,10454,445 EAST  137 STREET,EAST  137 STREET,,,,,ADDRESS,BRONX,,,Closed,,The Department of Housing Preservation and Development inspected the following conditions. No violations were issued. The complaint has been closed.,08/01/2023 12:00:00 AM,01 BRONX,08,Precinct 40,2022820057,BRONX,1005973,233540,ONLINE,Unspecified,BRONX,,,,,,,,40.807662503509896,-73.92153030987822,POINT (-73.921530309878 40.80766250351)
57951486,06/20/2023 10:20:00 AM,06/26/2023 12:44:00 PM,DSNY,Department of Sanitation,Derelict Vehicles,Derelict Vehicles,,Street,11210,1526 ALBANY AVENUE,ALBANY AVENUE,FARRAGUT ROAD,GLENWOOD ROAD,,,ADDRESS,BROOKLYN,,,Closed,,The vehicle you reported exceeds the monetary value eligible for collection as junk. The Department of Sanitation has forwarded the request to the NYPD for further action.,06/26/2023 12:00:00 PM,17 BROOKLYN,45,Precinct 67,3050150057,BROOKLYN,1001618,170995,PHONE,Unspecified,BROOKLYN,,,,,,,,40.636001329232066,-73.93742320742882,POINT (-73.937423207429 40.636001329232)
57960477,06/21/2023 01:47:10 PM,06/07/2024 10:53:28 AM,DPR,Department of Parks and Recreation,Damaged Tree,Branch or Limb Has Fallen Down,Blocking Sidewalk,Street,10314,75 CHANDLER AVENUE,CHANDLER AVENUE,SOUTH GREENLEAF AVENUE,WESTCOTT BOULEVARD,SOUTH GREENLEAF AVENUE,WESTCOTT BOULEVARD,ADDRESS,STATEN ISLAND,CHANDLER AVENUE,,Closed,,NYC Parks performed the work necessary to correct the condition.,06/07/2024 10:53:34 AM,01 STATEN ISLAND,50,Precinct 120,5003730152,STATEN ISLAND,949425,163137,ONLINE,Unspecified,STATEN ISLAND,,,,,,,,40.61438135692708,-74.12543364570813,POINT (-74.125433645708 40.614381356927)
57959901,06/20/2023 03:02:08 PM,06/20/2023 05:58:53 PM,NYPD,New York City Police Department,Illegal Parking,Posted Parking Sign Violation,,Street/Sidewalk,11434,147-01 GUY R BREWER BOULEVARD,GUY R BREWER BOULEVARD,146 TERRACE,147 AVENUE,146 TERRACE,147 AVENUE,ADDRESS,JAMAICA,GUY R BREWER BOULEVARD,,Closed,,The Police Department responded to the complaint and determined that police action was not necessary.,06/20/2023 05:58:56 PM,13 QUEENS,31,Precinct 105,4133540023,QUEENS,1048626,179980,PHONE,Unspecified,QUEENS,,,,,,,,40.660446212526764,-73.7679684372093,POINT (-73.767968437209 40.660446212527)
57958407,06/20/2023 11:21:23 PM,06/20/2023 11:54:49 PM,NYPD,New York City Police Department,Illegal Parking,Blocked Hydrant,,Street/Sidewalk,10035,333 EAST  119 STREET,EAST  119 STREET,2 AVENUE,1 AVENUE,2 AVENUE,1 AVENUE,ADDRESS,NEW YORK,EAST  119 STREET,,Closed,,The Police Department responded and upon arrival those responsible for the condition were gone.,06/20/2023 11:54:55 PM,11 MANHATTAN,08,Precinct 25,1017960020,MANHATTAN,1002276,230135,MOBILE,Unspecified,MANHATTAN,,,,,,,,40.798325031722214,-73.93489406777609,POINT (-73.934894067776 40.798325031722)
57949182,06/19/2023 08:06:03 AM,07/12/2023 02:53:57 PM,EDC,Economic Development Corporation,Noise - Helicopter,Other,Flying Too Low,Above Address,10023,153 WEST   74 STREET,WEST   74 STREET,COLUMBUS AVENUE,AMSTERDAM AVENUE,COLUMBUS AVENUE,AMSTERDAM AVENUE,ADDRESS,NEW YORK,WEST   74 STREET,,Closed,,"The New York City Economic Development Corporation determined that this issue is not within its jurisdiction because the helicopter did not belong to a tour company departing from a NYC heliport.Â  Instead, it was most likely a law enforcement or news gathering helicopter not subject to the routing protocols established for tour helicopters. It may also have been a helicopter that departed as a charter or tour from another City but flew over NYC airspace. Helicopter tours originating from outside NYC are not subject to the same City regulations as tours departing from heliports managed by NYCEDC. Any City regulation of these flights is pre-empted by federal law and subject only to the jurisdiction of the Federal Aviation Administration. To file a complaint with the FAA, you can contact the New York Flight Standards District Office at the following web address:Â https://www.faa.gov/about/office_org/field_offices/fsdo/",07/12/2023 02:54:03 PM,07 MANHATTAN,06,Precinct 20,1011460007,MANHATTAN,989837,223299,ONLINE,Unspecified,MANHATTAN,,,,,,,,40.77957866659855,-73.97982667218535,POINT (-73.979826672185 40.779578666599)
57955545,06/20/2023 10:19:33 AM,06/22/2023 12:26:20 PM,DSNY,Department of Sanitation,Street Sweeping Complaint,Inadequate Sweeping,Caused by a parked vehicle,Street,10456,1263 TELLER AVENUE,TELLER AVENUE,EAST  168 STREET,EAST  169 STREET,EAST  168 STREET,EAST  169 STREET,ADDRESS,BRONX,TELLER AVENUE,,Closed,,The Department of Sanitation cleaned the location.,06/22/2023 11:02:29 AM,04 BRONX,16,Precinct 44,2024360086,BRONX,1008954,243064,PHONE,Unspecified,BRONX,,,,,,,,40.8337953491047,-73.91072703059207,POINT (-73.910727030592 40.833795349105)
57950730,06/20/2023 11:53:47 AM,07/16/2023 05:03:10 AM,HPD,Department of Housing Preservation and Development,UNSANITARY CONDITION,PESTS,BED BUGS,RESIDENTIAL BUILDING,11249,379 BERRY STREET,BERRY STREET,,,,,ADDRESS,BROOKLYN,,,Closed,,"The Department of Housing Preservation and Development was not able to gain access to inspect the following conditions. The complaint has been closed. If the condition still exists, please file a new complaint.",07/16/2023 12:00:00 AM,01 BROOKLYN,34,Precinct 90,3021310001,BROOKLYN,993814,198084,ONLINE,Unspecified,BROOKLYN,,,,,,,,40.71036640514894,-73.9655025279304,POINT (-73.96550252793 40.710366405149)
57954357,06/20/2023 02:05:00 PM,06/22/2023 09:45:00 AM,DEP,Department of Environmental Protection,Sewer,Catch Basin Clogged/Flooding (Use Comments) (SC),SC,,11224,2890 WEST   21 STREET,WEST   21 STREET,NEPTUNE AVE,MERMAID AVE,,,ADDRESS,BROOKLYN,,,Closed,,"The Department of Environmental Protection inspected your complaint and cleaned the catch basin or inlet. If the condition returns, please call 311 (or 212-639-9675 if calling from a non-New York City area code) to submit a new complaint.",06/22/2023 09:45:00 AM,13 BROOKLYN,47,Precinct 60,3070170043,BROOKLYN,987568,149403,PHONE,Unspecified,BROOKLYN,,,,,,,,40.576752110975434,-73.98805587300949,POINT (-73.988055873009 40.576752110975)
57945411,06/19/2023 12:26:33 PM,06/19/2023 04:42:11 PM,NYPD,New York City Police Department,Blocked Driveway,Partial Access,,Street/Sidewalk,11411,120-56 229 STREET,229 STREET,120 AVENUE,FRANCIS LEWIS BOULEVARD,120 AVENUE,FRANCIS LEWIS BOULEVARD,ADDRESS,CAMBRIA HEIGHTS,229 STREET,,Closed,,The Police Department responded to the complaint and with the information available observed no evidence of the violation at that time.,06/19/2023 04:42:16 PM,13 QUEENS,27,Precinct 105,4128130055,QUEENS,1057658,189659,PHONE,Unspecified,QUEENS,,,,,,,,40.6869424977308,-73.73530901005573,POINT (-73.735309010056 40.686942497731)
57947544,06/19/2023 05:00:25 PM,06/19/2023 05:30:15 PM,NYPD,New York City Police Department,Blocked Driveway,No Access,,Street/Sidewalk,11229,2171 FORD STREET,FORD STREET,AVENUE U,AVENUE V,AVENUE U,AVENUE V,ADDRESS,BROOKLYN,FORD STREET,,Closed,,The Police Department responded to the complaint and took action to fix the condition.,06/19/2023 05:30:20 PM,15 BROOKLYN,46,Precinct 61,3073670046,BROOKLYN,1001520,157620,PHONE,Unspecified,BROOKLYN,,,,,,,,40.599289931008734,-73.9378105131019,POINT (-73.937810513102 40.599289931009)
57944646,06/19/2023 10:37:50 AM,06/23/2023 08:47:22 AM,HPD,Department of Housing Preservation and Development,GENERAL,COOKING GAS,SHUT-OFF,RESIDENTIAL BUILDING,10027,2411 FREDERICK DOUGLAS BOULEVARD,FREDERICK DOUGLAS BOULEVARD,,,,,ADDRESS,NEW YORK,,,Closed,,The complaint you filed is a duplicate of a condition already reported by another tenant for a building-wide condition. The original complaint is still open. HPD may attempt to contact you to verify the correction of the condition or may conduct an inspection of your unit if the original complainant is not available for verification.,06/23/2023 12:00:00 AM,10 MANHATTAN,09,Precinct 32,1019550026,MANHATTAN,998301,235416,PHONE,Unspecified,MANHATTAN,,,,,,,,40.81282713425973,-73.94923983376826,POINT (-73.949239833768 40.81282713426)
57952116,06/20/2023 02:04:13 PM,07/02/2023 01:23:26 PM,HPD,Department of Housing Preservation and Development,PLUMBING,BASIN/SINK,PIPE LEAKING,RESIDENTIAL BUILDING,10016,497 3 AVENUE,3 AVENUE,,,,,ADDRESS,NEW YORK,,,Closed,,The Department of Housing Preservation and Development inspected the following conditions. Violations were previously issued for these conditions. Information about specific violations is available at www.nyc.gov/hpd.,07/02/2023 12:00:00 AM,06 MANHATTAN,04,Precinct 17,1009140061,MANHATTAN,990248,210842,PHONE,Unspecified,MANHATTAN,,,,,,,,40.745387138999995,-73.97835376389239,POINT (-73.978353763892 40.745387139)
57951567,06/20/2023 07:15:50 AM,06/20/2023 08:03:07 AM,NYPD,New York City Police Department,Illegal Parking,Blocked Hydrant,,Street/Sidewalk,10466,4025 DURYEA AVENUE,DURYEA AVENUE,STRANG AVENUE,NUVERN AVENUE,STRANG AVENUE,NUVERN AVENUE,ADDRESS,BRONX,DURYEA AVENUE,,Closed,,The Police Department issued a summons in response to the complaint.,06/20/2023 08:03:21 AM,12 BRONX,12,Precinct 47,2049890058,BRONX,1029629,264456,PHONE,Unspecified,BRONX,,,,,,,,40.89242778654209,-73.83586896858543,POINT (-73.835868968585 40.892427786542)
57947706,06/19/2023 10:21:20 AM,06/19/2023 11:01:21 AM,NYPD,New York City Police Department,Blocked Driveway,No Access,,Street/Sidewalk,11218,1267 38 STREET,38 STREET,12 AVENUE,13 AVENUE,12 AVENUE,13 AVENUE,ADDRESS,BROOKLYN,38 STREET,,Closed,,The Police Department responded and upon arrival those responsible for the condition were gone.,06/19/2023 11:01:27 AM,12 BROOKLYN,39,Precinct 66,3052950045,BROOKLYN,987987,173064,ONLINE,Unspecified,BROOKLYN,,,,,,,,40.64169653122929,-73.98653446486342,POINT (-73.986534464863 40.641696531229)
57947373,06/19/2023 08:58:55 AM,06/19/2023 09:38:57 AM,NYPD,New York City Police Department,Illegal Parking,Blocked Hydrant,,Street/Sidewalk,11223,17 BRIGHTON COURT,BRIGHTON COURT,EAST    2 STREET,OCEAN PARKWAY,EAST    2 STREET,OCEAN PARKWAY,ADDRESS,BROOKLYN,BRIGHTON COURT,,Closed,,The Police Department responded to the complaint and took action to fix the condition.,06/19/2023 09:39:02 AM,13 BROOKLYN,47,Precinct 60,3072180036,BROOKLYN,993367,153248,MOBILE,Unspecified,BROOKLYN,,,,,,,,40.58730180725356,-73.96717546398942,POINT (-73.967175463989 40.587301807254)
57946779,06/19/2023 11:44:35 AM,12/18/2023 07:45:52 AM,HPD,Department of Housing Preservation and Development,GENERAL,VENTILATION SYSTEM,BROKEN OR MISSING,RESIDENTIAL BUILDING,11210,3415 FARRAGUT ROAD,FARRAGUT ROAD,,,,,ADDRESS,BROOKLYN,,,Closed,,"The Department of Housing Preservation and Development was not able to gain access to inspect the following conditions. The complaint has been closed. If the condition still exists, please file a new complaint.",12/18/2023 12:00:00 AM,17 BROOKLYN,45,Precinct 67,3049980004,BROOKLYN,999815,171186,ONLINE,Unspecified,BROOKLYN,,,,,,,,40.63652893526195,-73.94391896240569,POINT (-73.943918962406 40.636528935262)
57958236,06/20/2023 10:06:13 AM,06/20/2023 10:37:38 AM,NYPD,New York City Police Department,Blocked Driveway,No Access,,Street/Sidewalk,11358,43-22 194 STREET,194 STREET,NORTHERN BOULEVARD,45 AVENUE,NORTHERN BOULEVARD,45 AVENUE,ADDRESS,FLUSHING,194 STREET,,Closed,,The Police Department responded and upon arrival those responsible for the condition were gone.,06/20/2023 10:37:43 AM,11 QUEENS,19,Precinct 111,4055170016,QUEENS,1043128,215212,PHONE,Unspecified,QUEENS,,,,,,,,40.75718767962376,-73.78747680671141,POINT (-73.787476806711 40.757187679624)
57953403,06/20/2023 02:22:26 PM,06/20/2023 03:00:43 PM,NYPD,New York City Police Department,Noise - Street/Sidewalk,Loud Music/Party,,Street/Sidewalk,11106,33 STREET,33 STREET,33 STREET,35 AVENUE,33 STREET,35 AVENUE,INTERSECTION,,,,Closed,,The Police Department responded to the complaint and took action to fix the condition.,06/20/2023 03:00:46 PM,01 QUEENS,22,Precinct 114,,QUEENS,1004501,215219,PHONE,Unspecified,QUEENS,,,,,,,,40.75737973976343,-73.9269028181317,POINT (-73.926902818132 40.757379739763)
57948516,06/19/2023 09:23:03 PM,06/19/2023 09:40:21 PM,NYPD,New York City Police Department,Illegal Parking,Posted Parking Sign Violation,,Street/Sidewalk,11201,32 JORALEMON STREET,JORALEMON STREET,BROOKLYN QUEENS EXPRESSWAY,COLUMBIA PLACE,BROOKLYN QUEENS EXPRESSWAY,COLUMBIA PLACE,ADDRESS,BROOKLYN,JORALEMON STREET,,Closed,,The Police Department responded to the complaint and determined that police action was not necessary.,06/19/2023 09:40:28 PM,02 BROOKLYN,33,Precinct 84,3002580017,BROOKLYN,984668,192029,MOBILE,Unspecified,BROOKLYN,,,,,,,,40.69375200867981,-73.99849264432603,POINT (-73.998492644326 40.69375200868)
57949092,06/19/2023 10:10:12 PM,,DPR,Department of Parks and Recreation,Overgrown Tree/Branches,Hitting Building,N/A,Street,11204,1923 74 STREET,74 STREET,19 AVENUE,20 AVENUE,19 AVENUE,20 AVENUE,ADDRESS,BROOKLYN,74 STREET,,In Progress,,"NYC Parks created a work order for the tree condition and expects to address the issue within 120 days from the date of the tree assessment, barring any weather-related requests.   NYC Parks work priority categories range from Category A through D, with A being the most critical and time-sensitive. We will complete all work in Category A first and address work in lower priority categories in accordance with available resources. For more information about the Tree Risk Management Program, visit the NYC Urban Forest page on the NYC Parks website at nyc.gov/parks/trees.",07/04/2024 01:29:50 PM,11 BROOKLYN,43,Precinct 62,3062060064,BROOKLYN,986288,162380,ONLINE,Unspecified,BROOKLYN,,,,,,,,40.61237175128978,-73.99265969885536,POINT (-73.992659698855 40.61237175129)
57950856,06/20/2023 10:20:00 AM,06/21/2023 11:40:00 AM,DSNY,Department of Sanitation,Electronics Waste Appointment,Ewaste appointment,,Sidewalk,10312,267 CROWN AVENUE,CROWN AVENUE,ARDEN AVENUE,JEFFERSON BOULEVARD,,,ADDRESS,STATEN ISLAND,,,Closed,,The Department of Sanitation collected the E-waste.,06/21/2023 11:40:00 AM,03 STATEN ISLAND,51,Precinct 123,5062390001,STATEN ISLAND,932021,139070,PHONE,Unspecified,STATEN ISLAND,,,,,,,,40.548236859861035,-74.18793371586045,POINT (-74.18793371586 40.548236859861)
57947499,06/19/2023 07:32:16 AM,06/19/2023 08:00:25 AM,NYPD,New York City Police Department,Illegal Parking,Paper License Plates,,Street/Sidewalk,11223,1 WOODSIDE AVENUE,WOODSIDE AVENUE,MCDONALD AVENUE,EAST    2 STREET,MCDONALD AVENUE,EAST    2 STREET,ADDRESS,BROOKLYN,WOODSIDE AVENUE,,Closed,,The Police Department responded to the complaint and determined that police action was not necessary.,06/19/2023 08:00:30 AM,15 BROOKLYN,44,Precinct 61,3066580179,BROOKLYN,991960,159943,ONLINE,Unspecified,BROOKLYN,,,,,,,,40.60567956644644,-73.97223353785748,POINT (-73.972233537857 40.605679566446)
57952233,06/20/2023 03:56:59 PM,,DPR,Department of Parks and Recreation,Overgrown Tree/Branches,Clear Street Light,N/A,Street,11216,LINCOLN PLACE,LINCOLN PLACE,NOSTRAND AVENUE,NEW YORK AVENUE,NOSTRAND AVENUE,NEW YORK AVENUE,BLOCKFACE,,,,In Progress,,,,Unspecified BROOKLYN,,Precinct 77,,BROOKLYN,,,ONLINE,Unspecified,BROOKLYN,,,,,,,,,,
57949695,06/20/2023 08:40:36 AM,06/22/2023 07:45:13 AM,DOT,Department of Transportation,Street Condition,Defective Hardware,N/A,Street,10027,ADAM CLAYTON POWELL JR BOULEVARD,ADAM CLAYTON POWELL JR BOULEVARD,ADAM CLAYTON POWELL JR BOULEVARD,WEST  132 STREET,ADAM CLAYTON POWELL JR BOULEVARD,WEST  132 STREET,INTERSECTION,,,,Closed,,"The Department of Transportation inspected the location for the condition you reported and could not find the problem. It you would like to pursue the complaint, please call 311 or (212) 639-9675 with additional information.",06/22/2023 07:45:20 AM,10 MANHATTAN,09,Precinct 32,,MANHATTAN,999446,235621,PHONE,Unspecified,MANHATTAN,,,,,,,,40.81338790667726,-73.94510298251167,POINT (-73.945102982512 40.813387906677)
57946986,06/19/2023 03:09:23 PM,06/22/2023 03:11:41 PM,DOT,Department of Transportation,Street Sign - Damaged,Do Not Enter,N/A,Street,11375,72 AVENUE,72 AVENUE,72 AVENUE,HARROW STREET,72 AVENUE,HARROW STREET,INTERSECTION,,,,Closed,,The Department of Transportation has completed the request or corrected the condition.,06/22/2023 03:11:46 PM,06 QUEENS,29,Precinct 112,,QUEENS,1027018,199601,ONLINE,Unspecified,QUEENS,,,,,,,,40.71443200748087,-73.84572578383464,POINT (-73.845725783835 40.714432007481)
57944916,06/19/2023 11:11:00 PM,06/20/2023 04:12:10 AM,NYPD,New York City Police Department,Illegal Parking,Blocked Hydrant,,Street/Sidewalk,11228,14 BAY    7 STREET,BAY    7 STREET,86 STREET,BENSON AVENUE,86 STREET,BENSON AVENUE,ADDRESS,BROOKLYN,BAY    7 STREET,,Closed,,The Police Department responded to the complaint and determined that police action was not necessary.,06/20/2023 04:12:15 AM,11 BROOKLYN,50,Precinct 62,3063570043,BROOKLYN,981078,162194,PHONE,Unspecified,BROOKLYN,,,,,,,,40.61186088621153,-74.01142456186915,POINT (-74.011424561869 40.611860886212)
57954906,06/20/2023 04:07:24 PM,06/22/2023 07:38:01 PM,HPD,Department of Housing Preservation and Development,GENERAL,CABINET,DAMAGED OR MISSING,RESIDENTIAL BUILDING,11226,550 EAST   21 STREET,EAST   21 STREET,,,,,ADDRESS,BROOKLYN,,,Closed,,The Department of Housing Preservation and Development inspected the following conditions. No violations were issued. The complaint has been closed.,06/22/2023 12:00:00 AM,14 BROOKLYN,40,Precinct 70,3051840031,BROOKLYN,995853,172709,ONLINE,Unspecified,BROOKLYN,,,,,,,,40.64071532056176,-73.95819151404135,POINT (-73.958191514041 40.640715320562)
57949146,06/19/2023 03:24:03 PM,07/07/2023 02:06:31 PM,DOT,Department of Transportation,Sidewalk Condition,Broken Sidewalk,1-3 Residential Units,Sidewalk,11208,913 ELTON STREET,ELTON STREET,STANLEY AVENUE,WORTMAN AVENUE,STANLEY AVENUE,WORTMAN AVENUE,ADDRESS,BROOKLYN,ELTON STREET,,Closed,,"The Department of Transportation inspected the location more than six months ago and has notified the property owner of any defective sidewalk conditions. The property owner is responsible for maintaining, repairing and installing sidewalks adjoining their property, according to Section 19-152 of the New York City Administrative Code.",07/07/2023 02:06:35 PM,05 BROOKLYN,42,Precinct 75,3043830047,BROOKLYN,1018275,180129,MOBILE,Unspecified,BROOKLYN,,,,,,,,40.66102383286861,-73.87736212823198,POINT (-73.877362128232 40.661023832869)
57953547,06/20/2023 09:08:08 AM,07/06/2023 01:23:57 PM,HPD,Department of Housing Preservation and Development,UNSANITARY CONDITION,PESTS,MICE,RESIDENTIAL BUILDING,10034,639 WEST  207 STREET,WEST  207 STREET,,,,,ADDRESS,NEW YORK,,,Closed,,The Department of Housing Preservation and Development inspected the following conditions. Violations were issued. Information about specific violations is available at www.nyc.gov/hpd,07/06/2023 12:00:00 AM,12 MANHATTAN,10,Precinct 34,1022420029,MANHATTAN,1005884,255741,PHONE,Unspecified,MANHATTAN,,,,,,,,40.86859799549972,-73.9217801919704,POINT (-73.92178019197 40.8685979955)
57957534,06/20/2023 10:09:14 AM,09/28/2023 01:06:57 PM,HPD,Department of Housing Preservation and Development,GENERAL,BELL/BUZZER/INTERCOM,BROKEN OR MISSING,RESIDENTIAL BUILDING,11225,580 EMPIRE BOULEVARD,EMPIRE BOULEVARD,,,,,ADDRESS,BROOKLYN,,,Closed,,The Department of Housing Preservation and Development inspected the following conditions. No violations were issued. The complaint has been closed.,09/28/2023 12:00:00 AM,09 BROOKLYN,40,Precinct 71,3013250022,BROOKLYN,1000033,181220,PHONE,Unspecified,BROOKLYN,,,,,,,,40.66406969404813,-73.9431100244629,POINT (-73.943110024463 40.664069694048)
57956814,06/20/2023 05:45:12 PM,07/11/2023 04:25:33 PM,DSNY,Department of Sanitation,Illegal Dumping,Removal Request,N/A,Sidewalk,10037,69 WEST  139 STREET,WEST  139 STREET,5 AVENUE,LENOX AVENUE,5 AVENUE,LENOX AVENUE,ADDRESS,NEW YORK,WEST  139 STREET,,Closed,,The Department of Sanitation cleaned the location.,06/21/2023 12:00:36 PM,10 MANHATTAN,09,Precinct 32,,MANHATTAN,1001386,236683,MOBILE,Unspecified,MANHATTAN,,,,,,,,40.81629924897664,-73.93809183591688,POINT (-73.938091835917 40.816299248977)
57958479,06/20/2023 10:18:32 PM,06/20/2023 11:10:42 PM,NYPD,New York City Police Department,Illegal Parking,Posted Parking Sign Violation,,Street/Sidewalk,11365,67-06 PARSONS BOULEVARD,PARSONS BOULEVARD,65 AVENUE,JEWEL AVENUE,65 AVENUE,JEWEL AVENUE,ADDRESS,FRESH MEADOWS,PARSONS BOULEVARD,,Closed,,The Police Department responded to the complaint and determined that police action was not necessary.,06/20/2023 11:10:47 PM,08 QUEENS,24,Precinct 107,4067920030,QUEENS,1036722,206838,PHONE,Unspecified,QUEENS,,,,,,,,40.734243540172635,-73.81066485143799,POINT (-73.810664851438 40.734243540173)
57955014,06/20/2023 12:36:19 PM,06/20/2023 12:49:08 PM,NYPD,New York City Police Department,Animal-Abuse,Chained,,Street/Sidewalk,10014,786 GREENWICH STREET,GREENWICH STREET,BETHUNE STREET,WEST   12 STREET,BETHUNE STREET,WEST   12 STREET,ADDRESS,NEW YORK,GREENWICH STREET,,Closed,,The Police Department responded to the complaint and with the information available observed no evidence of the violation at that time.,06/20/2023 12:49:13 PM,02 MANHATTAN,03,Precinct 6,1006400057,MANHATTAN,982446,207802,PHONE,Unspecified,MANHATTAN,,,,,,,,40.73704494575549,-74.00650965663456,POINT (-74.006509656635 40.737044945755)
57955473,06/20/2023 06:44:55 PM,06/21/2023 12:41:34 PM,DSNY,Department of Sanitation,Dirty Condition,Trash,Littering,Sidewalk,11105,45-01 20 AVENUE,20 AVENUE,45 STREET,46 STREET,45 STREET,46 STREET,ADDRESS,ASTORIA,20 AVENUE,,Closed,,The Department of Sanitation removed the items.,06/21/2023 12:41:37 PM,01 QUEENS,22,Precinct 114,4007750001,QUEENS,1012299,221426,MOBILE,Unspecified,QUEENS,,,,,,,,40.77439503837206,-73.89872959597567,POINT (-73.898729595976 40.774395038372)
57951531,06/20/2023 07:05:52 AM,06/20/2023 09:30:22 AM,NYPD,New York City Police Department,Illegal Parking,Blocked Hydrant,,Street/Sidewalk,11105,23-70 33 STREET,33 STREET,23 ROAD,24 AVENUE,23 ROAD,24 AVENUE,ADDRESS,ASTORIA,33 STREET,,Closed,,The Police Department responded to the complaint and took action to fix the condition.,06/20/2023 09:30:26 AM,01 QUEENS,22,Precinct 114,4008350070,QUEENS,1008165,220575,MOBILE,Unspecified,QUEENS,,,,,,,,40.772071418396926,-73.91365834571508,POINT (-73.913658345715 40.772071418397)
57953862,06/20/2023 06:26:51 AM,06/21/2023 02:19:49 PM,DOT,Department of Transportation,Highway Condition,High Grass,,Highway,,,,,,,,,,,,Closed,,General maintenance and cleaning is on a regular schedule. The next scheduled maintenance and cleaning will correct the condition.,06/21/2023 02:19:54 PM,Unspecified QUEENS,,Unspecified,,QUEENS,1019233,205886,PHONE,Unspecified,QUEENS,,,,Long Island Expwy,West/Manhattan Bound,Roadway,Queens Blvd (NY 25) / Woodhaven Blvd (Exit 19) - Maurice Ave (Exit 18),40.73171700102123,-73.87377539445579,POINT (-73.873775394456 40.731717001021)
57952458,06/20/2023 05:24:00 AM,07/10/2023 09:18:08 AM,DOHMH,Department of Health and Mental Hygiene,Rodent,Mouse Sighting,,3+ Family Apt. Building,11372,35-55 73 STREET,73 STREET,35 AVENUE,37 AVENUE,35 AVENUE,37 AVENUE,ADDRESS,JACKSON HEIGHTS,73 STREET,,Closed,,This service request was closed because the Department of Health and Mental Hygiene received an earlier complaint about the same location.  You can find inspection results for this address by going to the online Rat Portal at www.nyc.gov/rats.,06/20/2023 05:24:00 AM,03 QUEENS,25,Precinct 115,4012730044,QUEENS,1013903,212734,ONLINE,Unspecified,QUEENS,,,,,,,,40.7505325174519,-73.8929767305771,POINT (-73.892976730577 40.750532517452)
57944520,06/19/2023 06:18:39 PM,06/19/2023 11:35:23 PM,NYPD,New York City Police Department,Noise - Street/Sidewalk,Loud Music/Party,,Street/Sidewalk,10451,EAST  158 STREET,EAST  158 STREET,EAST  158 STREET,GERARD AVENUE,EAST  158 STREET,GERARD AVENUE,INTERSECTION,,,,Closed,,The Police Department responded to the complaint and with the information available observed no evidence of the violation at that time.,06/19/2023 11:35:28 PM,04 BRONX,16,Precinct 44,,BRONX,1004826,240324,MOBILE,Unspecified,BRONX,,,,,,,,40.8262854190558,-73.92565280096316,POINT (-73.925652800963 40.826285419056)
57960855,06/21/2023 05:14:37 PM,06/21/2023 06:19:37 PM,NYPD,New York City Police Department,Illegal Parking,Double Parked Blocking Traffic,,Street/Sidewalk,10462,669 SAGAMORE STREET,SAGAMORE STREET,BIRCHALL AVENUE,AMETHYST STREET,BIRCHALL AVENUE,AMETHYST STREET,ADDRESS,BRONX,SAGAMORE STREET,,Closed,,The Police Department responded to the complaint and took action to fix the condition.,06/21/2023 06:19:41 PM,11 BRONX,13,Precinct 49,2042560051,BRONX,1020787,248578,MOBILE,Unspecified,BRONX,,,,,,,,40.84888862643277,-73.86793607219442,POINT (-73.867936072194 40.848888626433)
57960288,06/20/2023 11:57:07 AM,06/21/2023 01:06:30 PM,HPD,Department of Housing Preservation and Development,HEAT/HOT WATER,APARTMENT ONLY,NO HOT WATER,RESIDENTIAL BUILDING,10032,2013 AMSTERDAM AVENUE,AMSTERDAM AVENUE,,,,,ADDRESS,NEW YORK,,,Closed,,"The Department of Housing Preservation and Development contacted an occupant of the apartment and verified that the following conditions were corrected. The complaint has been closed. If the condition still exists, please file a new complaint.",06/21/2023 12:00:00 AM,12 MANHATTAN,10,Precinct 33,1021090007,MANHATTAN,1000641,243341,PHONE,Unspecified,MANHATTAN,,,,,,,,40.83457497489625,-73.94076707227399,POINT (-73.940767072274 40.834574974896)
57950757,06/20/2023 10:19:15 AM,07/03/2023 10:59:04 AM,HPD,Department of Housing Preservation and Development,UNSANITARY CONDITION,GARBAGE/RECYCLING STORAGE,ACCUMULATION,RESIDENTIAL BUILDING,10308,4139 AMBOY ROAD,AMBOY ROAD,,,,,ADDRESS,STATEN ISLAND,,,Closed,,The Department of Housing Preservation and Development inspected the following conditions. Violations were issued. Information about specific violations is available at www.nyc.gov/hpd,07/03/2023 12:00:00 AM,03 STATEN ISLAND,51,Precinct 122,5054520054,STATEN ISLAND,941328,139246,PHONE,Unspecified,STATEN ISLAND,,,,,,,,40.548769869512725,-74.1544458689244,POINT (-74.154445868924 40.548769869513)
57959334,06/20/2023 12:20:01 PM,,EDC,Economic Development Corporation,Noise - Helicopter,Other,Passing By,Above Address,11201,202 COLUMBIA HEIGHTS,COLUMBIA HEIGHTS,CLARK STREET,PIERREPONT STREET,CLARK STREET,PIERREPONT STREET,ADDRESS,BROOKLYN,COLUMBIA HEIGHTS,,In Progress,,,,02 BROOKLYN,33,Precinct 84,3002080311,BROOKLYN,985109,193257,ONLINE,Unspecified,BROOKLYN,,,,,,,,40.697122551874315,-73.99690219142613,POINT (-73.996902191426 40.697122551874)
57950838,06/20/2023 10:41:29 AM,06/20/2023 10:43:13 AM,NYPD,New York City Police Department,Drug Activity,Use Outside,,Street/Sidewalk,11366,76-36 164 STREET,164 STREET,76 ROAD,77 AVENUE,76 ROAD,77 AVENUE,ADDRESS,FRESH MEADOWS,164 STREET,,Closed,,The Police Department responded to the complaint and determined that police action was not necessary.,06/20/2023 10:43:18 AM,08 QUEENS,24,Precinct 107,4068480001,QUEENS,1038334,203443,ONLINE,Unspecified,QUEENS,,,,,,,,40.724915407989414,-73.80487556506887,POINT (-73.804875565069 40.724915407989)
57954078,06/20/2023 05:03:46 PM,06/22/2023 02:49:18 PM,DSNY,Department of Sanitation,Missed Collection,Trash,N/A,Street,11219,1164 66 STREET,66 STREET,11 AVENUE,12 AVENUE,11 AVENUE,12 AVENUE,ADDRESS,BROOKLYN,66 STREET,,Closed,,The Department of Sanitation collected the requested items.,06/22/2023 05:34:27 AM,10 BROOKLYN,43,Precinct 68,3057590033,BROOKLYN,982800,167792,ONLINE,Unspecified,BROOKLYN,,,,,,,,40.62722668066245,-74.0052236533958,POINT (-74.005223653396 40.627226680662)
57944115,06/19/2023 02:36:41 PM,06/19/2023 02:38:11 PM,NYPD,New York City Police Department,Illegal Parking,Double Parked Blocking Traffic,,Street/Sidewalk,10027,2041 7 AVENUE,7 AVENUE,WEST  122 STREET,WEST  123 STREET,WEST  122 STREET,WEST  123 STREET,ADDRESS,NEW YORK,7 AVENUE,,Closed,,The Police Department responded and upon arrival those responsible for the condition were gone.,06/19/2023 02:38:17 PM,10 MANHATTAN,09,Precinct 28,1019070001,MANHATTAN,998186,233340,MOBILE,Unspecified,MANHATTAN,,,,,,,,40.807129273329735,-73.94965958870036,POINT (-73.9496595887 40.80712927333)
57958317,06/20/2023 09:34:44 PM,06/21/2023 12:46:27 AM,NYPD,New York City Police Department,Illegal Parking,Blocked Hydrant,,Street/Sidewalk,11229,1823 AVENUE R,AVENUE R,EAST   18 STREET,EAST   19 STREET,EAST   18 STREET,EAST   19 STREET,ADDRESS,BROOKLYN,AVENUE R,,Closed,,The Police Department issued a summons in response to the complaint.,06/21/2023 12:46:31 AM,15 BROOKLYN,48,Precinct 61,3068010045,BROOKLYN,996861,160118,MOBILE,Unspecified,BROOKLYN,,,,,,,,40.60615428629816,-73.9545829631943,POINT (-73.954582963194 40.606154286298)
57960729,06/21/2023 10:17:53 AM,06/27/2023 12:20:40 PM,DOT,Department of Transportation,Sidewalk Condition,Broken Sidewalk,City-Owned,Sidewalk,11204,5602 19 AVENUE,19 AVENUE,55 STREET,58 STREET,55 STREET,58 STREET,ADDRESS,BROOKLYN,19 AVENUE,,Closed,,"The Department of Transportation inspected the location more than six months ago and has notified the property owner of any defective sidewalk conditions. The property owner is responsible for maintaining, repairing and installing sidewalks adjoining their property, according to Section 19-152 of the New York City Administrative Code.",06/27/2023 12:20:45 PM,12 BROOKLYN,44,Precinct 66,3054940089,BROOKLYN,989018,166212,PHONE,Unspecified,BROOKLYN,,,,,,,,40.62288874749557,-73.98282430288623,POINT (-73.982824302886 40.622888747496)
57954618,06/20/2023 12:58:26 PM,06/20/2023 02:14:25 PM,NYPD,New York City Police Department,Encampment,N/A,,Street/Sidewalk,10036,515 WEST   41 STREET,WEST   41 STREET,GALVIN AVENUE,11 AVENUE,GALVIN AVENUE,11 AVENUE,ADDRESS,NEW YORK,WEST   41 STREET,,Closed,,The Police Department visited the location and has referred the complaint to the Department of Homeless Services (DHS) for further action. DHS will inspect the condition and update your Service Request with more information.,06/20/2023 02:14:29 PM,04 MANHATTAN,03,Precinct 10,1010700020,MANHATTAN,985090,215945,PHONE,Unspecified,MANHATTAN,,,,,,,,40.75939557574681,-73.99696787892297,POINT (-73.996967878923 40.759395575747)
57945735,06/19/2023 10:25:15 AM,06/24/2023 11:36:29 AM,HPD,Department of Housing Preservation and Development,FLOORING/STAIRS,FLOOR,HOLE IN NON-WALKING AREA,RESIDENTIAL BUILDING,10453,1920 OSBORNE PLACE,OSBORNE PLACE,,,,,ADDRESS,BRONX,,,Closed,,"The Department of Housing Preservation and Development contacted an occupant of the apartment and verified that the following conditions were corrected. The complaint has been closed. If the condition still exists, please file a new complaint.",06/24/2023 12:00:00 AM,05 BRONX,14,Precinct 46,2032280021,BRONX,1007514,250864,PHONE,Unspecified,BRONX,,,,,,,,40.85520796225555,-73.9159037021937,POINT (-73.915903702194 40.855207962256)
57945861,06/19/2023 10:18:05 PM,06/20/2023 04:07:09 AM,NYPD,New York City Police Department,Illegal Parking,Blocked Hydrant,,Street/Sidewalk,11385,66-51 60 PLACE,60 PLACE,WOODBINE STREET,MADISON STREET,WOODBINE STREET,MADISON STREET,ADDRESS,RIDGEWOOD,60 PLACE,,Closed,,The Police Department issued a summons in response to the complaint.,06/20/2023 04:07:15 AM,05 QUEENS,30,Precinct 104,4035290006,QUEENS,1011853,196749,MOBILE,Unspecified,QUEENS,,,,,,,,40.70666426047773,-73.90044113155523,POINT (-73.900441131555 40.706664260478)
57945186,06/19/2023 10:10:20 PM,06/19/2023 10:40:35 PM,NYPD,New York City Police Department,Illegal Parking,Double Parked Blocking Traffic,,Street/Sidewalk,10026,219 WEST  116 STREET,WEST  116 STREET,ST NICHOLAS AVENUE,FREDERICK DOUGLASS BOULEVARD,ST NICHOLAS AVENUE,FREDERICK DOUGLASS BOULEVARD,ADDRESS,NEW YORK,WEST  116 STREET,,Closed,,The Police Department responded to the complaint and took action to fix the condition.,06/19/2023 10:40:39 PM,10 MANHATTAN,09,Precinct 28,1019220020,MANHATTAN,997100,232082,ONLINE,Unspecified,MANHATTAN,,,,,,,,40.803678056539,-73.95358490670401,POINT (-73.953584906704 40.803678056539)
57961206,06/21/2023 06:51:15 AM,06/21/2023 07:42:44 AM,NYPD,New York City Police Department,Blocked Driveway,No Access,,Street/Sidewalk,11355,44-24 COLLEGE POINT BOULEVARD,COLLEGE POINT BOULEVARD,MAPLE AVENUE,POPLE AVENUE,MAPLE AVENUE,POPLE AVENUE,ADDRESS,FLUSHING,COLLEGE POINT BOULEVARD,,Closed,,Your request can not be processed at this time because of insufficient contact information. Please create a new Service Request on NYC.gov and provide more detailed contact information.,06/21/2023 07:42:48 AM,07 QUEENS,20,Precinct 109,4050660702,QUEENS,1030618,213701,PHONE,Unspecified,QUEENS,,,,,,,,40.75311483219641,-73.83264259562534,POINT (-73.832642595625 40.753114832196)
57960648,06/21/2023 11:45:19 AM,09/18/2023 11:28:57 AM,TLC,Taxi and Limousine Commission,For Hire Vehicle Complaint,Driver Complaint - Passenger,Denied Request,Street,10030,2273 7 AVENUE,7 AVENUE,WEST  133 STREET,WEST  134 STREET,WEST  133 STREET,WEST  134 STREET,ADDRESS,NEW YORK,7 AVENUE,,Closed,,"Based on the information provided by the customer, the Taxi and Limousine Commission has determined that a hearing is not necessary or not possible.",09/18/2023 11:28:58 AM,10 MANHATTAN,09,Precinct 32,1019180061,MANHATTAN,999660,236000,ONLINE,Unspecified,MANHATTAN,,MANHATTAN,"2273 7 AVENUE, MANHATTAN (NEW YORK), NY, 10030",,,,,40.81442778495756,-73.94432901689623,POINT (-73.944329016896 40.814427784958)
57948237,06/19/2023 11:52:01 PM,06/20/2023 04:45:49 AM,NYPD,New York City Police Department,Illegal Parking,Commercial Overnight Parking,,Street/Sidewalk,11385,807 WOODWARD AVENUE,WOODWARD AVENUE,PUTNAM AVENUE,CORNELIA STREET,PUTNAM AVENUE,CORNELIA STREET,ADDRESS,RIDGEWOOD,WOODWARD AVENUE,,Closed,,The Police Department issued a summons in response to the complaint.,06/20/2023 04:45:54 AM,05 QUEENS,30,Precinct 104,4034820059,QUEENS,1011090,195574,MOBILE,Unspecified,QUEENS,,,,,,,,40.70344151144871,-73.90319781120131,POINT (-73.903197811201 40.703441511449)
57947823,06/19/2023 03:40:51 PM,06/19/2023 05:19:28 PM,NYPD,New York City Police Department,Non-Emergency Police Matter,Other (complaint details),,Residential Building/House,11364,48-54 207 STREET,207 STREET,48 AVENUE,50 AVENUE,48 AVENUE,50 AVENUE,ADDRESS,OAKLAND GARDENS,207 STREET,,Closed,,The Police Department responded to the complaint and determined that police action was not necessary.,06/19/2023 05:19:30 PM,11 QUEENS,23,Precinct 111,4073650032,QUEENS,1047144,213535,ONLINE,Unspecified,QUEENS,,,,,,,,40.75255710132996,-73.7729965958974,POINT (-73.772996595897 40.75255710133)
57944304,06/19/2023 08:40:01 AM,06/19/2023 08:54:36 AM,NYPD,New York City Police Department,Illegal Parking,Blocked Crosswalk,,Street/Sidewalk,11233,MACON STREET,MACON STREET,MACON STREET,MALCOM X BOULEVARD,MACON STREET,MALCOM X BOULEVARD,INTERSECTION,,,,Closed,,The Police Department issued a summons in response to the complaint.,06/19/2023 08:54:41 AM,03 BROOKLYN,36,Precinct 81,,BROOKLYN,1003897,188279,ONLINE,Unspecified,BROOKLYN,,,,,,,,40.683437325258,-73.92916162840567,POINT (-73.929161628406 40.683437325258)
57958353,06/20/2023 12:37:53 PM,06/20/2023 01:32:27 PM,NYPD,New York City Police Department,Illegal Parking,Double Parked Blocking Traffic,,Street/Sidewalk,11373,79-02 47 AVENUE,47 AVENUE,79 STREET,80 STREET,79 STREET,80 STREET,ADDRESS,ELMHURST,47 AVENUE,,Closed,,The Police Department responded to the complaint and took action to fix the condition.,06/20/2023 01:32:32 PM,04 QUEENS,25,Precinct 110,4015360045,QUEENS,1016039,208981,MOBILE,Unspecified,QUEENS,,,,,,,,40.74022406052957,-73.8852852507517,POINT (-73.885285250752 40.74022406053)
57958722,06/21/2023 12:39:47 AM,06/21/2023 12:44:18 AM,NYPD,New York City Police Department,Noise - Street/Sidewalk,Loud Music/Party,,Street/Sidewalk,10471,201 WHALEN STREET,WHALEN STREET,DEAD END,HUXLEY AVENUE,DEAD END,HUXLEY AVENUE,ADDRESS,BRONX,WHALEN STREET,,Closed,,The Police Department responded to the complaint and with the information available observed no evidence of the violation at that time.,06/21/2023 12:44:21 AM,08 BRONX,11,Precinct 50,2058731042,BRONX,1012625,270186,MOBILE,Unspecified,BRONX,,,,,,,,40.908225849647735,-73.89734627343367,POINT (-73.897346273434 40.908225849648)
57952359,06/20/2023 01:34:14 PM,03/21/2024 12:53:26 PM,DPR,Department of Parks and Recreation,Wood Pile Remaining,Remove Debris,N/A,Street,11434,137-17 156 STREET,156 STREET,137 AVENUE,140 AVENUE,137 AVENUE,140 AVENUE,ADDRESS,JAMAICA,156 STREET,,Closed,,"NYC Parks created a work order for the tree condition.  Please note that addressing this work can take up to a year or more depending on the higher priority work identified during this period and resources available to address this work.    NYC Parks work priority categories range from Category A through D, with A being the most critical and time-sensitive. We will complete all work in Category A first and address work in lower priority categories in accordance with available resources. For more information about the Tree Risk Management Program, visit the NYC Urban Forest page on the NYC Parks website at nyc.gov/parks/trees.   Alternatively, you may choose complete the work yourself by hiring an independent contractor. The contractor must complete a Tree Work Permit application on the NYC Parks website at nyc.gov/parks/trees.",03/21/2024 12:53:29 PM,12 QUEENS,28,Precinct 113,4123040079,QUEENS,1045477,183276,ONLINE,Unspecified,QUEENS,,,,,,,,40.66951530738956,-73.77928845212847,POINT (-73.779288452128 40.66951530739)
59453685,09/30/2023 11:57:16 AM,10/04/2023 12:00:00 AM,HPD,Department of Housing Preservation and Development,Flooring/Stairs,Floor,Tile Broken or Missing,Apartment,10462,780 PELHAM PARKWAY SOUTH,PELHAM PARKWAY SOUTH,WALLACE AVENUE,BARNES AVENUE,WALLACE AVENUE,BARNES AVENUE,ADDRESS,BRONX,PELHAM PARKWAY SOUTH,,Closed,,,10/04/2023 12:00:00 AM,11 BRONX,13,Precinct 49,2043210038,BRONX,1021752,251422,PHONE,Unspecified,BRONX,,,,,,,,40.856690505926935,-73.86443215118308,POINT (-73.864432151183 40.856690505927)
57947868,06/19/2023 09:44:42 AM,06/19/2023 12:20:14 PM,NYPD,New York City Police Department,Noise - Vehicle,Car/Truck Music,,Street/Sidewalk,10460,DEVOE AVENUE,DEVOE AVENUE,DEVOE AVENUE,EAST TREMONT AVENUE,DEVOE AVENUE,EAST TREMONT AVENUE,INTERSECTION,,,,Closed,,The Police Department responded to the complaint and took action to fix the condition.,06/19/2023 12:20:23 PM,06 BRONX,15,Precinct 48,,BRONX,1018177,245337,ONLINE,Unspecified,BRONX,,,,,,,,40.84000345494566,-73.87738636916855,POINT (-73.877386369169 40.840003454946)
57956256,06/20/2023 04:44:04 PM,09/26/2023 12:11:18 PM,HPD,Department of Housing Preservation and Development,PLUMBING,BASIN/SINK,BASIN BROKEN/LEAKING,RESIDENTIAL BUILDING,10458,2999 WEBSTER AVENUE,WEBSTER AVENUE,,,,,ADDRESS,BRONX,,,Closed,,"The Department of Housing Preservation and Development contacted an occupant of the apartment and verified that the following conditions were corrected. The complaint has been closed. If the condition still exists, please file a new complaint.",09/26/2023 12:00:00 AM,07 BRONX,11,Precinct 52,2032800039,BRONX,1016848,255599,PHONE,Unspecified,BRONX,,,,,,,,40.86817456866203,-73.88213952590195,POINT (-73.882139525902 40.868174568662)
57958056,06/20/2023 08:22:26 PM,06/22/2023 08:29:46 PM,HPD,Department of Housing Preservation and Development,SAFETY,FIRE ESCAPE,DROP LADDER MISSING OR BROKEN,RESIDENTIAL BUILDING,10468,2710 MORRIS AVENUE,MORRIS AVENUE,,,,,ADDRESS,BRONX,,,Closed,,The Department of Housing Preservation and Development inspected the following conditions. No violations were issued. The complaint has been closed.,06/22/2023 12:00:00 AM,07 BRONX,14,Precinct 52,2033160020,BRONX,1013124,255501,ONLINE,Unspecified,BRONX,,,,,,,,40.8679185556592,-73.89560433136421,POINT (-73.895604331364 40.867918555659)
57946950,06/19/2023 04:50:05 PM,07/14/2024 07:08:54 AM,DPR,Department of Parks and Recreation,Damaged Tree,Entire Tree Has Fallen Down,Blocking Sidewalk,Street,10465,3161 GRISWOLD AVENUE,GRISWOLD AVENUE,ROBERTSON PLACE,KENNELLWORTH PLACE,ROBERTSON PLACE,KENNELLWORTH PLACE,ADDRESS,BRONX,GRISWOLD AVENUE,,Closed,,NYC Parks performed the work necessary to correct the condition.,07/14/2024 07:08:58 AM,10 BRONX,13,Precinct 45,2054120054,BRONX,1033245,246906,ONLINE,Unspecified,BRONX,,,,,,,,40.844239148053575,-73.82291863446669,POINT (-73.822918634467 40.844239148054)
57944178,06/19/2023 08:25:27 PM,06/19/2023 08:52:45 PM,NYPD,New York City Police Department,Illegal Parking,Overnight Commercial Storage,,Street/Sidewalk,11423,183-14 JAMAICA AVENUE,JAMAICA AVENUE,183 STREET,184 STREET,183 STREET,184 STREET,ADDRESS,HOLLIS,JAMAICA AVENUE,,Closed,,The Police Department responded to the complaint and took action to fix the condition.,06/19/2023 08:52:50 PM,12 QUEENS,27,Precinct 103,4103520054,QUEENS,1046074,197637,ONLINE,Unspecified,QUEENS,,,,,,,,40.708928673178804,-73.77700460468061,POINT (-73.777004604681 40.708928673179)
57960594,06/21/2023 07:52:49 AM,07/21/2023 12:29:56 PM,DOHMH,Department of Health and Mental Hygiene,Rodent,Rat Sighting,,Vacant Lot,11238,820 BERGEN STREET,BERGEN STREET,GRAND AVENUE,CLASSON AVENUE,GRAND AVENUE,CLASSON AVENUE,ADDRESS,BROOKLYN,BERGEN STREET,,Closed,,This service request was closed because the Department of Health and Mental Hygiene received an earlier complaint about the same location.  You can find inspection results for this address by going to the online Rat Portal at www.nyc.gov/rats.,06/21/2023 07:52:49 AM,08 BROOKLYN,35,Precinct 77,3011480031,BROOKLYN,995181,186225,PHONE,Unspecified,BROOKLYN,,,,,,,,40.677814617236706,-73.96059098606864,POINT (-73.960590986069 40.677814617237)
57952917,06/20/2023 03:42:16 PM,06/20/2023 04:28:05 PM,NYPD,New York City Police Department,Illegal Parking,Double Parked Blocking Traffic,,Street/Sidewalk,11208,642 ELDERT LANE,ELDERT LANE,CONDUIT BOULEVARD,DEAD END,CONDUIT BOULEVARD,DEAD END,ADDRESS,BROOKLYN,ELDERT LANE,,Closed,,The Police Department reviewed your complaint and provided additional information below.,06/20/2023 04:28:09 PM,05 BROOKLYN,42,Precinct 75,3042570001,BROOKLYN,1021953,185106,MOBILE,Unspecified,BROOKLYN,,,,,,,,40.67466967511534,-73.86407752875657,POINT (-73.864077528757 40.674669675115)
57951621,06/20/2023 08:53:14 PM,06/20/2023 09:04:00 PM,NYPD,New York City Police Department,Blocked Driveway,No Access,,Street/Sidewalk,11412,118-25 189 STREET,189 STREET,118 AVENUE,DEAD END,118 AVENUE,DEAD END,ADDRESS,SAINT ALBANS,189 STREET,,Closed,,The Police Department responded to the complaint and took action to fix the condition.,06/20/2023 09:04:05 PM,12 QUEENS,27,Precinct 113,4126040062,QUEENS,1050520,190703,PHONE,Unspecified,QUEENS,,,,,,,,40.68986435028195,-73.76103645893141,POINT (-73.761036458931 40.689864350282)
57957516,06/20/2023 03:53:46 PM,06/23/2023 09:25:45 PM,HPD,Department of Housing Preservation and Development,ELECTRIC,POWER OUTAGE,MULTIPLE ROOMS OR AREAS,RESIDENTIAL BUILDING,10003,346 EAST   18 STREET,EAST   18 STREET,,,,,ADDRESS,NEW YORK,,,Closed,,The Department of Housing Preservation and Development inspected the following conditions. Violations were issued. Information about specific violations is available at www.nyc.gov/hpd,06/23/2023 12:00:00 AM,06 MANHATTAN,02,Precinct 13,1009230039,MANHATTAN,989242,206821,PHONE,Unspecified,MANHATTAN,,,,,,,,40.73435111806608,-73.98198731021692,POINT (-73.981987310217 40.734351118066)
57958182,06/20/2023 12:08:42 PM,06/20/2023 12:24:22 PM,NYPD,New York City Police Department,Illegal Parking,Blocked Crosswalk,,Street/Sidewalk,10019,2 COLUMBUS CIRCLE,COLUMBUS CIRCLE,BROADWAY,8 AVENUE,BROADWAY,8 AVENUE,ADDRESS,NEW YORK,COLUMBUS CIRCLE,,Closed,,The Police Department responded to the complaint and determined that police action was not necessary.,06/20/2023 12:24:26 PM,05 MANHATTAN,06,Precinct 18,1010300001,MANHATTAN,989248,218971,MOBILE,Unspecified,MANHATTAN,,,,,,,,40.767699792898384,-73.9819566299384,POINT (-73.981956629938 40.767699792898)
57956400,06/20/2023 01:35:19 PM,06/20/2023 01:35:19 PM,DOHMH,Department of Health and Mental Hygiene,Rodent,Rat Sighting,,3+ Family Mixed Use Building,10024,50 RIVERSIDE DRIVE,RIVERSIDE DRIVE,WEST END AVENUE,RIVERSIDE DRIVE,WEST END AVENUE,RIVERSIDE DRIVE,ADDRESS,NEW YORK,RIVERSIDE DRIVE,,Closed,,The Department of Health and Mental Hygiene inspected the property you reported and did not find any violations at the time of the inspection. The property passed inspection.,06/20/2023 01:35:19 PM,07 MANHATTAN,06,Precinct 20,1011860001,MANHATTAN,988840,224793,PHONE,Unspecified,MANHATTAN,,,,,,,,40.78367987430093,-73.98342558119867,POINT (-73.983425581199 40.783679874301)
57958038,06/20/2023 07:51:28 AM,06/29/2023 07:35:13 PM,DHS,Department of Homeless Services,Homeless Person Assistance,,,Subway,,,,,,,,ADDRESS,,,,Closed,,The mobile outreach response team went to the location provided but could not find the individual that you reported.,06/29/2023 07:35:13 PM,Unspecified MANHATTAN,,Unspecified,,MANHATTAN,989341,205582,MOBILE,Unspecified,MANHATTAN,,,,L,L to Brooklyn,,Platform,40.73095031102584,-73.98163102490999,POINT (-73.98163102491 40.730950311026)
57946815,06/19/2023 03:55:51 AM,06/20/2023 05:41:28 PM,HPD,Department of Housing Preservation and Development,HEAT/HOT WATER,ENTIRE BUILDING,NO HOT WATER,RESIDENTIAL BUILDING,11691,416 BEACH   38 STREET,BEACH   38 STREET,,,,,ADDRESS,FAR ROCKAWAY,,,Closed,,"The Department of Housing Preservation and Development was not able to gain access to your apartment or others in the building to inspect for a lack of heat or hot water. The complaint has been closed. If the condition still exists, please file a new complaint.",06/20/2023 12:00:00 AM,14 QUEENS,31,Precinct 101,4159540009,QUEENS,1047922,156629,ONLINE,Unspecified,QUEENS,,,,,,,,40.596357948673315,-73.77072615371928,POINT (-73.770726153719 40.596357948673)
57945699,06/19/2023 11:01:20 PM,06/19/2023 11:06:03 PM,DPR,Department of Parks and Recreation,Animal in a Park,Dog Off Leash,N/A,Park,11229,MARINE PARK,MARINE PARK,BURNETT STREET,EAST   33 STREET,BURNETT STREET,EAST   33 STREET,UNRECOGNIZED,BROOKLYN,MARINE PARK,,Closed,,NYC Parks couldn't respond to your complaint because they had to devote resources to other critical services at the time. The agency will use your complaint for future planning.,06/19/2023 11:06:07 PM,18 BROOKLYN,46,Precinct 63,3085900600,BROOKLYN,1006747,156658,ONLINE,Unspecified,BROOKLYN,,,,,,,,40.59663770945727,-73.91899123356184,POINT (-73.918991233562 40.596637709457)
57951459,06/20/2023 01:11:00 PM,06/24/2023 08:58:00 AM,DSNY,Department of Sanitation,Derelict Vehicles,Derelict Vehicles,,Street,11237,298 SCHAEFER STREET,SCHAEFER STREET,KNICKERBOCKER AVENUE,IRVING AVENUE,,,ADDRESS,BROOKLYN,,,Closed,,The Department of Sanitation does NOT have jurisdiction over vehicles (abandoned or otherwise) that have license plates affixed to them. Your request will be referred to the NYPD for further action.,06/24/2023 12:00:00 PM,04 BROOKLYN,37,Precinct 83,3034310043,BROOKLYN,1010622,191638,PHONE,Unspecified,BROOKLYN,,,,,,,,40.6926395220126,-73.90490112829801,POINT (-73.904901128298 40.692639522013)
57947184,06/19/2023 10:01:24 PM,07/12/2023 02:54:27 PM,EDC,Economic Development Corporation,Noise - Helicopter,Other,Passing By,Above Address,11201,1 PIERREPONT STREET,PIERREPONT STREET,CLARK STREET,PIERREPONT STREET,CLARK STREET,PIERREPONT STREET,ADDRESS,BROOKLYN,PIERREPONT STREET,,Closed,,"The New York City Economic Development Corporation determined that this issue is not within its jurisdiction because the helicopter did not belong to a tour company departing from a NYC heliport.Â  Instead, it was most likely a law enforcement or news gathering helicopter not subject to the routing protocols established for tour helicopters. It may also have been a helicopter that departed as a charter or tour from another City but flew over NYC airspace. Helicopter tours originating from outside NYC are not subject to the same City regulations as tours departing from heliports managed by NYCEDC. Any City regulation of these flights is pre-empted by federal law and subject only to the jurisdiction of the Federal Aviation Administration. To file a complaint with the FAA, you can contact the New York Flight Standards District Office at the following web address:Â https://www.faa.gov/about/office_org/field_offices/fsdo/",07/12/2023 02:54:33 PM,02 BROOKLYN,33,Precinct 84,3002340008,BROOKLYN,985073,193057,ONLINE,Unspecified,BROOKLYN,,,,,,,,40.696573601808964,-73.99703204253264,POINT (-73.997032042533 40.696573601809)
57953961,06/20/2023 07:06:32 PM,06/04/2024 12:52:22 AM,DOHMH,Department of Health and Mental Hygiene,Food Establishment,Rodents/Insects/Garbage,Rodent Infestation,Restaurant/Bar/Deli/Bakery,10027,1268 AMSTERDAM AVENUE,AMSTERDAM AVENUE,MORNINGSIDE DRIVE,WEST  123 STREET,MORNINGSIDE DRIVE,WEST  123 STREET,ADDRESS,NEW YORK,AMSTERDAM AVENUE,,Closed,,This SR was administratively closed. The issue you reported was addressed.,06/04/2024 12:52:27 AM,09 MANHATTAN,07,Precinct 26,1019770033,MANHATTAN,995862,234731,ONLINE,Unspecified,MANHATTAN,,,,,,,,40.81095054263016,-73.95805206601315,POINT (-73.958052066013 40.81095054263)
57946860,06/19/2023 04:29:14 PM,07/12/2023 05:01:08 PM,HPD,Department of Housing Preservation and Development,PAINT/PLASTER,CEILING,CHIPPED/PEELING/FLAKING,RESIDENTIAL BUILDING,10453,2264 MORRIS AVENUE,MORRIS AVENUE,,,,,ADDRESS,BRONX,,,Closed,,The Department of Housing Preservation and Development inspected the following conditions. Violations were issued. Information about specific violations is available at www.nyc.gov/hpd,07/12/2023 12:00:00 AM,05 BRONX,14,Precinct 46,2031717501,BRONX,1011274,251687,PHONE,Unspecified,BRONX,,,,,,,,40.8574561415755,-73.90230848973643,POINT (-73.902308489736 40.857456141576)
57957093,06/20/2023 03:33:31 PM,06/22/2023 06:26:58 AM,DSNY,Department of Sanitation,Obstruction,Weeds or Grass,Sidewalk,Sidewalk,11103,25-43 48 STREET,48 STREET,AMTRAK-CONNECTING RAIL LINE,28 AVENUE,AMTRAK-CONNECTING RAIL LINE,28 AVENUE,ADDRESS,ASTORIA,48 STREET,,Closed,,The Department of Sanitation investigated this complaint and found no condition at the location.,06/21/2023 10:30:33 AM,01 QUEENS,22,Precinct 114,4007440027,QUEENS,1010309,217704,PHONE,Unspecified,QUEENS,,,,,,,,40.76418521287179,-73.90592888038428,POINT (-73.905928880384 40.764185212872)
57948867,06/19/2023 04:35:20 PM,06/19/2023 05:54:31 PM,NYPD,New York City Police Department,Noise - Residential,Loud Music/Party,,Residential Building/House,11004,255-28 73 AVENUE,73 AVENUE,73 ROAD,260 STREET,73 ROAD,260 STREET,ADDRESS,GLEN OAKS,73 AVENUE,,Closed,,The Police Department responded to the complaint and with the information available observed no evidence of the violation at that time.,06/19/2023 05:54:36 PM,13 QUEENS,23,Precinct 105,4084410001,QUEENS,1062315,212808,ONLINE,Unspecified,QUEENS,,,,,,,,40.750440756866794,-73.71824866467229,POINT (-73.718248664672 40.750440756867)
57954222,06/20/2023 07:13:59 PM,06/20/2023 07:43:00 PM,NYPD,New York City Police Department,Blocked Driveway,No Access,,Street/Sidewalk,11223,1030 AVENUE W,AVENUE W,CONEY ISLAND AVENUE,EAST   12 STREET,CONEY ISLAND AVENUE,EAST   12 STREET,ADDRESS,BROOKLYN,AVENUE W,,Closed,,The Police Department issued a summons in response to the complaint.,06/20/2023 07:43:04 PM,15 BROOKLYN,48,Precinct 61,3073940015,BROOKLYN,995366,155627,MOBILE,Unspecified,BROOKLYN,,,,,,,,40.59382940402653,-73.95997441973788,POINT (-73.959974419738 40.593829404027)
57951963,06/20/2023 03:35:28 AM,06/20/2023 03:54:54 AM,NYPD,New York City Police Department,Noise - Residential,Loud Music/Party,,Residential Building/House,10467,2812 BRONX PARK EAST,BRONX PARK EAST,BRITTON STREET,ARNOW AVENUE,BRITTON STREET,ARNOW AVENUE,ADDRESS,BRONX,BRONX PARK EAST,,Closed,,The Police Department responded to the complaint and took action to fix the condition.,06/20/2023 03:55:00 AM,11 BRONX,12,Precinct 49,2045060040,BRONX,1020081,255155,ONLINE,Unspecified,BRONX,,,,,,,,40.86694339382272,-73.87045276623726,POINT (-73.870452766237 40.866943393823)
57946446,06/19/2023 11:59:18 PM,06/20/2023 12:13:14 AM,NYPD,New York City Police Department,Blocked Driveway,No Access,,Street/Sidewalk,11423,183-09 89 AVENUE,89 AVENUE,183 STREET,184 STREET,183 STREET,184 STREET,ADDRESS,HOLLIS,89 AVENUE,,Closed,,The Police Department responded to the complaint and with the information available observed no evidence of the violation at that time.,06/20/2023 12:13:18 AM,12 QUEENS,23,Precinct 103,4099300006,QUEENS,1045733,198922,ONLINE,Unspecified,QUEENS,,,,,,,,40.71245805780786,-73.77822283102405,POINT (-73.778222831024 40.712458057808)
57952413,06/21/2023 01:29:08 AM,06/21/2023 05:23:06 AM,NYPD,New York City Police Department,Blocked Driveway,No Access,,Street/Sidewalk,10457,1854 MONROE AVENUE,MONROE AVENUE,EAST  176 STREET,MOUNT HOPE PLACE,EAST  176 STREET,MOUNT HOPE PLACE,ADDRESS,BRONX,MONROE AVENUE,,Closed,,The Police Department responded and upon arrival those responsible for the condition were gone.,06/21/2023 05:23:10 AM,05 BRONX,15,Precinct 46,2028020005,BRONX,1010216,248263,ONLINE,Unspecified,BRONX,,,,,,,,40.84806145970668,-73.90614640873632,POINT (-73.906146408736 40.848061459707)
57946896,06/19/2023 04:01:32 PM,06/19/2023 04:56:09 PM,NYPD,New York City Police Department,Abandoned Vehicle,With License Plate,,Street/Sidewalk,10463,WEST  225 STREET,WEST  225 STREET,WEST  225 STREET,WEST KINGSBRIDGE ROAD,WEST  225 STREET,WEST KINGSBRIDGE ROAD,INTERSECTION,,,,Closed,,The Police Department responded to the complaint and with the information available observed no evidence of the violation at that time.,06/19/2023 04:56:11 PM,08 BRONX,14,Precinct 50,,BRONX,1010053,257493,PHONE,Unspecified,BRONX,,,,,,,,40.8733954943395,-73.90670003501117,POINT (-73.906700035011 40.87339549434)
57960828,06/21/2023 09:08:09 AM,06/21/2023 01:04:43 PM,NYPD,New York City Police Department,Illegal Parking,Posted Parking Sign Violation,,Street/Sidewalk,11420,122-44 149 AVENUE,149 AVENUE,122 PLACE,123 STREET,122 PLACE,123 STREET,ADDRESS,SOUTH OZONE PARK,149 AVENUE,,Closed,,The Police Department responded to the complaint and determined that police action was not necessary.,06/21/2023 01:04:49 PM,10 QUEENS,28,Precinct 106,4118240037,QUEENS,1034887,182699,ONLINE,Unspecified,QUEENS,,,,,,,,40.66799847896526,-73.81746757550793,POINT (-73.817467575508 40.667998478965)
57951612,06/20/2023 10:29:55 PM,06/20/2023 10:49:35 PM,NYPD,New York City Police Department,Illegal Parking,Blocked Sidewalk,,Street/Sidewalk,10458,2922 VALENTINE AVENUE,VALENTINE AVENUE,EAST  199 STREET,BEDFORD PARK BOULEVARD,EAST  199 STREET,BEDFORD PARK BOULEVARD,ADDRESS,BRONX,VALENTINE AVENUE,,Closed,,The Police Department issued a summons in response to the complaint.,06/20/2023 10:49:41 PM,07 BRONX,11,Precinct 52,2032970032,BRONX,1015346,256583,PHONE,Unspecified,BRONX,,,,,,,,40.87088076496943,-73.88756554513651,POINT (-73.887565545137 40.870880764969)
57946653,06/19/2023 02:29:33 AM,06/19/2023 03:00:55 AM,NYPD,New York City Police Department,Noise - Residential,Loud Music/Party,,Residential Building/House,11433,107-16 159 STREET,159 STREET,107 AVENUE,108 AVENUE,107 AVENUE,108 AVENUE,ADDRESS,JAMAICA,159 STREET,,Closed,,The Police Department responded to the complaint and with the information available observed no evidence of the violation at that time.,06/19/2023 03:00:59 AM,12 QUEENS,28,Precinct 103,4101250033,QUEENS,1041131,193090,ONLINE,Unspecified,QUEENS,,,,,,,,40.69648141686476,-73.79487204187575,POINT (-73.794872041876 40.696481416865)
57948903,06/20/2023 12:12:55 AM,06/20/2023 12:42:07 AM,NYPD,New York City Police Department,Noise - Residential,Banging/Pounding,,Residential Building/House,11106,32-18 23 STREET,23 STREET,BROADWAY,33 AVENUE,BROADWAY,33 AVENUE,ADDRESS,ASTORIA,23 STREET,,Closed,,The Police Department responded to the complaint and with the information available observed no evidence of the violation at that time.,06/20/2023 12:42:11 AM,01 QUEENS,22,Precinct 114,4005550042,QUEENS,1003499,217748,ONLINE,Unspecified,QUEENS,,,,,,,,40.764323431732805,-73.93051235345989,POINT (-73.93051235346 40.764323431733)
57959847,06/21/2023 12:03:34 AM,06/21/2023 01:00:13 AM,NYPD,New York City Police Department,Noise - Residential,Banging/Pounding,,Residential Building/House,10451,875 MELROSE AVENUE,MELROSE AVENUE,EAST  161 STREET,EAST  162 STREET,EAST  161 STREET,EAST  162 STREET,ADDRESS,BRONX,MELROSE AVENUE,,Closed,,The Police Department responded to the complaint and with the information available observed no evidence of the violation at that time.,06/21/2023 01:00:18 AM,03 BRONX,17,Precinct 42,2024080001,BRONX,1008107,239598,ONLINE,Unspecified,BRONX,,,,,,,,40.824284503815676,-73.91380016204445,POINT (-73.913800162044 40.824284503816)
57951855,06/20/2023 11:06:03 PM,06/20/2023 11:13:29 PM,NYPD,New York City Police Department,Noise - Commercial,Loud Music/Party,,Store/Commercial,10002,158 LUDLOW STREET,LUDLOW STREET,RIVINGTON STREET,STANTON STREET,RIVINGTON STREET,STANTON STREET,ADDRESS,NEW YORK,LUDLOW STREET,,Closed,,The Police Department responded to the complaint and determined that police action was not necessary.,06/20/2023 11:13:34 PM,03 MANHATTAN,01,Precinct 7,1004110050,MANHATTAN,987610,201957,MOBILE,Unspecified,MANHATTAN,,,,,,,,40.721001394303194,-73.98787850273274,POINT (-73.987878502733 40.721001394303)
57947571,06/19/2023 02:50:34 PM,06/20/2023 10:13:29 PM,DSNY,Department of Sanitation,Obstruction,Cone,Street,Street,11423,87-40 204 STREET,204 STREET,86 ROAD,FOOTHILL AVENUE,86 ROAD,FOOTHILL AVENUE,ADDRESS,HOLLIS,204 STREET,,Closed,,The Department of Sanitation investigated this complaint and found no violation at the location.,06/20/2023 10:13:37 PM,08 QUEENS,23,Precinct 107,,QUEENS,1050090,202525,ONLINE,Unspecified,QUEENS,,,,,,,,40.72231604185946,-73.76247139924746,POINT (-73.762471399247 40.722316041859)
57944610,06/19/2023 02:09:00 PM,06/19/2023 07:14:17 PM,NYPD,New York City Police Department,Noise - Street/Sidewalk,Loud Music/Party,,Street/Sidewalk,10470,4617 CARPENTER AVENUE,CARPENTER AVENUE,EAST  240 STREET,EAST  241 STREET,EAST  240 STREET,EAST  241 STREET,ADDRESS,BRONX,CARPENTER AVENUE,,Closed,,The Police Department responded to the complaint and determined that police action was not necessary.,06/19/2023 07:14:23 PM,12 BRONX,11,Precinct 47,2050780064,BRONX,1024675,268507,ONLINE,Unspecified,BRONX,,,,,,,,40.9035705570633,-73.85376256545499,POINT (-73.853762565455 40.903570557063)
57960981,06/21/2023 09:29:58 AM,07/12/2023 03:21:39 PM,DSNY,Department of Sanitation,Street Sweeping Complaint,Street Not Swept,N/A,Street,11213,1609 UNION STREET,UNION STREET,ALBANY AVENUE,TROY AVENUE,ALBANY AVENUE,TROY AVENUE,ADDRESS,BROOKLYN,UNION STREET,,Closed,,The Department of Sanitation investigated this complaint and issued a Notice of Violation.,06/22/2023 01:42:54 PM,09 BROOKLYN,35,Precinct 71,3013940050,BROOKLYN,1001587,182719,ONLINE,Unspecified,BROOKLYN,,,,,,,,40.6681812083637,-73.93750476348703,POINT (-73.937504763487 40.668181208364)
57959568,06/20/2023 01:01:37 PM,06/20/2023 06:32:51 PM,NYPD,New York City Police Department,Blocked Driveway,No Access,,Street/Sidewalk,10469,1551 WARING AVENUE,WARING AVENUE,WOODHULL AVENUE,MICKLE AVENUE,WOODHULL AVENUE,MICKLE AVENUE,ADDRESS,BRONX,WARING AVENUE,,Closed,,The Police Department responded and upon arrival those responsible for the condition were gone.,06/20/2023 06:32:57 PM,11 BRONX,13,Precinct 49,2044790006,BRONX,1028042,252958,PHONE,Unspecified,BRONX,,,,,,,,40.86087739894946,-73.84168412743395,POINT (-73.841684127434 40.860877398949)
57951945,06/20/2023 10:17:30 PM,06/20/2023 10:57:40 PM,NYPD,New York City Police Department,Noise - Residential,Loud Music/Party,,Residential Building/House,10314,156 DAWSON CIRCLE,DAWSON CIRCLE,BEND,ARLENE STREET,BEND,ARLENE STREET,ADDRESS,STATEN ISLAND,DAWSON CIRCLE,,Closed,,The Police Department responded to the complaint and took action to fix the condition.,06/20/2023 10:57:43 PM,02 STATEN ISLAND,50,Precinct 121,5021490030,STATEN ISLAND,937834,159707,ONLINE,Unspecified,STATEN ISLAND,,,,,,,,40.604913589736356,-74.16715876536178,POINT (-74.167158765362 40.604913589736)
57954195,06/20/2023 11:41:44 PM,06/21/2023 12:22:43 AM,NYPD,New York City Police Department,Blocked Driveway,No Access,,Street/Sidewalk,11218,244 EAST    8 STREET,EAST    8 STREET,HINCKLEY PLACE,BEVERLEY ROAD,HINCKLEY PLACE,BEVERLEY ROAD,ADDRESS,BROOKLYN,EAST    8 STREET,,Closed,,The Police Department responded to the complaint and took action to fix the condition.,06/21/2023 12:22:48 AM,12 BROOKLYN,40,Precinct 66,3053400037,BROOKLYN,992086,173953,ONLINE,Unspecified,BROOKLYN,,,,,,,,40.64413396702044,-73.97176350301056,POINT (-73.971763503011 40.64413396702)
57961107,06/21/2023 10:24:14 AM,08/24/2023 12:00:00 AM,DOB,Department of Buildings,General Construction/Plumbing,Posted Notice Or Order Removed/Tampered With,,,11366,75-26 196 STREET,196 STREET,,,,,ADDRESS,FRESH MEADOWS,,,Closed,,"The Department of Buildings determined that the conditions described in this complaint were addressed under another service request number. Click on ""Learn More"" in the ""Did You Know"" section below for more information.",08/24/2023 12:00:00 AM,08 QUEENS,23,Precinct 107,4072110018,QUEENS,1046448,206148,UNKNOWN,Unspecified,QUEENS,,,,,,,,40.732286618178115,-73.77557696597242,POINT (-73.775576965972 40.732286618178)
57944781,06/19/2023 12:46:12 PM,07/06/2023 10:02:59 AM,DPR,Department of Parks and Recreation,Damaged Tree,Entire Tree Has Fallen Down,Blocking Sidewalk,Street,11230,1341 EAST    5 STREET,EAST    5 STREET,AVENUE L,AVENUE M,AVENUE L,AVENUE M,ADDRESS,BROOKLYN,EAST    5 STREET,,Closed,,NYC Parks performed the work necessary to correct the condition.,07/06/2023 10:03:04 AM,12 BROOKLYN,44,Precinct 66,3065410072,BROOKLYN,992384,164459,ONLINE,Unspecified,BROOKLYN,,,,,,,,40.61807467695304,-73.97070112284648,POINT (-73.970701122846 40.618074676953)
57945510,06/19/2023 03:13:00 PM,06/19/2023 05:15:00 PM,DOT,Department of Transportation,Traffic Signal Condition,Veh Signal Head,Turned,,11377,,,,,43 STREET,48 AVENUE,INTERSECTION,QUEENS,,N/A,Closed,,Service Request status for this request is available on the Department of Transportationâs website. Please click the âLearn Moreâ link below.,06/19/2023 05:15:00 PM,02 QUEENS,26,Precinct 108,,QUEENS,1005796,208754,UNKNOWN,Unspecified,QUEENS,,,,,,,,40.73963188836379,-73.92224915417395,POINT (-73.922249154174 40.739631888364)
57948399,06/19/2023 03:32:39 PM,06/19/2023 04:59:15 PM,NYPD,New York City Police Department,Illegal Parking,Blocked Hydrant,,Street/Sidewalk,11040,82-48 LANGDALE STREET,LANGDALE STREET,82 AVENUE,83 AVENUE,82 AVENUE,83 AVENUE,ADDRESS,NEW HYDE PARK,LANGDALE STREET,,Closed,,The Police Department issued a summons in response to the complaint.,06/19/2023 04:59:20 PM,13 QUEENS,23,Precinct 105,4087620001,QUEENS,1067114,209748,MOBILE,Unspecified,QUEENS,,,,,,,,40.741998204096575,-73.70096599916877,POINT (-73.700965999169 40.741998204097)
57954213,06/20/2023 07:27:33 PM,06/20/2023 07:46:15 PM,NYPD,New York City Police Department,Non-Emergency Police Matter,Trespassing,,Residential Building/House,10030,2400 7 AVENUE,7 AVENUE,WEST  140 STREET,WEST  141 STREET,WEST  140 STREET,WEST  141 STREET,ADDRESS,NEW YORK,7 AVENUE,,Closed,,The Police Department reviewed your complaint and provided additional information below.,06/20/2023 07:46:19 PM,10 MANHATTAN,09,Precinct 32,1020260029,MANHATTAN,1000482,237497,ONLINE,Unspecified,MANHATTAN,,,,,,,,40.81853515725049,-73.94135579635707,POINT (-73.941355796357 40.81853515725)
57946158,06/19/2023 01:59:00 PM,06/19/2023 08:00:00 PM,DEP,Department of Environmental Protection,Water System,LOW WATER PRESSURE - WLWP,WLWP,,11377,40-14 62 STREET,62 STREET,WOODSIDE AVE,43 AVE,,,ADDRESS,WOODSIDE,,,Closed,,The Department of Environmental Protection investigated this complaint and determined it is an inside condition within the complainant's property.,06/19/2023 08:00:00 PM,02 QUEENS,26,Precinct 108,4013360052,QUEENS,1011281,210361,ONLINE,Unspecified,QUEENS,,,,,,,,40.744027636693644,-73.90244955262231,POINT (-73.902449552622 40.744027636694)
57948876,06/19/2023 11:00:04 AM,06/19/2023 11:53:51 AM,NYPD,New York City Police Department,Noise - Vehicle,Car/Truck Music,,Street/Sidewalk,11221,457 MONROE STREET,MONROE STREET,THROOP AVENUE,MARCUS GARVEY BOULEVARD,THROOP AVENUE,MARCUS GARVEY BOULEVARD,ADDRESS,BROOKLYN,MONROE STREET,,Closed,,The Police Department responded to the complaint and with the information available observed no evidence of the violation at that time.,06/19/2023 11:53:56 AM,03 BROOKLYN,36,Precinct 79,3018160040,BROOKLYN,1001104,189496,ONLINE,Unspecified,BROOKLYN,,,,,,,,40.68678347016802,-73.93922890046882,POINT (-73.939228900469 40.686783470168)
57946383,06/19/2023 07:12:53 PM,06/19/2023 07:25:02 PM,NYPD,New York City Police Department,Illegal Parking,Posted Parking Sign Violation,,Street/Sidewalk,10002,259 EAST HOUSTON STREET,EAST HOUSTON STREET,NORFOLK STREET,SUFFOLK STREET,NORFOLK STREET,SUFFOLK STREET,ADDRESS,NEW YORK,EAST HOUSTON STREET,,Closed,,The Police Department responded to the complaint and took action to fix the condition.,06/19/2023 07:25:07 PM,03 MANHATTAN,02,Precinct 7,1003550054,MANHATTAN,988402,202258,ONLINE,Unspecified,MANHATTAN,,,,,,,,40.721827230363814,-73.9850211070297,POINT (-73.98502110703 40.721827230364)
57949011,06/19/2023 07:19:19 PM,06/20/2023 01:30:05 PM,HPD,Department of Housing Preservation and Development,SAFETY,SMOKE DETECTOR,BROKEN OR MISSING,RESIDENTIAL BUILDING,10451,195 EAST  158 STREET,EAST  158 STREET,,,,,ADDRESS,BRONX,,,Closed,,The Department of Housing Preservation and Development contacted an occupant of the apartment or building and verified that the complaint was addressed.  The complaint has been closed.,06/20/2023 12:00:00 AM,04 BRONX,16,Precinct 44,,BRONX,1005693,239882,PHONE,Unspecified,BRONX,,,,,,,,40.82507019301584,-73.92252148665841,POINT (-73.922521486658 40.825070193016)
57944709,06/19/2023 02:15:23 AM,07/03/2023 10:11:31 AM,HPD,Department of Housing Preservation and Development,UNSANITARY CONDITION,PESTS,ROACHES,RESIDENTIAL BUILDING,11106,31-35 CRESCENT STREET,CRESCENT STREET,,,,,ADDRESS,ASTORIA,,,Closed,,"The Department of Housing Preservation and Development was not able to gain access to inspect the following conditions. The complaint has been closed. If the condition still exists, please file a new complaint.",07/03/2023 12:00:00 AM,01 QUEENS,22,Precinct 114,4005790036,QUEENS,1004421,217880,ONLINE,Unspecified,QUEENS,,,,,,,,40.76468368198577,-73.92718359841146,POINT (-73.927183598411 40.764683681986)
57945240,06/19/2023 02:41:14 AM,06/19/2023 03:33:17 AM,NYPD,New York City Police Department,Illegal Parking,Blocked Hydrant,,Street/Sidewalk,11372,34-46 73 STREET,73 STREET,34 AVENUE,35 AVENUE,34 AVENUE,35 AVENUE,ADDRESS,JACKSON HEIGHTS,73 STREET,,Closed,,The Police Department issued a summons in response to the complaint.,06/19/2023 03:33:22 AM,03 QUEENS,25,Precinct 115,4012590028,QUEENS,1013845,213127,MOBILE,Unspecified,QUEENS,,,,,,,,40.7516113966311,-73.8931843337047,POINT (-73.893184333705 40.751611396631)
57961323,06/21/2023 10:59:26 PM,06/21/2023 11:02:22 PM,NYPD,New York City Police Department,Noise - Commercial,Loud Music/Party,,Club/Bar/Restaurant,10003,205 3 AVENUE,3 AVENUE,EAST   18 STREET,EAST   19 STREET,EAST   18 STREET,EAST   19 STREET,ADDRESS,NEW YORK,3 AVENUE,,Closed,,The Police Department responded to the complaint and determined that police action was not necessary.,06/21/2023 11:02:27 PM,06 MANHATTAN,02,Precinct 13,1008990001,MANHATTAN,988327,207376,ONLINE,Unspecified,MANHATTAN,,,,,,,,40.73587492531159,-73.98528857861925,POINT (-73.985288578619 40.735874925312)
57959118,06/20/2023 12:44:44 PM,,DPR,Department of Parks and Recreation,Overgrown Tree/Branches,Blocking Street,N/A,Street,11372,79-10 34 AVENUE,34 AVENUE,79 STREET,80 STREET,79 STREET,80 STREET,ADDRESS,JACKSON HEIGHTS,34 AVENUE,,In Progress,,"NYC Parks created a work order for the tree condition and expects to address the issue within 120 days from the date of the tree assessment, barring any weather-related requests.   NYC Parks work priority categories range from Category A through D, with A being the most critical and time-sensitive. We will complete all work in Category A first and address work in lower priority categories in accordance with available resources. For more information about the Tree Risk Management Program, visit the NYC Urban Forest page on the NYC Parks website at nyc.gov/parks/trees.",06/22/2023 01:20:33 PM,03 QUEENS,25,Precinct 115,4012660001,QUEENS,1015387,213798,PHONE,Unspecified,QUEENS,,,,,,,,40.753447824719096,-73.88761577362685,POINT (-73.887615773627 40.753447824719)
57951171,06/20/2023 09:41:09 AM,07/12/2023 02:56:55 PM,EDC,Economic Development Corporation,Noise - Helicopter,Other,Flying Too Low,Above Address,11201,403 HENRY STREET,HENRY STREET,WARREN STREET,BALTIC STREET,WARREN STREET,BALTIC STREET,ADDRESS,BROOKLYN,HENRY STREET,,Closed,,"The New York City Economic Development Corporation determined that this issue is not within its jurisdiction because the helicopter did not belong to a tour company departing from a NYC heliport.Â  Instead, it was most likely a law enforcement or news gathering helicopter not subject to the routing protocols established for tour helicopters. It may also have been a helicopter that departed as a charter or tour from another City but flew over NYC airspace. Helicopter tours originating from outside NYC are not subject to the same City regulations as tours departing from heliports managed by NYCEDC. Any City regulation of these flights is pre-empted by federal law and subject only to the jurisdiction of the Federal Aviation Administration. To file a complaint with the FAA, you can contact the New York Flight Standards District Office at the following web address:Â https://www.faa.gov/about/office_org/field_offices/fsdo/",07/12/2023 02:56:57 PM,06 BROOKLYN,39,Precinct 76,3003060050,BROOKLYN,984886,189815,ONLINE,Unspecified,BROOKLYN,,,,,,,,40.68767507589175,-73.99770672048088,POINT (-73.997706720481 40.687675075892)
57949857,06/20/2023 08:20:50 AM,06/22/2023 11:43:51 AM,DSNY,Department of Sanitation,Missed Collection,Trash,N/A,Street,10452,923 WALTON AVENUE,WALTON AVENUE,EAST  161 STREET,EAST  164 STREET,EAST  161 STREET,EAST  164 STREET,ADDRESS,BRONX,WALTON AVENUE,,Closed,,The Department of Sanitation collected the requested items.,06/21/2023 10:15:51 AM,04 BRONX,16,Precinct 44,2024760047,BRONX,1005527,241262,ONLINE,Unspecified,BRONX,,,,,,,,40.82885829954793,-73.9231169063214,POINT (-73.923116906321 40.828858299548)
57946176,06/19/2023 06:38:00 PM,06/19/2023 09:00:00 PM,DEP,Department of Environmental Protection,Air Quality,"Air: Odor/Fumes, Vehicle Idling (AD3)",AD3,,10036,640 8 AVENUE,8 AVENUE,W 41 ST,W 42 ST,,,ADDRESS,NEW YORK,,N/A,Closed,,The Department of Environmental Protection will keep the location under observation for idling commercial vehicles.Â Summonses will be issued when warranted.,06/19/2023 09:00:00 PM,05 MANHATTAN,03,Precinct 14,1010137501,MANHATTAN,986967,214950,ONLINE,Unspecified,MANHATTAN,,,,,,,,40.75666417742652,-73.99019293432467,POINT (-73.990192934325 40.756664177427)
57949803,06/20/2023 05:14:25 PM,06/21/2023 02:09:55 PM,DSNY,Department of Sanitation,Illegal Dumping,Removal Request,N/A,Sidewalk,11206,169 HART STREET,HART STREET,TOMPKINS AVENUE,THROOP AVENUE,TOMPKINS AVENUE,THROOP AVENUE,ADDRESS,BROOKLYN,HART STREET,,Closed,,The Department of Sanitation removed the items.,06/21/2023 12:27:17 PM,03 BROOKLYN,36,Precinct 79,3017680066,BROOKLYN,999621,192001,ONLINE,Unspecified,BROOKLYN,,,,,,,,40.69366181665384,-73.94457049218312,POINT (-73.944570492183 40.693661816654)
57951918,06/20/2023 11:07:04 PM,06/20/2023 11:19:13 PM,NYPD,New York City Police Department,Noise - Street/Sidewalk,Loud Music/Party,,Street/Sidewalk,10032,1001 ST NICHOLAS AVENUE,ST NICHOLAS AVENUE,WEST  160 STREET,SYLVAN TERRACE,WEST  160 STREET,SYLVAN TERRACE,ADDRESS,NEW YORK,ST NICHOLAS AVENUE,,Closed,,The Police Department responded to the complaint and took action to fix the condition.,06/20/2023 11:19:18 PM,12 MANHATTAN,10,Precinct 33,1021090046,MANHATTAN,1000876,243429,ONLINE,Unspecified,MANHATTAN,,,,,,,,40.834816070158595,-73.93991762386334,POINT (-73.939917623863 40.834816070159)
57946941,06/19/2023 12:50:57 PM,06/19/2023 01:42:19 PM,NYPD,New York City Police Department,Illegal Parking,Parking Permit Improper Use,Parked On Sidewalk,Street/Sidewalk,10470,370 EAST  235 STREET,EAST  235 STREET,MARTHA AVENUE,VIREO AVENUE,MARTHA AVENUE,VIREO AVENUE,ADDRESS,BRONX,EAST  235 STREET,,Closed,,The Police Department issued a summons in response to the complaint.,06/19/2023 01:42:23 PM,12 BRONX,11,Precinct 47,2033830046,BRONX,1021656,266420,ONLINE,Unspecified,BRONX,,,,,,,,40.897855735806445,-73.86469544111442,POINT (-73.864695441114 40.897855735806)
57957273,06/20/2023 07:34:20 PM,06/23/2023 09:41:47 PM,DSNY,Department of Sanitation,Residential Disposal Complaint,Trash Not Separated from Recycling,Homeowner,Street,11215,545 17 STREET,17 STREET,PROSPECT PARK WEST,10 AVENUE,PROSPECT PARK WEST,10 AVENUE,ADDRESS,BROOKLYN,17 STREET,,Closed,,The Department of Sanitation investigated this complaint and found no violation at the location.,06/23/2023 09:41:54 PM,07 BROOKLYN,39,Precinct 72,3008710050,BROOKLYN,989599,178765,PHONE,Unspecified,BROOKLYN,,,,,,,,40.657343712077484,-73.9807214230957,POINT (-73.980721423096 40.657343712077)
57956418,06/20/2023 09:00:37 AM,06/20/2023 09:41:40 AM,NYPD,New York City Police Department,Abandoned Vehicle,With License Plate,,Street/Sidewalk,11413,145-85 181 STREET,181 STREET,145 DRIVE,146 AVENUE,145 DRIVE,146 AVENUE,ADDRESS,SPRINGFIELD GARDENS,181 STREET,,Closed,,The Police Department responded to the complaint and took action to fix the condition.,06/20/2023 09:41:46 AM,13 QUEENS,31,Precinct 105,4133460067,QUEENS,1049496,180993,PHONE,Unspecified,QUEENS,,,,,,,,40.66322029573052,-73.76482289320494,POINT (-73.764822893205 40.663220295731)
58026834,06/27/2023 12:01:04 PM,06/27/2023 03:05:14 PM,NYPD,New York City Police Department,Noise - Commercial,Loud Music/Party,,Store/Commercial,11372,82-05 ROOSEVELT AVENUE,ROOSEVELT AVENUE,82 STREET,83 STREET,82 STREET,83 STREET,ADDRESS,JACKSON HEIGHTS,ROOSEVELT AVENUE,,Closed,,The Police Department responded to the complaint and with the information available observed no evidence of the violation at that time.,06/27/2023 03:05:17 PM,03 QUEENS,25,Precinct 115,4014700045,QUEENS,1016455,211690,ONLINE,Unspecified,QUEENS,,,,,,,,40.74765807679492,-73.88377109124495,POINT (-73.883771091245 40.747658076795)
57950532,06/20/2023 09:33:24 PM,06/20/2023 10:55:25 PM,NYPD,New York City Police Department,Noise - Vehicle,Car/Truck Music,,Street/Sidewalk,11237,298 PALMETTO STREET,PALMETTO STREET,KNICKERBOCKER AVENUE,IRVING AVENUE,KNICKERBOCKER AVENUE,IRVING AVENUE,ADDRESS,BROOKLYN,PALMETTO STREET,,Closed,,The Police Department responded to the complaint and took action to fix the condition.,06/20/2023 10:55:30 PM,04 BROOKLYN,37,Precinct 83,3033620009,BROOKLYN,1008209,193191,ONLINE,Unspecified,BROOKLYN,,,,,,,,40.696909006249626,-73.91359700824918,POINT (-73.913597008249 40.69690900625)
57956751,06/20/2023 09:13:18 AM,06/22/2023 02:36:23 PM,DSNY,Department of Sanitation,Missed Collection,Trash,N/A,Street,11219,902 54 STREET,54 STREET,9 AVENUE,FORT HAMILTON PARKWAY,9 AVENUE,FORT HAMILTON PARKWAY,ADDRESS,BROOKLYN,54 STREET,,Closed,,The Department of Sanitation collected the requested items.,06/22/2023 10:12:54 AM,12 BROOKLYN,43,Precinct 66,3056730006,BROOKLYN,983218,171522,PHONE,Unspecified,BROOKLYN,,,,,,,,40.63746479934861,-74.0037183706095,POINT (-74.003718370609 40.637464799349)
57957552,06/20/2023 01:38:42 PM,07/06/2023 11:12:50 AM,HPD,Department of Housing Preservation and Development,DOOR/WINDOW,DOOR,BROKEN OR MISSING,RESIDENTIAL BUILDING,11354,32-30 137 STREET,137 STREET,,,,,ADDRESS,FLUSHING,,,Closed,,"The Department of Housing Preservation and Development was not able to gain access to inspect the following conditions. The complaint has been closed. If the condition still exists, please file a new complaint.",07/06/2023 12:00:00 AM,07 QUEENS,20,Precinct 109,4049520037,QUEENS,1031148,218967,ONLINE,Unspecified,QUEENS,,,,,,,,40.76756582960763,-73.83069291958523,POINT (-73.830692919585 40.767565829608)
57946518,06/19/2023 08:21:54 PM,06/20/2023 12:26:41 AM,NYPD,New York City Police Department,Blocked Driveway,No Access,,Street/Sidewalk,11374,62-60 WOODHAVEN BOULEVARD,WOODHAVEN BOULEVARD,62 ROAD,62 DRIVE,62 ROAD,62 DRIVE,ADDRESS,REGO PARK,WOODHAVEN BOULEVARD,,Closed,,The Police Department responded to the complaint and with the information available observed no evidence of the violation at that time.,06/20/2023 12:26:46 AM,05 QUEENS,30,Precinct 104,4029740085,QUEENS,1020315,203619,PHONE,Unspecified,QUEENS,,,,,,,,40.72549030063423,-73.86988351045284,POINT (-73.869883510453 40.725490300634)
57949416,06/19/2023 10:41:02 AM,08/25/2023 06:27:09 AM,HPD,Department of Housing Preservation and Development,DOOR/WINDOW,WINDOW FRAME,LOOSE OR DEFECTIVE,RESIDENTIAL BUILDING,11233,68 MAC DOUGAL STREET,MAC DOUGAL STREET,,,,,ADDRESS,BROOKLYN,,,Closed,,"The Department of Housing Preservation and Development was not able to gain access to inspect the following conditions. The complaint has been closed. If the condition still exists, please file a new complaint.",08/25/2023 12:00:00 AM,03 BROOKLYN,41,Precinct 81,3015310010,BROOKLYN,1006894,186819,PHONE,Unspecified,BROOKLYN,,,,,,,,40.67942279915309,-73.91836068702833,POINT (-73.918360687028 40.679422799153)
57946410,06/19/2023 10:58:39 PM,08/18/2023 11:16:36 AM,TLC,Taxi and Limousine Commission,Taxi Complaint,Driver Complaint - Passenger,Cell Phone Use,Highway,11430,JOHN F KENNEDY AIRPORT,JOHN F KENNEDY AIRPORT,BEND,AIRTRAIN-HOWARD BCH/JAMAICA LINE,BEND,AIRTRAIN-HOWARD BCH/JAMAICA LINE,UNRECOGNIZED,JAMAICA,JOHN F KENNEDY AIRPORT,,Closed,,"Based on the information provided by the customer, the Taxi and Limousine Commission has determined that a hearing is not necessary or not possible.",08/18/2023 11:16:40 AM,83 QUEENS,31,Precinct 113,4142600001,QUEENS,1043001,175548,ONLINE,Unspecified,QUEENS,,,"JOHN F KENNEDY AIRPORT, QUEENS (JAMAICA) ,NY, 11430",BQE/Gowanus Expwy,West/Brooklyn Bound,Roadway,Long Island Expwy (I-495) /Midtown Tunnel Eastern Long Is/Greenpoint Ave (Exit 35) - Kosciuszko Br (,40.64832048620134,-73.78828125130184,POINT (-73.788281251302 40.648320486201)
57956040,06/20/2023 05:43:05 PM,06/20/2023 06:01:11 PM,NYPD,New York City Police Department,Encampment,N/A,,Street/Sidewalk,10003,30 IRVING PLACE,IRVING PLACE,EAST   15 STREET,EAST   16 STREET,EAST   15 STREET,EAST   16 STREET,ADDRESS,NEW YORK,IRVING PLACE,,Closed,,The Police Department visited the location and has referred the complaint to the Department of Homeless Services (DHS) for further action. DHS will inspect the condition and update your Service Request with more information.,06/20/2023 06:01:14 PM,06 MANHATTAN,02,Precinct 13,1008710060,MANHATTAN,987591,207095,MOBILE,Unspecified,MANHATTAN,,,,,,,,40.73510395828638,-73.98794449593852,POINT (-73.987944495939 40.735103958286)
57952683,06/20/2023 08:55:52 AM,06/21/2023 08:58:52 PM,DSNY,Department of Sanitation,Residential Disposal Complaint,Trash or Recycling Not Secure,N/A,Sidewalk,10002,35 ORCHARD STREET,ORCHARD STREET,CANAL STREET,HESTER STREET,CANAL STREET,HESTER STREET,ADDRESS,NEW YORK,ORCHARD STREET,,Closed,,The Department of Sanitation investigated this complaint and found no violation at the location.,06/21/2023 08:58:56 PM,03 MANHATTAN,01,Precinct 7,1002990022,MANHATTAN,986616,200041,ONLINE,Unspecified,MANHATTAN,,,,,,,,40.71574275640031,-73.99146511911891,POINT (-73.991465119119 40.7157427564)
57948732,06/20/2023 12:58:58 AM,06/20/2023 01:14:03 AM,NYPD,New York City Police Department,Illegal Fireworks,N/A,,Street/Sidewalk,10460,ARCHER STREET,ARCHER STREET,ARCHER STREET,WHITE PLAINS ROAD,ARCHER STREET,WHITE PLAINS ROAD,INTERSECTION,,,,Closed,,The Police Department responded to the complaint and took action to fix the condition.,06/20/2023 01:14:08 AM,09 BRONX,18,Precinct 43,,BRONX,1022005,244564,ONLINE,Unspecified,BRONX,,,,,,,,40.837866260761324,-73.86355618595726,POINT (-73.863556185957 40.837866260761)
57958623,06/20/2023 12:38:11 PM,07/19/2023 07:03:14 AM,DHS,Department of Homeless Services,Encampment,N/A,,Street/Sidewalk,10009,445 EAST   14 STREET,EAST   14 STREET,1 AVENUE,AVENUE A,1 AVENUE,AVENUE A,ADDRESS,NEW YORK,EAST   14 STREET,,Closed,,"The Department of Homeless Services (DHS) visited the location but could not find the condition you reported. If it still exists, please submit a new Service Request.",07/19/2023 07:03:18 AM,06 MANHATTAN,04,Precinct 13,1009720001,MANHATTAN,989645,205430,PHONE,Unspecified,MANHATTAN,,,,,,,,40.730532928062104,-73.98053427617775,POINT (-73.980534276178 40.730532928062)
57950010,06/20/2023 07:32:00 AM,06/20/2023 12:51:00 PM,DSNY,Department of Sanitation,Derelict Vehicles,Derelict Vehicles,,Street,11417,84-45 103 AVENUE,103 AVENUE,84 STREET,86 STREET,,,ADDRESS,OZONE PARK,,DSNY Garage,Closed,,The vehicle you reported exceeds the monetary value eligible for collection as junk. The Department of Sanitation has forwarded the request to the NYPD for further action.,06/20/2023 12:00:00 PM,09 QUEENS,32,Precinct 102,4090860023,QUEENS,1024954,187019,PHONE,Unspecified,QUEENS,,,,,,,,40.67990713070469,-73.85324713819446,POINT (-73.853247138194 40.679907130705)
57946959,06/19/2023 06:08:41 AM,09/14/2023 01:36:16 PM,DPR,Department of Parks and Recreation,Maintenance or Facility,Grass/Weeds,Grass - Needs to be Cut,Park,10463,HENRY HUDSON PARK,HENRY HUDSON PARK,PALISADE AVENUE,KAPPOCK STREET,PALISADE AVENUE,KAPPOCK STREET,UNRECOGNIZED,BRONX,PAULS PARK,,Closed,,NYC Parks has completed the requested work order and corrected the problem.,09/14/2023 01:36:21 PM,08 BRONX,11,Precinct 50,2057440002,BRONX,1006122,260222,MOBILE,Henry Hudson Park,BRONX,,,,,,,,40.8808963690593,-73.92090505159288,POINT (-73.920905051593 40.880896369059)
57944376,06/19/2023 05:17:59 AM,06/19/2023 09:05:59 AM,NYPD,New York City Police Department,Blocked Driveway,No Access,,Street/Sidewalk,11416,101-36 104 STREET,104 STREET,101 AVENUE,103 AVENUE,101 AVENUE,103 AVENUE,ADDRESS,OZONE PARK,104 STREET,,Closed,,The Police Department responded to the complaint and took action to fix the condition.,06/19/2023 09:06:03 AM,09 QUEENS,29,Precinct 102,4094210024,QUEENS,1028930,189206,PHONE,Unspecified,QUEENS,,,,,,,,40.685890761413866,-73.83889772817848,POINT (-73.838897728178 40.685890761414)
57953286,06/20/2023 10:19:25 PM,06/20/2023 10:22:27 PM,NYPD,New York City Police Department,Noise - Street/Sidewalk,Loud Music/Party,,Street/Sidewalk,10019,2 COLUMBUS CIRCLE,COLUMBUS CIRCLE,BROADWAY,8 AVENUE,BROADWAY,8 AVENUE,ADDRESS,NEW YORK,COLUMBUS CIRCLE,,Closed,,The Police Department responded to the complaint and determined that police action was not necessary.,06/20/2023 10:22:32 PM,05 MANHATTAN,06,Precinct 18,1010300001,MANHATTAN,989248,218971,ONLINE,Unspecified,MANHATTAN,,,,,,,,40.767699792898384,-73.9819566299384,POINT (-73.981956629938 40.767699792898)
57955527,06/20/2023 08:16:39 AM,06/21/2023 02:09:25 PM,DSNY,Department of Sanitation,Illegal Dumping,Removal Request,N/A,Sidewalk,11201,42 HOYT STREET,HOYT STREET,LIVINGSTON STREET,SCHERMERHORN STREET,LIVINGSTON STREET,SCHERMERHORN STREET,ADDRESS,BROOKLYN,HOYT STREET,,Closed,,The Department of Sanitation cleaned the location.,06/21/2023 10:16:38 AM,02 BROOKLYN,33,Precinct 84,3001640038,BROOKLYN,988140,190409,ONLINE,Unspecified,BROOKLYN,,,,,,,,40.689304637455585,-73.98597315191186,POINT (-73.985973151912 40.689304637456)
57949776,06/21/2023 12:05:16 AM,06/21/2023 04:02:20 AM,NYPD,New York City Police Department,Noise - Residential,Loud Music/Party,,Residential Building/House,10458,485 EAST  188 STREET,EAST  188 STREET,WASHINGTON AVENUE,BATHGATE AVENUE,WASHINGTON AVENUE,BATHGATE AVENUE,ADDRESS,BRONX,EAST  188 STREET,,Closed,,The Police Department responded to the complaint and with the information available observed no evidence of the violation at that time.,06/21/2023 04:02:25 AM,06 BRONX,15,Precinct 48,2030580001,BRONX,1014596,251983,ONLINE,Unspecified,BRONX,,,,,,,,40.858257778647,-73.89029816225118,POINT (-73.890298162251 40.858257778647)
57956166,06/20/2023 10:16:18 AM,06/20/2023 12:09:25 PM,NYPD,New York City Police Department,Noise - Street/Sidewalk,Loud Talking,,Street/Sidewalk,11426,238-11 HILLSIDE AVENUE,HILLSIDE AVENUE,235 COURT,240 STREET,235 COURT,240 STREET,ADDRESS,BELLEROSE,HILLSIDE AVENUE,,Closed,,The Police Department responded to the complaint and took action to fix the condition.,06/20/2023 12:09:30 PM,13 QUEENS,23,Precinct 105,4078800300,QUEENS,1059719,206511,PHONE,Unspecified,QUEENS,,,,,,,,40.7331796814353,-73.72768870858435,POINT (-73.727688708584 40.733179681435)
57960279,06/20/2023 10:02:08 AM,01/30/2024 01:29:57 PM,DPR,Department of Parks and Recreation,Illegal Tree Damage,Roots Damaged,N/A,Street,11362,58-19 264 STREET,264 STREET,58 AVENUE,60 AVENUE,58 AVENUE,60 AVENUE,ADDRESS,LITTLE NECK,264 STREET,,Closed,,NYC Parks performed the work necessary to correct the condition.,01/30/2024 01:30:00 PM,11 QUEENS,23,Precinct 111,4083990252,QUEENS,1062049,217064,UNKNOWN,Unspecified,QUEENS,,,,,,,,40.76212467667174,-73.7191594554117,POINT (-73.719159455412 40.762124676672)
57946869,06/19/2023 10:40:56 AM,06/22/2023 08:28:58 PM,HPD,Department of Housing Preservation and Development,PAINT/PLASTER,WALL,CHIPPED/PEELING/FLAKING,RESIDENTIAL BUILDING,10455,958 EAST  156 STREET,EAST  156 STREET,,,,,ADDRESS,BRONX,,,Closed,,The Department of Housing Preservation and Development inspected the following conditions. Violations were issued. Information about specific violations is available at www.nyc.gov/hpd,06/22/2023 12:00:00 AM,02 BRONX,17,Precinct 41,2027080007,BRONX,1012003,236645,PHONE,Unspecified,BRONX,,,,,,,,40.81616797492478,-73.89973540378023,POINT (-73.89973540378 40.816167974925)
57955356,06/21/2023 01:50:46 AM,06/21/2023 03:45:53 AM,NYPD,New York City Police Department,Noise - Residential,Banging/Pounding,,Residential Building/House,10451,790 GRAND CONCOURSE,GRAND CONCOURSE,EAST  156 STREET,EAST  158 STREET,EAST  156 STREET,EAST  158 STREET,ADDRESS,BRONX,GRAND CONCOURSE,,Closed,,The Police Department responded to the complaint and with the information available observed no evidence of the violation at that time.,06/21/2023 03:45:57 AM,04 BRONX,16,Precinct 44,2024580085,BRONX,1005306,239719,ONLINE,Unspecified,BRONX,,,,,,,,40.82462373552559,-73.9239203178827,POINT (-73.923920317883 40.824623735526)
57959307,06/20/2023 09:48:44 PM,06/21/2023 04:58:16 AM,NYPD,New York City Police Department,Illegal Parking,Blocked Hydrant,,Street/Sidewalk,11385,78-18 74 STREET,74 STREET,78 AVENUE,MYRTLE AVENUE,78 AVENUE,MYRTLE AVENUE,ADDRESS,RIDGEWOOD,74 STREET,,Closed,,The Police Department responded and upon arrival those responsible for the condition were gone.,06/21/2023 04:58:24 AM,05 QUEENS,32,Precinct 104,4038230058,QUEENS,1018896,195733,ONLINE,Unspecified,QUEENS,,,,,,,,40.70385080849632,-73.87504360360039,POINT (-73.8750436036 40.703850808496)
57945069,06/19/2023 11:50:00 PM,06/20/2023 09:14:00 AM,DEP,Department of Environmental Protection,Water Quality,"Taste/Odor, Chlorine (QA1)",QA1,,10006,90 WASHINGTON STREET,WASHINGTON STREET,JOSEPH P WARD ST,RECTOR ST,,,ADDRESS,NEW YORK,,N/A,Closed,,The Department of Environmental Protection resolved this complaint by speaking to the complainant on the phone.,06/20/2023 09:14:00 AM,01 MANHATTAN,01,Precinct 1,1000170029,MANHATTAN,980245,197250,ONLINE,Unspecified,MANHATTAN,,,,,,,,40.70808153542161,-74.01444559148298,POINT (-74.014445591483 40.708081535422)
57957606,06/20/2023 11:37:39 AM,07/20/2023 06:49:10 AM,HPD,Department of Housing Preservation and Development,UNSANITARY CONDITION,GARBAGE/RECYCLING STORAGE,MISSING OR INADEQUATE CANS/LID,RESIDENTIAL BUILDING,10467,3440 GATES PLACE,GATES PLACE,,,,,ADDRESS,BRONX,,,Closed,,The Department of Housing Preservation and Development inspected the following conditions. No violations were issued. The complaint has been closed.,07/20/2023 12:00:00 AM,07 BRONX,11,Precinct 52,2033240051,BRONX,1016432,260962,ONLINE,Unspecified,BRONX,,,,,,,,40.882895863489935,-73.88361784074065,POINT (-73.883617840741 40.88289586349)
57948957,06/19/2023 02:23:37 PM,06/19/2023 05:56:46 PM,NYPD,New York City Police Department,Noise - Street/Sidewalk,Loud Music/Party,,Street/Sidewalk,10465,28E EDGEWATER PARK,EDGEWATER PARK,ADEE AVENUE,PENNYFIELD AVENUE,ADEE AVENUE,PENNYFIELD AVENUE,ADDRESS,BRONX,EDGEWATER PARK,,Closed,,The Police Department responded to the complaint and with the information available observed no evidence of the violation at that time.,06/19/2023 05:56:51 PM,10 BRONX,13,Precinct 45,2055150001,BRONX,1036636,238674,MOBILE,Unspecified,BRONX,,,,,,,,40.82162526432817,-73.81072695465373,POINT (-73.810726954654 40.821625264328)
57946932,06/19/2023 05:48:12 PM,09/22/2023 10:45:36 AM,DPR,Department of Parks and Recreation,New Tree Request,For One Address,Street Tree,Street,10012,342 BOWERY,BOWERY,BOND STREET,EAST    3 STREET,BOND STREET,EAST    3 STREET,ADDRESS,NEW YORK,BOWERY,,Closed,,NYC Parks determined that the requested location cannot receive a new tree because of conflicts with surrounding infrastructure.,09/22/2023 10:45:40 AM,02 MANHATTAN,02,Precinct 9,1005300135,MANHATTAN,986497,203833,ONLINE,Unspecified,MANHATTAN,,,,,,,,40.72615091261966,-73.9918931223297,POINT (-73.99189312233 40.72615091262)
57953079,06/20/2023 12:45:21 PM,06/20/2023 02:38:12 PM,NYPD,New York City Police Department,Illegal Parking,Blocked Sidewalk,,Street/Sidewalk,10452,1279 SHAKESPEARE AVENUE,SHAKESPEARE AVENUE,WOODYCREST AVENUE,WEST  169 STREET,WOODYCREST AVENUE,WEST  169 STREET,ADDRESS,BRONX,SHAKESPEARE AVENUE,,Closed,,The Police Department responded to the complaint and with the information available observed no evidence of the violation at that time.,06/20/2023 02:38:17 PM,04 BRONX,16,Precinct 44,2025170032,BRONX,1005658,245025,MOBILE,Unspecified,BRONX,,,,,,,,40.8391863288739,-73.92263153676346,POINT (-73.922631536763 40.839186328874)
57957048,06/20/2023 03:06:34 PM,06/20/2023 05:02:57 PM,NYPD,New York City Police Department,Illegal Parking,Blocked Hydrant,,Street/Sidewalk,11370,25-37 70 STREET,70 STREET,BOODY STREET,30 AVENUE,BOODY STREET,30 AVENUE,ADDRESS,EAST ELMHURST,70 STREET,,Closed,,The Police Department responded to the complaint and with the information available observed no evidence of the violation at that time.,06/20/2023 05:03:03 PM,03 QUEENS,25,Precinct 115,4010470065,QUEENS,1012595,216484,MOBILE,Unspecified,QUEENS,,,,,,,,40.760829595328566,-73.89768173590284,POINT (-73.897681735903 40.760829595329)
57951342,06/20/2023 12:28:07 PM,08/07/2023 12:00:00 AM,DOB,Department of Buildings,Special Projects Inspection Team (SPIT),Illegal Hotel Rooms In Residential Building,,,11357,147-07 10 AVENUE,10 AVENUE,,,,,ADDRESS,WHITESTONE,,N/A,Closed,,"The Department of Buildings attempted to investigate this complaint twice but could not gain access to the location. If the problem still exists, please call 311 and file a new complaint with additional access information. If you are outside of New York City, please call (212) NEW-YORK (212-639-9675).",08/07/2023 12:00:00 AM,07 QUEENS,19,Precinct 109,4044770042,QUEENS,1034117,227648,UNKNOWN,Unspecified,QUEENS,,,,,,,,40.79137658071501,-73.81991009320095,POINT (-73.819910093201 40.791376580715)
57951990,06/20/2023 05:03:13 AM,06/20/2023 05:12:11 AM,NYPD,New York City Police Department,Noise - Vehicle,Car/Truck Music,,Street/Sidewalk,11225,2111 BEEKMAN PLACE,BEEKMAN PLACE,DEAD END,FLATBUSH AVENUE,DEAD END,FLATBUSH AVENUE,ADDRESS,BROOKLYN,BEEKMAN PLACE,,Closed,,The Police Department responded to the complaint and with the information available observed no evidence of the violation at that time.,06/20/2023 05:12:17 AM,09 BROOKLYN,40,Precinct 71,3050260075,BROOKLYN,994992,179735,MOBILE,Unspecified,BROOKLYN,,,,,,,,40.66000124850346,-73.96128272045006,POINT (-73.96128272045 40.660001248503)
57945906,06/19/2023 11:54:55 AM,06/04/2024 12:51:10 AM,DOHMH,Department of Health and Mental Hygiene,Food Establishment,Rodents/Insects/Garbage,Rodent Infestation,Other (Explain Below),10001,232 WEST   29 STREET,WEST   29 STREET,7 AVENUE,8 AVENUE,7 AVENUE,8 AVENUE,ADDRESS,NEW YORK,WEST   29 STREET,,Closed,,This SR was administratively closed. The issue you reported was addressed.,06/04/2024 12:51:13 AM,05 MANHATTAN,03,Precinct 10,1007780057,MANHATTAN,985916,211903,ONLINE,Unspecified,MANHATTAN,,,,,,,,40.748301194758945,-73.99398729468619,POINT (-73.993987294686 40.748301194759)
57960252,06/20/2023 11:19:30 AM,06/20/2023 11:19:30 AM,DOB,Department of Buildings,General Construction/Plumbing,Debris - Falling Or In Danger Of Falling,,,11221,710A JEFFERSON AVENUE,JEFFERSON AVENUE,,,,,ADDRESS,BROOKLYN,,N/A,Closed,,The Department of Buildings investigated this complaint and determined that no further action was necessary.,06/20/2023 12:00:00 AM,03 BROOKLYN,36,Precinct 81,3016570016,BROOKLYN,1004005,189112,UNKNOWN,Unspecified,BROOKLYN,,,,,,,,40.68572347891299,-73.9287697862026,POINT (-73.928769786203 40.685723478913)
57951036,06/21/2023 12:20:39 AM,06/21/2023 03:48:03 AM,NYPD,New York City Police Department,Illegal Parking,Blocked Hydrant,,Street/Sidewalk,10462,1913 WALLACE AVENUE,WALLACE AVENUE,RHINELANDER AVENUE,BRONXDALE AVENUE,RHINELANDER AVENUE,BRONXDALE AVENUE,ADDRESS,BRONX,WALLACE AVENUE,,Closed,,The Police Department issued a summons in response to the complaint.,06/21/2023 03:48:09 AM,11 BRONX,13,Precinct 49,2042600056,BRONX,1021736,248501,ONLINE,Unspecified,BRONX,,,,,,,,40.84867330647342,-73.86450632314447,POINT (-73.864506323144 40.848673306473)
57947013,06/19/2023 02:16:16 PM,07/07/2023 10:26:52 AM,DOHMH,Department of Health and Mental Hygiene,Rodent,Rat Sighting,,3+ Family Apt. Building,11216,775 ST JOHNS PLACE,ST JOHNS PLACE,ROGERS AVENUE,NOSTRAND AVENUE,ROGERS AVENUE,NOSTRAND AVENUE,ADDRESS,BROOKLYN,ST JOHNS PLACE,,Closed,,This service request was closed because the Department of Health and Mental Hygiene received an earlier complaint about the same location.  You can find inspection results for this address by going to the online Rat Portal at www.nyc.gov/rats.,06/19/2023 02:16:16 PM,08 BROOKLYN,35,Precinct 77,3012470070,BROOKLYN,997419,184023,MOBILE,Unspecified,BROOKLYN,,,,,,,,40.67176757722247,-73.95252673506286,POINT (-73.952526735063 40.671767577222)
57944484,06/19/2023 02:18:46 AM,06/19/2023 02:47:45 AM,NYPD,New York City Police Department,Noise - Residential,Loud Music/Party,,Residential Building/House,11201,90 SANDS STREET,SANDS STREET,PEARL STREET,JAY STREET,PEARL STREET,JAY STREET,ADDRESS,BROOKLYN,SANDS STREET,,Closed,,The Police Department responded to the complaint and with the information available observed no evidence of the violation at that time.,06/19/2023 02:47:50 AM,02 BROOKLYN,33,Precinct 84,3000870009,BROOKLYN,987794,194331,ONLINE,Unspecified,BROOKLYN,,,,,,,,40.70006976346633,-73.9872187206513,POINT (-73.987218720651 40.700069763466)
57953898,06/20/2023 05:38:33 PM,06/30/2023 02:15:47 PM,DPR,Department of Parks and Recreation,Maintenance or Facility,Garbage or Litter,Full Trash Bag Not Picked Up,Park,10468,3034 GOULDEN AVENUE,GOULDEN AVENUE,JEROME PARK RESERVOIR PATH,WEST  205 STREET,JEROME PARK RESERVOIR PATH,WEST  205 STREET,ADDRESS,BRONX,GOULDEN AVENUE,,Closed,,NYC Parks has completed the requested work order and corrected the problem.,06/30/2023 02:15:51 PM,07 BRONX,11,Precinct 52,2032510001,BRONX,1014040,259122,ONLINE,Unspecified,BRONX,,,,,,,,40.877854037625376,-73.89227638208924,POINT (-73.892276382089 40.877854037625)
57950793,06/20/2023 04:50:27 PM,06/23/2023 02:49:11 PM,HPD,Department of Housing Preservation and Development,UNSANITARY CONDITION,PESTS,MICE,RESIDENTIAL BUILDING,11232,327 43 STREET,43 STREET,,,,,ADDRESS,BROOKLYN,,,Closed,,"The Department of Housing Preservation and Development contacted an occupant of the apartment and verified that the following conditions were corrected. The complaint has been closed. If the condition still exists, please file a new complaint.",06/23/2023 12:00:00 AM,07 BROOKLYN,38,Precinct 72,3007230065,BROOKLYN,981546,176508,PHONE,Unspecified,BROOKLYN,,,,,,,,40.65114994286522,-74.00974470595162,POINT (-74.009744705952 40.651149942865)
57952989,06/20/2023 05:41:57 PM,06/20/2023 06:09:33 PM,NYPD,New York City Police Department,Illegal Parking,Detached Trailer,,Street/Sidewalk,11355,146-23 BOOTH MEMORIAL AVENUE,BOOTH MEMORIAL AVENUE,146 STREET,148 STREET,146 STREET,148 STREET,ADDRESS,FLUSHING,BOOTH MEMORIAL AVENUE,,Closed,,The Police Department issued a summons in response to the complaint.,06/20/2023 06:09:37 PM,07 QUEENS,20,Precinct 109,4051740041,QUEENS,1033893,210750,ONLINE,Unspecified,QUEENS,,,,,,,,40.744997317282206,-73.82084385633893,POINT (-73.820843856339 40.744997317282)
57945528,06/19/2023 04:07:49 PM,06/19/2023 05:31:51 PM,DPR,Department of Parks and Recreation,Violation of Park Rules,BBQ Outside Authorized Area,Under a Tree,Park,11102,24-02 19 STREET,19 STREET,24 AVENUE,24 ROAD,24 AVENUE,24 ROAD,ADDRESS,ASTORIA,19 STREET,,Closed,,NYC Parks has reviewed the reported condition and corrected the problem.,06/19/2023 05:31:57 PM,01 QUEENS,22,Precinct 114,4008980001,QUEENS,1005632,222482,ONLINE,Unspecified,QUEENS,,,,,,,,40.777312121014575,-73.92279730348663,POINT (-73.922797303487 40.777312121015)
57952872,06/20/2023 11:05:46 AM,06/20/2023 12:29:21 PM,NYPD,New York City Police Department,Illegal Parking,Detached Trailer,,Street/Sidewalk,10308,31 OAKDALE STREET,OAKDALE STREET,MONTVALE PLACE,HOLLY AVENUE,MONTVALE PLACE,HOLLY AVENUE,ADDRESS,STATEN ISLAND,OAKDALE STREET,,Closed,,The Police Department responded to the complaint and determined that police action was not necessary.,06/20/2023 12:29:26 PM,03 STATEN ISLAND,51,Precinct 122,5052240009,STATEN ISLAND,941557,138475,ONLINE,Unspecified,STATEN ISLAND,,,,,,,,40.54665472931223,-74.15361699667577,POINT (-74.153616996676 40.546654729312)
57952287,06/20/2023 02:33:53 PM,07/27/2023 12:18:03 PM,EDC,Economic Development Corporation,Noise - Helicopter,Other,Flying Too Low,Above Address,10027,171 WEST  131 STREET,WEST  131 STREET,LENOX AVENUE,ADAM CLAYTON POWELL JR BOULEVARD,LENOX AVENUE,ADAM CLAYTON POWELL JR BOULEVARD,ADDRESS,NEW YORK,WEST  131 STREET,,Closed,,"The New York City Economic Development Corporation determined that this issue is not within its jurisdiction because the helicopter did not belong to a tour company departing from a NYC heliport.Â  Instead, it was most likely a law enforcement or news gathering helicopter not subject to the routing protocols established for tour helicopters. It may also have been a helicopter that departed as a charter or tour from another City but flew over NYC airspace. Helicopter tours originating from outside NYC are not subject to the same City regulations as tours departing from heliports managed by NYCEDC. Any City regulation of these flights is pre-empted by federal law and subject only to the jurisdiction of the Federal Aviation Administration. To file a complaint with the FAA, you can contact the New York Flight Standards District Office at the following web address:Â https://www.faa.gov/about/office_org/field_offices/fsdo/",07/27/2023 12:18:07 PM,10 MANHATTAN,09,Precinct 32,1019167503,MANHATTAN,999582,235251,ONLINE,Unspecified,MANHATTAN,,,,,,,,40.81237212502956,-73.94461251467517,POINT (-73.944612514675 40.81237212503)
57958029,06/15/2023 10:07:22 AM,06/16/2023 02:05:00 PM,DOT,Department of Transportation,Street Condition,Pothole,,,11691,,,,,BEACH 33 STREET,EDGEMERE AVENUE,INTERSECTION,QUEENS,,N/A,Closed,,The Department of Transportation inspected this complaint and repaired the problem.,06/16/2023 02:05:00 PM,14 QUEENS,31,Precinct 101,,QUEENS,1049367,156350,UNKNOWN,Unspecified,QUEENS,,,,,,,,40.595581653787086,-73.76552562727602,POINT (-73.765525627276 40.595581653787)
57960090,06/20/2023 12:21:42 PM,07/27/2023 05:02:58 AM,HPD,Department of Housing Preservation and Development,APPLIANCE,ELECTRIC/GAS RANGE,NO GAS OR ELECTRICITY,RESIDENTIAL BUILDING,11218,1319 41 STREET,41 STREET,,,,,ADDRESS,BROOKLYN,,,Closed,,"The Department of Housing Preservation and Development was not able to gain access to inspect the following conditions. The complaint has been closed. If the condition still exists, please file a new complaint.",07/27/2023 12:00:00 AM,12 BROOKLYN,39,Precinct 66,3052970070,BROOKLYN,987915,172124,PHONE,Unspecified,BROOKLYN,,,,,,,,40.6391164626617,-73.98679441313547,POINT (-73.986794413135 40.639116462662)
57950082,06/20/2023 06:16:02 PM,06/20/2023 11:30:58 PM,DOT,Department of Transportation,Street Condition,Plate Condition - Noisy,N/A,Street,11218,2993 FORT HAMILTON PARKWAY,FORT HAMILTON PARKWAY,EAST    4 STREET,EAST    3 STREET,EAST    4 STREET,EAST    3 STREET,ADDRESS,BROOKLYN,FORT HAMILTON PARKWAY,,Closed,,The City inspected the condition you reported and asked the Department of Environmental Protection to address the issue.,06/20/2023 11:31:04 PM,07 BROOKLYN,39,Precinct 72,,BROOKLYN,990299,175559,ONLINE,Unspecified,BROOKLYN,,,,,,,,40.64854349082139,-73.9782013964395,POINT (-73.978201396439 40.648543490821)
57952170,06/20/2023 12:12:40 PM,06/22/2023 09:50:00 AM,DOT,Department of Transportation,Street Condition,Pothole,,,10471,SYCAMORE AVENUE,SYCAMORE AVENUE,UNNAMED STREET,WEST  252 STREET,,,BLOCKFACE,BRONX,,N/A,Closed,,The Department of Transportation inspected this complaint and repaired the problem.,06/22/2023 09:50:00 AM,08 BRONX,,Precinct 50,,BRONX,,,UNKNOWN,Unspecified,BRONX,,,,,,,,,,
57956454,06/20/2023 04:47:14 PM,06/04/2024 12:52:12 AM,DOHMH,Department of Health and Mental Hygiene,Food Establishment,Rodents/Insects/Garbage,Insect Infestation,Restaurant/Bar/Deli/Bakery,10309,1026 ROSSVILLE AVENUE,ROSSVILLE AVENUE,POND STREET,BARRY STREET,POND STREET,BARRY STREET,ADDRESS,STATEN ISLAND,ROSSVILLE AVENUE,,Closed,,This SR was administratively closed. The issue you reported was addressed.,06/04/2024 12:52:17 AM,03 STATEN ISLAND,51,Precinct 123,5070540518,STATEN ISLAND,925304,140524,PHONE,Unspecified,STATEN ISLAND,,,,,,,,40.55218570298199,-74.21211583308958,POINT (-74.21211583309 40.552185702982)
57946824,06/19/2023 05:51:15 PM,07/05/2023 07:23:50 PM,HPD,Department of Housing Preservation and Development,PLUMBING,BASIN/SINK,BASIN BROKEN/LEAKING,RESIDENTIAL BUILDING,11221,453A PULASKI STREET,PULASKI STREET,,,,,ADDRESS,BROOKLYN,,,Closed,,The Department of Housing Preservation and Development inspected the following conditions. No violations were issued. The complaint has been closed.,07/05/2023 12:00:00 AM,03 BROOKLYN,36,Precinct 81,3015960057,BROOKLYN,1003072,192251,PHONE,Unspecified,BROOKLYN,,,,,,,,40.69434134192425,-73.93212511456656,POINT (-73.932125114567 40.694341341924)
57960234,06/20/2023 10:10:09 AM,07/01/2023 09:56:17 AM,HPD,Department of Housing Preservation and Development,DOOR/WINDOW,WINDOW FRAME,WINDOW STUCK CLOSED OR OPEN,RESIDENTIAL BUILDING,10027,49 ST NICHOLAS TERRACE,ST NICHOLAS TERRACE,,,,,ADDRESS,NEW YORK,,,Closed,,The Department of Housing Preservation and Development inspected the following conditions. No violations were issued. The complaint has been closed.,07/01/2023 12:00:00 AM,09 MANHATTAN,09,Precinct 26,1019690048,MANHATTAN,997781,235791,PHONE,Unspecified,MANHATTAN,,,,,,,,40.813857216247925,-73.95111761176348,POINT (-73.951117611763 40.813857216248)
57956445,06/20/2023 08:42:25 AM,06/20/2023 08:57:11 AM,NYPD,New York City Police Department,Abandoned Vehicle,With License Plate,,Street/Sidewalk,11234,1003 EAST   58 STREET,EAST   58 STREET,AVENUE I,AVENUE J,AVENUE I,AVENUE J,ADDRESS,BROOKLYN,EAST   58 STREET,,Closed,,The Police Department responded to the complaint and took action to fix the condition.,06/20/2023 08:57:15 AM,18 BROOKLYN,46,Precinct 63,3077840036,BROOKLYN,1006363,168875,MOBILE,Unspecified,BROOKLYN,,,,,,,,40.630171806128715,-73.92033395804472,POINT (-73.920333958045 40.630171806129)
57950136,06/20/2023 09:30:47 AM,06/20/2023 01:20:47 PM,NYPD,New York City Police Department,Illegal Parking,Blocked Hydrant,,Street/Sidewalk,10451,918 MORRIS AVENUE,MORRIS AVENUE,EAST  162 STREET,EAST  163 STREET,EAST  162 STREET,EAST  163 STREET,ADDRESS,BRONX,MORRIS AVENUE,,Closed,,The Police Department responded to the complaint and with the information available observed no evidence of the violation at that time.,06/20/2023 01:20:56 PM,04 BRONX,16,Precinct 44,2024220004,BRONX,1007027,240561,ONLINE,Unspecified,BRONX,,,,,,,,40.826930514672284,-73.91769913415006,POINT (-73.91769913415 40.826930514672)
57959370,06/20/2023 12:28:27 PM,06/27/2023 10:12:11 AM,DOT,Department of Transportation,Sidewalk Condition,Sidewalk Violation,Dismiss Violation Owner Fixed,Sidewalk,11426,244-23 86 AVENUE,86 AVENUE,CROSS ISLAND PARKWAY,246 STREET,CROSS ISLAND PARKWAY,246 STREET,ADDRESS,BELLEROSE,86 AVENUE,,Closed,,"The Department of Transportation is unable to schedule a sidewalk dismissal inspection because there is no record of a permit to make a sidewalk repair. Owner must obtain a permit of record. Once a permit is obtained, the owner must call 3-1-1 to make another request for sidewalk dismissal - work done by owner.",06/27/2023 10:12:13 AM,13 QUEENS,23,Precinct 105,4086100034,QUEENS,1061163,205963,PHONE,Unspecified,QUEENS,,,,,,,,40.731663124679905,-73.72248468921605,POINT (-73.722484689216 40.73166312468)
57950316,06/20/2023 05:41:16 AM,06/20/2023 02:52:31 PM,DSNY,Department of Sanitation,Litter Basket Request,New Basket,N/A,Sidewalk,11223,294 AVENUE T,AVENUE T,VAN SICKLEN STREET,LAKE STREET,VAN SICKLEN STREET,LAKE STREET,ADDRESS,BROOKLYN,AVENUE T,,Closed,,The location does not meet the criteria for Litter Basket placement.,06/20/2023 10:41:10 AM,11 BROOKLYN,44,Precinct 62,3071020001,BROOKLYN,991391,157566,ONLINE,Unspecified,BROOKLYN,,,,,,,,40.59915566170567,-73.97428522281633,POINT (-73.974285222816 40.599155661706)
57946590,06/19/2023 05:21:30 AM,06/19/2023 05:46:27 AM,NYPD,New York City Police Department,Blocked Driveway,No Access,,Street/Sidewalk,11237,376 HIMROD STREET,HIMROD STREET,WYCKOFF AVENUE,ST NICHOLAS AVENUE,WYCKOFF AVENUE,ST NICHOLAS AVENUE,ADDRESS,BROOKLYN,HIMROD STREET,,Closed,,The Police Department issued a summons in response to the complaint.,06/19/2023 05:46:32 AM,04 BROOKLYN,37,Precinct 83,3032810015,BROOKLYN,1007390,195569,PHONE,Unspecified,BROOKLYN,,,,,,,,40.703438236886164,-73.91654238369094,POINT (-73.916542383691 40.703438236886)
57950100,06/20/2023 08:27:29 PM,06/20/2023 09:54:26 PM,NYPD,New York City Police Department,Illegal Parking,Blocked Hydrant,,Street/Sidewalk,11207,485 SNEDIKER AVENUE,SNEDIKER AVENUE,LIVONIA AVENUE,RIVERDALE AVENUE,LIVONIA AVENUE,RIVERDALE AVENUE,ADDRESS,BROOKLYN,SNEDIKER AVENUE,,Closed,,The Police Department responded and upon arrival those responsible for the condition were gone.,06/20/2023 09:54:32 PM,05 BROOKLYN,42,Precinct 75,3038170109,BROOKLYN,1012168,180867,MOBILE,Unspecified,BROOKLYN,,,,,,,,40.663070840092594,-73.89937079187321,POINT (-73.899370791873 40.663070840093)
57956886,06/20/2023 09:56:14 AM,06/20/2023 03:25:51 PM,NYPD,New York City Police Department,Blocked Driveway,Partial Access,,Street/Sidewalk,11106,34-40 32 STREET,32 STREET,34 AVENUE,35 AVENUE,34 AVENUE,35 AVENUE,ADDRESS,ASTORIA,32 STREET,,Closed,,The Police Department responded and upon arrival those responsible for the condition were gone.,06/20/2023 03:25:56 PM,01 QUEENS,22,Precinct 114,4006080044,QUEENS,1004472,215674,ONLINE,Unspecified,QUEENS,,,,,,,,40.758628664451884,-73.92700612674527,POINT (-73.927006126745 40.758628664452)
57944142,06/19/2023 11:50:03 AM,06/19/2023 11:55:14 AM,NYPD,New York City Police Department,Illegal Parking,Blocked Hydrant,,Street/Sidewalk,10305,17 LEDYARD PLACE,LEDYARD PLACE,PARKINSON AVENUE,QUINTARD STREET,PARKINSON AVENUE,QUINTARD STREET,ADDRESS,STATEN ISLAND,LEDYARD PLACE,,Closed,,The Police Department responded to the complaint and took action to fix the condition.,06/19/2023 11:55:18 AM,02 STATEN ISLAND,50,Precinct 122,5032220012,STATEN ISLAND,961187,156356,ONLINE,Unspecified,STATEN ISLAND,,,,,,,,40.59580732593653,-74.08304582654257,POINT (-74.083045826543 40.595807325937)
57953700,06/20/2023 11:49:03 PM,06/21/2023 03:38:35 PM,NYPD,New York City Police Department,Illegal Parking,Blocked Hydrant,,Street/Sidewalk,10461,1289 EDISON AVENUE,EDISON AVENUE,PAINE STREET,WATERBURY AVENUE,PAINE STREET,WATERBURY AVENUE,ADDRESS,BRONX,EDISON AVENUE,,Closed,,The Police Department responded and upon arrival those responsible for the condition were gone.,06/21/2023 03:38:42 PM,10 BRONX,13,Precinct 45,2053350026,BRONX,1031265,244429,PHONE,Unspecified,BRONX,,,,,,,,40.83745128210875,-73.83009224388277,POINT (-73.830092243883 40.837451282109)
57958281,06/21/2023 12:55:00 AM,06/21/2023 02:45:00 AM,DOT,Department of Transportation,Traffic Signal Condition,Controller,Allout,,11434,,,,,FARMERS BOULEVARD,MERRICK BOULEVARD,INTERSECTION,QUEENS,,N/A,Closed,,Service Request status for this request is available on the Department of Transportationâs website. Please click the âLearn Moreâ link below.,06/21/2023 02:45:00 AM,12 QUEENS,27,Precinct 113,,QUEENS,1050370,187010,UNKNOWN,Unspecified,QUEENS,,,,,,,,40.67972906824991,-73.76161358215207,POINT (-73.761613582152 40.67972906825)
57959289,06/20/2023 07:42:40 AM,07/13/2023 10:49:56 AM,DPR,Department of Parks and Recreation,Dead/Dying Tree,Planted More Than 2 Years Ago,N/A,Street,11365,48-13 188 STREET,188 STREET,48 AVENUE,50 AVENUE,48 AVENUE,50 AVENUE,ADDRESS,FRESH MEADOWS,188 STREET,,Closed,,NYC Parks visited the site and inspected the condition. No work is necessary at this time.,07/13/2023 10:50:02 AM,11 QUEENS,20,Precinct 111,4056240020,QUEENS,1042345,212063,PHONE,Unspecified,QUEENS,,,,,,,,40.748549676951015,-73.79033028129471,POINT (-73.790330281295 40.748549676951)
57952530,06/20/2023 10:33:41 PM,06/21/2023 04:40:14 AM,NYPD,New York City Police Department,Illegal Parking,Commercial Overnight Parking,,Street/Sidewalk,11430,148-18 134 STREET,134 STREET,SOUTH CONDUIT AVENUE,149 AVENUE,SOUTH CONDUIT AVENUE,149 AVENUE,ADDRESS,JAMAICA,134 STREET,,Closed,,The Police Department issued a summons in response to the complaint.,06/21/2023 04:40:18 AM,10 QUEENS,28,Precinct 106,4118860001,QUEENS,1038126,181986,MOBILE,Unspecified,QUEENS,,,,,,,,40.66602233954415,-73.80579760863634,POINT (-73.805797608636 40.666022339544)
57950820,06/20/2023 03:32:25 PM,06/20/2023 04:09:15 PM,NYPD,New York City Police Department,Illegal Parking,Blocked Bike Lane,,Street/Sidewalk,10009,250 EAST HOUSTON STREET,EAST HOUSTON STREET,NORFOLK STREET,SUFFOLK STREET,NORFOLK STREET,SUFFOLK STREET,ADDRESS,NEW YORK,EAST HOUSTON STREET,,Closed,,The Police Department responded and upon arrival those responsible for the condition were gone.,06/20/2023 04:09:19 PM,03 MANHATTAN,02,Precinct 9,1003977503,MANHATTAN,988319,202298,MOBILE,Unspecified,MANHATTAN,,,,,,,,40.721937059265606,-73.98532051639553,POINT (-73.985320516396 40.721937059266)
57950577,06/20/2023 05:24:06 AM,06/20/2023 08:50:15 AM,NYPD,New York City Police Department,Blocked Driveway,No Access,,Street/Sidewalk,11356,115-30 14 ROAD,14 ROAD,115 STREET,116 STREET,115 STREET,116 STREET,ADDRESS,COLLEGE POINT,14 ROAD,,Closed,,The Police Department responded and upon arrival those responsible for the condition were gone.,06/20/2023 08:50:20 AM,07 QUEENS,19,Precinct 109,4040670026,QUEENS,1025260,225185,PHONE,Unspecified,QUEENS,,,,,,,,40.78466185553996,-73.8519112724414,POINT (-73.851911272441 40.78466185554)
57955311,06/20/2023 12:56:16 PM,08/24/2023 03:32:00 PM,DPR,Department of Parks and Recreation,Dead/Dying Tree,Planted More Than 2 Years Ago,N/A,Street,11205,196 CLINTON AVENUE,CLINTON AVENUE,MYRTLE AVENUE,WILLOUGHBY AVENUE,MYRTLE AVENUE,WILLOUGHBY AVENUE,ADDRESS,BROOKLYN,CLINTON AVENUE,,Closed,,No action was taken because NYC Parks determined that the issue is out of its jurisdiction. The condition may be on private property or in an area serviced by another organization.,08/24/2023 03:32:06 PM,02 BROOKLYN,35,Precinct 88,3019010007,BROOKLYN,992954,191422,ONLINE,Unspecified,BROOKLYN,,,,,,,,40.692081663809844,-73.9686131689322,POINT (-73.968613168932 40.69208166381)
57957363,06/20/2023 05:46:49 PM,06/20/2023 08:48:17 PM,NYPD,New York City Police Department,Noise - Residential,Banging/Pounding,,Residential Building/House,10466,4325 BYRON AVENUE,BYRON AVENUE,EAST  236 STREET,WHITEHALL PLACE,EAST  236 STREET,WHITEHALL PLACE,ADDRESS,BRONX,BYRON AVENUE,,Closed,,The Police Department responded to the complaint and determined that police action was not necessary.,06/20/2023 08:48:22 PM,12 BRONX,11,Precinct 47,2050440056,BRONX,1024595,265662,ONLINE,Unspecified,BRONX,,,,,,,,40.895762321244455,-73.85406911029867,POINT (-73.854069110299 40.895762321244)
57952314,06/20/2023 03:09:12 PM,06/20/2023 03:32:46 PM,NYPD,New York City Police Department,Illegal Parking,Blocked Bike Lane,,Street/Sidewalk,10003,221 EAST   12 STREET,EAST   12 STREET,3 AVENUE,2 AVENUE,3 AVENUE,2 AVENUE,ADDRESS,NEW YORK,EAST   12 STREET,,Closed,,The Police Department responded to the complaint and took action to fix the condition.,06/20/2023 03:32:51 PM,03 MANHATTAN,02,Precinct 9,1004680051,MANHATTAN,987833,205789,MOBILE,Unspecified,MANHATTAN,,,,,,,,40.73151921469955,-73.98707197025968,POINT (-73.98707197026 40.7315192147)
57952800,06/20/2023 05:47:00 PM,06/21/2023 05:41:00 AM,DEP,Department of Environmental Protection,Air Quality,"Air: Odor/Fumes, Vehicle Idling (AD3)",AD3,,10036,640 8 AVENUE,8 AVENUE,W 41 ST,W 42 ST,,,ADDRESS,NEW YORK,,N/A,Closed,,The Department of Environmental Protection will keep the location under observation for idling commercial vehicles.Â Summonses will be issued when warranted.,06/21/2023 05:41:00 AM,05 MANHATTAN,03,Precinct 14,1010137501,MANHATTAN,986967,214950,ONLINE,Unspecified,MANHATTAN,,,,,,,,40.75666417742652,-73.99019293432467,POINT (-73.990192934325 40.756664177427)
57949245,06/19/2023 11:22:14 AM,09/22/2023 10:05:46 AM,DPR,Department of Parks and Recreation,New Tree Request,For One Address,Street Tree,Street,10036,630 9 AVENUE,9 AVENUE,WEST   44 STREET,WEST   45 STREET,WEST   44 STREET,WEST   45 STREET,ADDRESS,NEW YORK,9 AVENUE,,Closed,,NYC Parks determined that the requested location cannot receive a new tree because of conflicts with surrounding infrastructure.,09/22/2023 10:05:50 AM,04 MANHATTAN,03,Precinct 14,1010350001,MANHATTAN,986619,216179,UNKNOWN,Unspecified,MANHATTAN,,,,,,,,40.76003756831987,-73.99144861419562,POINT (-73.991448614196 40.76003756832)
57951558,06/20/2023 07:45:20 PM,06/20/2023 09:03:14 PM,NYPD,New York City Police Department,Illegal Parking,Blocked Hydrant,,Street/Sidewalk,10466,1846 BUSSING AVENUE,BUSSING AVENUE,BRUNER AVENUE,ELY AVENUE,BRUNER AVENUE,ELY AVENUE,ADDRESS,BRONX,BUSSING AVENUE,,Closed,,The Police Department issued a summons in response to the complaint.,06/20/2023 09:03:18 PM,12 BRONX,12,Precinct 47,2050100008,BRONX,1026346,265215,MOBILE,Unspecified,BRONX,,,,,,,,40.89452727027193,-73.84773843489316,POINT (-73.847738434893 40.894527270272)
57948813,06/19/2023 09:23:46 PM,06/19/2023 09:56:21 PM,NYPD,New York City Police Department,Noise - Residential,Loud Music/Party,,Residential Building/House,10473,UNDERHILL AVENUE,UNDERHILL AVENUE,OBRIEN AVENUE,UNDERHILL AVENUE,OBRIEN AVENUE,UNDERHILL AVENUE,INTERSECTION,,,,Closed,,The Police Department responded to the complaint and took action to fix the condition.,06/19/2023 09:56:27 PM,09 BRONX,18,Precinct 43,,BRONX,1023635,234846,MOBILE,Unspecified,BRONX,,,,,,,,40.81118602691528,-73.85772253799396,POINT (-73.857722537994 40.811186026915)
57954924,06/20/2023 11:53:40 AM,06/28/2023 05:21:25 PM,HPD,Department of Housing Preservation and Development,UNSANITARY CONDITION,GARBAGE/RECYCLING STORAGE,MISSING OR INADEQUATE CANS/LID,RESIDENTIAL BUILDING,10468,2855 CLAFLIN AVENUE,CLAFLIN AVENUE,,,,,ADDRESS,BRONX,,,Closed,,The Department of Housing Preservation and Development inspected the following conditions. No violations were issued. The complaint has been closed.,06/28/2023 12:00:00 AM,08 BRONX,14,Precinct 50,2032500087,BRONX,1011969,257372,ONLINE,Unspecified,BRONX,,,,,,,,40.873057577579026,-73.8997725589327,POINT (-73.899772558933 40.873057577579)
57953826,06/20/2023 02:38:28 PM,06/20/2023 07:42:36 PM,NYPD,New York City Police Department,Abandoned Vehicle,With License Plate,,Street/Sidewalk,11235,2654 EAST   23 STREET,EAST   23 STREET,JEROME AVENUE,VOORHIES AVENUE,JEROME AVENUE,VOORHIES AVENUE,ADDRESS,BROOKLYN,EAST   23 STREET,,Closed,,The Police Department responded to the complaint and took action to fix the condition.,06/20/2023 07:42:39 PM,15 BROOKLYN,48,Precinct 61,3074670013,BROOKLYN,999095,153318,PHONE,Unspecified,BROOKLYN,,,,,,,,40.58748620108919,-73.94655241840833,POINT (-73.946552418408 40.587486201089)
57945177,06/19/2023 04:25:21 AM,06/19/2023 05:10:34 AM,NYPD,New York City Police Department,Illegal Parking,Blocked Hydrant,,Street/Sidewalk,11230,425 FOSTER AVENUE,FOSTER AVENUE,SETON PLACE,EAST    5 STREET,SETON PLACE,EAST    5 STREET,ADDRESS,BROOKLYN,FOSTER AVENUE,,Closed,,The Police Department responded to the complaint and took action to fix the condition.,06/19/2023 05:10:41 AM,14 BROOKLYN,40,Precinct 70,3054270060,BROOKLYN,991734,168546,MOBILE,Unspecified,BROOKLYN,,,,,,,,40.629293209196945,-73.97303790819126,POINT (-73.973037908191 40.629293209197)
57952494,06/20/2023 10:01:54 AM,06/23/2023 10:36:23 AM,DOT,Department of Transportation,Street Sign - Missing,St Name - Attached to Pole,,Street,10310,BEMENT AVENUE,BEMENT AVENUE,BEMENT AVENUE,GREEN STREET,BEMENT AVENUE,GREEN STREET,INTERSECTION,,,,Closed,,"The Department of Transportation inspected the condition you reported. You can find additional information in the ""Notes to Customer"" field.",06/23/2023 10:36:29 AM,01 STATEN ISLAND,49,Precinct 120,,STATEN ISLAND,953392,168563,PHONE,Unspecified,STATEN ISLAND,,,,,,,,40.62928928623887,-74.11117001474227,POINT (-74.111170014742 40.629289286239)
57956076,06/20/2023 08:52:32 PM,06/20/2023 09:08:28 PM,NYPD,New York City Police Department,Noise - Street/Sidewalk,Loud Music/Party,,Street/Sidewalk,10456,1011 SHERIDAN AVENUE,SHERIDAN AVENUE,EAST  164 STREET,CARROLL PLACE,EAST  164 STREET,CARROLL PLACE,ADDRESS,BRONX,SHERIDAN AVENUE,,Closed,,The Police Department reviewed your complaint and provided additional information below.,06/20/2023 09:08:34 PM,04 BRONX,16,Precinct 44,2024610130,BRONX,1006531,241465,MOBILE,Unspecified,BRONX,,,,,,,,40.829413000530494,-73.9194883436301,POINT (-73.91948834363 40.82941300053)
57945222,06/19/2023 09:45:00 PM,06/21/2023 04:00:00 AM,DOT,Department of Transportation,Traffic Signal Condition,Controller,Operating Improperly,,11435,,,,,SOUTH ROAD,SUTPHIN BOULEVARD,INTERSECTION,QUEENS,,N/A,Closed,,Service Request status for this request is available on the Department of Transportationâs website. Please click the âLearn Moreâ link below.,06/21/2023 04:00:00 AM,12 QUEENS,28,Precinct 103,,QUEENS,1039125,192380,UNKNOWN,Unspecified,QUEENS,,,,,,,,40.694545302769534,-73.80211196857002,POINT (-73.80211196857 40.69454530277)
57949056,06/19/2023 10:11:08 PM,06/19/2023 10:45:57 PM,NYPD,New York City Police Department,Abandoned Vehicle,With License Plate,,Street/Sidewalk,11230,1619 MACDONALD AVENUE,MACDONALD AVENUE,24 AVENUE,RYDER AVENUE,24 AVENUE,RYDER AVENUE,ADDRESS,BROOKLYN,MCDONALD AVENUE,,Closed,,The Police Department responded to the complaint and took action to fix the condition.,06/19/2023 10:46:02 PM,12 BROOKLYN,44,Precinct 66,3065830090,BROOKLYN,991514,162716,PHONE,Unspecified,BROOKLYN,,,,,,,,40.61329125886497,-73.97383676020989,POINT (-73.97383676021 40.613291258865)
57947301,06/19/2023 10:13:19 PM,06/19/2023 10:40:08 PM,NYPD,New York City Police Department,Illegal Parking,Blocked Hydrant,,Street/Sidewalk,10473,1829 PATTERSON AVENUE,PATTERSON AVENUE,TAYLOR AVENUE,THIERIOT AVENUE,TAYLOR AVENUE,THIERIOT AVENUE,ADDRESS,BRONX,PATTERSON AVENUE,,Closed,,The Police Department responded and upon arrival those responsible for the condition were gone.,06/19/2023 10:40:14 PM,09 BRONX,18,Precinct 43,2034960006,BRONX,1022847,235501,MOBILE,Unspecified,BRONX,,,,,,,,40.812987295091226,-73.86056539972084,POINT (-73.860565399721 40.812987295091)
57951513,06/20/2023 05:01:52 PM,06/04/2024 12:52:10 AM,DOHMH,Department of Health and Mental Hygiene,Food Establishment,Kitchen/Food Prep Area,Kitchen Equipment Dirty,Other (Explain Below),11214,1684 SHORE PARKWAY,SHORE PARKWAY,BELT PARKWAY EB EN BAY PKWY,25 AVENUE,BELT PARKWAY EB EN BAY PKWY,25 AVENUE,ADDRESS,BROOKLYN,SHORE PARKWAY,,Closed,,This SR was administratively closed. The issue you reported was addressed.,06/04/2024 12:52:13 AM,11 BROOKLYN,47,Precinct 62,3064910011,BROOKLYN,984831,155806,ONLINE,Unspecified,BROOKLYN,,,,,,,,40.59432767469554,-73.99790796735753,POINT (-73.997907967358 40.594327674696)
57948534,06/19/2023 07:08:48 AM,06/19/2023 07:18:23 AM,NYPD,New York City Police Department,Encampment,N/A,,Street/Sidewalk,10016,29 EAST   30 STREET,EAST   30 STREET,MADISON AVENUE,PARK AVENUE SOUTH,MADISON AVENUE,PARK AVENUE SOUTH,ADDRESS,NEW YORK,EAST   30 STREET,,Closed,,The Police Department visited the location and has referred the complaint to the Department of Homeless Services (DHS) for further action. DHS will inspect the condition and update your Service Request with more information.,06/19/2023 07:18:27 AM,05 MANHATTAN,02,Unspecified,1008600024,MANHATTAN,988554,210743,MOBILE,Unspecified,MANHATTAN,,,,,,,,40.74511639551817,-73.98446731891701,POINT (-73.984467318917 40.745116395518)
57954087,06/20/2023 07:34:13 AM,06/20/2023 08:09:56 AM,NYPD,New York City Police Department,Illegal Parking,Blocked Crosswalk,,Street/Sidewalk,10309,1 EUGENE STREET,EUGENE STREET,AMBOY ROAD,ADELPHI AVENUE,AMBOY ROAD,ADELPHI AVENUE,ADDRESS,STATEN ISLAND,EUGENE STREET,,Closed,,The Police Department responded to the complaint and determined that police action was not necessary.,06/20/2023 08:10:05 AM,03 STATEN ISLAND,51,Precinct 123,,STATEN ISLAND,919888,127844,MOBILE,Unspecified,STATEN ISLAND,,,,,,,,40.51734394310227,-74.23148452014422,POINT (-74.231484520144 40.517343943102)
57945645,06/19/2023 03:12:27 AM,06/19/2023 06:55:03 AM,NYPD,New York City Police Department,Noise - Residential,Loud Music/Party,,Residential Building/House,11417,CHICOT ROAD,CHICOT ROAD,CHICOT ROAD,SUTTER AVENUE,CHICOT ROAD,SUTTER AVENUE,INTERSECTION,,,,Closed,,The Police Department responded to the complaint and with the information available observed no evidence of the violation at that time.,06/19/2023 06:55:08 AM,10 QUEENS,32,Precinct 106,,QUEENS,1026944,185779,ONLINE,Unspecified,QUEENS,,,,,,,,40.67649424202477,-73.84608032763265,POINT (-73.846080327633 40.676494242025)
57954978,06/20/2023 03:31:39 PM,07/26/2023 08:30:42 PM,HPD,Department of Housing Preservation and Development,PLUMBING,WATER SUPPLY,NO HOT WATER,RESIDENTIAL BUILDING,11692,311 BEACH   66 STREET,BEACH   66 STREET,,,,,ADDRESS,ARVERNE,,,Closed,,The Department of Housing Preservation and Development inspected the following conditions. No violations were issued. The complaint has been closed.,07/26/2023 12:00:00 AM,14 QUEENS,31,Precinct 100,4159130090,QUEENS,1041160,155088,ONLINE,Unspecified,QUEENS,,,,,,,,40.59217422467719,-73.79508804337542,POINT (-73.795088043375 40.592174224677)
57950784,06/20/2023 09:41:28 AM,06/22/2023 07:21:05 PM,HPD,Department of Housing Preservation and Development,UNSANITARY CONDITION,PESTS,MICE,RESIDENTIAL BUILDING,10034,608 WEST  204 STREET,WEST  204 STREET,,,,,ADDRESS,NEW YORK,,,Closed,,The Department of Housing Preservation and Development inspected the following conditions. Violations were issued. Information about specific violations is available at www.nyc.gov/hpd,06/22/2023 12:00:00 AM,12 MANHATTAN,10,Precinct 34,1022250023,MANHATTAN,1005792,254594,ONLINE,Unspecified,MANHATTAN,,,,,,,,40.86545005557234,-73.92211651385749,POINT (-73.922116513857 40.865450055572)
57947247,06/19/2023 08:44:00 AM,06/19/2023 12:00:00 PM,DEP,Department of Environmental Protection,Sewer,Manhole Overflow (Use Comments) (SA1),SA1,,11211,234 NORTH   11 STREET,NORTH   11 STREET,ROEBLING ST,UNION AVE,,,ADDRESS,BROOKLYN,,,Closed,,"The Department of Environmental Protection has investigated this complaint. Upon investigation, there was no indication of a city sewer issue and there is a suspected sewer backup due to an internal plumbing issue.",06/19/2023 12:00:00 PM,01 BROOKLYN,33,Precinct 94,3023000009,BROOKLYN,997411,200967,PHONE,Unspecified,BROOKLYN,,,,,,,,40.71827493122052,-73.95252246821393,POINT (-73.952522468214 40.718274931221)
57960504,06/21/2023 10:32:10 AM,02/09/2024 11:13:19 AM,DPR,Department of Parks and Recreation,New Tree Request,For One Address,Street Tree,Street,11375,67-50 THORNTON PLACE,THORNTON PLACE,EXETER STREET,FLEET STREET,EXETER STREET,FLEET STREET,ADDRESS,FOREST HILLS,THORNTON PLACE,,Closed,,"The location was inspected and is suitable for tree planting. Barring any unforeseen issues such as underground utilities and based on available funding, the requested tree will be placed on an upcoming contract. Please note that this process can take up to two years, depending on capacity and the location.   To find out where and when trees will be planted, please visit the Tree Work Hub at nyc.gov/parks/treework.  To learn more about the trees in your neighborhood, visit the NYC Street Tree Map at nyc.gov/parks/treemap.",02/09/2024 11:13:22 AM,06 QUEENS,29,Precinct 112,4031510043,QUEENS,1023950,201685,MOBILE,Unspecified,QUEENS,,,,,,,,40.72016637869044,-73.85678046869404,POINT (-73.856780468694 40.72016637869)
57960324,06/20/2023 04:47:04 PM,06/23/2023 07:52:44 PM,HPD,Department of Housing Preservation and Development,UNSANITARY CONDITION,PESTS,ROACHES,RESIDENTIAL BUILDING,11221,872 MADISON STREET,MADISON STREET,,,,,ADDRESS,BROOKLYN,,,Closed,,The Department of Housing Preservation and Development inspected the following conditions. No violations were issued. The complaint has been closed.,06/23/2023 12:00:00 AM,03 BROOKLYN,41,Precinct 81,3014830016,BROOKLYN,1005684,189912,PHONE,Unspecified,BROOKLYN,,,,,,,,40.68791538812323,-73.92271330702107,POINT (-73.922713307021 40.687915388123)
57960162,06/20/2023 08:32:29 AM,06/30/2023 07:46:41 AM,HPD,Department of Housing Preservation and Development,FLOORING/STAIRS,FLOOR,BROKEN OR DEFECTIVE,RESIDENTIAL BUILDING,10456,1260 CLAY AVENUE,CLAY AVENUE,,,,,ADDRESS,BRONX,,,Closed,,The Department of Housing Preservation and Development inspected the following conditions. No violations were issued. The complaint has been closed.,06/30/2023 12:00:00 AM,04 BRONX,16,Precinct 44,2024270015,BRONX,1009192,243016,PHONE,Unspecified,BRONX,,,,,,,,40.83366293406425,-73.9098671478745,POINT (-73.909867147874 40.833662934064)
57944349,06/19/2023 07:18:56 AM,06/20/2023 12:58:09 PM,DSNY,Department of Sanitation,Dirty Condition,Trash,Not Cleaned by Property Owner,Sidewalk,11225,103 EMPIRE BOULEVARD,EMPIRE BOULEVARD,MC KEEVER PLACE,BEDFORD AVENUE,MC KEEVER PLACE,BEDFORD AVENUE,ADDRESS,BROOKLYN,EMPIRE BOULEVARD,,Closed,,The Department of Sanitation cleaned the location.,06/20/2023 12:58:13 PM,09 BROOKLYN,35,Precinct 71,3013060037,BROOKLYN,995724,180987,ONLINE,Unspecified,BROOKLYN,,,,,,,,40.66343679337753,-73.95864225025296,POINT (-73.958642250253 40.663436793378)
58028148,06/27/2023 09:05:42 PM,06/28/2023 01:12:15 AM,NYPD,New York City Police Department,Noise - Residential,Banging/Pounding,,Residential Building/House,10459,1211 SOUTHERN BOULEVARD,SOUTHERN BOULEVARD,HOME STREET,FREEMAN STREET,HOME STREET,FREEMAN STREET,ADDRESS,BRONX,SOUTHERN BOULEVARD,,Closed,,The Police Department responded to the complaint and with the information available observed no evidence of the violation at that time.,06/28/2023 01:12:21 AM,03 BRONX,17,Precinct 42,2029750037,BRONX,1014167,241304,ONLINE,Unspecified,BRONX,,,,,,,,40.82894853770622,-73.89189665265188,POINT (-73.891896652652 40.828948537706)
57948309,06/19/2023 07:52:35 PM,06/20/2023 08:07:27 PM,HPD,Department of Housing Preservation and Development,SAFETY,WINDOW GUARD BROKEN/MISSING,CHILD UNDER 11,RESIDENTIAL BUILDING,11216,497 GREENE AVENUE,GREENE AVENUE,,,,,ADDRESS,BROOKLYN,,,Closed,,The Department of Housing Preservation and Development inspected the following conditions. No violations were issued. The complaint has been closed.,06/20/2023 12:00:00 AM,03 BROOKLYN,36,Precinct 79,3017940092,BROOKLYN,997803,190088,PHONE,Unspecified,BROOKLYN,,,,,,,,40.68841404433529,-73.9511302462551,POINT (-73.951130246255 40.688414044335)
57954231,06/20/2023 06:04:17 PM,06/20/2023 09:24:42 PM,NYPD,New York City Police Department,Blocked Driveway,Partial Access,,Street/Sidewalk,11204,1602 70 STREET,70 STREET,16 AVENUE,17 AVENUE,16 AVENUE,17 AVENUE,ADDRESS,BROOKLYN,70 STREET,,Closed,,The Police Department responded and upon arrival those responsible for the condition were gone.,06/20/2023 09:24:50 PM,11 BROOKLYN,43,Precinct 62,3061700008,BROOKLYN,984951,164760,ONLINE,Unspecified,BROOKLYN,,,,,,,,40.61890456543404,-73.99747494862828,POINT (-73.997474948628 40.618904565434)
57946599,06/19/2023 12:56:40 PM,06/19/2023 01:39:56 PM,NYPD,New York City Police Department,Noise - Residential,Loud Music/Party,,Residential Building/House,10030,2698 8 AVENUE,8 AVENUE,WEST  143 STREET,WEST  144 STREET,WEST  143 STREET,WEST  144 STREET,ADDRESS,NEW YORK,8 AVENUE,,Closed,,The Police Department responded to the complaint and with the information available observed no evidence of the violation at that time.,06/19/2023 01:40:00 PM,10 MANHATTAN,09,Precinct 32,1020290001,MANHATTAN,1000101,238652,ONLINE,Unspecified,MANHATTAN,,,,,,,,40.82170599775753,-73.94272957353319,POINT (-73.942729573533 40.821705997758)
57956094,06/20/2023 02:44:23 AM,06/20/2023 03:03:51 AM,NYPD,New York City Police Department,Noise - Street/Sidewalk,Loud Talking,,Street/Sidewalk,11237,180 STOCKHOLM STREET,STOCKHOLM STREET,WILSON AVENUE,KNICKERBOCKER AVENUE,WILSON AVENUE,KNICKERBOCKER AVENUE,ADDRESS,BROOKLYN,STOCKHOLM STREET,,Closed,,The Police Department responded to the complaint and took action to fix the condition.,06/20/2023 03:03:55 AM,04 BROOKLYN,37,Precinct 83,3032570015,BROOKLYN,1005757,194258,PHONE,Unspecified,BROOKLYN,,,,,,,,40.699843970103316,-73.92243620798548,POINT (-73.922436207985 40.699843970103)
57950514,06/21/2023 01:28:52 AM,06/21/2023 01:50:00 AM,NYPD,New York City Police Department,Noise - Street/Sidewalk,Loud Music/Party,,Street/Sidewalk,11210,1370 NEW YORK AVENUE,NEW YORK AVENUE,NEWKIRK AVENUE,FOSTER AVENUE,NEWKIRK AVENUE,FOSTER AVENUE,ADDRESS,BROOKLYN,NEW YORK AVENUE,,Closed,,The Police Department responded to the complaint and took action to fix the condition.,06/21/2023 01:50:05 AM,17 BROOKLYN,45,Precinct 67,3049640040,BROOKLYN,999385,172288,ONLINE,Unspecified,BROOKLYN,,,,,,,,40.63955443463101,-73.9454657895858,POINT (-73.945465789586 40.639554434631)
57947148,06/19/2023 01:18:47 PM,06/17/2024 01:54:07 PM,DPR,Department of Parks and Recreation,Root/Sewer/Sidewalk Condition,Trees and Sidewalks Program,Free Repair,Street,11236,532 EAST   78 STREET,EAST   78 STREET,RALPH AVENUE,FARRAGUT ROAD,RALPH AVENUE,FARRAGUT ROAD,ADDRESS,BROOKLYN,EAST   78 STREET,,Closed,,"NYC Parks inspected the requested repair site. This site meets the criteria for repair under the Trees & Sidewalks Program. The timeframe for repair work depends on available funding for the program, the severity of damage, and the other sidewalk requests in the surrounding district.",06/17/2024 01:54:14 PM,18 BROOKLYN,45,Precinct 69,3079560001,BROOKLYN,1006722,171857,PHONE,Unspecified,BROOKLYN,,,,,,,,40.63835585603961,-73.9190306666737,POINT (-73.919030666674 40.63835585604)
57958326,06/20/2023 06:31:00 AM,06/21/2023 06:37:00 AM,DSNY,Department of Sanitation,Derelict Vehicles,Derelict Vehicles,,Street,10466,1835 NEEDHAM AVENUE,NEEDHAM AVENUE,EAST 224 STREET,DEAD END,,,ADDRESS,BRONX,,,Closed,,The Department of Sanitation does NOT have jurisdiction over vehicles (abandoned or otherwise) that have license plates affixed to them. Your request will be referred to the NYPD for further action.,06/21/2023 12:00:00 PM,12 BRONX,12,Precinct 47,2048990003,BRONX,1027467,260361,PHONE,Unspecified,BRONX,,,,,,,,40.88119916902506,-73.84371510138696,POINT (-73.843715101387 40.881199169025)
57949254,06/19/2023 10:02:09 PM,06/19/2023 10:29:03 PM,NYPD,New York City Police Department,Abandoned Vehicle,With License Plate,,Street/Sidewalk,11103,30 ROAD,30 ROAD,30 ROAD,45 STREET,30 ROAD,45 STREET,INTERSECTION,,,,Closed,,The Police Department responded to the complaint and determined that police action was not necessary.,06/19/2023 10:29:08 PM,01 QUEENS,22,Precinct 114,,QUEENS,1008772,216688,MOBILE,Unspecified,QUEENS,,,,,,,,40.76140095268507,-73.9114810424488,POINT (-73.911481042449 40.761400952685)
57950910,06/21/2023 01:42:04 AM,06/21/2023 02:36:48 AM,NYPD,New York City Police Department,Blocked Driveway,No Access,,Street/Sidewalk,11223,282 AVENUE W,AVENUE W,STRYKER STREET,WEST    1 STREET,STRYKER STREET,WEST    1 STREET,ADDRESS,BROOKLYN,AVENUE W,,Closed,,The Police Department issued a summons in response to the complaint.,06/21/2023 02:36:56 AM,15 BROOKLYN,44,Precinct 61,3071740001,BROOKLYN,991886,155123,PHONE,Unspecified,BROOKLYN,,,,,,,,40.59244970663936,-73.97250548665313,POINT (-73.972505486653 40.592449706639)
57959856,06/20/2023 07:44:54 AM,06/20/2023 11:40:41 AM,NYPD,New York City Police Department,Illegal Parking,Blocked Hydrant,,Street/Sidewalk,11229,2175 HOMECREST AVENUE,HOMECREST AVENUE,AVENUE U,AVENUE V,AVENUE U,AVENUE V,ADDRESS,BROOKLYN,HOMECREST AVENUE,,Closed,,The Police Department responded and upon arrival those responsible for the condition were gone.,06/20/2023 11:40:47 AM,15 BROOKLYN,48,Precinct 61,3073450048,BROOKLYN,995664,156815,MOBILE,Unspecified,BROOKLYN,,,,,,,,40.597089845636205,-73.95889939888315,POINT (-73.958899398883 40.597089845636)
57960063,06/20/2023 11:50:57 PM,06/21/2023 01:05:56 AM,NYPD,New York City Police Department,Noise - Commercial,Loud Music/Party,,Club/Bar/Restaurant,10453,64 EAST  183 STREET,EAST  183 STREET,WALTON AVENUE,MORRIS AVENUE,WALTON AVENUE,MORRIS AVENUE,ADDRESS,BRONX,EAST  183 STREET,,Closed,,The Police Department responded to the complaint and determined that police action was not necessary.,06/21/2023 01:06:02 AM,05 BRONX,14,Precinct 46,2031820031,BRONX,1011231,251984,PHONE,Unspecified,BRONX,,,,,,,,40.858271448590614,-73.90246273872681,POINT (-73.902462738727 40.858271448591)
57953583,06/20/2023 03:03:49 PM,06/24/2023 04:11:06 PM,HPD,Department of Housing Preservation and Development,PLUMBING,WATER SUPPLY,SCALDING HOT WATER,RESIDENTIAL BUILDING,11216,30 ROGERS AVENUE,ROGERS AVENUE,,,,,ADDRESS,BROOKLYN,,,Closed,,The Department of Housing Preservation and Development inspected the following conditions. Violations were issued. Information about specific violations is available at www.nyc.gov/hpd,06/24/2023 12:00:00 AM,08 BROOKLYN,36,Precinct 77,3012180007,BROOKLYN,997358,185473,PHONE,Unspecified,BROOKLYN,,,,,,,,40.67574759133101,-73.95274381558792,POINT (-73.952743815588 40.675747591331)
57944448,06/19/2023 04:34:02 PM,06/19/2023 04:57:34 PM,NYPD,New York City Police Department,Noise - Residential,Banging/Pounding,,Residential Building/House,11421,86-13 91 AVENUE,91 AVENUE,86 STREET,87 STREET,86 STREET,87 STREET,ADDRESS,WOODHAVEN,91 AVENUE,,Closed,,The Police Department responded to the complaint and took action to fix the condition.,06/19/2023 04:57:40 PM,09 QUEENS,32,Precinct 102,4089680031,QUEENS,1024087,189987,PHONE,Unspecified,QUEENS,,,,,,,,40.68805754694449,-73.85635543843172,POINT (-73.856355438432 40.688057546944)
57953394,06/20/2023 11:13:10 PM,06/20/2023 11:25:13 PM,NYPD,New York City Police Department,Noise - Residential,Loud Music/Party,,Residential Building/House,10032,681 WEST  164 STREET,WEST  164 STREET,BROADWAY,FORT WASHINGTON AVENUE,BROADWAY,FORT WASHINGTON AVENUE,ADDRESS,NEW YORK,WEST  164 STREET,,Closed,,The Police Department responded to the complaint and with the information available observed no evidence of the violation at that time.,06/20/2023 11:25:18 PM,12 MANHATTAN,07,Precinct 33,,MANHATTAN,1000024,244947,ONLINE,Unspecified,MANHATTAN,,,,,,,,40.838984102379854,-73.94299297660574,POINT (-73.942992976606 40.83898410238)
57948498,06/19/2023 03:50:33 PM,06/19/2023 06:43:51 PM,NYPD,New York City Police Department,Illegal Parking,Posted Parking Sign Violation,,Street/Sidewalk,11223,311 AVENUE S,AVENUE S,VAN SICKLEN STREET,LAKE STREET,VAN SICKLEN STREET,LAKE STREET,ADDRESS,BROOKLYN,AVENUE S,,Closed,,The Police Department responded and upon arrival those responsible for the condition were gone.,06/19/2023 06:43:54 PM,11 BROOKLYN,44,Precinct 62,3066790049,BROOKLYN,991501,158477,MOBILE,Unspecified,BROOKLYN,,,,,,,,40.60165608258879,-73.9738881343931,POINT (-73.973888134393 40.601656082589)
57954942,06/20/2023 11:53:40 AM,06/28/2023 05:21:25 PM,HPD,Department of Housing Preservation and Development,UNSANITARY CONDITION,GARBAGE/RECYCLING STORAGE,ACCUMULATION,RESIDENTIAL BUILDING,10468,2855 CLAFLIN AVENUE,CLAFLIN AVENUE,,,,,ADDRESS,BRONX,,,Closed,,The Department of Housing Preservation and Development inspected the following conditions. No violations were issued. The complaint has been closed.,06/28/2023 12:00:00 AM,08 BRONX,14,Precinct 50,2032500087,BRONX,1011969,257372,ONLINE,Unspecified,BRONX,,,,,,,,40.873057577579026,-73.8997725589327,POINT (-73.899772558933 40.873057577579)
57947985,06/19/2023 04:07:46 PM,06/21/2023 08:01:49 PM,HPD,Department of Housing Preservation and Development,SAFETY,SMOKE DETECTOR,BROKEN OR MISSING,RESIDENTIAL BUILDING,11212,370 LEGION STREET,LEGION STREET,,,,,ADDRESS,BROOKLYN,,,Closed,,The Department of Housing Preservation and Development inspected the following conditions. No violations were issued. The complaint has been closed.,06/21/2023 12:00:00 AM,16 BROOKLYN,41,Precinct 73,3035940024,BROOKLYN,1007573,179530,ONLINE,Unspecified,BROOKLYN,,,,,,,,40.65941436806345,-73.91593788160331,POINT (-73.915937881603 40.659414368063)
57954699,06/20/2023 02:36:34 PM,06/20/2023 03:20:06 PM,NYPD,New York City Police Department,Noise - Residential,Loud Music/Party,,Residential Building/House,11433,108-26 159 STREET,159 STREET,108 AVENUE,109 AVENUE,108 AVENUE,109 AVENUE,ADDRESS,JAMAICA,159 STREET,,Closed,,The Police Department responded to the complaint and with the information available observed no evidence of the violation at that time.,06/20/2023 03:20:10 PM,12 QUEENS,28,Precinct 103,4101460051,QUEENS,1041463,192497,ONLINE,Unspecified,QUEENS,,,,,,,,40.694851633900804,-73.79367980321378,POINT (-73.793679803214 40.694851633901)
57955590,06/20/2023 01:56:20 PM,06/20/2023 03:49:35 PM,NYPD,New York City Police Department,Blocked Driveway,Partial Access,,Street/Sidewalk,11418,104-49 93 AVENUE,93 AVENUE,105 STREET,107 STREET,105 STREET,107 STREET,ADDRESS,RICHMOND HILL,93 AVENUE,,Closed,,The Police Department responded and upon arrival those responsible for the condition were gone.,06/20/2023 03:49:38 PM,09 QUEENS,29,Precinct 102,4093120041,QUEENS,1028539,191184,MOBILE,Unspecified,QUEENS,,,,,,,,40.69132187313728,-73.84029454720036,POINT (-73.8402945472 40.691321873137)
57948030,06/19/2023 06:50:54 PM,06/20/2023 03:36:21 AM,NYPD,New York City Police Department,Illegal Parking,Blocked Hydrant,,Street/Sidewalk,11385,73-21 71 PLACE,71 PLACE,MYRTLE AVENUE,DEAD END,MYRTLE AVENUE,DEAD END,ADDRESS,RIDGEWOOD,71 PLACE,,Closed,,The Police Department responded and upon arrival those responsible for the condition were gone.,06/20/2023 03:36:26 AM,05 QUEENS,32,Precinct 104,4037100011,QUEENS,1017831,194847,MOBILE,Unspecified,QUEENS,,,,,,,,40.7014230544622,-73.87888911124922,POINT (-73.878889111249 40.701423054462)
58025979,06/27/2023 04:32:17 PM,06/27/2023 04:51:43 PM,NYPD,New York City Police Department,Illegal Parking,Posted Parking Sign Violation,,Street/Sidewalk,10010,717 SIXTH AVENUE,SIXTH AVENUE,WEST   23 STREET,WEST   24 STREET,WEST   23 STREET,WEST   24 STREET,ADDRESS,NEW YORK,AVENUE OF THE AMERICAS,,Closed,,The Police Department responded to the complaint and took action to fix the condition.,06/27/2023 04:51:48 PM,04 MANHATTAN,03,Precinct 13,1007990035,MANHATTAN,986282,210014,MOBILE,Unspecified,MANHATTAN,,,,,,,,40.74311628670499,-73.9926669469552,POINT (-73.992666946955 40.743116286705)
57959046,06/20/2023 10:41:00 PM,09/27/2023 09:01:00 AM,DOT,Department of Transportation,Street Light Condition,Street Light Out,Location Type: Intersection,,11231,,,,,4 PLACE,CLINTON STREET,INTERSECTION,BROOKLYN,,,Closed,,Service Request status for this request is available on the Department of Transportationâs website. Please click the âLearn Moreâ link below.,09/27/2023 09:01:00 AM,06 BROOKLYN,39,Precinct 76,,BROOKLYN,984235,186443,UNKNOWN,Unspecified,BROOKLYN,,,,,,,,40.67841972695469,-74.00005407927479,POINT (-74.000054079275 40.678419726955)
57944088,06/19/2023 08:02:07 AM,06/19/2023 08:06:07 AM,NYPD,New York City Police Department,Illegal Parking,Blocked Sidewalk,,Street/Sidewalk,11101,45-22 VERNON BOULEVARD,VERNON BOULEVARD,10 STREET,45 ROAD,10 STREET,45 ROAD,ADDRESS,LONG ISLAND CITY,VERNON BOULEVARD,,Closed,,The Police Department responded to the complaint and determined that police action was not necessary.,06/19/2023 08:06:22 AM,02 QUEENS,26,Precinct 108,4000250001,QUEENS,997432,211708,ONLINE,Unspecified,QUEENS,,,,,,,,40.74775630066568,-73.95242566806593,POINT (-73.952425668066 40.747756300666)
57947229,06/19/2023 10:02:00 AM,06/20/2023 12:00:00 AM,DEP,Department of Environmental Protection,Industrial Waste,Grease In Sewer/Catch Basin (IDG),IDG,,10472,1854 WESTCHESTER AVENUE,WESTCHESTER AVENUE,THIERIOT AVE,LELAND AVE,,,ADDRESS,BRONX,,N/A,Closed,,The Department of Environmental Protection investigated the complaint and issued a violation or order.,06/20/2023 12:00:00 AM,09 BRONX,18,Precinct 43,2037660048,BRONX,1021903,242643,PHONE,Unspecified,BRONX,,,,,,,,40.832594112617635,-73.86393558943828,POINT (-73.863935589438 40.832594112618)
57944754,06/19/2023 06:26:29 PM,06/19/2023 07:07:00 PM,NYPD,New York City Police Department,Abandoned Vehicle,With License Plate,,Street/Sidewalk,11374,62-31 BOELSEN CRESCENT,BOELSEN CRESCENT,ALDERTON STREET,CARLTON STREET,ALDERTON STREET,CARLTON STREET,ADDRESS,REGO PARK,BOELSEN CRESCENT,,Closed,,The Police Department responded to the complaint and determined that police action was not necessary.,06/19/2023 07:07:05 PM,06 QUEENS,30,Precinct 112,4031240016,QUEENS,1022563,203198,PHONE,Unspecified,QUEENS,,,,,,,,40.724325308406016,-73.86177551216073,POINT (-73.861775512161 40.724325308406)
57959217,06/20/2023 11:11:36 PM,06/21/2023 02:57:38 AM,NYPD,New York City Police Department,Noise - Residential,Loud Music/Party,,Residential Building/House,10466,4033 MURDOCK AVENUE,MURDOCK AVENUE,STRANG AVENUE,EDENWALD AVENUE,STRANG AVENUE,EDENWALD AVENUE,ADDRESS,BRONX,MURDOCK AVENUE,,Closed,,The Police Department responded to the complaint and with the information available observed no evidence of the violation at that time.,06/21/2023 02:57:45 AM,12 BRONX,12,Precinct 47,2049840077,BRONX,1028379,264216,ONLINE,Unspecified,BRONX,,,,,,,,40.891775403500276,-73.84039165755314,POINT (-73.840391657553 40.8917754035)
57955347,06/20/2023 08:37:06 PM,07/27/2023 12:14:02 PM,EDC,Economic Development Corporation,Noise - Helicopter,Other,Flying Too Low,Above Address,10023,217 WEST   74 STREET,WEST   74 STREET,BROADWAY,WEST END AVENUE,BROADWAY,WEST END AVENUE,ADDRESS,NEW YORK,WEST   74 STREET,,Closed,,"The New York City Economic Development Corporation determined that this issue is not within its jurisdiction because the helicopter did not belong to a tour company departing from a NYC heliport.Â  Instead, it was most likely a law enforcement or news gathering helicopter not subject to the routing protocols established for tour helicopters. It may also have been a helicopter that departed as a charter or tour from another City but flew over NYC airspace. Helicopter tours originating from outside NYC are not subject to the same City regulations as tours departing from heliports managed by NYCEDC. Any City regulation of these flights is pre-empted by federal law and subject only to the jurisdiction of the Federal Aviation Administration. To file a complaint with the FAA, you can contact the New York Flight Standards District Office at the following web address:Â https://www.faa.gov/about/office_org/field_offices/fsdo/",07/27/2023 12:14:07 PM,07 MANHATTAN,06,Precinct 20,1011660020,MANHATTAN,989225,223638,ONLINE,Unspecified,MANHATTAN,,,,,,,,40.78050949756302,-73.98203620750184,POINT (-73.982036207502 40.780509497563)
57950181,06/20/2023 12:40:27 PM,06/20/2023 12:54:48 PM,NYPD,New York City Police Department,Illegal Parking,Posted Parking Sign Violation,,Street/Sidewalk,11221,332 VAN BUREN STREET,VAN BUREN STREET,LEWIS AVENUE,STUYVESANT AVENUE,LEWIS AVENUE,STUYVESANT AVENUE,ADDRESS,BROOKLYN,VAN BUREN STREET,,Closed,,The Police Department issued a summons in response to the complaint.,06/20/2023 12:54:53 PM,03 BROOKLYN,36,Precinct 81,3016150040,BROOKLYN,1002478,191063,MOBILE,Unspecified,BROOKLYN,,,,,,,,40.69108180080035,-73.93427037927046,POINT (-73.93427037927 40.6910818008)
57945105,06/19/2023 01:23:00 PM,06/24/2023 09:00:00 AM,DEP,Department of Environmental Protection,Noise,Noise: Construction Equipment (NC1),NC1,,11212,363 DUMONT AVENUE,DUMONT AVENUE,OSBORN ST,MOTHER GASTON BLVD,,,ADDRESS,BROOKLYN,,N/A,Closed,,"The Department of Environmental Protection (DEP) didn't observe a violation of the NYC Air or Noise Code at the time of inspection and couldn't issue a summons.  If the problem still exists, please go to nyc.gov/311 or call 311 to file a new Service Request. If you're outside of New York City, please call (212) NEW-YORK (212-639-9675).",06/24/2023 09:00:00 AM,16 BROOKLYN,41,Precinct 73,3035610001,BROOKLYN,1010365,181430,ONLINE,Unspecified,BROOKLYN,,,,,,,,40.664621651007884,-73.9058674405141,POINT (-73.905867440514 40.664621651008)
57960756,06/21/2023 08:46:28 PM,07/27/2023 12:19:01 PM,EDC,Economic Development Corporation,Noise - Helicopter,Other,Flying Too Low,Above Address,10023,48 WEST   73 STREET,WEST   73 STREET,CENTRAL PARK WEST,COLUMBUS AVENUE,CENTRAL PARK WEST,COLUMBUS AVENUE,ADDRESS,NEW YORK,WEST   73 STREET,,Closed,,"The New York City Economic Development Corporation determined that this issue is not within its jurisdiction because the helicopter did not belong to a tour company departing from a NYC heliport.Â  Instead, it was most likely a law enforcement or news gathering helicopter not subject to the routing protocols established for tour helicopters. It may also have been a helicopter that departed as a charter or tour from another City but flew over NYC airspace. Helicopter tours originating from outside NYC are not subject to the same City regulations as tours departing from heliports managed by NYCEDC. Any City regulation of these flights is pre-empted by federal law and subject only to the jurisdiction of the Federal Aviation Administration. To file a complaint with the FAA, you can contact the New York Flight Standards District Office at the following web address:Â https://www.faa.gov/about/office_org/field_offices/fsdo/",07/27/2023 12:19:07 PM,07 MANHATTAN,06,Precinct 20,1011250062,MANHATTAN,990492,222628,ONLINE,Unspecified,MANHATTAN,,,,,,,,40.777736510472266,-73.97746224647709,POINT (-73.977462246477 40.777736510472)
57947004,06/19/2023 04:53:58 PM,07/07/2023 08:31:53 AM,HPD,Department of Housing Preservation and Development,UNSANITARY CONDITION,PESTS,OTHER,RESIDENTIAL BUILDING,11209,150 MARINE AVENUE,MARINE AVENUE,,,,,ADDRESS,BROOKLYN,,,Closed,,"The Department of Housing Preservation and Development was not able to gain access to inspect the following conditions. The complaint has been closed. If the condition still exists, please file a new complaint.",07/07/2023 12:00:00 AM,10 BROOKLYN,43,Precinct 68,3061240028,BROOKLYN,974360,163906,ONLINE,Unspecified,BROOKLYN,,,,,,,,40.616555020648676,-74.03562322361547,POINT (-74.035623223615 40.616555020649)
57957624,06/20/2023 04:47:33 PM,06/27/2023 03:20:33 PM,HPD,Department of Housing Preservation and Development,PAINT/PLASTER,WALL,CHIPPED/PEELING/FLAKING,RESIDENTIAL BUILDING,10037,2156 MADISON AVENUE,MADISON AVENUE,,,,,ADDRESS,NEW YORK,,,Closed,,The Department of Housing Preservation and Development inspected the following conditions. No violations were issued. The complaint has been closed.,06/27/2023 12:00:00 AM,11 MANHATTAN,09,Precinct 25,1017600001,MANHATTAN,1001998,235345,ONLINE,Unspecified,MANHATTAN,,,,,,,,40.81262560549913,-73.93588436891618,POINT (-73.935884368916 40.812625605499)
57961422,06/21/2023 08:51:32 PM,06/21/2023 08:59:55 PM,NYPD,New York City Police Department,Noise - Street/Sidewalk,Loud Music/Party,,Street/Sidewalk,11364,64-68 233 STREET,233 STREET,64 AVENUE,ALLEY POND PARK PATH,64 AVENUE,ALLEY POND PARK PATH,ADDRESS,OAKLAND GARDENS,233 STREET,,Closed,,The Police Department responded to the complaint and took action to fix the condition.,06/21/2023 09:00:00 PM,11 QUEENS,23,Precinct 111,4076670039,QUEENS,1054926,212593,MOBILE,Unspecified,QUEENS,,,,,,,,40.7499127838172,-73.74491906279455,POINT (-73.744919062795 40.749912783817)
57947490,06/19/2023 09:02:40 AM,06/23/2023 11:59:46 AM,DSNY,Department of Sanitation,Missed Collection,Trash,N/A,Street,11219,4716 15 AVENUE,15 AVENUE,47 STREET,48 STREET,47 STREET,48 STREET,ADDRESS,BROOKLYN,15 AVENUE,,Closed,,The Department of Sanitation collected the requested items.,06/21/2023 07:07:37 AM,12 BROOKLYN,44,Precinct 66,3056300043,BROOKLYN,987939,170021,ONLINE,Unspecified,BROOKLYN,,,,,,,,40.63334416551798,-73.9867090869687,POINT (-73.986709086969 40.633344165518)
57955932,06/20/2023 08:46:16 PM,06/20/2023 08:54:48 PM,NYPD,New York City Police Department,Encampment,N/A,,Store/Commercial,10065,EAST   63 STREET,EAST   63 STREET,1 AVENUE,YORK AVENUE,1 AVENUE,YORK AVENUE,BLOCKFACE,,,,Closed,,The Police Department visited the location and no Encampment was found.,06/20/2023 08:54:52 PM,Unspecified MANHATTAN,,Precinct 19,,MANHATTAN,,,PHONE,Unspecified,MANHATTAN,,,,,,,,,,
57951846,06/20/2023 09:18:56 PM,06/20/2023 09:47:38 PM,NYPD,New York City Police Department,Noise - Street/Sidewalk,Loud Music/Party,,Street/Sidewalk,11249,60 DIVISION AVENUE,DIVISION AVENUE,WYTHE AVENUE,BERRY STREET,WYTHE AVENUE,BERRY STREET,ADDRESS,BROOKLYN,DIVISION AVENUE,,Closed,,The Police Department responded to the complaint and determined that police action was not necessary.,06/20/2023 09:47:41 PM,01 BROOKLYN,34,Precinct 90,3021660001,BROOKLYN,993591,196919,ONLINE,Unspecified,BROOKLYN,,,,,,,,40.7071689944868,-73.96630850797419,POINT (-73.966308507974 40.707168994487)
57944340,06/19/2023 02:59:59 AM,06/19/2023 03:10:00 AM,NYPD,New York City Police Department,Blocked Driveway,No Access,,Street/Sidewalk,11218,520 WESTMINSTER ROAD,WESTMINSTER ROAD,DORCHESTER ROAD,DITMAS AVENUE,DORCHESTER ROAD,DITMAS AVENUE,ADDRESS,BROOKLYN,WESTMINSTER ROAD,,Closed,,The Police Department responded to the complaint and with the information available observed no evidence of the violation at that time.,06/19/2023 03:10:05 AM,14 BROOKLYN,40,Precinct 70,3051750040,BROOKLYN,993587,171125,MOBILE,Unspecified,BROOKLYN,,,,,,,,40.63637025790056,-73.96635866495234,POINT (-73.966358664952 40.636370257901)
57945393,06/19/2023 10:22:57 PM,06/20/2023 01:41:38 AM,NYPD,New York City Police Department,Blocked Driveway,Partial Access,,Street/Sidewalk,10459,1338 CHISHOLM STREET,CHISHOLM STREET,FREEMAN STREET,JENNINGS STREET,FREEMAN STREET,JENNINGS STREET,ADDRESS,BRONX,CHISHOLM STREET,,Closed,,The Police Department responded to the complaint and determined that police action was not necessary.,06/20/2023 01:41:42 AM,03 BRONX,17,Precinct 42,2029720028,BRONX,1013114,242096,PHONE,Unspecified,BRONX,,,,,,,,40.83112585323778,-73.89569819593137,POINT (-73.895698195931 40.831125853238)
57957147,06/20/2023 07:50:18 PM,06/21/2023 11:16:03 AM,DSNY,Department of Sanitation,Dirty Condition,Trash,Not Cleaned by Property Owner,Yard,11365,49-51 166 STREET,166 STREET,LITHONIA AVENUE,METCALF AVENUE,LITHONIA AVENUE,METCALF AVENUE,ADDRESS,FRESH MEADOWS,166 STREET,,Closed,,The Department of Sanitation investigated this complaint and found no condition at the location.,06/21/2023 11:16:08 AM,07 QUEENS,20,Precinct 109,4055690006,QUEENS,1039149,211903,ONLINE,Unspecified,QUEENS,,,,,,,,40.748130937644646,-73.80186617850079,POINT (-73.801866178501 40.748130937645)
57955968,06/20/2023 10:52:28 PM,06/21/2023 02:02:50 AM,DHS,Department of Homeless Services,Homeless Person Assistance,,,Other,11354,MAIN STREET,MAIN STREET,MAIN STREET,ROOSEVELT AVENUE,MAIN STREET,ROOSEVELT AVENUE,INTERSECTION,QUEENS,,,Closed,,"The mobile outreach response team offered services to the individual, but the individual did not accept assistance.",06/21/2023 02:02:50 AM,07 QUEENS,20,Precinct 109,,QUEENS,1031307,216054,PHONE,Unspecified,QUEENS,,,,,,,,40.75956956551904,-73.83013930521312,POINT (-73.830139305213 40.759569565519)
58029102,06/27/2023 09:56:00 AM,06/27/2023 08:01:00 PM,DSNY,Department of Sanitation,Derelict Vehicles,Derelict Vehicles,,Street,10034,19 CUMMING STREET,CUMMING STREET,BROADWAY,SEAMAN AVENUE,,,ADDRESS,NEW YORK,,,Closed,,The Department of Sanitation (DSNY) couldn't find the condition. Please file a new Service Request with more details about the location.,06/27/2023 12:00:00 PM,12 MANHATTAN,10,Precinct 34,1022370064,MANHATTAN,1004616,255002,PHONE,Unspecified,MANHATTAN,,,,,,,,40.86657268279735,-73.92636701169785,POINT (-73.926367011698 40.866572682797)
57950739,06/20/2023 05:44:41 AM,06/27/2023 05:45:16 PM,HPD,Department of Housing Preservation and Development,UNSANITARY CONDITION,PESTS,MICE,RESIDENTIAL BUILDING,10453,2042 GRAND AVENUE,GRAND AVENUE,,,,,ADDRESS,BRONX,,,Closed,,The Department of Housing Preservation and Development inspected the following conditions. No violations were issued. The complaint has been closed.,06/27/2023 12:00:00 AM,05 BRONX,14,Precinct 46,2031930001,BRONX,1009362,250489,PHONE,Unspecified,BRONX,,,,,,,,40.854173636706776,-73.90922483480284,POINT (-73.909224834803 40.854173636707)
57960009,06/20/2023 10:05:00 AM,06/22/2023 06:33:00 AM,DEP,Department of Environmental Protection,Noise,"Noise, Ice Cream Truck (NR4)",NR4,,10036,1528 BROADWAY,BROADWAY,W 44 ST,7 AVE,,,ADDRESS,NEW YORK,,N/A,Closed,,The Department of Environmental Protection determined that this complaint is a duplicate of a previously filed complaint. The original complaint is being addressed.,06/22/2023 06:33:00 AM,05 MANHATTAN,04,Precinct 14,1009970001,MANHATTAN,988241,215364,ONLINE,Unspecified,MANHATTAN,,,,,,,,40.757800018488304,-73.98559416023902,POINT (-73.985594160239 40.757800018488)
57950946,06/20/2023 10:34:30 PM,06/21/2023 09:37:36 AM,NYPD,New York City Police Department,Abandoned Vehicle,With License Plate,,Street/Sidewalk,11374,89-24 METROPOLITAN AVENUE,METROPOLITAN AVENUE,COOPER AVENUE,AUBREY AVENUE,COOPER AVENUE,AUBREY AVENUE,ADDRESS,REGO PARK,METROPOLITAN AVENUE,,Closed,,The Police Department responded and upon arrival those responsible for the condition were gone.,06/21/2023 09:37:45 AM,05 QUEENS,32,Precinct 104,4038510132,QUEENS,1022708,198734,PHONE,Unspecified,QUEENS,,,,,,,,40.71207208693017,-73.86127789096705,POINT (-73.861277890967 40.71207208693)
57950586,06/20/2023 09:40:34 PM,06/20/2023 09:58:01 PM,NYPD,New York City Police Department,Blocked Driveway,No Access,,Street/Sidewalk,10469,2957 LURTING AVENUE,LURTING AVENUE,ARNOW AVENUE,ADEE AVENUE,ARNOW AVENUE,ADEE AVENUE,ADDRESS,BRONX,LURTING AVENUE,,Closed,,The Police Department responded to the complaint and took action to fix the condition.,06/20/2023 09:58:06 PM,11 BRONX,12,Precinct 49,2045560046,BRONX,1023884,255801,MOBILE,Unspecified,BRONX,,,,,,,,40.86870020869646,-73.85669919536383,POINT (-73.856699195364 40.868700208696)
57954159,06/20/2023 08:09:10 PM,07/01/2023 01:23:57 PM,DSNY,Department of Sanitation,Missed Collection,Recycling - Paper/Metal/Glass/Rigid Plastic,N/A,Street,11694,329 BEACH  146 STREET,BEACH  146 STREET,NEPONSIT AVENUE,NEWPORT AVENUE,NEPONSIT AVENUE,NEWPORT AVENUE,ADDRESS,FAR ROCKAWAY,BEACH  146 STREET,,Closed,,The Department of Sanitation collected the requested items.,06/21/2023 05:32:13 AM,14 QUEENS,32,Precinct 100,4163030021,QUEENS,1022365,147845,ONLINE,Unspecified,QUEENS,,,,,,,,40.57239439925563,-73.8628026266057,POINT (-73.862802626606 40.572394399256)
57959496,06/20/2023 05:47:35 PM,06/21/2023 12:33:42 PM,DSNY,Department of Sanitation,Dirty Condition,Trash,Not Cleaned by Property Owner,Sidewalk,11238,282 LAFAYETTE AVENUE,LAFAYETTE AVENUE,ST JAMES PLACE,GRAND AVENUE,ST JAMES PLACE,GRAND AVENUE,ADDRESS,BROOKLYN,LAFAYETTE AVENUE,,Closed,,The Department of Sanitation investigated this complaint and no DSNY related conditions/violations were observed. Location will be referred to the appropriate agency for further action.,06/21/2023 12:33:42 PM,02 BROOKLYN,35,Precinct 88,3019470001,BROOKLYN,994092,190064,ONLINE,Unspecified,BROOKLYN,,,,,,,,40.6883530744606,-73.96451149820902,POINT (-73.964511498209 40.688353074461)
57949785,06/20/2023 02:32:05 PM,06/26/2023 11:48:29 AM,DOT,Department of Transportation,Sidewalk Condition,Blocked - Construction,N/A,Sidewalk,11222,1010 LORIMER STREET,LORIMER STREET,NORMAN AVENUE,MESEROLE AVENUE,NORMAN AVENUE,MESEROLE AVENUE,ADDRESS,BROOKLYN,LORIMER STREET,,Closed,,The Department of Transportation inspected the condition you reported and found that the condition meets its standards and/or there is a valid permit to conduct work.,06/26/2023 11:48:33 AM,01 BROOKLYN,33,Precinct 94,3026190046,BROOKLYN,997268,203759,ONLINE,Unspecified,BROOKLYN,,,,,,,,40.725938506978366,-73.95303293188849,POINT (-73.953032931888 40.725938506978)
57952467,06/20/2023 04:34:13 PM,06/04/2024 12:04:25 AM,DOHMH,Department of Health and Mental Hygiene,Smoking,Smoking Violation,Smoking Ban Not Enforced,Residential Building,11208,452 BERRIMAN STREET,BERRIMAN STREET,NEW LOTS AVENUE,HEGEMAN AVENUE,NEW LOTS AVENUE,HEGEMAN AVENUE,ADDRESS,BROOKLYN,BERRIMAN STREET,,Closed,,This SR was administratively closed. The issue you reported was addressed.,06/04/2024 12:04:29 AM,05 BROOKLYN,42,Precinct 75,3044530023,BROOKLYN,1018173,182417,PHONE,Unspecified,BROOKLYN,,,,,,,,40.6673042711268,-73.87771825897232,POINT (-73.877718258972 40.667304271127)
57946887,06/19/2023 02:28:55 AM,06/19/2023 02:51:41 AM,NYPD,New York City Police Department,Illegal Parking,Parking Permit Improper Use,Parked In 'No Standing' Area,Street/Sidewalk,10032,519 WEST  173 STREET,WEST  173 STREET,AMSTERDAM AVENUE,AUDUBON AVENUE,AMSTERDAM AVENUE,AUDUBON AVENUE,ADDRESS,NEW YORK,WEST  173 STREET,,Closed,,The Police Department responded to the complaint and took action to fix the condition.,06/19/2023 02:51:45 AM,12 MANHATTAN,10,Precinct 33,1021300155,MANHATTAN,1002145,246496,ONLINE,Unspecified,MANHATTAN,,,,,,,,40.84323161115878,-73.93532358054658,POINT (-73.935323580547 40.843231611159)
57953088,06/20/2023 08:07:22 PM,06/20/2023 08:50:47 PM,NYPD,New York City Police Department,Illegal Parking,Posted Parking Sign Violation,,Street/Sidewalk,11232,473 43 STREET,43 STREET,4 AVENUE,5 AVENUE,4 AVENUE,5 AVENUE,ADDRESS,BROOKLYN,43 STREET,,Closed,,The Police Department issued a summons in response to the complaint.,06/20/2023 08:50:53 PM,07 BROOKLYN,38,Precinct 72,3007240048,BROOKLYN,982316,175897,MOBILE,Unspecified,BROOKLYN,,,,,,,,40.649473082219274,-74.00696959601423,POINT (-74.006969596014 40.649473082219)
57950298,06/20/2023 08:09:40 AM,06/20/2023 08:09:40 AM,DOB,Department of Buildings,General Construction/Plumbing,Sidewalk Shed/Pipe Scafford - Inadequate Defective/None,,,10034,5008 BROADWAY,BROADWAY,,,,,ADDRESS,NEW YORK,,,Closed,,The Department of Buildings investigated this complaint and determined that no further action was necessary.,06/20/2023 12:00:00 AM,12 MANHATTAN,10,Precinct 34,1022300005,MANHATTAN,1007061,255792,UNKNOWN,Unspecified,MANHATTAN,,,,,,,,40.868735011740874,-73.91752446408785,POINT (-73.917524464088 40.868735011741)
57948624,06/19/2023 11:14:04 PM,06/20/2023 01:40:38 AM,DHS,Department of Homeless Services,Homeless Person Assistance,,,Street/Sidewalk,10451,825 WALTON AVENUE,WALTON AVENUE,EAST 157 STREET,EAST 158 STREET,EAST  157 STREET,EAST  158 STREET,ADDRESS,BRONX,WALTON AVENUE,,Closed,,The mobile outreach response team went to the location provided but could not find the individual that you reported.,06/20/2023 01:40:38 AM,04 BRONX,16,Precinct 44,2024740015,BRONX,1004998,240117,PHONE,Unspecified,BRONX,,,,,,,,40.82571686083186,-73.92503195429917,POINT (-73.925031954299 40.825716860832)
57955887,06/20/2023 10:48:34 AM,06/20/2023 11:31:22 AM,NYPD,New York City Police Department,Illegal Parking,Double Parked Blocking Vehicle,,Street/Sidewalk,11385,749 WYCKOFF AVENUE,WYCKOFF AVENUE,PALMETTO STREET,MADISON STREET,PALMETTO STREET,MADISON STREET,ADDRESS,RIDGEWOOD,WYCKOFF AVENUE,,Closed,,The Police Department responded to the complaint and determined that police action was not necessary.,06/20/2023 11:31:26 AM,05 QUEENS,34,Precinct 104,4035440060,QUEENS,1009259,193897,PHONE,Unspecified,QUEENS,,,,,,,,40.69884390577245,-73.90980778974522,POINT (-73.909807789745 40.698843905772)
57949029,06/19/2023 07:13:06 AM,06/26/2023 05:11:03 PM,HPD,Department of Housing Preservation and Development,GENERAL,MAILBOX,BOX BROKEN OR MISSING,RESIDENTIAL BUILDING,10457,1786 TOPPING AVENUE,TOPPING AVENUE,,,,,ADDRESS,BRONX,,,Closed,,The Department of Housing Preservation and Development inspected the following conditions. No violations were issued. The complaint has been closed.,06/26/2023 12:00:00 AM,05 BRONX,14,Precinct 46,2027990025,BRONX,1010363,247590,PHONE,Unspecified,BRONX,,,,,,,,40.846213840473624,-73.90561770152925,POINT (-73.905617701529 40.846213840474)
57959559,06/20/2023 07:59:00 PM,06/20/2023 08:23:58 PM,NYPD,New York City Police Department,Bike/Roller/Skate Chronic,N/A,,Street/Sidewalk,10010,3 AVENUE,3 AVENUE,3 AVENUE,EAST   25 STREET,3 AVENUE,EAST   25 STREET,INTERSECTION,,,,Closed,,The Police Department responded to the complaint and determined that police action was not necessary.,06/20/2023 08:24:04 PM,06 MANHATTAN,02,Precinct 13,,MANHATTAN,989179,208921,PHONE,Unspecified,MANHATTAN,,,,,,,,40.74011513382139,-73.9822130951929,POINT (-73.982213095193 40.740115133821)
57960315,06/20/2023 09:44:02 AM,06/20/2023 10:05:54 AM,TLC,Taxi and Limousine Commission,Lost Property,Electronics/Phones,Cell Phone,Taxi,11369,LGA,LGA,94 STREET,GRAND CENTRAL PARKWAY ET    7 EB,94 STREET,GRAND CENTRAL PARKWAY ET    7 EB,UNRECOGNIZED,EAST ELMHURST,LA GUARDIA AIRPORT,,Closed,,See notes for information.,06/20/2023 10:05:57 AM,80 QUEENS,21,Precinct 115,4009260001,QUEENS,1018236,221443,UNKNOWN,Unspecified,QUEENS,,,"LA GUARDIA AIRPORT, QUEENS (EAST ELMHURST) ,NY, 11369",,,,,40.77442086598845,-73.87729410513894,POINT (-73.877294105139 40.774420865988)
57959262,06/20/2023 12:21:01 PM,06/20/2023 01:29:42 PM,NYPD,New York City Police Department,Abandoned Vehicle,With License Plate,,Street/Sidewalk,11218,2 STRATFORD ROAD,STRATFORD ROAD,CATON AVENUE,CHURCH AVENUE,CATON AVENUE,CHURCH AVENUE,ADDRESS,BROOKLYN,STRATFORD ROAD,,Closed,,The Police Department responded to the complaint and took action to fix the condition.,06/20/2023 01:29:45 PM,14 BROOKLYN,40,Precinct 70,3050710009,BROOKLYN,992678,175584,PHONE,Unspecified,BROOKLYN,,,,,,,,40.64861016591027,-73.96962823339578,POINT (-73.969628233396 40.64861016591)
57946995,06/19/2023 10:48:27 AM,02/14/2024 10:59:24 AM,DPR,Department of Parks and Recreation,Overgrown Tree/Branches,Blocking Street,N/A,Street,11412,204-12 119 AVENUE,119 AVENUE,204 STREET,205 STREET,204 STREET,205 STREET,ADDRESS,SAINT ALBANS,119 AVENUE,,Closed,,"Under NYC Parksâ Tree Risk Management Program, work is prioritized to address the conditions with the highest risk first.  NYC Parks determined that the issue will be addressed in the next pruning cycle through the routine block pruning program.  For more information about the Tree Risk Management Program, visit the NYC Urban Forest page on the NYC Parks website at nyc.gov/parks/trees.   To learn more about the trees in your neighborhood, visit the NYC Tree Map at nyc.gov/parks/treemap.",02/14/2024 10:59:28 AM,12 QUEENS,27,Precinct 113,4126610005,QUEENS,1054460,191822,ONLINE,Unspecified,QUEENS,,,,,,,,40.69290535594468,-73.74681759487964,POINT (-73.74681759488 40.692905355945)
57946041,06/19/2023 12:55:49 PM,06/20/2023 09:30:06 AM,DOE,Department of Education,School Maintenance,Rodents/Mice,Rodents Seen,School,10025,154 WEST   93 STREET,WEST   93 STREET,COLUMBUS AVENUE,AMSTERDAM AVENUE,COLUMBUS AVENUE,AMSTERDAM AVENUE,ADDRESS,NEW YORK,WEST   93 STREET,,Closed,,The Department of Education completed the work and corrected the condition.,06/20/2023 09:30:11 AM,07 MANHATTAN,07,Precinct 24,1012230005,MANHATTAN,992335,227719,PHONE,Community Action School - MS 258,MANHATTAN,,,,,,,,40.79170845427802,-73.9708016693213,POINT (-73.970801669321 40.791708454278)
57948264,06/20/2023 12:30:45 AM,06/20/2023 02:44:56 AM,NYPD,New York City Police Department,Noise - Residential,Loud Music/Party,,Residential Building/House,10457,219 EAST BURNSIDE AVENUE,EAST BURNSIDE AVENUE,GRAND CONCOURSE,ANTHONY AVENUE,GRAND CONCOURSE,ANTHONY AVENUE,ADDRESS,BRONX,EAST BURNSIDE AVENUE,,Closed,,The Police Department responded to the complaint and with the information available observed no evidence of the violation at that time.,06/20/2023 02:45:00 AM,05 BRONX,15,Precinct 46,2031560034,BRONX,1011081,249694,ONLINE,Unspecified,BRONX,,,,,,,,40.851986542779784,-73.90301415924617,POINT (-73.903014159246 40.85198654278)
57953799,06/20/2023 11:34:52 AM,06/21/2023 12:49:36 PM,DOHMH,Department of Health and Mental Hygiene,Rodent,Mouse Sighting,,3+ Family Apt. Building,11230,414 AVENUE N,AVENUE N,EAST 4 STREET,EAST 5 STREET,EAST    4 STREET,EAST    5 STREET,ADDRESS,BROOKLYN,AVENUE N,,Closed,,This service request was closed because the Department of Health and Mental Hygiene received an earlier complaint about the same location.  You can find inspection results for this address by going to the online Rat Portal at www.nyc.gov/rats.,06/20/2023 11:34:52 AM,12 BROOKLYN,44,Precinct 66,3065860006,BROOKLYN,992379,163115,ONLINE,Unspecified,BROOKLYN,,,,,,,,40.61438568008698,-73.97072075111191,POINT (-73.970720751112 40.614385680087)
57961278,06/21/2023 10:06:23 PM,06/21/2023 10:12:37 PM,NYPD,New York City Police Department,Illegal Fireworks,N/A,,Residential Building/House,11216,682 LINCOLN PLACE,LINCOLN PLACE,BEDFORD AVENUE,ROGERS AVENUE,BEDFORD AVENUE,ROGERS AVENUE,ADDRESS,BROOKLYN,LINCOLN PLACE,,Closed,,The Police Department responded to the complaint and determined that police action was not necessary.,06/21/2023 10:12:47 PM,08 BROOKLYN,35,Precinct 77,3012600016,BROOKLYN,997020,183718,ONLINE,Unspecified,BROOKLYN,,,,,,,,40.67093100516803,-73.95396567791276,POINT (-73.953965677913 40.670931005168)
57952332,06/20/2023 01:55:27 PM,06/20/2023 01:55:27 PM,HPD,Department of Housing Preservation and Development,GENERAL,SIGNAGE MISSING,ESSENTIAL SERVICE POSTING,RESIDENTIAL BUILDING,10452,1240 WALTON AVENUE,WALTON AVENUE,,,,,ADDRESS,BRONX,,,Closed,,The following complaint conditions are still open. HPD may attempt to contact you to verify the correction of the condition or may conduct an inspection.,06/20/2023 12:00:00 AM,04 BRONX,16,Precinct 44,2024650025,BRONX,1006709,243821,ONLINE,Unspecified,BRONX,,,,,,,,40.83587908905498,-73.91883725890963,POINT (-73.91883725891 40.835879089055)
57946365,06/19/2023 10:24:57 PM,06/20/2023 02:00:06 AM,NYPD,New York City Police Department,Illegal Parking,Commercial Overnight Parking,,Street/Sidewalk,11223,2211 WEST    5 STREET,WEST    5 STREET,AVENUE V,WOLF PLACE,AVENUE V,WOLF PLACE,ADDRESS,BROOKLYN,WEST    5 STREET,,Closed,,The Police Department responded and upon arrival those responsible for the condition were gone.,06/20/2023 02:00:11 AM,15 BROOKLYN,44,Precinct 61,3071450018,BROOKLYN,990908,155739,ONLINE,Unspecified,BROOKLYN,,,,,,,,40.594141291469555,-73.97602630873041,POINT (-73.97602630873 40.59414129147)
57949281,06/19/2023 10:12:18 AM,06/20/2023 12:00:00 AM,DOB,Department of Buildings,General Construction/Plumbing,Building Permit - None,,,10018,256 WEST   38 STREET,WEST   38 STREET,,,,,ADDRESS,NEW YORK,,,Closed,,"The Department of Buildings determined that the conditions described in this complaint were addressed under another service request number. Click on ""Learn More"" in the ""Did You Know"" section below for more information.",06/20/2023 12:00:00 AM,05 MANHATTAN,03,Precinct 14,1007870072,MANHATTAN,986922,214039,UNKNOWN,Unspecified,MANHATTAN,,,,,,,,40.75416372797269,-73.99035572475269,POINT (-73.990355724753 40.754163727973)
57945987,06/19/2023 09:57:14 AM,07/17/2023 12:00:00 AM,DOB,Department of Buildings,Elevator,Elevator - Single Device On Property/No Alternate Service,,,10452,1485 MACOMBS ROAD,MACOMBS ROAD,,,,,ADDRESS,BRONX,,,Closed,,"The Department of Buildings reviewed this complaint and closed it. If the problem still exists, please call 311 and file a new complaint. If you are outside of New York City, please call (212) NEW-YORK (212-639-9675).",07/17/2023 12:00:00 AM,04 BRONX,16,Precinct 44,2028570028,BRONX,1006942,246271,UNKNOWN,Unspecified,BRONX,,,,,,,,40.84260302805871,-73.91798695034466,POINT (-73.917986950345 40.842603028059)
57948831,06/19/2023 07:17:00 PM,06/19/2023 07:29:29 PM,NYPD,New York City Police Department,Noise - Street/Sidewalk,Loud Music/Party,,Street/Sidewalk,11421,76-48 PARK LN SOUTH,PARK LN SOUTH,76 STREET,79 STREET,76 STREET,79 STREET,ADDRESS,WOODHAVEN,PARK LANE SOUTH,,Closed,,The Police Department responded to the complaint and with the information available observed no evidence of the violation at that time.,06/19/2023 07:29:33 PM,09 QUEENS,32,Precinct 102,4088460016,QUEENS,1021492,192615,MOBILE,Unspecified,QUEENS,,,,,,,,40.69528209156088,-73.86569796578792,POINT (-73.865697965788 40.695282091561)
57951072,06/20/2023 09:51:40 AM,06/27/2023 08:29:08 AM,DOT,Department of Transportation,Street Sign - Dangling,Street Cleaning - ASP,,Street,10457,221 EAST TREMONT AVENUE,EAST TREMONT AVENUE,MONROE AVENUE,ANTHONY AVENUE,MONROE AVENUE,ANTHONY AVENUE,ADDRESS,BRONX,EAST TREMONT AVENUE,,Closed,,The Department of Transportation has completed the request or corrected the condition.,06/27/2023 08:29:11 AM,05 BRONX,15,Precinct 46,2028090053,BRONX,1010545,248618,PHONE,Unspecified,BRONX,,,,,,,,40.84903485571172,-73.90495585347465,POINT (-73.904955853475 40.849034855712)
57944988,06/19/2023 10:44:00 AM,06/21/2023 10:50:00 AM,DSNY,Department of Sanitation,Derelict Vehicles,Derelict Vehicles,,Street,11377,66-20 LAUREL HILL BOULEVARD,LAUREL HILL BOULEVARD,66 STREET,QUEENS BOULEVARD,,,ADDRESS,WOODSIDE,,,Closed,,"The Department of Sanitation (DSNY) tagged the vehicle to confirm it was abandoned. When DSNY returned, the vehicle wasn't in the same exact location. This indicated that the vehicle wasn't abandoned. DSNY closed your Service Request. No further action will be taken.",06/21/2023 12:00:00 PM,02 QUEENS,30,Precinct 108,4024190034,QUEENS,1012442,208803,PHONE,Unspecified,QUEENS,,,,,,,,40.739747692810525,-73.89826622759365,POINT (-73.898266227594 40.739747692811)
57960612,06/22/2023 12:50:56 AM,06/22/2023 03:34:32 AM,NYPD,New York City Police Department,Illegal Parking,Blocked Hydrant,,Street/Sidewalk,11226,493 EAST   23 STREET,EAST   23 STREET,STEPHENS COURT,FOSTER AVENUE,STEPHENS COURT,FOSTER AVENUE,ADDRESS,BROOKLYN,EAST   23 STREET,,Closed,,The Police Department responded to the complaint and took action to fix the condition.,06/22/2023 03:34:37 AM,14 BROOKLYN,45,Precinct 70,3052240160,BROOKLYN,996531,171712,ONLINE,Unspecified,BROOKLYN,,,,,,,,40.637977854962685,-73.95575032705294,POINT (-73.955750327053 40.637977854963)
57945249,06/19/2023 09:04:51 AM,06/19/2023 09:43:19 AM,NYPD,New York City Police Department,Illegal Parking,Posted Parking Sign Violation,,Street/Sidewalk,10030,272 WEST  139 STREET,WEST  139 STREET,PEDESTRIAN PATH,FREDERICK DOUGLASS BOULEVARD,PEDESTRIAN PATH,FREDERICK DOUGLASS BOULEVARD,ADDRESS,NEW YORK,WEST  139 STREET,,Closed,,The Police Department responded to the complaint and with the information available observed no evidence of the violation at that time.,06/19/2023 09:43:24 AM,10 MANHATTAN,09,Precinct 32,1020240064,MANHATTAN,999690,237608,MOBILE,Unspecified,MANHATTAN,,,,,,,,40.818841240773104,-73.94421693799507,POINT (-73.944216937995 40.818841240773)
57961350,06/21/2023 09:47:54 PM,06/21/2023 09:58:00 PM,NYPD,New York City Police Department,Noise - Residential,Banging/Pounding,,Residential Building/House,10453,2245 CRESTON AVENUE,CRESTON AVENUE,EAST  182 STREET,EAST  183 STREET,EAST  182 STREET,EAST  183 STREET,ADDRESS,BRONX,CRESTON AVENUE,,Closed,,The Police Department responded to the complaint and took action to fix the condition.,06/21/2023 09:58:06 PM,05 BRONX,14,Precinct 46,2031710036,BRONX,1011492,251453,ONLINE,Unspecified,BRONX,,,,,,,,40.856813212031426,-73.90152137339916,POINT (-73.901521373399 40.856813212031)
57957075,06/20/2023 04:27:15 PM,06/22/2023 10:28:28 AM,DSNY,Department of Sanitation,Dirty Condition,Trash,Not Cleaned by Property Owner,Yard,11412,118-11 198 STREET,198 STREET,118 AVENUE,119 AVENUE,118 AVENUE,119 AVENUE,ADDRESS,SAINT ALBANS,198 STREET,,Closed,,The Department of Sanitation investigated this complaint and issued a Notice of Violation.,06/22/2023 10:28:29 AM,12 QUEENS,27,Precinct 113,4126230063,QUEENS,1052589,191677,ONLINE,Unspecified,QUEENS,,,,,,,,40.69252201127627,-73.75356599290016,POINT (-73.7535659929 40.692522011276)
57957480,06/20/2023 09:28:52 PM,06/20/2023 09:57:39 PM,NYPD,New York City Police Department,Noise - Street/Sidewalk,Loud Talking,,Street/Sidewalk,11226,1046 FLATBUSH AVENUE,FLATBUSH AVENUE,REGENT PLACE,DURYEA PLACE,REGENT PLACE,DURYEA PLACE,ADDRESS,BROOKLYN,FLATBUSH AVENUE,,Closed,,The Police Department responded to the complaint and with the information available observed no evidence of the violation at that time.,06/20/2023 09:57:42 PM,14 BROOKLYN,40,Precinct 70,3051250066,BROOKLYN,995887,174498,MOBILE,Unspecified,BROOKLYN,,,,,,,,40.64562569574606,-73.9580659177342,POINT (-73.958065917734 40.645625695746)
57948318,06/19/2023 03:11:00 PM,06/22/2023 09:26:00 AM,DEP,Department of Environmental Protection,Water Quality,"Taste/Odor, Sewer (QA5)",QA5,,11432,172-20 90 AVENUE,90 AVENUE,172 ST,175 ST,,,ADDRESS,JAMAICA,,N/A,Closed,,The Department of Environmental Protection determined that this complaint is a duplicate of a previously filed complaint. The original complaint is being addressed.,06/22/2023 09:26:00 AM,12 QUEENS,27,Precinct 103,4098100047,QUEENS,1042925,197768,PHONE,Unspecified,QUEENS,,,,,,,,40.709309678769706,-73.78836166853506,POINT (-73.788361668535 40.70930967877)
57951144,06/20/2023 07:18:12 PM,06/20/2023 07:18:12 PM,DOHMH,Department of Health and Mental Hygiene,Rodent,Rat Sighting,,3+ Family Apt. Building,11205,21 ST JAMES PLACE,ST JAMES PLACE,DEKALB AVENUE,LAFAYETTE AVENUE,DEKALB AVENUE,LAFAYETTE AVENUE,ADDRESS,BROOKLYN,ST JAMES PLACE,,Closed,,The Department of Health and Mental Hygiene inspected the property you reported and did not find any violations at the time of the inspection. The property passed inspection.,06/20/2023 07:18:12 PM,02 BROOKLYN,35,Precinct 88,3019330001,BROOKLYN,993956,190337,PHONE,Unspecified,BROOKLYN,,,,,,,,40.68910254686417,-73.96500149666961,POINT (-73.96500149667 40.689102546864)
57951648,06/20/2023 01:35:57 PM,06/20/2023 02:31:35 PM,NYPD,New York City Police Department,Illegal Parking,Posted Parking Sign Violation,,Street/Sidewalk,11230,1475 OCEAN PARKWAY,OCEAN PARKWAY,RYDER AVENUE,AVENUE O,RYDER AVENUE,AVENUE O,ADDRESS,BROOKLYN,OCEAN PARKWAY,,Closed,,The Police Department responded to the complaint and determined that police action was not necessary.,06/20/2023 02:31:39 PM,12 BROOKLYN,44,Precinct 66,3065880070,BROOKLYN,993051,162524,MOBILE,Unspecified,BROOKLYN,,,,,,,,40.6127628651412,-73.96830109410979,POINT (-73.96830109411 40.612762865141)
57952773,06/20/2023 03:17:27 PM,06/20/2023 04:38:12 PM,NYPD,New York City Police Department,Blocked Driveway,No Access,,Street/Sidewalk,11213,1699 PRESIDENT STREET,PRESIDENT STREET,UTICA AVENUE,ROCHESTER AVENUE,UTICA AVENUE,ROCHESTER AVENUE,ADDRESS,BROOKLYN,PRESIDENT STREET,,Closed,,The Police Department issued a summons in response to the complaint.,06/20/2023 04:38:18 PM,09 BROOKLYN,41,Precinct 71,3014030077,BROOKLYN,1003518,182284,PHONE,Unspecified,BROOKLYN,,,,,,,,40.66698323868622,-73.93054527230127,POINT (-73.930545272301 40.666983238686)
57945159,06/19/2023 02:20:41 AM,06/19/2023 02:21:20 AM,NYPD,New York City Police Department,Illegal Parking,Blocked Sidewalk,,Street/Sidewalk,11208,551 RIDGEWOOD AVENUE,RIDGEWOOD AVENUE,NICHOLS AVENUE,GRANT AVENUE,NICHOLS AVENUE,GRANT AVENUE,ADDRESS,BROOKLYN,RIDGEWOOD AVENUE,,Closed,,The Police Department responded to the complaint and took action to fix the condition.,06/19/2023 02:21:32 AM,05 BROOKLYN,37,Precinct 75,3041220001,BROOKLYN,1020666,189388,MOBILE,Unspecified,BROOKLYN,,,,,,,,40.68642816773911,-73.86869412484374,POINT (-73.868694124844 40.686428167739)
57948327,06/19/2023 12:32:00 PM,06/28/2023 02:00:00 PM,DEP,Department of Environmental Protection,Noise,"Noise, Ice Cream Truck (NR4)",NR4,,11215,571 9 STREET,9 STREET,8 AVE,PROSPECT PARK W,,,ADDRESS,BROOKLYN,,N/A,Closed,,"The Department of Environmental Protection (DEP) didn't observe a violation of the NYC Air or Noise Code at the time of inspection and couldn't issue a summons.  If the problem still exists, please go to nyc.gov/311 or call 311 to file a new Service Request. If you're outside of New York City, please call (212) NEW-YORK (212-639-9675).",06/28/2023 02:00:00 PM,06 BROOKLYN,39,Precinct 78,3010910042,BROOKLYN,990588,181469,ONLINE,Unspecified,BROOKLYN,,,,,,,,40.66476494268313,-73.97715438117561,POINT (-73.977154381176 40.664764942683)
57955761,06/20/2023 04:50:38 PM,06/20/2023 05:01:07 PM,NYPD,New York City Police Department,Illegal Parking,Posted Parking Sign Violation,,Street/Sidewalk,11373,74 STREET,74 STREET,74 STREET,BROADWAY,74 STREET,BROADWAY,INTERSECTION,,,,Closed,,The Police Department responded to the complaint and determined that police action was not necessary.,06/20/2023 05:01:10 PM,04 QUEENS,25,Precinct 110,,QUEENS,1014344,211317,ONLINE,Unspecified,QUEENS,,,,,,,,40.74664172232982,-73.89139142095586,POINT (-73.891391420956 40.74664172233)
57960135,06/20/2023 01:26:00 AM,06/20/2023 11:15:00 PM,DEP,Department of Environmental Protection,Noise,Noise: Construction Before/After Hours (NM1),NM1,,11101,43-30 24 STREET,24 STREET,43 AVE,44 RD,,,ADDRESS,LONG ISLAND CITY,,N/A,Closed,,"The Department of Environmental Protection (DEP) didn't observe a violation of the NYC Air or Noise Code at the time of inspection and couldn't issue a summons.  If the problem still exists, please go to nyc.gov/311 or call 311 to file a new Service Request. If you're outside of New York City, please call (212) NEW-YORK (212-639-9675).",06/20/2023 11:15:00 PM,02 QUEENS,26,Precinct 108,4004360001,QUEENS,999962,212130,ONLINE,Unspecified,QUEENS,,,,,,,,40.74891045087486,-73.94329381968667,POINT (-73.943293819687 40.748910450875)
57954321,06/20/2023 11:30:00 AM,06/20/2023 12:21:00 PM,DSNY,Department of Sanitation,Derelict Vehicles,Derelict Vehicles,,Street,11234,3900 AVENUE T,AVENUE T,RYDER STREET,KIMBALL STREET,,,ADDRESS,BROOKLYN,,,Closed,,DSNY already has a request to investigate this reportedly abandoned vehicle and cannot open multiple service requests for the same vehicle at once. Your request is being closed while we action the prior report.,06/20/2023 12:00:00 PM,18 BROOKLYN,46,Precinct 63,,BROOKLYN,1004452,161372,PHONE,Unspecified,BROOKLYN,,,,,,,,40.60958220421303,-73.92724112645321,POINT (-73.927241126453 40.609582204213)
57958938,06/20/2023 09:10:17 PM,06/24/2023 02:32:22 PM,HPD,Department of Housing Preservation and Development,HEAT/HOT WATER,APARTMENT ONLY,NO HOT WATER,RESIDENTIAL BUILDING,11212,406 EAST   96 STREET,EAST   96 STREET,,,,,ADDRESS,BROOKLYN,,,Closed,,The complaint you filed is a duplicate of a condition already reported by another tenant for a building-wide condition. The original complaint is still open. HPD may attempt to contact you to verify the correction of the condition or may conduct an inspection of your unit if the original complainant is not available for verification.,06/24/2023 12:00:00 AM,17 BROOKLYN,41,Precinct 67,3046700067,BROOKLYN,1007057,178940,ONLINE,Unspecified,BROOKLYN,,,,,,,,40.65779629257829,-73.91779967332414,POINT (-73.917799673324 40.657796292578)
57945663,06/19/2023 08:36:02 PM,06/19/2023 09:16:09 PM,NYPD,New York City Police Department,Noise - Street/Sidewalk,Loud Talking,,Street/Sidewalk,10462,2147 BARNES AVENUE,BARNES AVENUE,LYDIG AVENUE,PELHAM PARKWAY SOUTH,LYDIG AVENUE,PELHAM PARKWAY SOUTH,ADDRESS,BRONX,BARNES AVENUE,,Closed,,The Police Department responded to the complaint and took action to fix the condition.,06/19/2023 09:16:14 PM,11 BRONX,13,Precinct 49,2043210070,BRONX,1021911,250858,PHONE,Unspecified,BRONX,,,,,,,,40.85514181944319,-73.86386054373537,POINT (-73.863860543735 40.855141819443)
57957921,06/20/2023 08:48:42 AM,06/21/2023 06:06:01 AM,DOT,Department of Transportation,Highway Condition,Pothole - Highway,,Highway,,,,,,,,,,,,Closed,,The Department of Transportation has completed the request or corrected the condition.,06/21/2023 06:06:06 AM,Unspecified BROOKLYN,,Unspecified,,BROOKLYN,,,PHONE,Unspecified,BROOKLYN,,,,Belt Pkwy,East/Queens Bound,Roadway,Coney Island Ave (Exit 8) - Knapp St Sheepshead Bay (Exits 9A),,,
57945591,06/19/2023 05:43:08 PM,06/19/2023 07:14:53 PM,NYPD,New York City Police Department,Noise - Street/Sidewalk,Loud Music/Party,,Street/Sidewalk,11368,55-15 99 STREET,99 STREET,55 AVENUE,57 AVENUE,55 AVENUE,57 AVENUE,ADDRESS,CORONA,99 STREET,,Closed,,The Police Department responded to the complaint and took action to fix the condition.,06/19/2023 07:14:58 PM,04 QUEENS,21,Precinct 110,4019090001,QUEENS,1022936,208554,ONLINE,Unspecified,QUEENS,,,,,,,,40.73902457281419,-73.86039902147743,POINT (-73.860399021477 40.739024572814)
57956958,06/20/2023 01:57:22 PM,06/20/2023 07:27:31 PM,NYPD,New York City Police Department,Illegal Parking,Blocked Sidewalk,,Street/Sidewalk,11365,71-33 162 STREET,162 STREET,71 AVENUE,72 AVENUE,71 AVENUE,72 AVENUE,ADDRESS,FRESH MEADOWS,162 STREET,,Closed,,The Police Department responded and upon arrival those responsible for the condition were gone.,06/20/2023 07:27:36 PM,08 QUEENS,24,Precinct 107,4068017505,QUEENS,1037683,205124,PHONE,Unspecified,QUEENS,,,,,,,,40.72953328863161,-73.80721088983893,POINT (-73.807210889839 40.729533288632)
57956913,06/20/2023 11:36:37 AM,06/20/2023 11:46:31 AM,NYPD,New York City Police Department,Blocked Driveway,Partial Access,,Street/Sidewalk,11104,43-30 45 STREET,45 STREET,43 AVENUE,QUEENS BOULEVARD,43 AVENUE,QUEENS BOULEVARD,ADDRESS,SUNNYSIDE,45 STREET,,Closed,,The Police Department responded to the complaint and took action to fix the condition.,06/20/2023 11:46:37 AM,02 QUEENS,26,Precinct 108,4001610037,QUEENS,1006583,210506,PHONE,Unspecified,QUEENS,,,,,,,,40.74443873738489,-73.91940337236808,POINT (-73.919403372368 40.744438737385)
57952341,06/20/2023 12:26:44 PM,07/27/2023 03:20:11 PM,DPR,Department of Parks and Recreation,Maintenance or Facility,Structure - Outdoors,Path,Street/Curbside,10024,112 RIVERSIDE DRIVE,RIVERSIDE DRIVE,WEST   83 STREET,WEST   84 STREET,WEST   83 STREET,WEST   84 STREET,ADDRESS,NEW YORK,RIVERSIDE DRIVE,,Closed,,"NYC Parks couldnât respond to your complaint because they didn't have enough information about the condition or location.  If the problem still exists and you would like to pursue this complaint, please submit a new Service Request with a more detailed description of the condition and/or location.",07/27/2023 03:20:14 PM,07 MANHATTAN,06,Precinct 20,1012450047,MANHATTAN,989482,226352,PHONE,Unspecified,MANHATTAN,,,,,,,,40.78795855627649,-73.98110611499003,POINT (-73.98110611499 40.787958556276)
57945267,06/19/2023 11:13:50 AM,06/19/2023 11:36:45 AM,NYPD,New York City Police Department,Illegal Parking,Posted Parking Sign Violation,,Street/Sidewalk,10036,3 WEST   46 STREET,WEST   46 STREET,5 AVENUE,AVENUE OF THE AMERICAS,5 AVENUE,AVENUE OF THE AMERICAS,ADDRESS,NEW YORK,WEST   46 STREET,,Closed,,The Police Department responded to the complaint and determined that police action was not necessary.,06/19/2023 11:36:52 AM,05 MANHATTAN,04,Precinct 18,1012620033,MANHATTAN,989915,214804,MOBILE,Unspecified,MANHATTAN,,,,,,,,40.75626204729704,-73.97955219284445,POINT (-73.979552192844 40.756262047297)
57949479,06/20/2023 11:19:26 PM,06/21/2023 04:38:10 PM,NYPD,New York City Police Department,Abandoned Vehicle,With License Plate,,Street/Sidewalk,10465,BRINSMADE AVENUE,BRINSMADE AVENUE,BRINSMADE AVENUE,SAMPSON AVENUE,BRINSMADE AVENUE,SAMPSON AVENUE,INTERSECTION,,,,Closed,,The Police Department reviewed your complaint and provided additional information below.,06/21/2023 04:38:19 PM,10 BRONX,13,Precinct 45,,BRONX,1033398,237708,ONLINE,Unspecified,BRONX,,,,,,,,40.81899248193884,-73.82243304050895,POINT (-73.822433040509 40.818992481939)
57957264,06/20/2023 07:20:00 AM,06/20/2023 08:13:00 AM,DEP,Department of Environmental Protection,Noise,Noise: Alarms (NR3),NR3,,11221,757 GREENE AVENUE,GREENE AVENUE,MARCUS GARVEY BLVD,LEWIS AVE,,,ADDRESS,BROOKLYN,,N/A,Closed,,The Department of Environmental Protection researched this complaint and determined that it could be closed.,06/20/2023 08:13:00 AM,03 BROOKLYN,36,Precinct 81,3016140058,BROOKLYN,1001454,190642,ONLINE,Unspecified,BROOKLYN,,,,,,,,40.689928302835085,-73.93796396637696,POINT (-73.937963966377 40.689928302835)
57947445,06/19/2023 10:58:47 AM,06/19/2023 11:14:50 AM,NYPD,New York City Police Department,Drug Activity,Use Outside,,Street/Sidewalk,11366,78-15 PARSONS BOULEVARD,PARSONS BOULEVARD,78 AVENUE,78 ROAD,78 AVENUE,78 ROAD,ADDRESS,FRESH MEADOWS,PARSONS BOULEVARD,,Closed,,The Police Department reviewed your complaint and provided additional information below.,06/19/2023 11:14:54 AM,08 QUEENS,24,Precinct 107,4068290001,QUEENS,1037000,202363,ONLINE,Unspecified,QUEENS,,,,,,,,40.72195913199264,-73.80969682426189,POINT (-73.809696824262 40.721959131993)
57955437,06/20/2023 09:08:21 AM,06/22/2023 02:35:31 PM,DSNY,Department of Sanitation,Missed Collection,Trash,N/A,Street,11204,1612 57 STREET,57 STREET,16 AVENUE,DEAD END,16 AVENUE,DEAD END,ADDRESS,BROOKLYN,57 STREET,,Closed,,The Department of Sanitation collected the requested items.,06/22/2023 01:18:59 PM,12 BROOKLYN,44,Precinct 66,3054977504,BROOKLYN,987095,167450,PHONE,Unspecified,BROOKLYN,,,,,,,,40.626287624360394,-73.9897509759734,POINT (-73.989750975973 40.62628762436)
57951234,06/20/2023 02:37:08 PM,06/20/2023 02:37:08 PM,DOT,Department of Transportation,Street Condition,Pothole,,,10472,1866 GLEASON AVENUE,GLEASON AVENUE,LELAND AVENUE,UNDERHILL AVENUE,,,ADDRESS,BRONX,,N/A,Closed,,The Department of Transportation inspected this complaint and repaired the problem.,06/20/2023 02:37:08 PM,09 BRONX,18,Precinct 43,2037570034,BRONX,1022225,241823,UNKNOWN,Unspecified,BRONX,,,,,,,,40.83034207219305,-73.86277664095546,POINT (-73.862776640955 40.830342072193)
57946608,06/19/2023 09:22:51 PM,06/19/2023 10:37:55 PM,NYPD,New York City Police Department,Illegal Fireworks,N/A,,Street/Sidewalk,10462,1575 WHITE PLAINS ROAD,WHITE PLAINS ROAD,GUERLAIN STREET,EAST TREMONT AVENUE,GUERLAIN STREET,EAST TREMONT AVENUE,ADDRESS,BRONX,WHITE PLAINS ROAD,,Closed,,The Police Department responded to the complaint and took action to fix the condition.,06/19/2023 10:37:59 PM,09 BRONX,18,Precinct 43,2039270016,BRONX,1021888,245373,ONLINE,Unspecified,BRONX,,,,,,,,40.840087227363824,-73.86397447471788,POINT (-73.863974474718 40.840087227364)
57946671,06/19/2023 06:31:08 PM,06/19/2023 07:49:31 PM,NYPD,New York City Police Department,Noise - Vehicle,Car/Truck Music,,Street/Sidewalk,11249,20 NORTH FIFTH STREET,NORTH FIFTH STREET,NORTH    4 PLACE,KENT AVENUE,NORTH    4 PLACE,KENT AVENUE,ADDRESS,BROOKLYN,NORTH    5 STREET,,Closed,,The Police Department responded to the complaint and took action to fix the condition.,06/19/2023 07:49:35 PM,01 BROOKLYN,33,Precinct 94,3023407502,BROOKLYN,994462,201367,MOBILE,Unspecified,BROOKLYN,,,,,,,,40.71937673052651,-73.96316020360678,POINT (-73.963160203607 40.719376730527)
57944421,06/19/2023 07:55:38 PM,06/19/2023 08:20:38 PM,NYPD,New York City Police Department,Noise - Commercial,Loud Music/Party,,Club/Bar/Restaurant,11226,774 FLATBUSH AVENUE,FLATBUSH AVENUE,CLARKSON AVENUE,LENOX ROAD,CLARKSON AVENUE,LENOX ROAD,ADDRESS,BROOKLYN,FLATBUSH AVENUE,,Closed,,The Police Department responded to the complaint and took action to fix the condition.,06/19/2023 08:20:42 PM,14 BROOKLYN,40,Precinct 70,3050630051,BROOKLYN,995473,177567,ONLINE,Unspecified,BROOKLYN,,,,,,,,40.6540499680012,-73.95955266546295,POINT (-73.959552665463 40.654049968001)
57952746,06/20/2023 05:36:30 PM,08/28/2023 12:00:00 AM,DOB,Department of Buildings,Special Projects Inspection Team (SPIT),Illegal Hotel Rooms In Residential Building,,,10002,275 SOUTH STREET,SOUTH STREET,,,,,ADDRESS,NEW YORK,,N/A,Closed,,The Department of Buildings investigated this complaint and determined that no further action was necessary.,08/28/2023 12:00:00 AM,03 MANHATTAN,01,Precinct 7,1002460001,MANHATTAN,987685,198079,UNKNOWN,Unspecified,MANHATTAN,,,,,,,,40.710357183607535,-73.98760991243229,POINT (-73.987609912432 40.710357183608)
57950631,06/20/2023 06:08:01 PM,06/20/2023 06:28:05 PM,NYPD,New York City Police Department,Blocked Driveway,Partial Access,,Street/Sidewalk,11355,144-59 BARCLAY AVENUE,BARCLAY AVENUE,PARSONS BOULEVARD,147 STREET,PARSONS BOULEVARD,147 STREET,ADDRESS,FLUSHING,BARCLAY AVENUE,,Closed,,The Police Department issued a summons in response to the complaint.,06/20/2023 06:28:11 PM,07 QUEENS,20,Precinct 109,4050500160,QUEENS,1034336,216299,ONLINE,Unspecified,QUEENS,,,,,,,,40.760225386026306,-73.8192037904023,POINT (-73.819203790402 40.760225386026)
57949137,06/19/2023 05:45:07 PM,08/25/2023 01:54:54 PM,HPD,Department of Housing Preservation and Development,UNSANITARY CONDITION,GARBAGE/RECYCLING STORAGE,ACCUMULATION,RESIDENTIAL BUILDING,11385,71-06 65 PLACE,65 PLACE,,,,,ADDRESS,RIDGEWOOD,,,Closed,,The Department of Housing Preservation and Development inspected the following conditions. No violations were issued. The complaint has been closed.,08/25/2023 12:00:00 AM,05 QUEENS,30,Precinct 104,4036760007,QUEENS,1014823,195160,PHONE,Unspecified,QUEENS,,,,,,,,40.70229306918851,-73.88973612095536,POINT (-73.889736120955 40.702293069189)
57953295,06/20/2023 02:19:28 PM,06/20/2023 02:34:57 PM,NYPD,New York City Police Department,Noise - Street/Sidewalk,Loud Talking,,Street/Sidewalk,10036,555 WEST   45 STREET,WEST   45 STREET,AMTRAK-NORTHEAST LINE,11 AVENUE,AMTRAK-NORTHEAST LINE,11 AVENUE,ADDRESS,NEW YORK,WEST   45 STREET,,Closed,,The Police Department responded to the complaint and with the information available observed no evidence of the violation at that time.,06/20/2023 02:34:59 PM,04 MANHATTAN,03,Precinct 18,1010740063,MANHATTAN,985373,217021,ONLINE,Unspecified,MANHATTAN,,,,,,,,40.76234888817028,-73.99594616315031,POINT (-73.99594616315 40.76234888817)
57959730,06/20/2023 02:00:53 PM,,DCWP,Department of Consumer and Worker Protection,Consumer Complaint,"Bodega, Deli, or Convenience Store",Price Not Posted or Inaccurate,Business,10010,296 3 AVENUE,3 AVENUE,EAST   22 STREET,EAST   23 STREET,EAST   22 STREET,EAST   23 STREET,ADDRESS,NEW YORK,3 AVENUE,,In Progress,,"The Department of Consumer and Worker Protection (DCWP) Enforcement Division is reviewing your NYC311 Service Request.   If the Enforcement Division needs to conduct an inspection, it may take 35 days to complete.  Please wait 35 days from the date of this update before calling DCWP for status.  You can get status by calling DCWP Consumer Services at (212) 487-4110. You must provide your NYC311 Service Request number.",06/22/2023 11:09:41 AM,06 MANHATTAN,02,Precinct 13,1008780043,MANHATTAN,988877,208381,PHONE,Unspecified,MANHATTAN,,,,,,,,40.73863313102456,-73.98330327086612,POINT (-73.983303270866 40.738633131025)
57951162,06/20/2023 02:02:50 PM,06/04/2024 12:51:57 AM,DOHMH,Department of Health and Mental Hygiene,Food Establishment,Rodents/Insects/Garbage,Insect Infestation,Restaurant/Bar/Deli/Bakery,11432,159-01 JAMAICA AVENUE,JAMAICA AVENUE,PARSONS BOULEVARD,160 STREET,PARSONS BOULEVARD,160 STREET,ADDRESS,JAMAICA,JAMAICA AVENUE,,Closed,,This SR was administratively closed. The issue you reported was addressed.,06/04/2024 12:52:02 AM,12 QUEENS,27,Precinct 103,4097560001,QUEENS,1039689,195611,MOBILE,Unspecified,QUEENS,,,,,,,,40.70341010571588,-73.80005150579387,POINT (-73.800051505794 40.703410105716)
57951738,06/20/2023 11:19:19 AM,07/17/2023 12:00:00 AM,DOB,Department of Buildings,General Construction/Plumbing,Building Permit - None,,,11218,916 ALBEMARLE ROAD,ALBEMARLE ROAD,,,,,ADDRESS,BROOKLYN,,,Closed,,The Department of Buildings has made a second attempt to conduct an inspection of this premises and was denied access. No further attempts will be made.,07/17/2023 12:00:00 AM,14 BROOKLYN,40,Precinct 70,3051120006,BROOKLYN,992529,174694,UNKNOWN,Unspecified,BROOKLYN,,,,,,,,40.64616744910389,-73.97016627314453,POINT (-73.970166273145 40.646167449104)
57959613,06/20/2023 06:25:09 PM,06/20/2023 08:36:38 PM,NYPD,New York City Police Department,Illegal Parking,Blocked Hydrant,,Street/Sidewalk,11214,1857 77 STREET,77 STREET,18 AVENUE,19 AVENUE,18 AVENUE,19 AVENUE,ADDRESS,BROOKLYN,77 STREET,,Closed,,The Police Department responded to the complaint and determined that police action was not necessary.,06/20/2023 08:36:44 PM,11 BROOKLYN,43,Precinct 62,3062380047,BROOKLYN,985341,162084,ONLINE,Unspecified,BROOKLYN,,,,,,,,40.611559459444216,-73.99607057355341,POINT (-73.996070573553 40.611559459444)
57947832,06/19/2023 03:39:28 PM,06/19/2023 04:44:13 PM,NYPD,New York City Police Department,Noise - Residential,Loud Music/Party,,Residential Building/House,11004,259-16 80 AVENUE,80 AVENUE,259 STREET,260 STREET,259 STREET,260 STREET,ADDRESS,GLEN OAKS,80 AVENUE,,Closed,,The Police Department responded to the complaint and took action to fix the condition.,06/19/2023 04:44:16 PM,13 QUEENS,23,Precinct 105,4087150039,QUEENS,1064115,210726,ONLINE,Unspecified,QUEENS,,,,,,,,40.74471014699765,-73.71177689540929,POINT (-73.711776895409 40.744710146998)
57944817,06/19/2023 10:59:00 PM,06/20/2023 03:15:54 AM,NYPD,New York City Police Department,Illegal Parking,Blocked Hydrant,,Street/Sidewalk,11432,178-60 WEXFORD TERRACE,WEXFORD TERRACE,EDGERTON BOULEVARD,MIDLAND PARKWAY,EDGERTON BOULEVARD,MIDLAND PARKWAY,ADDRESS,JAMAICA,WEXFORD TERRACE,,Closed,,The Police Department issued a summons in response to the complaint.,06/20/2023 03:15:58 AM,08 QUEENS,24,Precinct 107,4099370025,QUEENS,1044109,199353,MOBILE,Unspecified,QUEENS,,,,,,,,40.71365218283776,-73.78407695377884,POINT (-73.784076953779 40.713652182838)
57953367,06/20/2023 05:47:28 PM,06/20/2023 06:08:06 PM,NYPD,New York City Police Department,Noise - Residential,Loud Music/Party,,Residential Building/House,11414,84-20 153 AVENUE,153 AVENUE,84 STREET,88 STREET,84 STREET,88 STREET,ADDRESS,HOWARD BEACH,153 AVENUE,,Closed,,The Police Department responded to the complaint and took action to fix the condition.,06/20/2023 06:08:10 PM,10 QUEENS,32,Precinct 106,4114460012,QUEENS,1025872,182091,ONLINE,Unspecified,QUEENS,,,,,,,,40.66637662809284,-73.84996784843865,POINT (-73.849967848439 40.666376628093)
57960207,06/20/2023 09:40:23 AM,06/28/2023 02:05:36 AM,HPD,Department of Housing Preservation and Development,PAINT/PLASTER,CEILING,COLLAPSING OR FALLING,RESIDENTIAL BUILDING,11208,760 ELDERT LANE,ELDERT LANE,,,,,ADDRESS,BROOKLYN,,,Closed,,The Department of Housing Preservation and Development inspected the following conditions. Violations were issued. Information about specific violations is available at www.nyc.gov/hpd,06/28/2023 12:00:00 AM,05 BROOKLYN,42,Precinct 75,3042719001,BROOKLYN,1022145,184032,PHONE,Unspecified,BROOKLYN,,,,,,,,40.67172097003817,-73.86339139199588,POINT (-73.863391391996 40.671720970038)
57961287,06/21/2023 09:45:07 PM,06/21/2023 10:04:55 PM,NYPD,New York City Police Department,Noise - Commercial,Loud Music/Party,,Store/Commercial,11249,111 NORTH   11 STREET,NORTH   11 STREET,WYTHE AVENUE,BERRY STREET,WYTHE AVENUE,BERRY STREET,ADDRESS,BROOKLYN,NORTH   11 STREET,,Closed,,The Police Department responded to the complaint and took action to fix the condition.,06/21/2023 10:05:01 PM,01 BROOKLYN,33,Precinct 94,3022897501,BROOKLYN,996171,201989,MOBILE,Unspecified,BROOKLYN,,,,,,,,40.72108183261302,-73.95699388432435,POINT (-73.956993884324 40.721081832613)
57948606,06/19/2023 11:14:57 AM,07/06/2023 06:25:49 AM,DHS,Department of Homeless Services,Encampment,N/A,,Street/Sidewalk,10011,6 AVENUE,6 AVENUE,6 AVENUE,WAVERLY PLACE,6 AVENUE,WAVERLY PLACE,INTERSECTION,,,,Closed,,The Department of Homeless Services (DHS) visited the location and is coordinating with their agency partners to address the condition. No further information will be available with 311.,07/06/2023 06:25:55 AM,02 MANHATTAN,03,Precinct 6,,MANHATTAN,984232,206302,PHONE,Unspecified,MANHATTAN,,,,,,,,40.73292799947335,-74.00006494821498,POINT (-74.000064948215 40.732927999473)
57953421,06/20/2023 10:30:18 PM,06/20/2023 10:52:34 PM,NYPD,New York City Police Department,Noise - Vehicle,Car/Truck Music,,Street/Sidewalk,10032,1948 AMSTERDAM AVENUE,AMSTERDAM AVENUE,WEST  156 STREET,WEST  157 STREET,WEST  156 STREET,WEST  157 STREET,ADDRESS,NEW YORK,AMSTERDAM AVENUE,,Closed,,The Police Department responded to the complaint and took action to fix the condition.,06/20/2023 10:52:38 PM,12 MANHATTAN,10,Precinct 33,1021150037,MANHATTAN,1000229,242614,ONLINE,Unspecified,MANHATTAN,,,,,,,,40.832580324861404,-73.9422576674107,POINT (-73.942257667411 40.832580324861)
57955815,06/20/2023 09:14:00 PM,06/27/2023 09:00:00 PM,DEP,Department of Environmental Protection,Noise,Noise: Construction Equipment (NC1),NC1,,11228,7115 15 AVENUE,15 AVENUE,71 ST,72 ST,,,ADDRESS,BROOKLYN,,N/A,Closed,,"The Department of Environmental Protection (DEP) didn't observe a violation of the NYC Air or Noise Code at the time of inspection and couldn't issue a summons.  If the problem still exists, please go to nyc.gov/311 or call 311 to file a new Service Request. If you're outside of New York City, please call (212) NEW-YORK (212-639-9675).",06/27/2023 09:00:00 PM,11 BROOKLYN,43,Precinct 62,3061800001,BROOKLYN,984030,165079,PHONE,Unspecified,BROOKLYN,,,,,,,,40.61978017908881,-74.0007924658901,POINT (-74.00079246589 40.619780179089)
57954420,06/20/2023 09:43:53 AM,06/21/2023 07:30:33 AM,DSNY,Department of Sanitation,Dirty Condition,Trash,Not Cleaned by Property Owner,Alley,11207,290 ELDERT STREET,ELDERT STREET,WILSON AVENUE,KNICKERBOCKER AVENUE,WILSON AVENUE,KNICKERBOCKER AVENUE,ADDRESS,BROOKLYN,ELDERT STREET,,Closed,,The Department of Sanitation investigated this complaint and issued a Notice of Violation.,06/21/2023 07:30:38 AM,04 BROOKLYN,37,Precinct 83,3034180028,BROOKLYN,1009867,191496,ONLINE,Unspecified,BROOKLYN,,,,,,,,40.69225198259981,-73.9076242374598,POINT (-73.90762423746 40.6922519826)
57955419,06/20/2023 09:28:00 PM,07/11/2023 04:26:47 PM,DSNY,Department of Sanitation,Illegal Dumping,Removal Request,N/A,Sidewalk,10029,EAST  108 STREET,EAST  108 STREET,EAST  108 STREET,PARK AVENUE,EAST  108 STREET,PARK AVENUE,INTERSECTION,,,,Closed,,The Department of Sanitation investigated this complaint and found no condition at the location.,06/22/2023 12:58:50 PM,11 MANHATTAN,08,Precinct 23,,MANHATTAN,998940,228642,PHONE,Unspecified,MANHATTAN,,,,,,,,40.794233328437336,-73.94694622590342,POINT (-73.946946225903 40.794233328437)
57948345,06/19/2023 09:50:00 PM,06/27/2023 10:30:00 PM,DEP,Department of Environmental Protection,Air Quality,"Air: Smoke, Vehicular (AA4)",AA4,,10019,,,,,7 AVENUE,WEST 54 STREET,INTERSECTION,MANHATTAN,,N/A,Closed,,"The Department of Environmental Protection (DEP) didn't observe a violation of the NYC Air or Noise Code at the time of inspection and couldn't issue a summons.  If the problem still exists, please go to nyc.gov/311 or call 311 to file a new Service Request. If you're outside of New York City, please call (212) NEW-YORK (212-639-9675).",06/27/2023 10:30:00 PM,05 MANHATTAN,04,Precinct 18,,MANHATTAN,989393,217475,ONLINE,Unspecified,MANHATTAN,,,,,,,,40.76359357666655,-73.98143430748802,POINT (-73.981434307488 40.763593576667)
57951207,06/20/2023 09:04:56 AM,06/20/2023 09:18:18 AM,DPR,Department of Parks and Recreation,Violation of Park Rules,Unlicensed Vendors,Other,Park,10451,40 EAST  161 STREET,EAST  161 STREET,RUPPERT PLAZA,RIVER AVENUE,RUPPERT PLAZA,RIVER AVENUE,ADDRESS,BRONX,EAST  161 STREET,,Closed,,This request has been referred to Parks Enforcement Patrol and will be monitored in upcoming patrols.,06/20/2023 09:18:23 AM,04 BRONX,16,Precinct 44,2024910001,BRONX,1004575,240944,ONLINE,Unspecified,BRONX,,,,,,,,40.82798772279551,-73.92655785984594,POINT (-73.926557859846 40.827987722796)
57945096,06/19/2023 10:17:00 AM,06/28/2023 03:00:00 PM,DEP,Department of Environmental Protection,Noise,Noise: Construction Equipment (NC1),NC1,,11225,191 SULLIVAN PLACE,SULLIVAN PLACE,LUDLAM PL,ROGERS AVE,,,ADDRESS,BROOKLYN,,N/A,Closed,,"The Department of Environmental Protection (DEP) didn't observe a violation of the NYC Air or Noise Code at the time of inspection and couldn't issue a summons.  If the problem still exists, please go to nyc.gov/311 or call 311 to file a new Service Request. If you're outside of New York City, please call (212) NEW-YORK (212-639-9675).",06/28/2023 03:00:00 PM,09 BROOKLYN,35,Precinct 71,3013040146,BROOKLYN,996812,181361,ONLINE,Unspecified,BROOKLYN,,,,,,,,40.66446186359798,-73.9547198849439,POINT (-73.954719884944 40.664461863598)
57954798,06/20/2023 09:24:49 PM,06/20/2023 10:26:38 PM,NYPD,New York City Police Department,Noise - Street/Sidewalk,Loud Music/Party,,Street/Sidewalk,11694,124 BEACH  129 STREET,BEACH  129 STREET,OCEAN PROMENADE,ROCKAWAY BEACH BOULEVARD,OCEAN PROMENADE,ROCKAWAY BEACH BOULEVARD,ADDRESS,FAR ROCKAWAY,BEACH  129 STREET,,Closed,,The Police Department responded to the complaint and took action to fix the condition.,06/20/2023 10:26:43 PM,14 QUEENS,32,Precinct 100,4162380062,QUEENS,1026705,148643,MOBILE,Unspecified,QUEENS,,,,,,,,40.57456502982871,-73.84717553853693,POINT (-73.847175538537 40.574565029829)
57957210,06/20/2023 02:16:49 PM,06/23/2023 02:41:10 PM,DSNY,Department of Sanitation,Illegal Dumping,Chronic Dumping,N/A,Sidewalk,11207,236 ASHFORD STREET,ASHFORD STREET,ATLANTIC AVENUE,LIBERTY AVENUE,ATLANTIC AVENUE,LIBERTY AVENUE,ADDRESS,BROOKLYN,ASHFORD STREET,,Closed,,The Department of Sanitation cleaned the location.,06/23/2023 01:17:24 PM,05 BROOKLYN,37,Precinct 75,3039670030,BROOKLYN,1015907,185856,ONLINE,Unspecified,BROOKLYN,,,,,,,,40.67675193964019,-73.88587031509348,POINT (-73.885870315093 40.67675193964)
57946770,06/19/2023 12:13:24 PM,06/19/2023 12:42:29 PM,NYPD,New York City Police Department,Noise - Vehicle,Car/Truck Music,,Street/Sidewalk,10312,81 GOLD AVENUE,GOLD AVENUE,SUNFIELD AVENUE,CHERYL AVENUE,SUNFIELD AVENUE,CHERYL AVENUE,ADDRESS,STATEN ISLAND,GOLD AVENUE,,Closed,,The Police Department responded to the complaint and took action to fix the condition.,06/19/2023 12:42:40 PM,03 STATEN ISLAND,51,Precinct 123,5056810001,STATEN ISLAND,934453,143079,ONLINE,Unspecified,STATEN ISLAND,,,,,,,,40.55925476388673,-74.17921227599066,POINT (-74.179212275991 40.559254763887)
57950550,06/20/2023 09:32:53 AM,06/20/2023 09:43:03 AM,DPR,Department of Parks and Recreation,Animal in a Park,Injured Wildlife,Bird,Park,11222,MCCARREN PARK,MCCARREN PARK,BAYARD STREET,DRIGGS AVENUE,BAYARD STREET,DRIGGS AVENUE,UNRECOGNIZED,BROOKLYN,MCCARREN PARK,,Closed,,"NYC Parks couldnât respond to your complaint because they didn't have enough information about the condition or location.  If the problem still exists and you would like to pursue this complaint, please submit a new Service Request with a more detailed description of the condition and/or location.",06/20/2023 09:43:08 AM,01 BROOKLYN,33,Precinct 94,3026960001,BROOKLYN,997610,201904,PHONE,Unspecified,BROOKLYN,,,,,,,,40.72084647199604,-73.95180272776703,POINT (-73.951802727767 40.720846471996)
57950118,06/20/2023 09:15:56 AM,06/20/2023 09:36:41 AM,NYPD,New York City Police Department,Illegal Parking,Blocked Sidewalk,,Street/Sidewalk,11207,46 ELDERT STREET,ELDERT STREET,BROADWAY,BUSHWICK AVENUE,BROADWAY,BUSHWICK AVENUE,ADDRESS,BROOKLYN,ELDERT STREET,,Closed,,This complaint does not fall under the Police Department's jurisdiction.,06/20/2023 09:36:46 AM,04 BROOKLYN,37,Precinct 83,3034140036,BROOKLYN,1008234,189307,PHONE,Unspecified,BROOKLYN,,,,,,,,40.686248259919154,-73.91352067922696,POINT (-73.913520679227 40.686248259919)
57945717,06/19/2023 08:14:01 PM,06/20/2023 06:47:27 PM,HPD,Department of Housing Preservation and Development,HEAT/HOT WATER,APARTMENT ONLY,NO HOT WATER,RESIDENTIAL BUILDING,11236,1055 EAST   84 STREET,EAST   84 STREET,,,,,ADDRESS,BROOKLYN,,,Closed,,The Department of Housing Preservation and Development inspected the following conditions. No violations were issued. The complaint has been closed.,06/20/2023 12:00:00 AM,18 BROOKLYN,46,Precinct 69,3080360017,BROOKLYN,1009932,170566,PHONE,Unspecified,BROOKLYN,,,,,,,,40.63480361223631,-73.90746957017748,POINT (-73.907469570177 40.634803612236)
57951684,06/20/2023 11:44:29 AM,06/20/2023 12:12:47 PM,NYPD,New York City Police Department,Illegal Parking,Posted Parking Sign Violation,,Street/Sidewalk,11230,280 WEBSTER AVENUE,WEBSTER AVENUE,OCEAN PARKWAY,EAST    8 STREET,OCEAN PARKWAY,EAST    8 STREET,ADDRESS,BROOKLYN,WEBSTER AVENUE,,Closed,,The Police Department issued a summons in response to the complaint.,06/20/2023 12:12:53 PM,14 BROOKLYN,40,Precinct 70,3054210024,BROOKLYN,992410,169871,MOBILE,Unspecified,BROOKLYN,,,,,,,,40.63292945699695,-73.97060092762315,POINT (-73.970600927623 40.632929456997)
57956031,06/20/2023 10:08:50 PM,06/20/2023 10:38:12 PM,NYPD,New York City Police Department,Noise - Residential,Banging/Pounding,,Residential Building/House,11375,63-09 108 STREET,108 STREET,63 AVENUE,63 ROAD,63 AVENUE,63 ROAD,ADDRESS,FOREST HILLS,108 STREET,,Closed,,The Police Department responded to the complaint but officers were unable to gain entry into the premises.,06/20/2023 10:38:18 PM,06 QUEENS,24,Precinct 112,4021670001,QUEENS,1025678,206992,MOBILE,Unspecified,QUEENS,,,,,,,,40.734724856034425,-73.85051397139026,POINT (-73.85051397139 40.734724856034)
57945402,06/19/2023 08:57:33 AM,07/05/2023 08:33:42 AM,DSNY,Department of Sanitation,Illegal Dumping,Removal Request,N/A,Sidewalk,11434,166-03 FOCH BOULEVARD,FOCH BOULEVARD,166 STREET,167 STREET,166 STREET,167 STREET,ADDRESS,JAMAICA,FOCH BOULEVARD,,Closed,,The Department of Sanitation cleaned the location.,06/21/2023 11:27:57 PM,12 QUEENS,28,Precinct 113,4123480070,QUEENS,1045179,188978,PHONE,Unspecified,QUEENS,,,,,,,,40.68516801589812,-73.78031113055445,POINT (-73.780311130554 40.685168015898)
57952161,06/20/2023 09:02:09 AM,06/20/2023 09:47:35 AM,NYPD,New York City Police Department,Illegal Parking,Blocked Bike Lane,,Street/Sidewalk,10002,215 EAST HOUSTON STREET,EAST HOUSTON STREET,EAST    1 STREET,AVENUE A,EAST    1 STREET,AVENUE A,ADDRESS,NEW YORK,EAST HOUSTON STREET,,Closed,,The Police Department reviewed your complaint and provided additional information below.,06/20/2023 09:47:39 AM,03 MANHATTAN,01,Precinct 7,1004120053,MANHATTAN,987936,202447,MOBILE,Unspecified,MANHATTAN,,,,,,,,40.72234619612719,-73.98670216055665,POINT (-73.986702160557 40.722346196127)
57948759,06/20/2023 12:49:01 AM,06/20/2023 01:02:10 AM,NYPD,New York City Police Department,Noise - Residential,Banging/Pounding,,Residential Building/House,10031,571 WEST  139 STREET,WEST  139 STREET,HAMILTON PLACE,BROADWAY,HAMILTON PLACE,BROADWAY,ADDRESS,NEW YORK,WEST  139 STREET,,Closed,,The Police Department responded to the complaint and with the information available observed no evidence of the violation at that time.,06/20/2023 01:02:15 AM,09 MANHATTAN,07,Precinct 30,1020710001,MANHATTAN,997372,238899,ONLINE,Unspecified,MANHATTAN,,,,,,,,40.822388418357896,-73.9525890968376,POINT (-73.952589096838 40.822388418358)
57945330,06/19/2023 08:53:59 AM,07/03/2023 02:39:11 PM,DSNY,Department of Sanitation,Missed Collection,Recycling - Paper,N/A,Street,11249,76 HEWES STREET,HEWES STREET,WILLIAMSBURG ST EAST,BEDFORD AVENUE,WILLIAMSBURG ST EAST,BEDFORD AVENUE,ADDRESS,BROOKLYN,HEWES STREET,,Closed,,The Department of Sanitation investigated this complaint and found no condition at the location.,06/23/2023 11:08:33 AM,01 BROOKLYN,33,Precinct 90,3022107506,BROOKLYN,995227,194956,ONLINE,Unspecified,BROOKLYN,,,,,,,,40.70177914349807,-73.96041091841938,POINT (-73.960410918419 40.701779143498)
57952188,06/20/2023 08:03:00 PM,06/22/2023 09:50:00 AM,DSNY,Department of Sanitation,Electronics Waste Appointment,Ewaste appointment,,Sidewalk,10314,159 BRIDGETOWN STREET,BRIDGETOWN STREET,NOME AVENUE,ESSEX DRIVE,,,ADDRESS,STATEN ISLAND,,,Closed,,The Department of Sanitation collected the E-waste.,06/22/2023 09:50:00 AM,02 STATEN ISLAND,50,Precinct 121,5023980098,STATEN ISLAND,940890,151968,PHONE,Unspecified,STATEN ISLAND,,,,,,,,40.58368710473867,-74.15610349538483,POINT (-74.156103495385 40.583687104739)
57960720,06/21/2023 06:18:04 PM,06/27/2023 12:18:39 PM,DOT,Department of Transportation,Sidewalk Condition,Broken Sidewalk,City-Owned,Sidewalk,11223,228 AVENUE S,AVENUE S,WEST    5 STREET,WEST    4 STREET,WEST    5 STREET,WEST    4 STREET,ADDRESS,BROOKLYN,AVENUE S,,Closed,,"The Department of Transportation inspected the condition you reported. You can find additional information in the ""Notes to Customer"" field.",06/27/2023 12:18:47 PM,11 BROOKLYN,44,Precinct 62,3070840001,BROOKLYN,990650,158347,PHONE,Unspecified,BROOKLYN,,,,,,,,40.60129991442034,-73.97695282749133,POINT (-73.976952827491 40.60129991442)
57950559,06/21/2023 12:40:41 AM,06/21/2023 12:45:14 AM,NYPD,New York City Police Department,Noise - Street/Sidewalk,Loud Talking,,Street/Sidewalk,11237,295 STOCKHOLM STREET,STOCKHOLM STREET,IRVING AVENUE,WYCKOFF AVENUE,IRVING AVENUE,WYCKOFF AVENUE,ADDRESS,BROOKLYN,STOCKHOLM STREET,,Closed,,The Police Department responded to the complaint and took action to fix the condition.,06/21/2023 12:45:17 AM,04 BROOKLYN,37,Precinct 83,3032480055,BROOKLYN,1006550,195329,MOBILE,Unspecified,BROOKLYN,,,,,,,,40.70278165028461,-73.91957275309046,POINT (-73.91957275309 40.702781650285)
57951729,06/21/2023 12:03:53 AM,06/21/2023 12:23:30 AM,NYPD,New York City Police Department,Noise - Vehicle,Car/Truck Horn,,Street/Sidewalk,11213,1294 UNION STREET,UNION STREET,NEW YORK AVENUE,BROOKLYN AVENUE,NEW YORK AVENUE,BROOKLYN AVENUE,ADDRESS,BROOKLYN,UNION STREET,,Closed,,The Police Department responded to the complaint and with the information available observed no evidence of the violation at that time.,06/21/2023 12:23:36 AM,09 BROOKLYN,35,Precinct 71,3012770007,BROOKLYN,998841,182925,MOBILE,Unspecified,BROOKLYN,,,,,,,,40.66875158377174,-73.94740290873881,POINT (-73.947402908739 40.668751583772)
57948741,06/19/2023 06:26:45 PM,06/19/2023 07:12:42 PM,NYPD,New York City Police Department,Noise - Residential,Loud Music/Party,,Residential Building/House,11225,15 CROWN STREET,CROWN STREET,WASHINGTON AVENUE,FRANKLIN AVENUE SHUTTLE LINE,WASHINGTON AVENUE,FRANKLIN AVENUE SHUTTLE LINE,ADDRESS,BROOKLYN,CROWN STREET,,Closed,,The Police Department responded to the complaint and took action to fix the condition.,06/19/2023 07:12:45 PM,09 BROOKLYN,35,Precinct 71,3011890068,BROOKLYN,994988,182496,MOBILE,Unspecified,BROOKLYN,,,,,,,,40.66757958613864,-73.96129274028637,POINT (-73.961292740286 40.667579586139)
55865466,11/01/2022 09:30:00 AM,11/06/2022 03:55:00 PM,DOT,Department of Transportation,Traffic Signal Condition,Controller,Operating Improperly,,,,,,,ROCKAWAY BLVD,5 TOWNS NORTH,INTERSECTION,,,N/A,Closed,,"Service Request status for this request is available on the Department of Transportation's website. Please click the ""Learn More"" link below.",11/06/2022 03:55:00 PM,Unspecified QUEENS,,Unspecified,,QUEENS,,,UNKNOWN,Unspecified,QUEENS,,,,,,,,,,
57949425,06/20/2023 06:57:07 PM,01/10/2025 01:46:22 AM,DOHMH,Department of Health and Mental Hygiene,Day Care,Day Care Facility,Other,Apartment,10304,320 VANDERBILT AVENUE,VANDERBILT AVENUE,OSGOOD AVENUE,PRINCE STREET,OSGOOD AVENUE,PRINCE STREET,ADDRESS,STATEN ISLAND,VANDERBILT AVENUE,,Closed,,The NYC Health Department has investigated your complaint. You can get the status by calling 311 or (646) 632-6101 on weekdays between 9 AM and 5 PM. This service request has been closed.,01/10/2025 01:46:26 AM,01 STATEN ISLAND,49,Precinct 120,5028710001,STATEN ISLAND,961624,164252,PHONE,Unspecified,STATEN ISLAND,,,,,,,,40.61748134864129,-74.08149871960771,POINT (-74.081498719608 40.617481348641)
57947346,06/19/2023 02:27:57 AM,06/19/2023 02:42:54 AM,NYPD,New York City Police Department,Noise - Residential,Loud Television,,Residential Building/House,10473,535 HAVEMEYER AVENUE,HAVEMEYER AVENUE,LACOMBE AVENUE,RANDALL AVENUE,LACOMBE AVENUE,RANDALL AVENUE,ADDRESS,BRONX,HAVEMEYER AVENUE,,Closed,,The Police Department responded to the complaint and with the information available observed no evidence of the violation at that time.,06/19/2023 02:42:59 AM,09 BRONX,18,Precinct 43,2035370001,BRONX,1027243,237367,ONLINE,Unspecified,BRONX,,,,,,,,40.81808863502929,-73.84467259346006,POINT (-73.84467259346 40.818088635029)
57951477,06/20/2023 02:55:58 PM,06/20/2023 03:04:40 PM,NYPD,New York City Police Department,Illegal Parking,Posted Parking Sign Violation,,Street/Sidewalk,11249,288 BERRY STREET,BERRY STREET,SOUTH    2 STREET,SOUTH    3 STREET,SOUTH    2 STREET,SOUTH    3 STREET,ADDRESS,BROOKLYN,BERRY STREET,,Closed,,The Police Department responded to the complaint and with the information available observed no evidence of the violation at that time.,06/20/2023 03:04:45 PM,01 BROOKLYN,34,Precinct 90,3024160151,BROOKLYN,994285,199235,ONLINE,Unspecified,BROOKLYN,,,,,,,,40.71352510435361,-73.96380190940029,POINT (-73.9638019094 40.713525104354)
57952440,06/20/2023 03:33:29 PM,02/13/2024 11:47:30 AM,DPR,Department of Parks and Recreation,Overgrown Tree/Branches,Hitting Building,N/A,Street,11420,121-39 133 STREET,133 STREET,ROCKAWAY BOULEVARD,SUTTER AVENUE,ROCKAWAY BOULEVARD,SUTTER AVENUE,ADDRESS,SOUTH OZONE PARK,133 STREET,,Closed,,"Under NYC Parksâ Tree Risk Management Program, work is prioritized to address the conditions with the highest risk first.  NYC Parks determined that the issue will be addressed in the next pruning cycle through the routine block pruning program.  For more information about the Tree Risk Management Program, visit the NYC Urban Forest page on the NYC Parks website at nyc.gov/parks/trees.   To learn more about the trees in your neighborhood, visit the NYC Tree Map at nyc.gov/parks/treemap.",02/13/2024 11:47:36 AM,10 QUEENS,28,Precinct 106,4117570030,QUEENS,1038233,185014,PHONE,Unspecified,QUEENS,,,,,,,,40.674332850389945,-73.80538766676395,POINT (-73.805387666764 40.67433285039)
57946392,06/19/2023 12:13:28 PM,06/19/2023 12:26:58 PM,NYPD,New York City Police Department,Illegal Parking,Double Parked Blocking Vehicle,,Street/Sidewalk,11215,714 5 AVENUE,5 AVENUE,22 STREET,23 STREET,22 STREET,23 STREET,ADDRESS,BROOKLYN,5 AVENUE,,Closed,,The Police Department responded to the complaint and took action to fix the condition.,06/19/2023 12:27:03 PM,07 BROOKLYN,38,Precinct 72,3006460043,BROOKLYN,985839,179930,PHONE,Unspecified,BROOKLYN,,,,,,,,40.66054285389782,-73.99427273740947,POINT (-73.994272737409 40.660542853898)
57957318,06/21/2023 01:13:54 AM,06/21/2023 01:48:09 AM,NYPD,New York City Police Department,Noise - Residential,Loud Music/Party,,Residential Building/House,11432,173-15 89 AVENUE,89 AVENUE,173 STREET,175 STREET,173 STREET,175 STREET,ADDRESS,JAMAICA,89 AVENUE,,Closed,,The Police Department responded to the complaint and took action to fix the condition.,06/21/2023 01:48:14 AM,12 QUEENS,27,Precinct 103,,QUEENS,1043004,198094,MOBILE,Unspecified,QUEENS,,,,,,,,40.71020394460411,-73.78807387506644,POINT (-73.788073875066 40.710203944604)
57948939,06/19/2023 01:00:06 PM,06/21/2023 05:39:47 PM,HPD,Department of Housing Preservation and Development,ELECTRIC,POWER OUTAGE,MULTIPLE ROOMS OR AREAS,RESIDENTIAL BUILDING,11692,128 BEACH   59 STREET,BEACH   59 STREET,,,,,ADDRESS,ARVERNE,,,Closed,,The Department of Housing Preservation and Development inspected the following conditions. No violations were issued. The complaint has been closed.,06/21/2023 12:00:00 AM,14 QUEENS,31,Precinct 101,4159260001,QUEENS,1042930,154413,PHONE,Unspecified,QUEENS,,,,,,,,40.59030994877423,-73.78872081143598,POINT (-73.788720811436 40.590309948774)
57944664,06/19/2023 06:44:54 AM,06/22/2023 03:04:04 PM,HPD,Department of Housing Preservation and Development,PAINT/PLASTER,CEILING,HOLE OR CRACKED,RESIDENTIAL BUILDING,10031,1590 AMSTERDAM AVENUE,AMSTERDAM AVENUE,,,,,ADDRESS,NEW YORK,,,Closed,,The Department of Housing Preservation and Development inspected the following conditions. No violations were issued. The complaint has been closed.,06/22/2023 12:00:00 AM,09 MANHATTAN,07,Precinct 30,1020700036,MANHATTAN,997930,238465,PHONE,Unspecified,MANHATTAN,,,,,,,,40.82119636470018,-73.95057388052797,POINT (-73.950573880528 40.8211963647)
57946032,06/19/2023 10:24:46 AM,07/03/2023 02:35:02 PM,DPR,Department of Parks and Recreation,Maintenance or Facility,Broken Glass,Playground Equipment,Park,11216,HERBERT VON KING PARK,HERBERT VON KING PARK,LAFAYETTE AVENUE,VAN BUREN STREET,LAFAYETTE AVENUE,VAN BUREN STREET,UNRECOGNIZED,BROOKLYN,HERBERT VON KING PARK,,Closed,,NYC Parks has completed the requested work order and corrected the problem.,07/03/2023 02:35:07 PM,03 BROOKLYN,36,Precinct 79,3017900001,BROOKLYN,999043,190542,ONLINE,Unspecified,BROOKLYN,,,,,,,,40.68965818409251,-73.94665802675449,POINT (-73.946658026754 40.689658184093)
57958020,06/21/2023 01:32:34 AM,06/21/2023 02:31:14 AM,NYPD,New York City Police Department,Encampment,N/A,,Subway,,,,,,,,,,,,Closed,,The Police Department visited the location and no Encampment was found.,06/21/2023 02:31:21 AM,Unspecified MANHATTAN,,Unspecified,,MANHATTAN,984878,208075,MOBILE,Unspecified,MANHATTAN,,,,F,,,Mezzanine,40.73779442489342,-73.99773386344371,POINT (-73.997733863444 40.737794424893)
57960639,06/21/2023 11:09:21 AM,07/03/2023 02:15:16 PM,DPR,Department of Parks and Recreation,Maintenance or Facility,Garbage or Litter,Full Trash Bag Not Picked Up,Park,11232,4200 5 AVENUE,5 AVENUE,42 STREET,43 STREET,42 STREET,43 STREET,ADDRESS,BROOKLYN,5 AVENUE,,Closed,,NYC Parks has completed the requested work order and corrected the problem.,07/03/2023 02:15:22 PM,07 BROOKLYN,38,Precinct 72,,BROOKLYN,982653,175907,MOBILE,Sunset Park,BROOKLYN,,,,,,,,40.649500597233825,-74.00575514447839,POINT (-74.005755144478 40.649500597234)
57948210,06/19/2023 12:35:36 PM,06/19/2023 12:35:36 PM,DOHMH,Department of Health and Mental Hygiene,Rodent,Rat Sighting,,3+ Family Apt. Building,11226,354 EAST   21 STREET,EAST   21 STREET,REGENT PLACE,BEVERLEY ROAD,REGENT PLACE,BEVERLEY ROAD,ADDRESS,BROOKLYN,EAST   21 STREET,,Closed,,The Department of Health and Mental Hygiene found violations on the property you reported. Follow-up inspections will be scheduled.,06/19/2023 12:35:36 PM,14 BROOKLYN,40,Precinct 70,3051240051,BROOKLYN,995594,174513,PHONE,Unspecified,BROOKLYN,,,,,,,,40.6456672476512,-73.959121721701,POINT (-73.959121721701 40.645667247651)
57951603,06/20/2023 07:01:29 PM,06/20/2023 07:42:37 PM,NYPD,New York City Police Department,Illegal Parking,Posted Parking Sign Violation,,Street/Sidewalk,11231,COLUMBIA STREET,COLUMBIA STREET,COLUMBIA STREET,UNION STREET,COLUMBIA STREET,UNION STREET,INTERSECTION,,,,Closed,,The Police Department issued a summons in response to the complaint.,06/20/2023 07:42:42 PM,06 BROOKLYN,39,Precinct 76,,BROOKLYN,983415,188618,MOBILE,Unspecified,BROOKLYN,,,,,,,,40.68438956827206,-74.00301068247119,POINT (-74.003010682471 40.684389568272)
57952908,06/20/2023 03:52:00 PM,06/20/2023 10:51:00 PM,DSNY,Department of Sanitation,Derelict Vehicles,Derelict Vehicles,,Street,10461,1948 PILGRIM AVENUE,PILGRIM AVENUE,SANTO DONATO PLACE,WILKINSON AVENUE,,,ADDRESS,BRONX,,,Closed,,The vehicle you reported exceeds the monetary value eligible for collection as junk. The Department of Sanitation has forwarded the request to the NYPD for further action.,06/20/2023 12:00:00 PM,10 BRONX,13,Precinct 45,2042330017,BRONX,1030469,249360,PHONE,Unspecified,BRONX,,,,,,,,40.850989608882415,-73.83293491893221,POINT (-73.832934918932 40.850989608882)
57952422,06/20/2023 10:39:21 PM,06/21/2023 08:31:14 AM,DPR,Department of Parks and Recreation,Maintenance or Facility,Structure - Outdoors,Gate,Park,10009,532 EAST   12 STREET,EAST   12 STREET,AVENUE A,AVENUE B,AVENUE A,AVENUE B,ADDRESS,NEW YORK,EAST   12 STREET,,Closed,,NYC Parks has completed the requested work order and corrected the problem.,06/21/2023 08:31:20 AM,03 MANHATTAN,02,Precinct 9,1004050024,MANHATTAN,989669,204765,UNKNOWN,Unspecified,MANHATTAN,,,,,,,,40.7287076510075,-73.98044821721834,POINT (-73.980448217218 40.728707651008)
57957579,06/20/2023 04:50:27 PM,06/23/2023 02:49:11 PM,HPD,Department of Housing Preservation and Development,PAINT/PLASTER,WALL,DIRTY OR UNSANITARY,RESIDENTIAL BUILDING,11232,327 43 STREET,43 STREET,,,,,ADDRESS,BROOKLYN,,,Closed,,"The Department of Housing Preservation and Development contacted an occupant of the apartment and verified that the following conditions were corrected. The complaint has been closed. If the condition still exists, please file a new complaint.",06/23/2023 12:00:00 AM,07 BROOKLYN,38,Precinct 72,3007230065,BROOKLYN,981546,176508,PHONE,Unspecified,BROOKLYN,,,,,,,,40.65114994286522,-74.00974470595162,POINT (-74.009744705952 40.651149942865)
57959397,06/20/2023 08:35:07 AM,06/20/2023 05:48:29 PM,DHS,Department of Homeless Services,Homeless Person Assistance,,,Store/Commercial,11355,44-15 KISSENA BOULEVARD,KISSENA BOULEVARD,CHERRY AVENUE,ELDER AVENUE,CHERRY AVENUE,ELDER AVENUE,ADDRESS,FLUSHING,KISSENA BOULEVARD,,Closed,,"The mobile outreach response team offered services to the individual, but the individual did not accept assistance.",06/20/2023 05:48:29 PM,07 QUEENS,20,Precinct 109,4051920027,QUEENS,1033462,213865,MOBILE,Unspecified,QUEENS,,,,,,,,40.753549598582595,-73.82237648871298,POINT (-73.822376488713 40.753549598583)
57951900,06/20/2023 02:25:51 PM,06/20/2023 02:58:23 PM,DHS,Department of Homeless Services,Homeless Person Assistance,,,Street/Sidewalk,10019,1668 BROADWAY,BROADWAY,WEST 51 STREET,WEST 52 STREET,WEST   51 STREET,WEST   52 STREET,ADDRESS,NEW YORK,BROADWAY,,Closed,,The Department of Homeless Services did not have enough information to act on your request.,06/20/2023 02:58:23 PM,05 MANHATTAN,04,Precinct 18,1010230029,MANHATTAN,988877,217098,MOBILE,Unspecified,MANHATTAN,,,,,,,,40.762559093893486,-73.98329727301125,POINT (-73.983297273011 40.762559093893)
57951873,06/20/2023 06:51:39 PM,06/20/2023 07:10:25 PM,NYPD,New York City Police Department,Noise - Residential,Banging/Pounding,,Residential Building/House,10457,2185 VALENTINE AVENUE,VALENTINE AVENUE,EAST  181 STREET,EAST  182 STREET,EAST  181 STREET,EAST  182 STREET,ADDRESS,BRONX,VALENTINE AVENUE,,Closed,,The Police Department responded to the complaint and took action to fix the condition.,06/20/2023 07:10:33 PM,05 BRONX,15,Precinct 46,2031490147,BRONX,1012181,250712,ONLINE,Unspecified,BRONX,,,,,,,,40.85477723678787,-73.89903375851317,POINT (-73.899033758513 40.854777236788)
57950442,06/20/2023 10:30:09 PM,06/20/2023 10:45:46 PM,NYPD,New York City Police Department,Noise - Commercial,Loud Music/Party,,Store/Commercial,11433,108-57 MERRICK BOULEVARD,MERRICK BOULEVARD,108 AVENUE,108 DRIVE,108 AVENUE,108 DRIVE,ADDRESS,JAMAICA,MERRICK BOULEVARD,,Closed,,The Police Department responded to the complaint and with the information available observed no evidence of the violation at that time.,06/20/2023 10:45:51 PM,12 QUEENS,27,Precinct 103,,QUEENS,1043759,193559,ONLINE,Unspecified,QUEENS,,,,,,,,40.697751427306855,-73.78539067090757,POINT (-73.785390670908 40.697751427307)
57960666,06/21/2023 04:56:28 PM,06/22/2023 02:35:08 PM,DOT,Department of Transportation,Bus Stop Shelter Placement,New Bus Stop Shelter Placement,N/A,Bus Stop Shelter,11233,1392 ST MARKS AVENUE,ST MARKS AVENUE,BUFFALO AVENUE,RALPH AVENUE,BUFFALO AVENUE,RALPH AVENUE,ADDRESS,BROOKLYN,ST MARKS AVENUE,,Closed,,"The Department of Transportation inspected the condition you reported. You can find additional information in the ""Notes to Customer"" field.",06/22/2023 02:35:12 PM,08 BROOKLYN,41,Precinct 77,,BROOKLYN,1005815,184727,ONLINE,Unspecified,BROOKLYN,,,,,,,,40.6736834278802,-73.92225754035414,POINT (-73.922257540354 40.67368342788)
57950874,06/21/2023 01:04:32 AM,06/21/2023 02:12:52 AM,NYPD,New York City Police Department,Blocked Driveway,Partial Access,,Street/Sidewalk,11204,1560 WEST    2 STREET,WEST    2 STREET,65 STREET,AVENUE P,65 STREET,AVENUE P,ADDRESS,BROOKLYN,WEST    2 STREET,,Closed,,The Police Department issued a summons in response to the complaint.,06/21/2023 02:12:57 AM,11 BROOKLYN,44,Precinct 62,3066040035,BROOKLYN,990882,161320,PHONE,Unspecified,BROOKLYN,,,,,,,,40.609460021793744,-73.97611444823694,POINT (-73.976114448237 40.609460021794)
57955509,06/20/2023 06:54:00 PM,06/22/2023 12:00:00 AM,DOB,Department of Buildings,Emergency Response Team (ERT),After Hours Work - Illegal,,,11203,160 EAST   46 STREET,EAST   46 STREET,,,,,ADDRESS,BROOKLYN,,N/A,Closed,,The Department of Buildings investigated this complaint and determined that no further action was necessary.,06/22/2023 12:00:00 AM,09 BROOKLYN,41,Precinct 71,3048250040,BROOKLYN,1002279,179195,UNKNOWN,Unspecified,BROOKLYN,,,,,,,,40.65850722884212,-73.93501971316267,POINT (-73.935019713163 40.658507228842)
57949983,06/19/2023 09:20:35 PM,06/23/2023 12:00:00 AM,DOB,Department of Buildings,Boilers,Boiler - Defective/Inoperative/No Permit,,,10026,197 LENOX AVENUE,LENOX AVENUE,,,,,ADDRESS,NEW YORK,,N/A,Closed,,The Department of Buildings reviewed this complaint and referred it to the Department of Housing Preservation and Development for further action.,06/23/2023 12:00:00 AM,10 MANHATTAN,09,Precinct 28,1019040035,MANHATTAN,998666,232364,UNKNOWN,Unspecified,MANHATTAN,,,,,,,,40.80444965261715,-73.9479278015911,POINT (-73.947927801591 40.804449652617)
57960801,06/21/2023 03:31:21 AM,06/21/2023 04:35:03 AM,NYPD,New York City Police Department,Illegal Parking,Blocked Sidewalk,,Street/Sidewalk,11364,64-16 224 STREET,224 STREET,64 AVENUE,65 AVENUE,64 AVENUE,65 AVENUE,ADDRESS,OAKLAND GARDENS,224 STREET,,Closed,,The Police Department responded to the complaint and determined that police action was not necessary.,06/21/2023 04:35:08 AM,11 QUEENS,23,Precinct 111,4076580002,QUEENS,1052842,211869,MOBILE,Unspecified,QUEENS,,,,,,,,40.747942005188136,-73.7524478944344,POINT (-73.752447894434 40.747942005188)
57949551,06/20/2023 08:06:17 AM,01/31/2025 08:51:48 AM,DPR,Department of Parks and Recreation,New Tree Request,For One Address,Street Tree,Street,10032,509 WEST  160 STREET,WEST  160 STREET,AMSTERDAM AVENUE,BROADWAY,AMSTERDAM AVENUE,BROADWAY,ADDRESS,NEW YORK,WEST  160 STREET,,Closed,,"The location was inspected and is suitable for tree planting. Barring any unforeseen issues such as underground utilities and based on available funding, the requested tree will be placed on an upcoming contract. Please note that this process can take up to two years, depending on capacity and the location.   To find out where and when trees will be planted, please visit the Tree Work Hub at nyc.gov/parks/treework.  To learn more about the trees in your neighborhood, visit the NYC Street Tree Map at nyc.gov/parks/treemap.",01/31/2025 08:51:51 AM,12 MANHATTAN,10,Precinct 33,1021190047,MANHATTAN,1000513,243488,ONLINE,Unspecified,MANHATTAN,,,,,,,,40.83497868400148,-73.94122927534913,POINT (-73.941229275349 40.834978684001)
57951747,06/20/2023 01:46:55 PM,06/20/2023 03:04:06 PM,DSNY,Department of Sanitation,Vendor Enforcement,Food Vendor,In Prohibited Area,Street,11368,41-21 111 STREET,111 STREET,41 AVENUE,42 AVENUE,41 AVENUE,42 AVENUE,ADDRESS,CORONA,111 STREET,,Closed,,N/A,06/20/2023 03:04:12 PM,04 QUEENS,21,Precinct 110,4020140001,QUEENS,1024323,212810,PHONE,Unspecified,QUEENS,,,,,,,,40.750700035760374,-73.85536859198177,POINT (-73.855368591982 40.75070003576)
57954294,06/20/2023 09:23:34 PM,06/20/2023 09:37:42 PM,NYPD,New York City Police Department,Illegal Parking,Blocked Hydrant,,Street/Sidewalk,10019,357 WEST   55 STREET,WEST   55 STREET,8 AVENUE,9 AVENUE,8 AVENUE,9 AVENUE,ADDRESS,NEW YORK,WEST   55 STREET,,Closed,,The Police Department responded to the complaint and with the information available observed no evidence of the violation at that time.,06/20/2023 09:37:46 PM,04 MANHATTAN,06,Precinct 18,1010460001,MANHATTAN,988114,218486,ONLINE,Unspecified,MANHATTAN,,,,,,,,40.766369161993914,-73.98605078255768,POINT (-73.986050782558 40.766369161994)
57945060,06/19/2023 08:23:45 PM,06/21/2023 04:57:41 PM,HPD,Department of Housing Preservation and Development,HEAT/HOT WATER,APARTMENT ONLY,HEAT ON IN SUMMER,RESIDENTIAL BUILDING,10458,220 EAST  197 STREET,EAST  197 STREET,,,,,ADDRESS,BRONX,,,Closed,,The Department of Housing Preservation and Development inspected the following conditions. No violations were issued. The complaint has been closed.,06/21/2023 12:00:00 AM,07 BRONX,15,Precinct 52,2033040156,BRONX,1014419,255902,PHONE,Unspecified,BRONX,,,,,,,,40.869014846576924,-73.89092038098717,POINT (-73.890920380987 40.869014846577)
57950280,06/20/2023 10:28:24 AM,06/24/2023 09:05:07 PM,DSNY,Department of Sanitation,Dirty Condition,Dog Waste,Not Cleaned by Property Owner,Sidewalk,11208,180 BERRIMAN STREET,BERRIMAN STREET,GLENMORE AVENUE,PITKIN AVENUE,GLENMORE AVENUE,PITKIN AVENUE,ADDRESS,BROOKLYN,BERRIMAN STREET,,Closed,,The Department of Sanitation investigated this complaint and found no violation at the location.,06/24/2023 09:05:12 PM,05 BROOKLYN,42,Precinct 75,3040057501,BROOKLYN,1017550,185031,ONLINE,Unspecified,BROOKLYN,,,,,,,,40.67448147459284,-73.87995106170509,POINT (-73.879951061705 40.674481474593)
57948651,06/19/2023 01:23:00 AM,06/19/2023 02:15:00 AM,DOT,Department of Transportation,Traffic Signal Condition,Pedestrian Signal,Obscured (Dirty),,10032,,,,,BROADWAY,WEST 162 STREET,INTERSECTION,MANHATTAN,,N/A,Closed,,Service Request status for this request is available on the Department of Transportationâs website. Please click the âLearn Moreâ link below.,06/19/2023 02:15:00 AM,12 MANHATTAN,07,Precinct 33,,MANHATTAN,1000134,244289,UNKNOWN,Unspecified,MANHATTAN,,,,,,,,40.83717788658009,-73.9425969965216,POINT (-73.942596996522 40.83717788658)
57961341,06/21/2023 10:03:03 PM,06/21/2023 10:32:52 PM,NYPD,New York City Police Department,Noise - Commercial,Loud Music/Party,,Club/Bar/Restaurant,11211,184 NORTH   10 STREET,NORTH   10 STREET,BEDFORD AVENUE,DRIGGS AVENUE,BEDFORD AVENUE,DRIGGS AVENUE,ADDRESS,BROOKLYN,NORTH   10 STREET,,Closed,,The Police Department responded to the complaint and with the information available observed no evidence of the violation at that time.,06/21/2023 10:32:57 PM,01 BROOKLYN,33,Precinct 94,3023050018,BROOKLYN,996677,201232,ONLINE,Unspecified,BROOKLYN,,,,,,,,40.7190033539138,-73.95516984023233,POINT (-73.955169840232 40.719003353914)
57948975,06/20/2023 12:26:16 AM,06/20/2023 12:48:09 AM,NYPD,New York City Police Department,Noise - Street/Sidewalk,Loud Talking,,Street/Sidewalk,11377,49-10 SKILLMAN AVENUE,SKILLMAN AVENUE,49 STREET,50 STREET,49 STREET,50 STREET,ADDRESS,WOODSIDE,SKILLMAN AVENUE,,Closed,,The Police Department responded to the complaint and took action to fix the condition.,06/20/2023 12:48:15 AM,02 QUEENS,26,Precinct 108,4001340028,QUEENS,1007794,211154,ONLINE,Unspecified,QUEENS,,,,,,,,40.74621419306285,-73.91503077951621,POINT (-73.915030779516 40.746214193063)
57948714,06/19/2023 09:57:44 AM,06/23/2023 09:40:28 PM,DSNY,Department of Sanitation,Litter Basket Complaint,Misuse,Used for Household Trash,Residence,11232,5 AVENUE,5 AVENUE,40 STREET,41 STREET,40 STREET,41 STREET,BLOCKFACE,,,,Closed,,The Department of Sanitation investigated this complaint and found no violation at the location.,06/23/2023 09:40:34 PM,Unspecified BROOKLYN,,Precinct 72,,BROOKLYN,,,PHONE,Unspecified,BROOKLYN,,,,,,,,,,
57947508,06/19/2023 03:03:02 PM,06/19/2023 03:12:15 PM,NYPD,New York City Police Department,Blocked Driveway,No Access,,Street/Sidewalk,11373,41-49 ITHACA STREET,ITHACA STREET,BRITTON AVENUE,ELMHURST AVENUE,BRITTON AVENUE,ELMHURST AVENUE,ADDRESS,ELMHURST,ITHACA STREET,,Closed,,The Police Department responded to the complaint and determined that police action was not necessary.,06/19/2023 03:12:20 PM,04 QUEENS,25,Precinct 110,4015150044,QUEENS,1017564,210654,PHONE,Unspecified,QUEENS,,,,,,,,40.744810410955566,-73.87977381023059,POINT (-73.879773810231 40.744810410956)
57953412,06/21/2023 01:09:28 AM,06/21/2023 01:23:15 AM,NYPD,New York City Police Department,Noise - Street/Sidewalk,Loud Talking,,Street/Sidewalk,11218,421 AVENUE C,AVENUE C,EAST    4 STREET,EAST    5 STREET,EAST    4 STREET,EAST    5 STREET,ADDRESS,BROOKLYN,AVENUE C,,Closed,,The Police Department responded and upon arrival those responsible for the condition were gone.,06/21/2023 01:23:18 AM,12 BROOKLYN,39,Precinct 66,3053560042,BROOKLYN,991001,172701,MOBILE,Unspecified,BROOKLYN,,,,,,,,40.64069838956446,-73.97567447987569,POINT (-73.975674479876 40.640698389564)
57945636,06/19/2023 02:51:34 AM,06/19/2023 03:13:27 AM,NYPD,New York City Police Department,Noise - Street/Sidewalk,Loud Music/Party,,Street/Sidewalk,10459,1086 HOME STREET,HOME STREET,LONGFELLOW AVENUE,WESTCHESTER AVENUE,LONGFELLOW AVENUE,WESTCHESTER AVENUE,ADDRESS,BRONX,HOME STREET,,Closed,,The Police Department responded to the complaint and took action to fix the condition.,06/19/2023 03:13:31 AM,03 BRONX,17,Precinct 42,2027580029,BRONX,1015562,240896,ONLINE,Unspecified,BRONX,,,,,,,,40.82782385986456,-73.88685781061355,POINT (-73.886857810614 40.827823859865)
57947859,06/19/2023 11:41:32 PM,06/21/2023 05:10:41 PM,HPD,Department of Housing Preservation and Development,HEAT/HOT WATER,APARTMENT ONLY,NO HOT WATER,RESIDENTIAL BUILDING,11377,40-14 62 STREET,62 STREET,,,,,ADDRESS,WOODSIDE,,,Closed,,The complaint you filed is a duplicate of a condition already reported by another tenant for a building-wide condition. The original complaint is still open. HPD may attempt to contact you to verify the correction of the condition or may conduct an inspection of your unit if the original complainant is not available for verification.,06/21/2023 12:00:00 AM,02 QUEENS,26,Precinct 108,4013360052,QUEENS,1011281,210361,PHONE,Unspecified,QUEENS,,,,,,,,40.744027636693644,-73.90244955262231,POINT (-73.902449552622 40.744027636694)
57947238,06/19/2023 11:23:00 AM,06/26/2023 11:45:00 AM,DEP,Department of Environmental Protection,Noise,Noise: Construction Equipment (NC1),NC1,,10023,309 AMSTERDAM AVENUE,AMSTERDAM AVENUE,W 74 ST,W 75 ST,,,ADDRESS,NEW YORK,,N/A,Closed,,"The Department of Environmental Protection (DEP) didn't observe a violation of the NYC Air or Noise Code at the time of inspection and couldn't issue a summons.  If the problem still exists, please go to nyc.gov/311 or call 311 to file a new Service Request. If you're outside of New York City, please call (212) NEW-YORK (212-639-9675).",06/26/2023 11:45:00 AM,07 MANHATTAN,06,Precinct 20,1011460004,MANHATTAN,989669,223539,ONLINE,Unspecified,MANHATTAN,,,,,,,,40.78023750770558,-73.98043308662471,POINT (-73.980433086625 40.780237507706)
57957003,06/20/2023 07:43:32 PM,08/22/2023 12:11:03 PM,TLC,Taxi and Limousine Commission,For Hire Vehicle Complaint,Driver Complaint - Non Passenger,Unsafe Driving,Street,10020,626 5 AVENUE,5 AVENUE,EAST   50 STREET,EAST   51 STREET,EAST   50 STREET,EAST   51 STREET,ADDRESS,NEW YORK,5 AVENUE,,Closed,,The Taxi and Limousine Commission (TLC) reviewed your complaint. The driver or owner pled guilty to a violation and paid a fine. TLC has sent you a written confirmation of this outcome.,08/22/2023 12:11:06 PM,05 MANHATTAN,04,Precinct 18,1012660001,MANHATTAN,990582,215669,ONLINE,Unspecified,MANHATTAN,,,"626 5 AVENUE, MANHATTAN (NEW YORK), NY, 10020",,,,,40.75863579889287,-73.97714384300713,POINT (-73.977143843007 40.758635798893)
57948462,06/19/2023 04:22:41 PM,06/19/2023 05:25:07 PM,NYPD,New York City Police Department,Illegal Parking,Blocked Hydrant,,Street/Sidewalk,11230,1818 OCEAN AVENUE,OCEAN AVENUE,AVENUE M,BAY AVENUE,AVENUE M,BAY AVENUE,ADDRESS,BROOKLYN,OCEAN AVENUE,,Closed,,The Police Department issued a summons in response to the complaint.,06/19/2023 05:25:12 PM,14 BROOKLYN,44,Precinct 70,3067480026,BROOKLYN,996777,164297,MOBILE,Unspecified,BROOKLYN,,,,,,,,40.61762489853115,-73.95487772677701,POINT (-73.954877726777 40.617624898531)
57948552,06/19/2023 12:28:57 PM,06/19/2023 12:40:25 PM,NYPD,New York City Police Department,Drug Activity,Use Outside,,Street/Sidewalk,11236,933 REMSEN AVENUE,REMSEN AVENUE,AVENUE D,KRIER PLACE,AVENUE D,KRIER PLACE,ADDRESS,BROOKLYN,REMSEN AVENUE,,Closed,,The Police Department responded to the complaint and determined that police action was not necessary.,06/19/2023 12:40:35 PM,18 BROOKLYN,42,Precinct 69,3081240027,BROOKLYN,1008662,174531,ONLINE,Unspecified,BROOKLYN,,,,,,,,40.64569027390154,-73.91203094096106,POINT (-73.912030940961 40.645690273902)
57952449,06/20/2023 04:22:26 PM,06/22/2023 09:35:32 AM,DOT,Department of Transportation,Sidewalk Condition,Blocked - Construction,N/A,Sidewalk,11201,318 STATE STREET,STATE STREET,SMITH STREET,HOYT STREET,SMITH STREET,HOYT STREET,ADDRESS,BROOKLYN,STATE STREET,,Closed,,"The Department of Transportation inspected the condition and issued a Corrective Action Repair (CAR) to the contractor or utility company. The responsible party has a maximum of 30 days to correct the condition. If the condition still exists, a summons will be issued. In some cases, the Department of Transportation will make the repairs and charge the responsible party for the costs.",06/22/2023 09:35:38 AM,02 BROOKLYN,33,Precinct 84,3001760019,BROOKLYN,987760,190189,PHONE,Unspecified,BROOKLYN,,,,,,,,40.6887009468876,-73.98734349845763,POINT (-73.987343498458 40.688700946888)
57945078,06/19/2023 09:40:21 PM,06/21/2023 12:15:00 PM,DOT,Department of Transportation,Street Condition,Pothole,,,10014,,,,,JOE DIMAGGIO HIGHWAY,BARROW STREET,INTERSECTION,MANHATTAN,,N/A,Closed,,The Department of Transportation inspected this complaint and repaired the problem.,06/21/2023 12:15:00 PM,02 MANHATTAN,03,Precinct 6,,MANHATTAN,981370,205972,UNKNOWN,Unspecified,MANHATTAN,,,,,,,,40.73202176164719,-74.01039157309623,POINT (-74.010391573096 40.732021761647)
57952944,06/20/2023 07:58:57 PM,06/20/2023 08:00:54 PM,NYPD,New York City Police Department,Illegal Parking,Posted Parking Sign Violation,,Street/Sidewalk,11218,324 EAST    3 STREET,EAST    3 STREET,ALBEMARLE ROAD,CHURCH AVENUE,ALBEMARLE ROAD,CHURCH AVENUE,ADDRESS,BROOKLYN,EAST    3 STREET,,Closed,,The Police Department responded to the complaint and determined that police action was not necessary.,06/20/2023 08:00:59 PM,12 BROOKLYN,39,Precinct 66,3053350030,BROOKLYN,990476,173966,PHONE,Unspecified,BROOKLYN,,,,,,,,40.644170927356896,-73.97756501703489,POINT (-73.977565017035 40.644170927357)
57949218,06/19/2023 09:27:14 AM,06/19/2023 10:10:54 AM,NYPD,New York City Police Department,Illegal Parking,Parking Permit Improper Use,Parked In 'No Standing' Area,Street/Sidewalk,11101,10-64 JACKSON AVENUE,JACKSON AVENUE,50 AVENUE,,50 AVENUE,,ADDRESS,LONG ISLAND CITY,JACKSON AVENUE,,Closed,,The Police Department responded to the complaint and determined that police action was not necessary.,06/19/2023 10:11:00 AM,02 QUEENS,26,Precinct 108,4000437501,QUEENS,997462,209854,ONLINE,Unspecified,QUEENS,,,,,,,,40.74266749097321,-73.9523210389426,POINT (-73.952321038943 40.742667490973)
57958443,06/20/2023 12:40:17 PM,06/20/2023 12:54:10 PM,NYPD,New York City Police Department,Illegal Parking,Posted Parking Sign Violation,,Street/Sidewalk,10002,171 DELANCEY ST SOUTH,DELANCEY ST SOUTH,CLINTON STREET,ATTORNEY STREET,CLINTON STREET,ATTORNEY STREET,ADDRESS,NEW YORK,DELANCEY ST SOUTH,,Closed,,The Police Department issued a summons in response to the complaint.,06/20/2023 12:54:13 PM,03 MANHATTAN,01,Precinct 7,1003477501,MANHATTAN,988389,200677,MOBILE,Unspecified,MANHATTAN,,,,,,,,40.71748777215285,-73.98506897845515,POINT (-73.985068978455 40.717487772153)
57944619,06/19/2023 10:32:29 AM,07/10/2023 05:33:53 PM,HPD,Department of Housing Preservation and Development,APPLIANCE,ELECTRIC/GAS RANGE,NO GAS OR ELECTRICITY,RESIDENTIAL BUILDING,10031,644 RIVERSIDE DRIVE,RIVERSIDE DRIVE,,,,,ADDRESS,NEW YORK,,,Closed,,The Department of Housing Preservation and Development inspected the following conditions. Violations were issued. Information about specific violations is available at www.nyc.gov/hpd,07/10/2023 12:00:00 AM,09 MANHATTAN,07,Precinct 30,1020880114,MANHATTAN,997011,239894,PHONE,Unspecified,MANHATTAN,,,,,,,,40.825119939666216,-73.9538915280206,POINT (-73.953891528021 40.825119939666)
57950154,06/20/2023 11:38:25 AM,06/20/2023 01:20:17 PM,NYPD,New York City Police Department,Illegal Parking,Blocked Hydrant,,Street/Sidewalk,11421,85-35 89 STREET,89 STREET,85 ROAD,86 ROAD,85 ROAD,86 ROAD,ADDRESS,WOODHAVEN,89 STREET,,Closed,,The Police Department responded and upon arrival those responsible for the condition were gone.,06/20/2023 01:20:22 PM,09 QUEENS,32,Precinct 102,4088720035,QUEENS,1024143,192581,MOBILE,Unspecified,QUEENS,,,,,,,,40.695177216545616,-73.85613815228305,POINT (-73.856138152283 40.695177216546)
57954501,06/20/2023 03:10:31 PM,06/21/2023 12:00:00 AM,DOB,Department of Buildings,Elevator,Elevator - Single Device On Property/No Alternate Service,,,11230,1958 OCEAN AVENUE,OCEAN AVENUE,,,,,ADDRESS,BROOKLYN,,,Closed,,The Department of Buildings investigated this complaint and issued an Office of Administrative Trials and Hearings (OATH) summons.,06/21/2023 12:00:00 AM,14 BROOKLYN,48,Precinct 70,3067570043,BROOKLYN,996950,163112,UNKNOWN,Unspecified,BROOKLYN,,,,,,,,40.61437207301861,-73.95425680956357,POINT (-73.954256809564 40.614372073019)
57955680,06/20/2023 02:39:40 PM,06/20/2023 02:54:41 PM,NYPD,New York City Police Department,Illegal Parking,Blocked Hydrant,,Street/Sidewalk,11105,21-62 38 STREET,38 STREET,21 AVENUE,DITMARS BOULEVARD,21 AVENUE,DITMARS BOULEVARD,ADDRESS,ASTORIA,38 STREET,,Closed,,The Police Department responded and upon arrival those responsible for the condition were gone.,06/20/2023 02:54:45 PM,01 QUEENS,22,Precinct 114,4008080057,QUEENS,1010260,221261,ONLINE,Unspecified,QUEENS,,,,,,,,40.77394839179522,-73.90609200115286,POINT (-73.906092001153 40.773948391795)
57947463,06/19/2023 10:38:10 AM,06/19/2023 11:02:13 AM,NYPD,New York City Police Department,Illegal Parking,Blocked Bike Lane,,Street/Sidewalk,10031,1794 AMSTERDAM AVENUE,AMSTERDAM AVENUE,WEST  148 STREET,WEST  149 STREET,WEST  148 STREET,WEST  149 STREET,ADDRESS,NEW YORK,AMSTERDAM AVENUE,,Closed,,The Police Department responded and upon arrival those responsible for the condition were gone.,06/19/2023 11:02:21 AM,09 MANHATTAN,07,Precinct 30,1020800035,MANHATTAN,999232,240810,ONLINE,Unspecified,MANHATTAN,,,,,,,,40.82763061029258,-73.94586449300954,POINT (-73.94586449301 40.827630610293)
57957948,06/20/2023 02:41:15 PM,06/26/2023 02:22:28 PM,DOT,Department of Transportation,Sidewalk Condition,Sidewalk Violation,Sidewalk Re-inspection Request,Sidewalk,11236,1559 EAST   94 STREET,EAST   94 STREET,KAUFMAN PLACE,AVENUE N,KAUFMAN PLACE,AVENUE N,ADDRESS,BROOKLYN,EAST   94 STREET,,Closed,,The Department of Transportation has approved the sidewalk re-inspection request. The property owner will be notified by mail within 120 days with the date of re-inspection.,06/26/2023 02:22:32 PM,18 BROOKLYN,46,Precinct 69,3082780014,BROOKLYN,1013553,170412,PHONE,Unspecified,BROOKLYN,,,,,,,,40.634369676538796,-73.8944240438307,POINT (-73.894424043831 40.634369676539)
57948138,06/19/2023 12:56:50 PM,06/19/2023 05:11:05 PM,NYPD,New York City Police Department,Abandoned Vehicle,With License Plate,,Street/Sidewalk,11377,55-18 32 AVENUE,32 AVENUE,55 STREET,56 STREET,55 STREET,56 STREET,ADDRESS,WOODSIDE,32 AVENUE,,Closed,,The Police Department responded to the complaint and took action to fix the condition.,06/19/2023 05:11:08 PM,01 QUEENS,25,Precinct 114,4011570009,QUEENS,1010309,214558,MOBILE,Unspecified,QUEENS,,,,,,,,40.75555025401137,-73.9059410749617,POINT (-73.905941074962 40.755550254011)
57945852,06/19/2023 12:39:07 PM,05/13/2025 04:51:17 PM,DPR,Department of Parks and Recreation,New Tree Request,For One Address,Street Tree,Street,11211,554 METROPOLITAN AVENUE,METROPOLITAN AVENUE,UNION AVENUE,LORIMER STREET,UNION AVENUE,LORIMER STREET,ADDRESS,BROOKLYN,METROPOLITAN AVENUE,,Closed,,"In an effort to more fully and efficiently service each city block, NYC Parks is shifting their street tree planting program to a neighborhood approach.  If the site that you requested meets the criteria for planting, NYC Parks will plant a tree through their new Neighborhood Tree Planting Program.   NYC Parks is no longer accepting new tree planting requests. Each neighborhood will be surveyed, inspected, and planted sequentially. NYC Parks foresters will be conducting tree removal, stump removal, and planting block by block and closing all unplantable tree beds. The most heat-vulnerable neighborhoods will be prioritized first.  To learn more about this program, visit nyc.gov/parks/street-tree-planting.  To learn more about the trees in your neighborhood, visit the NYC Tree Map at nyc.gov/parks/treemap.",05/13/2025 04:51:59 PM,01 BROOKLYN,34,Precinct 90,3027610021,BROOKLYN,997973,199431,MOBILE,Unspecified,BROOKLYN,,,,,,,,40.714058125812684,-73.95049821803379,POINT (-73.950498218034 40.714058125813)
57951909,06/20/2023 12:54:34 PM,06/20/2023 01:13:50 PM,NYPD,New York City Police Department,Noise - Commercial,Banging/Pounding,,Store/Commercial,11207,855 KNICKERBOCKER AVENUE,KNICKERBOCKER AVENUE,SCHAEFER STREET,DECATUR STREET,SCHAEFER STREET,DECATUR STREET,ADDRESS,BROOKLYN,KNICKERBOCKER AVENUE,,Closed,,The Police Department responded to the complaint and with the information available observed no evidence of the violation at that time.,06/20/2023 01:13:54 PM,04 BROOKLYN,37,Precinct 83,3034310010,BROOKLYN,1010427,191246,MOBILE,Unspecified,BROOKLYN,,,,,,,,40.691564152074115,-73.90560583165338,POINT (-73.905605831653 40.691564152074)
57951450,06/20/2023 12:12:00 PM,06/20/2023 10:56:00 PM,DSNY,Department of Sanitation,Derelict Vehicles,Derelict Vehicles,,Street,10469,2726 SEXTON PLACE,SEXTON PLACE,ARNOW AVENUE,BEND,,,ADDRESS,BRONX,,DSNY Garage,Closed,,The vehicle you reported exceeds the monetary value eligible for collection as junk. The Department of Sanitation has forwarded the request to the NYPD for further action.,06/20/2023 12:00:00 PM,11 BRONX,12,Precinct 49,2045640021,BRONX,1026078,255470,PHONE,Unspecified,BRONX,,,,,,,,40.86778159205685,-73.84876864412962,POINT (-73.84876864413 40.867781592057)
57959424,06/20/2023 10:02:35 PM,06/30/2023 08:47:22 PM,HPD,Department of Housing Preservation and Development,APPLIANCE,REFRIGERATOR,BROKEN DOOR SEAL,RESIDENTIAL BUILDING,10460,948 EAST  179 STREET,EAST  179 STREET,,,,,ADDRESS,BRONX,,,Closed,,The Department of Housing Preservation and Development inspected the following conditions. No violations were issued. The complaint has been closed.,06/30/2023 12:00:00 AM,06 BRONX,17,Precinct 48,2031270020,BRONX,1016955,246440,PHONE,Unspecified,BRONX,,,,,,,,40.84303547550529,-73.88179734498868,POINT (-73.881797344989 40.843035475505)
57956220,06/20/2023 03:12:51 PM,07/22/2023 01:45:02 PM,HPD,Department of Housing Preservation and Development,PAINT/PLASTER,CEILING,CHIPPED/PEELING/FLAKING,RESIDENTIAL BUILDING,11223,1684 WEST   10 STREET,WEST   10 STREET,,,,,ADDRESS,BROOKLYN,,,Closed,,The Department of Housing Preservation and Development inspected the following conditions. No violations were issued. The complaint has been closed.,07/22/2023 12:00:00 AM,11 BROOKLYN,43,Precinct 62,3066210042,BROOKLYN,988921,160073,ONLINE,Unspecified,BROOKLYN,,,,,,,,40.60603851285432,-73.98317797138695,POINT (-73.983177971387 40.606038512854)
57959064,06/20/2023 03:20:12 PM,06/20/2023 04:05:14 PM,NYPD,New York City Police Department,Illegal Parking,Blocked Bike Lane,,Street/Sidewalk,11215,438 2 STREET,2 STREET,6 AVENUE,7 AVENUE,6 AVENUE,7 AVENUE,ADDRESS,BROOKLYN,2 STREET,,Closed,,The Police Department responded to the complaint and with the information available observed no evidence of the violation at that time.,06/20/2023 04:05:19 PM,06 BROOKLYN,39,Precinct 78,3009760008,BROOKLYN,989779,184133,ONLINE,Unspecified,BROOKLYN,,,,,,,,40.672077570663525,-73.98006827464319,POINT (-73.980068274643 40.672077570664)
57945555,06/19/2023 02:28:39 AM,06/19/2023 02:46:39 AM,NYPD,New York City Police Department,Noise - Residential,Banging/Pounding,,Residential Building/House,11209,9511 SHORE ROAD,SHORE ROAD,95 STREET,96 STREET,95 STREET,96 STREET,ADDRESS,BROOKLYN,SHORE ROAD,,Closed,,The Police Department responded to the complaint but officers were unable to gain entry into the premises.,06/19/2023 02:46:43 AM,10 BROOKLYN,47,Precinct 68,3061207502,BROOKLYN,973626,163839,ONLINE,Unspecified,BROOKLYN,,,,,,,,40.61637026983262,-74.03826694457253,POINT (-74.038266944573 40.616370269833)
57952197,06/20/2023 09:43:43 AM,,DOHMH,Department of Health and Mental Hygiene,Construction Lead Dust,In Common Areas,Where Children are Present,3+ Family Apartment Building,11215,57 PROSPECT PARK SOUTH WEST,PROSPECT PARK SOUTH WEST,10 AVENUE,11 AVENUE,10 AVENUE,11 AVENUE,ADDRESS,BROOKLYN,PROSPECT PARK SOUTHWEST,,In Progress,,,,07 BROOKLYN,39,Precinct 72,3011070021,BROOKLYN,990842,179455,PHONE,Unspecified,BROOKLYN,,,,,,,,40.65923677229769,-73.97624079531113,POINT (-73.976240795311 40.659236772298)
57952602,06/19/2023 11:35:28 PM,06/20/2023 09:00:00 PM,DOT,Department of Transportation,Street Condition,Pothole,,,11223,,,,,86 STREET,VAN SICKLEN STREET,INTERSECTION,BROOKLYN,,N/A,Closed,,The Department of Transportation inspected this complaint and repaired the problem.,06/20/2023 09:00:00 PM,15 BROOKLYN,47,Precinct 61,,BROOKLYN,990961,154618,UNKNOWN,Unspecified,BROOKLYN,,,,,,,,40.59106433155278,-73.97583658323839,POINT (-73.975836583238 40.591064331553)
57947193,06/19/2023 07:18:39 PM,06/22/2023 01:09:15 PM,DOT,Department of Transportation,Street Condition,Cave-in,N/A,Street,11214,8877 17 AVENUE,17 AVENUE,CROPSEY AVENUE,17 COURT,CROPSEY AVENUE,17 COURT,ADDRESS,BROOKLYN,17 AVENUE,,Closed,,The condition was inspected and determined not to be under Department of Transportation's jurisdiction. The Department of Transportation notified the appropriate responsible party of the complaint.,06/22/2023 01:09:20 PM,11 BROOKLYN,47,Precinct 62,3064620001,BROOKLYN,981372,159067,ONLINE,Unspecified,BROOKLYN,,,,,,,,40.60327801169167,-74.01036433235411,POINT (-74.010364332354 40.603278011692)
57944277,06/19/2023 04:57:03 PM,06/21/2023 10:05:45 AM,DSNY,Department of Sanitation,Dirty Condition,Trash,Littering,Sidewalk,11354,40-29 147 STREET,147 STREET,LIRR PORT WASHINGTON LINE,41 AVENUE,LIRR PORT WASHINGTON LINE,41 AVENUE,ADDRESS,FLUSHING,147 STREET,,Closed,,The Department of Sanitation cleaned the location.,06/21/2023 10:05:52 AM,07 QUEENS,20,Precinct 109,4050270026,QUEENS,1034606,216876,MOBILE,Unspecified,QUEENS,,,,,,,,40.7618075658209,-73.81822484793764,POINT (-73.818224847938 40.761807565821)
57946311,06/19/2023 01:02:37 PM,06/19/2023 01:25:01 PM,NYPD,New York City Police Department,Illegal Parking,Posted Parking Sign Violation,,Street/Sidewalk,10007,294 BROADWAY,BROADWAY,READE STREET,DUANE STREET,READE STREET,DUANE STREET,ADDRESS,NEW YORK,BROADWAY,,Closed,,The Police Department responded to the complaint and with the information available observed no evidence of the violation at that time.,06/19/2023 01:25:05 PM,01 MANHATTAN,01,Precinct 5,1001540001,MANHATTAN,982674,199735,ONLINE,Unspecified,MANHATTAN,,,,,,,,40.714903035585735,-74.00568503922034,POINT (-74.00568503922 40.714903035586)
57953232,06/20/2023 07:10:33 AM,06/20/2023 09:04:53 AM,NYPD,New York City Police Department,Noise - Residential,Banging/Pounding,,Residential Building/House,11201,177 SANDS STREET,SANDS STREET,BQE WESTBOUND ENTRANCE SANDS ST,BIKE PATH,BQE WESTBOUND ENTRANCE SANDS ST,BIKE PATH,ADDRESS,BROOKLYN,SANDS STREET,,Closed,,The Police Department responded to the complaint and with the information available observed no evidence of the violation at that time.,06/20/2023 09:05:03 AM,02 BROOKLYN,35,Precinct 84,3000680001,BROOKLYN,988793,194233,ONLINE,Unspecified,BROOKLYN,,,,,,,,40.699800319891985,-73.98361593748928,POINT (-73.983615937489 40.699800319892)
57951927,06/20/2023 09:27:24 AM,06/20/2023 10:06:04 AM,NYPD,New York City Police Department,Noise - Residential,Banging/Pounding,,Residential Building/House,11226,605 EAST   16 STREET,EAST   16 STREET,NEWKIRK AVENUE,FOSTER AVENUE,NEWKIRK AVENUE,FOSTER AVENUE,ADDRESS,BROOKLYN,EAST   16 STREET,,Closed,,The Police Department responded to the complaint and determined that police action was not necessary.,06/20/2023 10:06:09 AM,14 BROOKLYN,45,Precinct 70,3052370046,BROOKLYN,994695,170773,ONLINE,Unspecified,BROOKLYN,,,,,,,,40.63540285562909,-73.96236707155859,POINT (-73.962367071559 40.635402855629)
57951936,06/21/2023 12:55:12 AM,06/21/2023 12:57:23 AM,NYPD,New York City Police Department,Noise - Street/Sidewalk,Loud Talking,,Street/Sidewalk,10011,124 WAVERLY PLACE,WAVERLY PLACE,MAC DOUGAL STREET,AVENUE OF THE AMERICAS,MAC DOUGAL STREET,AVENUE OF THE AMERICAS,ADDRESS,NEW YORK,WAVERLY PLACE,,Closed,,The Police Department responded to the complaint and with the information available observed no evidence of the violation at that time.,06/21/2023 12:57:26 AM,02 MANHATTAN,02,Precinct 6,1005520046,MANHATTAN,984361,206215,MOBILE,Unspecified,MANHATTAN,,,,,,,,40.732689205168725,-73.99959948744285,POINT (-73.999599487443 40.732689205169)
57948993,06/19/2023 10:37:47 AM,09/25/2023 07:44:45 AM,HPD,Department of Housing Preservation and Development,ELECTRIC,OUTLET/SWITCH,OUTLET SEALED OR DEFECTIVE,RESIDENTIAL BUILDING,10301,349 VICTORY BOULEVARD,VICTORY BOULEVARD,,,,,ADDRESS,STATEN ISLAND,,,Closed,,"The Department of Housing Preservation and Development was not able to gain access to inspect the following conditions. The complaint has been closed. If the condition still exists, please file a new complaint.",09/25/2023 12:00:00 AM,01 STATEN ISLAND,49,Precinct 120,5001150068,STATEN ISLAND,960358,170113,PHONE,Unspecified,STATEN ISLAND,,,,,,,,40.633565233009094,-74.08607958686555,POINT (-74.086079586866 40.633565233009)
57945879,06/19/2023 01:05:47 PM,06/19/2023 01:05:47 PM,DOHMH,Department of Health and Mental Hygiene,Rodent,Rat Sighting,,1-2 Family Dwelling,11357,3-36 148 STREET,148 STREET,3 AVENUE,5 AVENUE,3 AVENUE,5 AVENUE,ADDRESS,WHITESTONE,148 STREET,,Closed,,The Department of Health and Mental Hygiene found violations on the property you reported. Follow-up inspections will be scheduled.,06/19/2023 01:05:47 PM,07 QUEENS,19,Precinct 109,4044710016,QUEENS,1033872,229550,ONLINE,Unspecified,QUEENS,,,,,,,,40.79659842449227,-73.82078083146314,POINT (-73.820780831463 40.796598424492)
57948966,06/19/2023 12:26:24 AM,06/20/2023 04:25:34 PM,HPD,Department of Housing Preservation and Development,HEAT/HOT WATER,APARTMENT ONLY,NO HOT WATER,RESIDENTIAL BUILDING,10469,2761 BRONXWOOD AVENUE,BRONXWOOD AVENUE,,,,,ADDRESS,BRONX,,,Closed,,The Department of Housing Preservation and Development inspected the following conditions. Violations were issued. Information about specific violations is available at www.nyc.gov/hpd,06/20/2023 12:00:00 AM,11 BRONX,13,Precinct 49,2045140030,BRONX,1022547,255068,PHONE,Unspecified,BRONX,,,,,,,,40.86669425133017,-73.86153743737864,POINT (-73.861537437379 40.86669425133)
57949749,06/20/2023 07:27:32 AM,07/12/2023 02:56:15 PM,EDC,Economic Development Corporation,Noise - Helicopter,Other,Flying Too Low,Above Address,10014,534 HUDSON STREET,HUDSON STREET,WEST   10 STREET,CHARLES STREET,WEST   10 STREET,CHARLES STREET,ADDRESS,NEW YORK,HUDSON STREET,,Closed,,"The New York City Economic Development Corporation determined that this issue is not within its jurisdiction because the helicopter did not belong to a tour company departing from a NYC heliport.Â  Instead, it was most likely a law enforcement or news gathering helicopter not subject to the routing protocols established for tour helicopters. It may also have been a helicopter that departed as a charter or tour from another City but flew over NYC airspace. Helicopter tours originating from outside NYC are not subject to the same City regulations as tours departing from heliports managed by NYCEDC. Any City regulation of these flights is pre-empted by federal law and subject only to the jurisdiction of the Federal Aviation Administration. To file a complaint with the FAA, you can contact the New York Flight Standards District Office at the following web address:Â https://www.faa.gov/about/office_org/field_offices/fsdo/",07/12/2023 02:56:20 PM,02 MANHATTAN,03,Precinct 6,1006207501,MANHATTAN,982533,206792,ONLINE,Unspecified,MANHATTAN,,,,,,,,40.73427276230606,-74.00619546310027,POINT (-74.0061954631 40.734272762306)
57960126,06/20/2023 07:02:00 PM,06/20/2023 07:07:02 PM,NYPD,New York City Police Department,Noise - Street/Sidewalk,Loud Talking,,Street/Sidewalk,11221,140 MENAHAN STREET,MENAHAN STREET,CENTRAL AVENUE,WILSON AVENUE,CENTRAL AVENUE,WILSON AVENUE,ADDRESS,BROOKLYN,MENAHAN STREET,,Closed,,The Police Department responded to the complaint and with the information available observed no evidence of the violation at that time.,06/20/2023 07:07:08 PM,04 BROOKLYN,37,Precinct 83,3033150001,BROOKLYN,1006670,192866,MOBILE,Unspecified,BROOKLYN,,,,,,,,40.69602098995657,-73.91914815999966,POINT (-73.91914816 40.696020989957)
57951090,06/20/2023 01:18:50 PM,06/20/2023 03:19:42 PM,NYPD,New York City Police Department,Abandoned Vehicle,With License Plate,,Street/Sidewalk,11423,88-82 192 STREET,192 STREET,HILLSIDE AVENUE,90 AVENUE,HILLSIDE AVENUE,90 AVENUE,ADDRESS,HOLLIS,192 STREET,,Closed,,The Police Department responded to the complaint and with the information available observed no evidence of the violation at that time.,06/20/2023 03:19:48 PM,12 QUEENS,23,Precinct 103,4104560057,QUEENS,1048061,200168,PHONE,Unspecified,QUEENS,,,,,,,,40.71586153467598,-73.7698136600242,POINT (-73.769813660024 40.715861534676)
57948435,06/19/2023 11:20:00 AM,06/28/2023 03:45:00 PM,DEP,Department of Environmental Protection,Air Quality,"Air: Smoke, Vehicular (AA4)",AA4,,10024,215 WEST   84 STREET,WEST   84 STREET,AMSTERDAM AVE,BROADWAY,,,ADDRESS,NEW YORK,,N/A,Closed,,"The Department of Environmental Protection (DEP) didn't observe a violation of the NYC Air or Noise Code at the time of inspection and couldn't issue a summons.  If the problem still exists, please go to nyc.gov/311 or call 311 to file a new Service Request. If you're outside of New York City, please call (212) NEW-YORK (212-639-9675).",06/28/2023 03:45:00 PM,07 MANHATTAN,06,Precinct 20,1012320014,MANHATTAN,990728,225873,PHONE,Unspecified,MANHATTAN,,,,,,,,40.78664300401625,-73.97660700129614,POINT (-73.976607001296 40.786643004016)
57955779,06/20/2023 03:17:00 AM,06/20/2023 07:50:00 PM,DEP,Department of Environmental Protection,Noise,Noise: Construction Before/After Hours (NM1),NM1,,11106,,,,,36 STREET,BROADWAY,INTERSECTION,QUEENS,,N/A,Closed,,The Department of Environmental Protection determined that this complaint is a duplicate of a previously filed complaint. The original complaint is being addressed.,06/20/2023 07:50:00 PM,01 QUEENS,22,Precinct 114,,QUEENS,1006026,216211,ONLINE,Unspecified,QUEENS,,,,,,,,40.76009890053861,-73.92139503020715,POINT (-73.921395030207 40.760098900539)
57959811,06/20/2023 06:42:16 PM,06/20/2023 07:05:06 PM,NYPD,New York City Police Department,Panhandling,N/A,,Street/Sidewalk,10018,355 WEST   39 STREET,WEST   39 STREET,8 AVENUE,9 AVENUE,8 AVENUE,9 AVENUE,ADDRESS,NEW YORK,WEST   39 STREET,,Closed,,The Police Department responded to the complaint and took action to fix the condition.,06/20/2023 07:05:13 PM,04 MANHATTAN,03,Precinct 14,1007637501,MANHATTAN,986274,214700,MOBILE,Unspecified,MANHATTAN,,,,,,,,40.755978176930604,-73.9926944068874,POINT (-73.992694406887 40.755978176931)
57959685,06/20/2023 11:22:10 AM,06/20/2023 11:38:23 AM,NYPD,New York City Police Department,Illegal Parking,Double Parked Blocking Traffic,,Street/Sidewalk,11217,72 FORT GREENE PLACE,FORT GREENE PLACE,DEKALB AVENUE,FULTON STREET,DEKALB AVENUE,FULTON STREET,ADDRESS,BROOKLYN,FORT GREENE PLACE,,Closed,,The Police Department responded and upon arrival those responsible for the condition were gone.,06/20/2023 11:38:27 AM,02 BROOKLYN,35,Precinct 88,3020970074,BROOKLYN,990699,189901,ONLINE,Unspecified,BROOKLYN,,,,,,,,40.6879087995306,-73.97674620812911,POINT (-73.976746208129 40.687908799531)
57947805,06/19/2023 05:49:27 AM,06/19/2023 09:05:06 AM,NYPD,New York City Police Department,Noise - Commercial,Loud Music/Party,,Store/Commercial,10452,1510 JEROME AVENUE,JEROME AVENUE,EAST  172 STREET,GOBLE PLACE,EAST  172 STREET,GOBLE PLACE,ADDRESS,BRONX,JEROME AVENUE,,Closed,,The Police Department responded to the complaint and with the information available observed no evidence of the violation at that time.,06/19/2023 09:05:10 AM,04 BRONX,16,Precinct 44,2028460006,BRONX,1007507,246289,MOBILE,Unspecified,BRONX,,,,,,,,40.84265096279681,-73.91594487553867,POINT (-73.915944875539 40.842650962797)
57946662,06/20/2023 01:15:03 AM,06/20/2023 01:40:15 AM,NYPD,New York City Police Department,Noise - Residential,Loud Music/Party,,Residential Building/House,11212,184 TAPSCOTT STREET,TAPSCOTT STREET,BLAKE AVENUE,DUMONT AVENUE,BLAKE AVENUE,DUMONT AVENUE,ADDRESS,BROOKLYN,TAPSCOTT STREET,,Closed,,The Police Department responded to the complaint and took action to fix the condition.,06/20/2023 01:40:20 AM,16 BROOKLYN,41,Precinct 73,3035490036,BROOKLYN,1006508,180908,PHONE,Unspecified,BROOKLYN,,,,,,,,40.66319941356541,-73.9197718657423,POINT (-73.919771865742 40.663199413565)
57958911,06/20/2023 09:56:50 AM,06/23/2023 08:28:10 PM,HPD,Department of Housing Preservation and Development,HEAT/HOT WATER,ENTIRE BUILDING,NO HOT WATER,RESIDENTIAL BUILDING,11101,47-28 VERNON BOULEVARD,VERNON BOULEVARD,,,,,ADDRESS,LONG ISLAND CITY,,,Closed,,"The Department of Housing Preservation and Development was not able to gain access to your apartment or others in the building to inspect for a lack of heat or hot water. The complaint has been closed. If the condition still exists, please file a new complaint.",06/23/2023 12:00:00 AM,02 QUEENS,26,Precinct 108,4000300046,QUEENS,997144,210581,ONLINE,Unspecified,QUEENS,,,,,,,,40.744663393418456,-73.9534672313065,POINT (-73.953467231306 40.744663393418)
59456151,09/29/2023 02:36:22 PM,09/30/2023 04:40:00 PM,DEP,Department of Environmental Protection,Sewer Maintenance,Flooding on Street,N/A,Street,11360,29-36 214 STREET,214 STREET,29 AVENUE,33 AVENUE,29 AVENUE,33 AVENUE,ADDRESS,BAYSIDE,214 STREET,,Closed,,,09/30/2023 04:40:00 PM,11 QUEENS,19,Precinct 111,4060540052,QUEENS,1046819,221672,ONLINE,Unspecified,QUEENS,,,,,,,,40.77489329989314,-73.77409387385138,POINT (-73.774093873851 40.774893299893)
57959631,06/20/2023 06:16:37 AM,06/20/2023 06:58:15 AM,NYPD,New York City Police Department,Blocked Driveway,No Access,,Street/Sidewalk,11416,89-15 ROCKAWAY BOULEVARD,ROCKAWAY BOULEVARD,102 AVENUE,90 STREET,102 AVENUE,90 STREET,ADDRESS,OZONE PARK,ROCKAWAY BOULEVARD,,Closed,,The Police Department issued a summons in response to the complaint.,06/20/2023 06:58:20 AM,09 QUEENS,32,Precinct 102,4090930013,QUEENS,1025735,187840,PHONE,Unspecified,QUEENS,,,,,,,,40.68215696016751,-73.85042629766862,POINT (-73.850426297669 40.682156960168)
57952593,06/19/2023 11:27:08 PM,06/20/2023 05:30:00 PM,DOT,Department of Transportation,Street Condition,Pothole,,,10312,60 FURMAN STREET,FURMAN STREET,ANNADALE ROAD,DEAD END,,,ADDRESS,STATEN ISLAND,,N/A,Closed,,The Department of Transportation inspected this complaint and repaired the problem.,06/20/2023 05:30:00 PM,03 STATEN ISLAND,51,Precinct 123,,STATEN ISLAND,934636,134904,UNKNOWN,Unspecified,STATEN ISLAND,,,,,,,,40.53681701281169,-74.17849373767721,POINT (-74.178493737677 40.536817012812)
57947337,06/19/2023 10:57:09 PM,06/19/2023 11:09:23 PM,NYPD,New York City Police Department,Illegal Parking,Commercial Overnight Parking,,Street/Sidewalk,11433,171-15 108 AVENUE,108 AVENUE,171 STREET,171 PLACE,171 STREET,171 PLACE,ADDRESS,JAMAICA,108 AVENUE,,Closed,,The Police Department responded to the complaint and determined that police action was not necessary.,06/19/2023 11:09:27 PM,12 QUEENS,27,Precinct 103,4102460133,QUEENS,1043904,194046,PHONE,Unspecified,QUEENS,,,,,,,,40.69908714850036,-73.78486344119841,POINT (-73.784863441198 40.6990871485)
57950199,06/20/2023 08:20:33 AM,06/20/2023 08:33:25 AM,NYPD,New York City Police Department,Illegal Parking,Posted Parking Sign Violation,,Street/Sidewalk,11220,260 65 STREET,65 STREET,BELT PARKWAY,3 AVENUE,BELT PARKWAY,3 AVENUE,ADDRESS,BROOKLYN,65 STREET,,Closed,,The Police Department responded to the complaint and determined that police action was not necessary.,06/20/2023 08:33:30 AM,10 BROOKLYN,47,Precinct 68,3058250001,BROOKLYN,977471,172384,MOBILE,Unspecified,BROOKLYN,,,,,,,,40.6398282710889,-74.02442609252809,POINT (-74.024426092528 40.639828271089)
57958803,06/20/2023 10:47:55 PM,06/21/2023 12:01:48 AM,NYPD,New York City Police Department,Noise - Residential,Loud Music/Party,,Residential Building/House,11237,117 ST NICHOLAS AVENUE,ST NICHOLAS AVENUE,HART STREET,DEKALB AVENUE,HART STREET,DEKALB AVENUE,ADDRESS,BROOKLYN,ST NICHOLAS AVENUE,,Closed,,The Police Department responded to the complaint but officers were unable to gain entry into the premises.,06/21/2023 12:01:51 AM,04 BROOKLYN,37,Precinct 83,3032390002,BROOKLYN,1006915,196333,MOBILE,Unspecified,BROOKLYN,,,,,,,,40.705536465636,-73.91825296455602,POINT (-73.918252964556 40.705536465636)
57951045,06/20/2023 06:13:49 PM,07/27/2023 12:18:21 PM,EDC,Economic Development Corporation,Noise - Helicopter,Other,Flying Too Low,Above Address,11414,88-12 151 AVENUE,151 AVENUE,88 STREET,89 STREET,88 STREET,89 STREET,ADDRESS,HOWARD BEACH,151 AVENUE,,Closed,,"The New York City Economic Development Corporation determined that this issue is not within its jurisdiction because the helicopter did not belong to a tour company departing from a NYC heliport.Â  Instead, it was most likely a law enforcement or news gathering helicopter not subject to the routing protocols established for tour helicopters. It may also have been a helicopter that departed as a charter or tour from another City but flew over NYC airspace. Helicopter tours originating from outside NYC are not subject to the same City regulations as tours departing from heliports managed by NYCEDC. Any City regulation of these flights is pre-empted by federal law and subject only to the jurisdiction of the Federal Aviation Administration. To file a complaint with the FAA, you can contact the New York Flight Standards District Office at the following web address:Â https://www.faa.gov/about/office_org/field_offices/fsdo/",07/27/2023 12:18:24 PM,10 QUEENS,32,Precinct 106,4114340007,QUEENS,1026729,182858,ONLINE,Unspecified,QUEENS,,,,,,,,40.6684777987759,-73.84687384879807,POINT (-73.846873848798 40.668477798776)
57956670,06/20/2023 05:27:31 AM,07/12/2023 02:55:03 PM,EDC,Economic Development Corporation,Noise - Helicopter,Other,Passing By,Above Address,10025,214 WEST  102 STREET,WEST  102 STREET,AMSTERDAM AVENUE,BROADWAY,AMSTERDAM AVENUE,BROADWAY,ADDRESS,NEW YORK,WEST  102 STREET,,Closed,,"The New York City Economic Development Corporation determined that this issue is not within its jurisdiction because the helicopter did not belong to a tour company departing from a NYC heliport.Â  Instead, it was most likely a law enforcement or news gathering helicopter not subject to the routing protocols established for tour helicopters. It may also have been a helicopter that departed as a charter or tour from another City but flew over NYC airspace. Helicopter tours originating from outside NYC are not subject to the same City regulations as tours departing from heliports managed by NYCEDC. Any City regulation of these flights is pre-empted by federal law and subject only to the jurisdiction of the Federal Aviation Administration. To file a complaint with the FAA, you can contact the New York Flight Standards District Office at the following web address:Â https://www.faa.gov/about/office_org/field_offices/fsdo/",07/12/2023 02:55:09 PM,07 MANHATTAN,07,Precinct 24,1018730041,MANHATTAN,993042,230062,ONLINE,Unspecified,MANHATTAN,,,,,,,,40.798138679135754,-73.96824532821826,POINT (-73.968245328218 40.798138679136)
57950109,06/20/2023 09:42:52 AM,06/20/2023 12:09:46 PM,NYPD,New York City Police Department,Illegal Parking,Blocked Hydrant,,Street/Sidewalk,11001,86-62 LITTLE NECK PARKWAY,LITTLE NECK PARKWAY,86 AVENUE,87 AVENUE,86 AVENUE,87 AVENUE,ADDRESS,FLORAL PARK,LITTLE NECK PARKWAY,,Closed,,The Police Department responded to the complaint and took action to fix the condition.,06/20/2023 12:09:51 PM,13 QUEENS,23,Precinct 105,,QUEENS,1064306,205947,MOBILE,Unspecified,QUEENS,,,,,,,,40.73159132017046,-73.71114447649366,POINT (-73.711144476494 40.73159132017)
57956625,06/20/2023 10:49:21 AM,09/08/2023 01:28:22 PM,DPR,Department of Parks and Recreation,Damaged Tree,Branch or Limb Has Fallen Down,Blocking Sidewalk,Street,11212,482 HERZL STREET,HERZL STREET,NEWPORT STREET,LOTT AVENUE,NEWPORT STREET,LOTT AVENUE,ADDRESS,BROOKLYN,HERZL STREET,,Closed,,NYC Parks visited the location but could not find the tree condition you reported.,09/08/2023 01:28:26 PM,16 BROOKLYN,41,Precinct 73,3036090044,BROOKLYN,1008495,179001,ONLINE,Unspecified,BROOKLYN,,,,,,,,40.65795990351876,-73.91261665952828,POINT (-73.912616659528 40.657959903519)
57953763,06/20/2023 10:08:31 AM,06/20/2023 10:22:24 AM,DOT,Department of Transportation,Broken Parking Meter,No Receipt,Payment by Card,Street,10461,2590 FRISBY AVENUE,FRISBY AVENUE,BENSON STREET,EAST TREMONT AVENUE,BENSON STREET,EAST TREMONT AVENUE,ADDRESS,BRONX,FRISBY AVENUE,,Closed,,"The Department of Transportation inspected the condition you reported. You can find additional information in the ""Notes to Customer"" field.",06/20/2023 10:22:28 AM,10 BRONX,18,Precinct 45,2039840018,BRONX,1027329,245949,PHONE,Unspecified,BRONX,,,,,,,,40.841643310517384,-73.84430678033102,POINT (-73.844306780331 40.841643310517)
57959010,06/20/2023 10:49:41 AM,06/27/2023 06:35:37 PM,HPD,Department of Housing Preservation and Development,WATER LEAK,SLOW LEAK,AT WALL OR CEILING,RESIDENTIAL BUILDING,10451,1000 GRAND CONCOURSE,GRAND CONCOURSE,,,,,ADDRESS,BRONX,,,Closed,,The Department of Housing Preservation and Development inspected the following conditions. No violations were issued. The complaint has been closed.,06/27/2023 12:00:00 AM,04 BRONX,16,Precinct 44,2024610090,BRONX,1006092,241602,PHONE,Unspecified,BRONX,,,,,,,,40.829790122707635,-73.92107420870009,POINT (-73.9210742087 40.829790122708)
57944124,06/19/2023 06:27:24 PM,06/19/2023 07:13:18 PM,NYPD,New York City Police Department,Illegal Parking,Blocked Hydrant,,Street/Sidewalk,11215,489 12 STREET,12 STREET,8 AVENUE,PROSPECT PARK WEST,8 AVENUE,PROSPECT PARK WEST,ADDRESS,BROOKLYN,12 STREET,,Closed,,The Police Department responded and upon arrival those responsible for the condition were gone.,06/19/2023 07:13:22 PM,06 BROOKLYN,39,Precinct 78,3010970069,BROOKLYN,989868,181004,MOBILE,Unspecified,BROOKLYN,,,,,,,,40.66348910688398,-73.97975004237959,POINT (-73.97975004238 40.663489106884)
57950262,06/20/2023 09:56:18 AM,06/21/2023 12:00:00 AM,DOB,Department of Buildings,General Construction/Plumbing,Egress - Doors Locked/Blocked/Improper/No Secondary Means,,,10030,127 WEST  135 STREET,WEST  135 STREET,,,,,ADDRESS,NEW YORK,,N/A,Closed,,The Department of Buildings investigated this complaint and issued an Office of Administrative Trials and Hearings (OATH) summons.,06/21/2023 12:00:00 AM,10 MANHATTAN,09,Precinct 32,1019200017,MANHATTAN,1000306,236062,UNKNOWN,Unspecified,MANHATTAN,,,,,,,,40.81459680711632,-73.9419950953936,POINT (-73.941995095394 40.814596807116)
58027032,06/27/2023 08:35:59 PM,06/29/2023 06:29:14 AM,HPD,Department of Housing Preservation and Development,PAINT/PLASTER,WALL,BULGING/HOLE/CRACKED,RESIDENTIAL BUILDING,10452,1027 WALTON AVENUE,WALTON AVENUE,,,,,ADDRESS,BRONX,,,Closed,,The Department of Housing Preservation and Development inspected the following conditions. Violations were previously issued for these conditions. Information about specific violations is available at www.nyc.gov/hpd.,06/29/2023 12:00:00 AM,04 BRONX,16,Precinct 44,2024770021,BRONX,1005828,241946,ONLINE,Unspecified,BRONX,,,,,,,,40.83073495266584,-73.92202706239397,POINT (-73.922027062394 40.830734952666)
57953313,06/20/2023 09:59:41 AM,07/12/2023 12:51:42 AM,DHS,Department of Homeless Services,Encampment,N/A,,Store/Commercial,11249,10 NORTH    5 STREET,NORTH    5 STREET,NORTH    4 PLACE,KENT AVENUE,NORTH    4 PLACE,KENT AVENUE,ADDRESS,BROOKLYN,NORTH    5 STREET,,Closed,,"The Department of Homeless Services (DHS) visited the location but could not find the condition you reported. If it still exists, please submit a new Service Request.",07/12/2023 12:51:47 AM,01 BROOKLYN,33,Precinct 94,3023407502,BROOKLYN,994398,201417,PHONE,Unspecified,BROOKLYN,,,,,,,,40.71951404212652,-73.96339100823681,POINT (-73.963391008237 40.719514042127)
57944511,06/19/2023 03:46:27 PM,06/19/2023 03:56:10 PM,NYPD,New York City Police Department,Noise - Residential,Loud Music/Party,,Residential Building/House,10303,46 ROXBURY STREET,ROXBURY STREET,LOCKMAN AVENUE,GRANDVIEW AVENUE,LOCKMAN AVENUE,GRANDVIEW AVENUE,ADDRESS,STATEN ISLAND,ROXBURY STREET,,Closed,,The Police Department responded to the complaint and with the information available observed no evidence of the violation at that time.,06/19/2023 03:56:14 PM,01 STATEN ISLAND,49,Precinct 121,5012450001,STATEN ISLAND,938884,170109,ONLINE,Unspecified,STATEN ISLAND,,,,,,,,40.63347030427493,-74.16344728864561,POINT (-74.163447288646 40.633470304275)
57947724,06/19/2023 07:52:26 PM,06/20/2023 12:22:02 AM,NYPD,New York City Police Department,Noise - Residential,Loud Music/Party,,Residential Building/House,10304,72 LAUREL AVENUE,LAUREL AVENUE,GORDON STREET,COURSEN COURT,GORDON STREET,COURSEN COURT,ADDRESS,STATEN ISLAND,LAUREL AVENUE,,Closed,,The Police Department responded to the complaint and with the information available observed no evidence of the violation at that time.,06/20/2023 12:22:09 AM,01 STATEN ISLAND,49,Precinct 120,5005600049,STATEN ISLAND,961136,165060,ONLINE,Unspecified,STATEN ISLAND,,,,,,,,40.61969788012032,-74.08325925798647,POINT (-74.083259257986 40.61969788012)
57957741,06/20/2023 10:54:40 PM,06/20/2023 10:55:47 PM,NYPD,New York City Police Department,Drug Activity,Use Outside,,Street/Sidewalk,11366,78-15 PARSONS BOULEVARD,PARSONS BOULEVARD,78 AVENUE,78 ROAD,78 AVENUE,78 ROAD,ADDRESS,FRESH MEADOWS,PARSONS BOULEVARD,,Closed,,The Police Department responded to the complaint and determined that police action was not necessary.,06/20/2023 10:55:51 PM,08 QUEENS,24,Precinct 107,4068290001,QUEENS,1037000,202363,ONLINE,Unspecified,QUEENS,,,,,,,,40.72195913199264,-73.80969682426189,POINT (-73.809696824262 40.721959131993)
57960306,06/20/2023 04:50:45 AM,06/20/2023 03:29:46 PM,HPD,Department of Housing Preservation and Development,HEAT/HOT WATER,ENTIRE BUILDING,NO HOT WATER,RESIDENTIAL BUILDING,10452,974 ANDERSON AVENUE,ANDERSON AVENUE,,,,,ADDRESS,BRONX,,,Closed,,"The Department of Housing Preservation and Development contacted an occupant of the apartment and verified that the following conditions were corrected. The complaint has been closed. If the condition still exists, please file a new complaint.",06/20/2023 12:00:00 AM,04 BRONX,08,Precinct 44,2025040072,BRONX,1004284,242293,PHONE,Unspecified,BRONX,,,,,,,,40.83169100499876,-73.92760532719244,POINT (-73.927605327192 40.831691004999)
57951414,06/20/2023 06:41:00 PM,06/21/2023 08:30:00 PM,DEP,Department of Environmental Protection,Noise,Noise: Construction Before/After Hours (NM1),NM1,,11101,34-30 44 STREET,44 STREET,34 AVE,35 AVE,,,ADDRESS,LONG ISLAND CITY,,N/A,Closed,,"The Department of Environmental Protection (DEP) didn't observe a violation of the NYC Air or Noise Code at the time of inspection and couldn't issue a summons.  If the problem still exists, please go to nyc.gov/311 or call 311 to file a new Service Request. If you're outside of New York City, please call (212) NEW-YORK (212-639-9675).",06/21/2023 08:30:00 PM,01 QUEENS,22,Precinct 114,4007030038,QUEENS,1006886,214143,ONLINE,Unspecified,QUEENS,,,,,,,,40.75442061077386,-73.91829764686274,POINT (-73.918297646863 40.754420610774)
57947454,06/19/2023 09:41:29 AM,06/21/2023 12:28:45 PM,DSNY,Department of Sanitation,Dirty Condition,Trash,Littering,Sidewalk,11104,38-19 50 STREET,50 STREET,BARNETT AVENUE,39 AVENUE,BARNETT AVENUE,39 AVENUE,ADDRESS,SUNNYSIDE,50 STREET,,Closed,,The Department of Sanitation will address the situation at the location by providing educational outreach about proper sanitation procedures.,06/21/2023 12:28:52 PM,02 QUEENS,26,Precinct 108,4001170001,QUEENS,1008204,212476,PHONE,Unspecified,QUEENS,,,,,,,,40.74984164766279,-73.91354640045054,POINT (-73.913546400451 40.749841647663)
57960549,06/21/2023 12:58:10 PM,11/08/2023 01:21:25 PM,DPR,Department of Parks and Recreation,Maintenance or Facility,Structure - Outdoors,Hard Court Surface/Equipment,Park,10039,2619 ADAM C POWELL BOULEVARD,ADAM C POWELL BOULEVARD,WEST  150 STREET,WEST  151 STREET,WEST  150 STREET,WEST  151 STREET,ADDRESS,NEW YORK,7 AVENUE,,Closed,,NYC Parks has completed the requested work order and corrected the problem.,11/08/2023 01:21:32 PM,10 MANHATTAN,09,Precinct 32,1020160101,MANHATTAN,1001861,239975,PHONE,Unspecified,MANHATTAN,,,,,,,,40.82533392307548,-73.93636713852875,POINT (-73.936367138529 40.825333923075)
57956562,06/20/2023 06:57:11 PM,07/24/2023 02:55:33 PM,DPR,Department of Parks and Recreation,Maintenance or Facility,Grass/Weeds,Other,Park,11234,LINDOWER PARK,LINDOWER PARK,STRICKLAND AVENUE,MILL AVENUE,STRICKLAND AVENUE,MILL AVENUE,UNRECOGNIZED,BROOKLYN,LINDOWER PARK,,Closed,,NYC Parks has completed the requested work order and corrected the problem.,07/24/2023 02:55:37 PM,18 BROOKLYN,46,Precinct 63,3086530001,BROOKLYN,1008816,162294,ONLINE,Unspecified,BROOKLYN,,,,,,,,40.61210187951738,-73.91152054004246,POINT (-73.911520540042 40.612101879517)
57960522,06/21/2023 02:00:30 PM,06/22/2023 06:46:31 AM,DPR,Department of Parks and Recreation,Damaged Tree,Branch or Limb Has Fallen Down,Fell on Vehicle,Street,11421,91-31 78 STREET,78 STREET,91 AVENUE,ROCKAWAY BOULEVARD,91 AVENUE,ROCKAWAY BOULEVARD,ADDRESS,WOODHAVEN,78 STREET,,Closed,,NYC Parks visited the site and inspected the condition. No work is necessary at this time.,06/22/2023 06:46:36 AM,09 QUEENS,32,Precinct 102,4089550039,QUEENS,1022389,189228,UNKNOWN,Unspecified,QUEENS,,,,,,,,40.68598174819687,-73.8624823861034,POINT (-73.862482386103 40.685981748197)
57951981,06/20/2023 08:14:12 PM,06/20/2023 08:26:38 PM,NYPD,New York City Police Department,Noise - Street/Sidewalk,Loud Music/Party,,Street/Sidewalk,10002,133 PITT STREET,PITT STREET,STANTON STREET,AVENUE C,STANTON STREET,AVENUE C,ADDRESS,NEW YORK,PITT STREET,,Closed,,The Police Department responded to the complaint and with the information available observed no evidence of the violation at that time.,06/20/2023 08:26:44 PM,03 MANHATTAN,02,Precinct 7,1003450058,MANHATTAN,989361,201675,ONLINE,Unspecified,MANHATTAN,,,,,,,,40.720226533969814,-73.98156182961009,POINT (-73.98156182961 40.72022653397)
57957570,06/20/2023 10:28:22 AM,06/21/2023 08:55:40 PM,HPD,Department of Housing Preservation and Development,PAINT/PLASTER,WALL,CHIPPED/PEELING/FLAKING,RESIDENTIAL BUILDING,10473,1735 LAFAYETTE AVENUE,LAFAYETTE AVENUE,,,,,ADDRESS,BRONX,,,Closed,,The following complaint conditions are still open. HPD may attempt to contact you to verify the correction of the condition or may conduct an inspection.,06/21/2023 12:00:00 AM,09 BRONX,18,Precinct 43,2036360001,BRONX,1021064,238362,PHONE,Unspecified,BRONX,,,,,,,,40.82084753833037,-73.86699091908964,POINT (-73.86699091909 40.82084753833)
57955059,06/20/2023 12:22:26 PM,06/22/2023 12:37:19 PM,DCWP,Department of Consumer and Worker Protection,Consumer Complaint,"Barber Shop, Beauty Salon, or Nail Salon","Refund, Return, or Exchange Refused",Business,11373,54-14 74 STREET,74 STREET,GRAND AVENUE,57 AVENUE,GRAND AVENUE,57 AVENUE,ADDRESS,ELMHURST,74 STREET,,Closed,,The Department of Consumer and Worker Protection (DCWP) determined this issue isn't within its jurisdiction.  You can pursue your complaint in the Court System. Call (800) 268-7869 or visit nycourts.gov.,06/22/2023 12:37:23 PM,05 QUEENS,30,Precinct 104,4028030028,QUEENS,1015434,205238,ONLINE,Unspecified,QUEENS,,,,,,,,40.72995261076699,-73.88748581884725,POINT (-73.887485818847 40.729952610767)
57955563,06/20/2023 04:44:59 AM,06/20/2023 05:02:13 AM,NYPD,New York City Police Department,Blocked Driveway,No Access,,Street/Sidewalk,11221,451 CENTRAL AVENUE,CENTRAL AVENUE,PUTNAM AVENUE,CORNELIA STREET,PUTNAM AVENUE,CORNELIA STREET,ADDRESS,BROOKLYN,CENTRAL AVENUE,,Closed,,The Police Department responded and upon arrival those responsible for the condition were gone.,06/20/2023 05:02:18 AM,04 BROOKLYN,37,Precinct 83,3033760107,BROOKLYN,1007956,191417,PHONE,Unspecified,BROOKLYN,,,,,,,,40.692040471016604,-73.9145156411089,POINT (-73.914515641109 40.692040471017)
57947895,06/19/2023 09:50:27 AM,06/21/2023 04:37:53 PM,HPD,Department of Housing Preservation and Development,PLUMBING,BASIN/SINK,FAUCET BROKEN/MISSING/LEAKING,RESIDENTIAL BUILDING,11212,425 ROCKAWAY PARKWAY,ROCKAWAY PARKWAY,,,,,ADDRESS,BROOKLYN,,,Closed,,The Department of Housing Preservation and Development inspected the following conditions. Violations were issued. Information about specific violations is available at www.nyc.gov/hpd,06/21/2023 12:00:00 AM,17 BROOKLYN,41,Precinct 67,3046940038,BROOKLYN,1007494,178882,PHONE,Unspecified,BROOKLYN,,,,,,,,40.657635959031175,-73.91622485149466,POINT (-73.916224851495 40.657635959031)
57946230,06/19/2023 10:58:13 AM,06/19/2023 04:55:22 PM,NYPD,New York City Police Department,Illegal Parking,Blocked Hydrant,,Street/Sidewalk,11379,66-36 74 STREET,74 STREET,JUNIPER VALLEY ROAD,66 DRIVE,JUNIPER VALLEY ROAD,66 DRIVE,ADDRESS,MIDDLE VILLAGE,74 STREET,,Closed,,The Police Department reviewed your complaint and provided additional information below.,06/19/2023 04:55:26 PM,05 QUEENS,30,Precinct 104,4030580043,QUEENS,1017653,199558,ONLINE,Unspecified,QUEENS,,,,,,,,40.71435429686699,-73.87950770212514,POINT (-73.879507702125 40.714354296867)
57944313,06/19/2023 06:37:01 PM,06/21/2023 02:47:32 PM,DSNY,Department of Sanitation,Missed Collection,Trash,N/A,Street,11219,4306 15 AVENUE,15 AVENUE,43 STREET,44 STREET,43 STREET,44 STREET,ADDRESS,BROOKLYN,15 AVENUE,,Closed,,The Department of Sanitation investigated this complaint and found no condition at the location.,06/21/2023 11:04:52 AM,12 BROOKLYN,44,Precinct 66,3056060039,BROOKLYN,988597,170851,ONLINE,Unspecified,BROOKLYN,,,,,,,,40.63562204072847,-73.98433787715739,POINT (-73.984337877157 40.635622040728)
57945924,06/20/2023 12:02:33 AM,06/20/2023 02:12:48 AM,NYPD,New York City Police Department,Noise - Residential,Loud Talking,,Residential Building/House,11358,164-10 SANFORD AVENUE,SANFORD AVENUE,164 STREET,165 STREET,164 STREET,165 STREET,ADDRESS,FLUSHING,SANFORD AVENUE,,Closed,,The Police Department responded to the complaint and with the information available observed no evidence of the violation at that time.,06/20/2023 02:12:57 AM,07 QUEENS,20,Precinct 109,4053950020,QUEENS,1039115,216206,MOBILE,Unspecified,QUEENS,,,,,,,,40.75994176085627,-73.80195377532442,POINT (-73.801953775324 40.759941760856)
57948795,06/19/2023 06:30:47 PM,06/19/2023 06:58:59 PM,NYPD,New York City Police Department,Noise - Residential,Loud Music/Party,,Residential Building/House,10027,3111 BROADWAY,BROADWAY,WEST  123 STREET,LA SALLE STREET,WEST  123 STREET,LA SALLE STREET,ADDRESS,NEW YORK,BROADWAY,,Closed,,The Police Department responded to the complaint and with the information available observed no evidence of the violation at that time.,06/19/2023 06:59:01 PM,09 MANHATTAN,07,Precinct 26,1019930015,MANHATTAN,995214,235413,ONLINE,Unspecified,MANHATTAN,,,,,,,,40.8128232705935,-73.9603918284767,POINT (-73.960391828477 40.812823270594)
57952791,06/20/2023 09:41:03 AM,08/07/2023 12:00:00 AM,DOB,Department of Buildings,General Construction/Plumbing,Debris - Excessive,,,11361,202-38 46 ROAD,46 ROAD,,,,,ADDRESS,BAYSIDE,,,Closed,,The Department of Buildings investigated this complaint and determined that no further action was necessary.,08/07/2023 12:00:00 AM,11 QUEENS,19,Precinct 111,4055580023,QUEENS,1045398,214267,UNKNOWN,Unspecified,QUEENS,,,,,,,,40.75457849587852,-73.77929175240408,POINT (-73.779291752404 40.754578495879)
57956688,06/20/2023 07:12:06 PM,06/20/2023 07:30:48 PM,NYPD,New York City Police Department,Panhandling,N/A,,Subway,,,,,,,,,,,,Closed,,The Police Department responded and upon arrival those responsible for the condition were gone.,06/20/2023 07:30:51 PM,Unspecified MANHATTAN,,Unspecified,,MANHATTAN,989341,205582,MOBILE,Unspecified,MANHATTAN,,,,L,L to Brooklyn,,Platform,40.73095031102584,-73.98163102490999,POINT (-73.98163102491 40.730950311026)
57954807,06/20/2023 02:10:28 PM,06/22/2023 06:17:39 PM,HPD,Department of Housing Preservation and Development,DOOR/WINDOW,WINDOW PANE,GLASS BROKEN OR MISSING,RESIDENTIAL BUILDING,11219,1472 43 STREET,43 STREET,,,,,ADDRESS,BROOKLYN,,,Closed,,The Department of Housing Preservation and Development inspected the following conditions. No violations were issued. The complaint has been closed.,06/22/2023 12:00:00 AM,12 BROOKLYN,44,Precinct 66,3056060029,BROOKLYN,988423,171049,PHONE,Unspecified,BROOKLYN,,,,,,,,40.63616559226728,-73.98496467196809,POINT (-73.984964671968 40.636165592267)
57949434,06/20/2023 08:24:00 AM,06/21/2023 11:55:00 AM,DSNY,Department of Sanitation,Electronics Waste Appointment,Ewaste appointment,,Sidewalk,10304,41 COURSEN PLACE,COURSEN PLACE,PINE PLACE,DIX PLACE,,,ADDRESS,STATEN ISLAND,,,Closed,,The Department of Sanitation did not find any E-Waste at the location. Call 311 to make another appointment if you still need E-Waste removal.,06/21/2023 11:55:00 AM,01 STATEN ISLAND,49,Precinct 120,5005570003,STATEN ISLAND,962368,165196,PHONE,Unspecified,STATEN ISLAND,,,,,,,,40.620074300125964,-74.07882189707966,POINT (-74.07882189708 40.620074300126)
57961179,06/21/2023 07:39:42 PM,06/21/2023 09:02:01 PM,NYPD,New York City Police Department,Blocked Driveway,No Access,,Street/Sidewalk,11230,747 EAST    9 STREET,EAST    9 STREET,FOSTER AVENUE,AVENUE H,FOSTER AVENUE,AVENUE H,ADDRESS,BROOKLYN,EAST    9 STREET,,Closed,,The Police Department issued a summons in response to the complaint.,06/21/2023 09:02:05 PM,14 BROOKLYN,45,Precinct 70,3064970069,BROOKLYN,993076,168975,ONLINE,Unspecified,BROOKLYN,,,,,,,,40.630469488167286,-73.9682026165101,POINT (-73.96820261651 40.630469488167)
57944574,06/20/2023 12:05:29 AM,06/20/2023 12:36:52 AM,NYPD,New York City Police Department,Noise - Street/Sidewalk,Loud Talking,,Street/Sidewalk,10011,106 WAVERLY PLACE,WAVERLY PLACE,MAC DOUGAL STREET,AVENUE OF THE AMERICAS,MAC DOUGAL STREET,AVENUE OF THE AMERICAS,ADDRESS,NEW YORK,WAVERLY PLACE,,Closed,,The Police Department responded to the complaint and with the information available observed no evidence of the violation at that time.,06/20/2023 12:36:56 AM,02 MANHATTAN,02,Precinct 6,1005527502,MANHATTAN,984520,206113,MOBILE,Unspecified,MANHATTAN,,,,,,,,40.73240923679284,-73.99902578435959,POINT (-73.99902578436 40.732409236793)
57958857,06/20/2023 06:17:00 AM,06/20/2023 03:14:00 PM,DOT,Department of Transportation,Traffic Signal Condition,LED Lense,Out,,11411,,,,,SPRINGFIELD BOULEVARD,116 AVENUE,INTERSECTION,QUEENS,,N/A,Closed,,Service Request status for this request is available on the Department of Transportationâs website. Please click the âLearn Moreâ link below.,06/20/2023 03:14:00 PM,13 QUEENS,27,Precinct 105,,QUEENS,1055506,193633,UNKNOWN,Unspecified,QUEENS,,,,,,,,40.69786774936694,-73.74302650572731,POINT (-73.743026505727 40.697867749367)
57949920,06/20/2023 10:12:54 AM,06/20/2023 10:46:35 AM,NYPD,New York City Police Department,Illegal Parking,Blocked Crosswalk,,Street/Sidewalk,10463,GODWIN TERRACE,GODWIN TERRACE,GODWIN TERRACE,WEST  230 STREET,GODWIN TERRACE,WEST  230 STREET,INTERSECTION,,,,Closed,,The Police Department responded to the complaint and with the information available observed no evidence of the violation at that time.,06/20/2023 10:46:40 AM,08 BRONX,11,Precinct 50,,BRONX,1009915,258973,ONLINE,Unspecified,BRONX,,,,,,,,40.87745803815036,-73.90719335322021,POINT (-73.90719335322 40.87745803815)
57961314,06/21/2023 09:56:40 AM,06/21/2023 10:25:33 AM,NYPD,New York City Police Department,Encampment,N/A,,Street/Sidewalk,11104,43 STREET,43 STREET,43 STREET,SKILLMAN AVENUE,43 STREET,SKILLMAN AVENUE,INTERSECTION,,,,Closed,,The Police Department visited the location and has referred the complaint to the Department of Homeless Services (DHS) for further action. DHS will inspect the condition and update your Service Request with more information.,06/21/2023 10:25:38 AM,02 QUEENS,26,Precinct 108,,QUEENS,1006196,211399,PHONE,Unspecified,QUEENS,,,,,,,,40.74689076643809,-73.92079708579764,POINT (-73.920797085798 40.746890766438)
57956715,06/15/2023 10:35:12 AM,06/16/2023 10:15:00 AM,DOT,Department of Transportation,Street Condition,Pothole,,,11417,106-03 LIBERTY AVENUE,LIBERTY AVENUE,106 STREET,107 STREET,,,ADDRESS,OZONE PARK,,N/A,Closed,,The Department of Transportation inspected this complaint and repaired the problem.,06/16/2023 10:15:00 AM,10 QUEENS,29,Precinct 106,4095110041,QUEENS,1030030,188188,UNKNOWN,Unspecified,QUEENS,,,,,,,,40.6830909676685,-73.83493839398618,POINT (-73.834938393986 40.683090967669)
57949506,06/20/2023 11:14:47 AM,11/10/2025 03:32:42 PM,DPR,Department of Parks and Recreation,Damaged Tree,Branch Cracked and Will Fall,Hanging from Other Branches,Street,11219,1515 52 STREET,52 STREET,15 AVENUE,16 AVENUE,15 AVENUE,16 AVENUE,ADDRESS,BROOKLYN,52 STREET,,Closed,,NYC Parks performed the work necessary to correct the condition.,11/10/2025 03:32:45 PM,12 BROOKLYN,44,Precinct 66,3054650072,BROOKLYN,987330,168934,PHONE,Unspecified,BROOKLYN,,,,,,,,40.63036081325113,-73.98890371858342,POINT (-73.988903718583 40.630360813251)
57950460,06/20/2023 08:21:51 PM,06/20/2023 11:47:29 PM,NYPD,New York City Police Department,Noise - Residential,Loud Music/Party,,Residential Building/House,11229,3657 NOSTRAND AVENUE,NOSTRAND AVENUE,AVENUE W,AVENUE X,AVENUE W,AVENUE X,ADDRESS,BROOKLYN,NOSTRAND AVENUE,,Closed,,The Police Department responded to the complaint and with the information available observed no evidence of the violation at that time.,06/20/2023 11:47:35 PM,15 BROOKLYN,46,Precinct 61,3074051001,BROOKLYN,1000698,155951,ONLINE,Unspecified,BROOKLYN,,,,,,,,40.5947104275783,-73.9407746079842,POINT (-73.940774607984 40.594710427578)
57946716,06/20/2023 12:10:12 AM,06/20/2023 12:36:04 AM,NYPD,New York City Police Department,Noise - Residential,Loud Music/Party,,Residential Building/House,10029,60 EAST  104 STREET,EAST  104 STREET,MADISON AVENUE,PARK AVENUE,MADISON AVENUE,PARK AVENUE,ADDRESS,NEW YORK,EAST  104 STREET,,Closed,,The Police Department responded to the complaint and took action to fix the condition.,06/20/2023 12:36:09 AM,11 MANHATTAN,08,Precinct 23,1016080023,MANHATTAN,998206,227802,ONLINE,Unspecified,MANHATTAN,,,,,,,,40.79192894535997,-73.94959885374493,POINT (-73.949598853745 40.79192894536)
57945798,06/19/2023 06:41:59 AM,07/03/2023 10:11:32 AM,HPD,Department of Housing Preservation and Development,UNSANITARY CONDITION,PESTS,MICE,RESIDENTIAL BUILDING,11417,94-20 ALBERT ROAD,ALBERT ROAD,,,,,ADDRESS,OZONE PARK,,,Closed,,"The Department of Housing Preservation and Development was not able to gain access to inspect the following conditions. The complaint has been closed. If the condition still exists, please file a new complaint.",07/03/2023 12:00:00 AM,10 QUEENS,32,Precinct 106,4115450026,QUEENS,1028374,183490,PHONE,Unspecified,QUEENS,,,,,,,,40.670204449176204,-73.84093991198944,POINT (-73.840939911989 40.670204449176)
57958119,06/20/2023 06:06:44 PM,08/01/2023 12:00:00 AM,DOB,Department of Buildings,Special Projects Inspection Team (SPIT),Illegal Hotel Rooms In Residential Building,,,10308,4157H AMBOY ROAD,AMBOY ROAD,,,,,ADDRESS,STATEN ISLAND,,N/A,Closed,,The Department of Buildings investigated this complaint and determined that no further action was necessary.,08/01/2023 12:00:00 AM,03 STATEN ISLAND,51,Precinct 122,5054520064,STATEN ISLAND,941261,139202,UNKNOWN,Unspecified,STATEN ISLAND,,,,,,,,40.548648773560245,-74.15468667437268,POINT (-74.154686674373 40.54864877356)
57957102,06/20/2023 10:54:23 AM,06/20/2023 12:02:54 PM,DSNY,Department of Sanitation,Vendor Enforcement,Food Vendor,In Prohibited Area,Street,10003,21 ASTOR PLACE,ASTOR PLACE,BROADWAY,LAFAYETTE STREET,BROADWAY,LAFAYETTE STREET,ADDRESS,NEW YORK,ASTOR PLACE,,Closed,,N/A,06/20/2023 12:03:00 PM,02 MANHATTAN,02,Precinct 9,1005457503,MANHATTAN,986406,205232,ONLINE,Unspecified,MANHATTAN,,,,,,,,40.72999084905698,-73.99222099001472,POINT (-73.992220990015 40.729990849057)
57952035,06/20/2023 10:22:28 AM,06/27/2023 10:02:27 AM,HPD,Department of Housing Preservation and Development,FLOORING/STAIRS,FLOOR,BROKEN OR DEFECTIVE,RESIDENTIAL BUILDING,10032,605 WEST  156 STREET,WEST  156 STREET,,,,,ADDRESS,NEW YORK,,,Closed,,The Department of Housing Preservation and Development inspected the following conditions. No violations were issued. The complaint has been closed.,06/27/2023 12:00:00 AM,12 MANHATTAN,07,Precinct 33,1021340100,MANHATTAN,999240,243003,PHONE,Unspecified,MANHATTAN,,,,,,,,40.83364975163264,-73.94583068585648,POINT (-73.945830685856 40.833649751633)
57944673,06/19/2023 12:35:26 AM,06/27/2023 12:25:32 PM,HPD,Department of Housing Preservation and Development,PAINT/PLASTER,CEILING,DIRTY OR UNSANITARY,RESIDENTIAL BUILDING,11374,63-45 SAUNDERS STREET,SAUNDERS STREET,,,,,ADDRESS,REGO PARK,,,Closed,,The Department of Housing Preservation and Development inspected the following conditions. No violations were issued. The complaint has been closed.,06/27/2023 12:00:00 AM,06 QUEENS,30,Precinct 112,4030800043,QUEENS,1022091,205096,ONLINE,Unspecified,QUEENS,,,,,,,,40.729536881682385,-73.86346770394167,POINT (-73.863467703942 40.729536881682)
57949992,06/20/2023 10:08:51 AM,06/21/2023 12:00:00 AM,DOB,Department of Buildings,Building/Use,Zoning - Non-Conforming/Illegal Vehicle Storage,,,11234,2061 ROYCE STREET,ROYCE STREET,,,,,ADDRESS,BROOKLYN,,,Closed,,"The Department of Buildings reviewed this complaint and closed it. If the problem still exists, please call 311 and file a new complaint. If you are outside of New York City, please call (212) NEW-YORK (212-639-9675).",06/21/2023 12:00:00 AM,18 BROOKLYN,46,Precinct 63,3084160013,BROOKLYN,1010577,165996,UNKNOWN,Unspecified,BROOKLYN,,,,,,,,40.622258038631884,-73.90516350870644,POINT (-73.905163508706 40.622258038632)
57947076,06/19/2023 05:45:42 PM,10/24/2024 01:59:14 PM,EDC,Economic Development Corporation,Noise - Helicopter,Other,Hovering,Above Address,10025,214 WEST  102 STREET,WEST  102 STREET,AMSTERDAM AVENUE,BROADWAY,AMSTERDAM AVENUE,BROADWAY,ADDRESS,NEW YORK,WEST  102 STREET,,Closed,,"The New York City Economic Development Corporation determined that this issue is not within its jurisdiction because the helicopter did not belong to a tour company departing from a NYC heliport.Â  Instead, it was most likely a law enforcement or news gathering helicopter not subject to the routing protocols established for tour helicopters. It may also have been a helicopter that departed as a charter or tour from another City but flew over NYC airspace. Helicopter tours originating from outside NYC are not subject to the same City regulations as tours departing from heliports managed by NYCEDC. Any City regulation of these flights is pre-empted by federal law and subject only to the jurisdiction of the Federal Aviation Administration. To file a complaint with the FAA, you can contact the New York Flight Standards District Office at the following web address:Â https://www.faa.gov/about/office_org/field_offices/fsdo/",10/24/2024 01:59:19 PM,07 MANHATTAN,07,Precinct 24,1018730041,MANHATTAN,993042,230062,ONLINE,Unspecified,MANHATTAN,,,,,,,,40.798138679135754,-73.96824532821826,POINT (-73.968245328218 40.798138679136)
57944106,06/19/2023 06:31:10 PM,06/19/2023 06:34:57 PM,NYPD,New York City Police Department,Illegal Parking,Commercial Overnight Parking,,Street/Sidewalk,11230,1197 EAST   17 STREET,EAST   17 STREET,AVENUE K,AVENUE L,AVENUE K,AVENUE L,ADDRESS,BROOKLYN,EAST   17 STREET,,Closed,,The Police Department responded to the complaint and determined that police action was not necessary.,06/19/2023 06:35:02 PM,14 BROOKLYN,44,Precinct 70,3067280056,BROOKLYN,995710,165645,PHONE,Unspecified,BROOKLYN,,,,,,,,40.62132632206464,-73.95871877360837,POINT (-73.958718773608 40.621326322065)
57960837,06/21/2023 07:55:35 AM,06/21/2023 08:16:33 AM,NYPD,New York City Police Department,Illegal Parking,Blocked Hydrant,,Street/Sidewalk,11203,734 LEFFERTS AVENUE,LEFFERTS AVENUE,TROY AVENUE,SCHENECTADY AVENUE,TROY AVENUE,SCHENECTADY AVENUE,ADDRESS,BROOKLYN,LEFFERTS AVENUE,,Closed,,The Police Department issued a summons in response to the complaint.,06/21/2023 08:17:51 AM,09 BROOKLYN,41,Precinct 71,3014297501,BROOKLYN,1001888,180917,MOBILE,Unspecified,BROOKLYN,,,,,,,,40.663234525323325,-73.93642445398109,POINT (-73.936424453981 40.663234525323)
57956805,06/20/2023 09:35:03 PM,06/21/2023 02:54:56 PM,DSNY,Department of Sanitation,Illegal Dumping,Removal Request,N/A,Sidewalk,11201,333 BALTIC STREET,BALTIC STREET,SMITH STREET,HOYT STREET,SMITH STREET,HOYT STREET,ADDRESS,BROOKLYN,BALTIC STREET,,Closed,,The Department of Sanitation investigated this complaint and found no condition at the location.,06/21/2023 09:16:58 AM,06 BROOKLYN,39,Precinct 76,3003970001,BROOKLYN,986628,188728,PHONE,Unspecified,BROOKLYN,,,,,,,,40.684691213101125,-73.99142582597314,POINT (-73.991425825973 40.684691213101)
57948669,06/19/2023 09:20:50 PM,06/19/2023 09:35:21 PM,NYPD,New York City Police Department,Illegal Parking,Blocked Crosswalk,,Street/Sidewalk,10002,117 SUFFOLK STREET,SUFFOLK STREET,RIVINGTON STREET,STANTON STREET,RIVINGTON STREET,STANTON STREET,ADDRESS,NEW YORK,SUFFOLK STREET,,Closed,,The Police Department responded to the complaint and took action to fix the condition.,06/19/2023 09:35:24 PM,03 MANHATTAN,01,Precinct 7,,MANHATTAN,988159,201369,MOBILE,Unspecified,MANHATTAN,,,,,,,,40.71938725045163,-73.98589827818171,POINT (-73.985898278182 40.719387250452)
57959667,06/20/2023 11:47:38 AM,06/20/2023 01:46:19 PM,NYPD,New York City Police Department,Non-Emergency Police Matter,Trespassing,,Residential Building/House,10466,946 EAST  230 STREET,EAST  230 STREET,BRONXWOOD AVENUE,PAULDING AVENUE,BRONXWOOD AVENUE,PAULDING AVENUE,ADDRESS,BRONX,EAST  230 STREET,,Closed,,The Police Department responded to the complaint and took action to fix the condition.,06/20/2023 01:46:21 PM,12 BRONX,12,Precinct 47,2048650088,BRONX,1025340,263221,PHONE,Unspecified,BRONX,,,,,,,,40.88905912144058,-73.8513893736228,POINT (-73.851389373623 40.889059121441)
57954726,06/20/2023 05:24:25 PM,06/20/2023 06:25:12 PM,NYPD,New York City Police Department,Noise - Street/Sidewalk,Loud Music/Party,,Street/Sidewalk,11201,33 WASHINGTON STREET,WASHINGTON STREET,PLYMOUTH STREET,WATER STREET,PLYMOUTH STREET,WATER STREET,ADDRESS,BROOKLYN,WASHINGTON STREET,,Closed,,The Police Department responded and upon arrival those responsible for the condition were gone.,06/20/2023 06:25:16 PM,02 BROOKLYN,33,Precinct 84,3000287501,BROOKLYN,987146,195563,MOBILE,Unspecified,BROOKLYN,,,,,,,,40.70345155058364,-73.98955517419586,POINT (-73.989555174196 40.703451550584)
57958128,06/20/2023 08:31:49 AM,06/21/2023 11:25:05 AM,DSNY,Department of Sanitation,Missed Collection,Trash,N/A,Street,11434,160-15 121 AVENUE,121 AVENUE,LAKEVIEW BOULEVARD EAST,LONG STREET,LAKEVIEW BOULEVARD EAST,LONG STREET,ADDRESS,JAMAICA,121 AVENUE,,Closed,,The Department of Sanitation investigated this complaint and found no condition at the location.,06/21/2023 09:59:33 AM,12 QUEENS,28,Precinct 113,4122500068,QUEENS,1044244,186657,ONLINE,Unspecified,QUEENS,,,,,,,,40.678803805166346,-73.78370306706174,POINT (-73.783703067062 40.678803805166)
57950235,06/20/2023 12:01:50 PM,06/20/2023 01:20:06 PM,NYPD,New York City Police Department,Illegal Parking,Posted Parking Sign Violation,,Street/Sidewalk,11225,280 LEFFERTS AVENUE,LEFFERTS AVENUE,ROGERS AVENUE,NOSTRAND AVENUE,ROGERS AVENUE,NOSTRAND AVENUE,ADDRESS,BROOKLYN,LEFFERTS AVENUE,,Closed,,The Police Department responded to the complaint and determined that police action was not necessary.,06/20/2023 01:20:09 PM,09 BROOKLYN,40,Precinct 71,3013290025,BROOKLYN,997542,180561,PHONE,Unspecified,BROOKLYN,,,,,,,,40.662264975164604,-73.9520901551701,POINT (-73.95209015517 40.662264975165)
57945438,06/19/2023 01:25:05 PM,06/19/2023 01:55:34 PM,NYPD,New York City Police Department,Blocked Driveway,Partial Access,,Street/Sidewalk,11220,464 67 STREET,67 STREET,4 AVENUE,SHORE ROAD DRIVE,4 AVENUE,SHORE ROAD DRIVE,ADDRESS,BROOKLYN,67 STREET,,Closed,,The Police Department issued a summons in response to the complaint.,06/19/2023 01:55:39 PM,10 BROOKLYN,47,Precinct 68,3058510033,BROOKLYN,978407,171022,ONLINE,Unspecified,BROOKLYN,,,,,,,,40.636090538818046,-74.02105231806819,POINT (-74.021052318068 40.636090538818)
57955248,06/20/2023 08:22:59 AM,06/04/2024 12:51:43 AM,DOHMH,Department of Health and Mental Hygiene,Food Establishment,Rodents/Insects/Garbage,Rodent Infestation,Restaurant/Bar/Deli/Bakery,11106,24-06 34 AVENUE,34 AVENUE,24 STREET,CRESCENT STREET,24 STREET,CRESCENT STREET,ADDRESS,ASTORIA,34 AVENUE,,Closed,,This SR was administratively closed. The issue you reported was addressed.,06/04/2024 12:51:47 AM,01 QUEENS,22,Precinct 114,4005620001,QUEENS,1003258,216757,MOBILE,Unspecified,QUEENS,,,,,,,,40.761603914190836,-73.9313851497439,POINT (-73.931385149744 40.761603914191)
57953511,06/20/2023 01:55:27 PM,06/22/2023 08:22:46 AM,HPD,Department of Housing Preservation and Development,PLUMBING,WATER SUPPLY,NO WATER,RESIDENTIAL BUILDING,10452,1240 WALTON AVENUE,WALTON AVENUE,,,,,ADDRESS,BRONX,,,Closed,,The Department of Housing Preservation and Development inspected the following conditions. No violations were issued. The complaint has been closed.,06/22/2023 12:00:00 AM,04 BRONX,16,Precinct 44,2024650025,BRONX,1006709,243821,ONLINE,Unspecified,BRONX,,,,,,,,40.83587908905498,-73.91883725890963,POINT (-73.91883725891 40.835879089055)
57959109,06/20/2023 08:38:19 AM,05/13/2025 04:51:27 PM,DPR,Department of Parks and Recreation,New Tree Request,For One Address,Street Tree,Street,11211,62 AINSLIE STREET,AINSLIE STREET,RODNEY STREET,KEAP STREET,RODNEY STREET,KEAP STREET,ADDRESS,BROOKLYN,AINSLIE STREET,,Closed,,"In an effort to more fully and efficiently service each city block, NYC Parks is shifting their street tree planting program to a neighborhood approach.  If the site that you requested meets the criteria for planting, NYC Parks will plant a tree through their new Neighborhood Tree Planting Program.   NYC Parks is no longer accepting new tree planting requests. Each neighborhood will be surveyed, inspected, and planted sequentially. NYC Parks foresters will be conducting tree removal, stump removal, and planting block by block and closing all unplantable tree beds. The most heat-vulnerable neighborhoods will be prioritized first.  To learn more about this program, visit nyc.gov/parks/street-tree-planting.  To learn more about the trees in your neighborhood, visit the NYC Tree Map at nyc.gov/parks/treemap.",05/13/2025 04:51:34 PM,01 BROOKLYN,34,Precinct 90,3023740018,BROOKLYN,997402,198964,ONLINE,Unspecified,BROOKLYN,,,,,,,,40.71277718960936,-73.95255884849384,POINT (-73.952558848494 40.712777189609)
57958677,06/20/2023 04:36:35 PM,06/20/2023 05:08:46 PM,NYPD,New York City Police Department,Noise - Residential,Banging/Pounding,,Residential Building/House,11416,101-27 98 STREET,98 STREET,101 AVENUE,103 AVENUE,101 AVENUE,103 AVENUE,ADDRESS,OZONE PARK,98 STREET,,Closed,,The Police Department responded to the complaint and took action to fix the condition.,06/20/2023 05:08:53 PM,09 QUEENS,32,Precinct 102,4091050057,QUEENS,1027800,188615,ONLINE,Unspecified,QUEENS,,,,,,,,40.68427423615051,-73.84297597000827,POINT (-73.842975970008 40.684274236151)
57961377,06/21/2023 03:47:55 PM,06/21/2023 04:39:15 PM,NYPD,New York City Police Department,Noise - Street/Sidewalk,Loud Talking,,Street/Sidewalk,10458,2851 VALENTINE AVENUE,VALENTINE AVENUE,EAST  198 STREET,EAST  199 STREET,EAST  198 STREET,EAST  199 STREET,ADDRESS,BRONX,VALENTINE AVENUE,,Closed,,The Police Department responded to the complaint and took action to fix the condition.,06/21/2023 04:39:19 PM,07 BRONX,15,Precinct 52,2033050001,BRONX,1014770,256142,MOBILE,Unspecified,BRONX,,,,,,,,40.86967236616312,-73.88965020680602,POINT (-73.889650206806 40.869672366163)
57956283,06/20/2023 04:56:38 PM,08/21/2023 07:30:50 AM,HPD,Department of Housing Preservation and Development,UNSANITARY CONDITION,PESTS,MICE,RESIDENTIAL BUILDING,10468,11 EAST  199 STREET,EAST  199 STREET,,,,,ADDRESS,BRONX,,,Closed,,"The Department of Housing Preservation and Development was not able to gain access to inspect the following conditions. The complaint has been closed. If the condition still exists, please file a new complaint.",08/21/2023 12:00:00 AM,07 BRONX,14,Precinct 52,2033200033,BRONX,1014783,257080,PHONE,Unspecified,BRONX,,,,,,,,40.872246842073615,-73.88959892896573,POINT (-73.889598928966 40.872246842074)
57956238,06/20/2023 09:28:41 PM,06/27/2023 08:23:37 PM,HPD,Department of Housing Preservation and Development,PAINT/PLASTER,CEILING,HOLE OR CRACKED,RESIDENTIAL BUILDING,10472,1334 MANOR AVENUE,MANOR AVENUE,,,,,ADDRESS,BRONX,,,Closed,,The Department of Housing Preservation and Development inspected the following conditions. No violations were issued. The complaint has been closed.,06/27/2023 12:00:00 AM,09 BRONX,17,Precinct 43,2038660027,BRONX,1018235,242571,ONLINE,Unspecified,BRONX,,,,,,,,40.83241136979373,-73.87719076972434,POINT (-73.877190769724 40.832411369794)
57954951,06/20/2023 01:48:12 PM,08/03/2023 09:02:26 AM,HPD,Department of Housing Preservation and Development,WATER LEAK,HEAVY FLOW,AT WALL OR CEILING,RESIDENTIAL BUILDING,10467,655 BURKE AVENUE,BURKE AVENUE,,,,,ADDRESS,BRONX,,,Closed,,"The Department of Housing Preservation and Development was not able to gain access to inspect the following conditions. The complaint has been closed. If the condition still exists, please file a new complaint.",08/03/2023 12:00:00 AM,12 BRONX,15,Precinct 47,2045940001,BRONX,1020428,256812,PHONE,Unspecified,BRONX,,,,,,,,40.871489932698715,-73.86918924081932,POINT (-73.869189240819 40.871489932699)
57967137,06/21/2023 11:36:02 AM,06/22/2023 11:08:43 AM,DPR,Department of Parks and Recreation,Overgrown Tree/Branches,Hitting Phone/Cable Lines,Other Types of Wires,Street,11422,133-51 245 STREET,245 STREET,133 ROAD,133 DRIVE,133 ROAD,133 DRIVE,ADDRESS,ROSEDALE,245 STREET,,Closed,,NYC Parks does not perform tree work for phone or cable service. Please contact the appropriate service provider.,06/22/2023 11:08:50 AM,13 QUEENS,31,Precinct 105,4132100019,QUEENS,1059378,184569,PHONE,Unspecified,QUEENS,,,,,,,,40.67295723636811,-73.72916390203108,POINT (-73.729163902031 40.672957236368)
57958884,06/20/2023 01:56:06 PM,06/20/2023 02:18:11 PM,DOT,Department of Transportation,Street Sign - Missing,"No Parking, Standing, Stopping",N/A,Street,11207,259 BARBEY STREET,BARBEY STREET,ATLANTIC AVENUE,LIBERTY AVENUE,ATLANTIC AVENUE,LIBERTY AVENUE,ADDRESS,BROOKLYN,BARBEY STREET,,Closed,,"The Department of Transportation inspected the condition you reported. You can find additional information in the ""Notes to Customer"" field.",06/20/2023 02:18:19 PM,05 BROOKLYN,37,Precinct 75,3039650010,BROOKLYN,1015187,185766,ONLINE,Unspecified,BROOKLYN,,,,,,,,40.67650745569244,-73.88846646639425,POINT (-73.888466466394 40.676507455692)
57959379,06/20/2023 06:06:12 AM,06/22/2023 03:11:06 PM,DOT,Department of Transportation,Street Sign - Missing,Stop,N/A,Street,11378,34-02 LAUREL HILL BOULEVARD,LAUREL HILL BOULEVARD,REVIEW AVENUE,56 ROAD,REVIEW AVENUE,56 ROAD,ADDRESS,MASPETH,LAUREL HILL BOULEVARD,,Closed,,The Department of Transportation has completed the request or corrected the condition.,06/22/2023 03:11:11 PM,02 QUEENS,26,Precinct 108,4025200006,QUEENS,1003419,204942,ONLINE,Unspecified,QUEENS,,,,,,,,40.729174361939656,-73.93083764811723,POINT (-73.930837648117 40.72917436194)
57960882,06/21/2023 06:02:13 PM,06/21/2023 07:05:02 PM,NYPD,New York City Police Department,Illegal Parking,Double Parked Blocking Vehicle,,Street/Sidewalk,10462,2100 WALLACE AVENUE,WALLACE AVENUE,BRADY AVENUE,LYDIG AVENUE,BRADY AVENUE,LYDIG AVENUE,ADDRESS,BRONX,WALLACE AVENUE,,Closed,,The Police Department issued a summons in response to the complaint.,06/21/2023 07:05:07 PM,11 BRONX,13,Precinct 49,2042920014,BRONX,1021641,250173,PHONE,Unspecified,BRONX,,,,,,,,40.853262848340776,-73.86484037657871,POINT (-73.864840376579 40.853262848341)
57958290,06/20/2023 07:31:00 PM,06/21/2023 09:52:00 AM,DSNY,Department of Sanitation,Derelict Vehicles,Derelict Vehicles,,Street,10469,3128 KINGSLAND AVENUE,KINGSLAND AVENUE,HAMMERSLEY AVENUE,DEAD END,,,ADDRESS,BRONX,,,Closed,,The Department of Sanitation does NOT have jurisdiction over vehicles (abandoned or otherwise) that have license plates affixed to them. Your request will be referred to the NYPD for further action.,06/21/2023 12:00:00 PM,12 BRONX,12,Precinct 47,2047650052,BRONX,1027933,257269,PHONE,Unspecified,BRONX,,,,,,,,40.872710304142316,-73.84205007903701,POINT (-73.842050079037 40.872710304142)
57963879,06/21/2023 10:44:58 PM,06/21/2023 10:49:59 PM,NYPD,New York City Police Department,Noise - Commercial,Loud Music/Party,,Club/Bar/Restaurant,11249,111 NORTH   12 STREET,NORTH   12 STREET,WYTHE AVENUE,BERRY STREET,WYTHE AVENUE,BERRY STREET,ADDRESS,BROOKLYN,NORTH   12 STREET,,Closed,,The Police Department responded to the complaint and took action to fix the condition.,06/21/2023 10:50:02 PM,01 BROOKLYN,33,Precinct 94,3022830001,BROOKLYN,996160,202334,ONLINE,Unspecified,BROOKLYN,,,,,,,,40.72202878901314,-73.95703295734614,POINT (-73.957032957346 40.722028789013)
57965211,06/21/2023 01:47:00 PM,06/21/2023 04:45:00 PM,DEP,Department of Environmental Protection,Sewer,Sewer Backup (Use Comments) (SA),SA,,11433,110-53 159 STREET,159 STREET,110 AVE,111 AVE,,,ADDRESS,JAMAICA,,,Closed,,The Department of Environmental Protection has investigated this complaint. Surcharge conditions have been confirmed and attributed to grease. Work was performed to relieve the blockage.,06/21/2023 04:45:00 PM,12 QUEENS,28,Precinct 113,4121630056,QUEENS,1042323,191075,PHONE,Unspecified,QUEENS,,,,,,,,40.69094298227469,-73.79059076173479,POINT (-73.790590761735 40.690942982275)
57960459,06/21/2023 06:31:28 PM,06/23/2023 01:44:43 PM,DPR,Department of Parks and Recreation,Damaged Tree,Branch Cracked and Will Fall,Hanging from Other Branches,Street,11356,14 AVENUE,14 AVENUE,14 AVENUE,115 STREET,14 AVENUE,115 STREET,INTERSECTION,,,,Closed,,NYC Parks performed the work necessary to correct the condition.,06/23/2023 01:44:45 PM,07 QUEENS,19,Precinct 109,,QUEENS,1025133,225587,ONLINE,Unspecified,QUEENS,,,,,,,,40.78576582514336,-73.85236742705574,POINT (-73.852367427056 40.785765825143)
57961053,06/21/2023 03:17:47 PM,06/21/2023 03:53:38 PM,NYPD,New York City Police Department,Noise - Vehicle,Engine Idling,,Street/Sidewalk,11206,60 MOORE STREET,MOORE STREET,MANHATTAN AVENUE,GRAHAM AVENUE,MANHATTAN AVENUE,GRAHAM AVENUE,ADDRESS,BROOKLYN,MOORE STREET,,Closed,,The Police Department responded to the complaint and with the information available observed no evidence of the violation at that time.,06/21/2023 03:53:40 PM,01 BROOKLYN,34,Precinct 90,3031050109,BROOKLYN,999818,195633,ONLINE,Unspecified,BROOKLYN,,,,,,,,40.70363046328035,-73.94385169362323,POINT (-73.943851693623 40.70363046328)
57969414,06/21/2023 09:05:58 AM,06/23/2023 04:22:08 PM,HPD,Department of Housing Preservation and Development,ELECTRIC,NO LIGHTING,ONE ROOM OR AREA,RESIDENTIAL BUILDING,10458,2339 PROSPECT AVENUE,PROSPECT AVENUE,,,,,ADDRESS,BRONX,,,Closed,,"The Department of Housing Preservation and Development contacted an occupant of the apartment and verified that the following conditions were corrected. The complaint has been closed. If the condition still exists, please file a new complaint.",06/23/2023 12:00:00 AM,06 BRONX,15,Precinct 48,2031020047,BRONX,1016515,249853,PHONE,Unspecified,BRONX,,,,,,,,40.85240476473217,-73.88337117091983,POINT (-73.88337117092 40.852404764732)
57956229,06/20/2023 11:53:01 AM,06/29/2023 04:06:21 PM,HPD,Department of Housing Preservation and Development,PAINT/PLASTER,DOOR/FRAME,PEELING OR FLAKING PAINT,RESIDENTIAL BUILDING,10039,2650 ADAM C POWELL BOULEVARD,ADAM C POWELL BOULEVARD,,,,,ADDRESS,NEW YORK,,,Closed,,The Department of Housing Preservation and Development inspected the following conditions. No violations were issued. The complaint has been closed.,06/29/2023 12:00:00 AM,10 MANHATTAN,09,Precinct 32,1020370011,MANHATTAN,1002067,240358,ONLINE,Unspecified,MANHATTAN,,,,,,,,40.82638473565988,-73.9356217932256,POINT (-73.935621793226 40.82638473566)
57957957,06/20/2023 09:28:12 AM,11/30/2023 08:43:05 AM,DPR,Department of Parks and Recreation,New Tree Request,For One Address,Street Tree,Street,10039,2745 FREDERICK DOUGLASS BOULEVARD,FREDERICK DOUGLASS BOULEVARD,WEST  146 STREET,WEST  147 STREET,WEST  146 STREET,WEST  147 STREET,ADDRESS,NEW YORK,8 AVENUE,,Closed,,"The location was inspected and is suitable for tree planting. Barring any unforeseen issues such as underground utilities and based on available funding, the requested tree will be placed on an upcoming contract. Please note that this process can take up to two years, depending on capacity and the location.   To find out where and when trees will be planted, please visit the Tree Work Hub at nyc.gov/parks/treework.  To learn more about the trees in your neighborhood, visit the NYC Street Tree Map at nyc.gov/parks/treemap.",11/30/2023 08:43:09 AM,10 MANHATTAN,09,Precinct 32,1020450031,MANHATTAN,1000493,239373,UNKNOWN,Unspecified,MANHATTAN,,,,,,,,40.82368422602693,-73.94131151376551,POINT (-73.941311513766 40.823684226027)
57961782,06/21/2023 05:50:50 AM,09/25/2023 07:46:52 AM,DPR,Department of Parks and Recreation,New Tree Request,For One Address,Street Tree,Street,11223,2187 CONEY ISLAND AVENUE,CONEY ISLAND AVENUE,1 COURT,AVENUE S,1 COURT,AVENUE S,ADDRESS,BROOKLYN,CONEY ISLAND AVENUE,,Closed,,NYC Parks determined that the requested location cannot receive a new tree because of conflicts with surrounding infrastructure.,09/25/2023 07:46:57 AM,15 BROOKLYN,48,Precinct 61,3068170060,BROOKLYN,994913,159248,UNKNOWN,Unspecified,BROOKLYN,,,,,,,,40.6037688720885,-73.96159982915576,POINT (-73.961599829156 40.603768872089)
57955455,06/20/2023 08:28:10 PM,06/20/2023 09:01:07 PM,NYPD,New York City Police Department,Illegal Parking,Blocked Crosswalk,,Street/Sidewalk,10040,124 FT GEORGE AVENUE,FT GEORGE AVENUE,AUDUBON AVENUE,ST NICHOLAS AVENUE,AUDUBON AVENUE,ST NICHOLAS AVENUE,ADDRESS,NEW YORK,FORT GEORGE AVENUE,,Closed,,The Police Department responded to the complaint and took action to fix the condition.,06/20/2023 09:01:10 PM,12 MANHATTAN,10,Precinct 34,1021610033,MANHATTAN,1004299,251548,MOBILE,Unspecified,MANHATTAN,,,,,,,,40.85709322339035,-73.92752345251631,POINT (-73.927523452516 40.85709322339)
57961026,06/21/2023 05:23:38 PM,06/21/2023 06:09:19 PM,NYPD,New York City Police Department,Illegal Parking,Blocked Crosswalk,,Street/Sidewalk,10461,1539 SEMINOLE STREET,SEMINOLE STREET,EASTCHESTER ROAD,STILLWELL AVENUE,EASTCHESTER ROAD,STILLWELL AVENUE,ADDRESS,BRONX,SEMINOLE STREET,,Closed,,The Police Department responded and upon arrival those responsible for the condition were gone.,06/21/2023 06:09:25 PM,11 BRONX,13,Precinct 49,2042200032,BRONX,1027814,250640,MOBILE,Unspecified,BRONX,,,,,,,,40.85451632170364,-73.8425234511907,POINT (-73.842523451191 40.854516321704)
57952656,06/20/2023 04:01:47 PM,06/26/2023 12:00:00 AM,DOB,Department of Buildings,Emergency Response Team (ERT),After Hours Work - Illegal,,,10030,101 WEST  140 STREET,WEST  140 STREET,,,,,ADDRESS,NEW YORK,,N/A,Closed,,The Department of Buildings investigated this complaint and determined that no further action was necessary.,06/26/2023 12:00:00 AM,10 MANHATTAN,09,Precinct 32,1020090029,MANHATTAN,1001219,237068,UNKNOWN,Unspecified,MANHATTAN,,,,,,,,40.81735628809171,-73.9386941923067,POINT (-73.938694192307 40.817356288092)
57959802,06/20/2023 09:11:00 AM,06/20/2023 10:59:00 AM,DEP,Department of Environmental Protection,Water System,No Water (WNW),WNW,,10466,3967 PROVOST AVENUE,PROVOST AVENUE,E 233 ST,BX-WESTCHESTER CNTY BNDY,,,ADDRESS,BRONX,,,Closed,,"The status of this Service Request is currently not available online. Please call 311 for further assistance. If you are outside of New York City, please call (212) NEW-YORK (212-639-9675).",06/20/2023 10:59:00 AM,12 BRONX,12,Precinct 47,2049730036,BRONX,1032003,263769,PHONE,Unspecified,BRONX,,,,,,,,40.890529664415006,-73.82728738320925,POINT (-73.827287383209 40.890529664415)
57956373,06/20/2023 03:46:41 PM,12/07/2023 12:40:12 PM,DPR,Department of Parks and Recreation,Damaged Tree,Branch Cracked and Will Fall,Other,Street,11355,144-54 SANFORD AVENUE,SANFORD AVENUE,PARSONS BOULEVARD,147 STREET,PARSONS BOULEVARD,147 STREET,ADDRESS,FLUSHING,SANFORD AVENUE,,Closed,,NYC Parks performed the work necessary to correct the condition.,12/07/2023 12:40:18 PM,07 QUEENS,20,Precinct 109,4053740027,QUEENS,1034097,215858,PHONE,Unspecified,QUEENS,,,,,,,,40.75901630724741,-73.82006977979617,POINT (-73.820069779796 40.759016307247)
57962529,06/21/2023 03:47:19 PM,06/23/2023 03:33:13 PM,DSNY,Department of Sanitation,Dead Animal,Squirrel,Street or Sidewalk,Sidewalk,11369,103-01 27 AVENUE,27 AVENUE,GILLMORE STREET,ERICSSON STREET,GILLMORE STREET,ERICSSON STREET,ADDRESS,EAST ELMHURST,27 AVENUE,,Closed,,The Department of Sanitation investigated this complaint and found no condition at the location.,06/22/2023 12:51:46 PM,03 QUEENS,21,Precinct 115,4016530054,QUEENS,1021108,217702,ONLINE,Unspecified,QUEENS,,,,,,,,40.764141296873056,-73.86694532762603,POINT (-73.866945327626 40.764141296873)
57964815,06/21/2023 06:38:48 AM,06/21/2023 07:52:36 AM,NYPD,New York City Police Department,Illegal Parking,Posted Parking Sign Violation,,Street/Sidewalk,11226,1010 OCEAN AVENUE,OCEAN AVENUE,DITMAS AVENUE,NEWKIRK AVENUE,DITMAS AVENUE,NEWKIRK AVENUE,ADDRESS,BROOKLYN,OCEAN AVENUE,,Closed,,The Police Department responded and upon arrival those responsible for the condition were gone.,06/21/2023 07:52:40 AM,14 BROOKLYN,40,Precinct 70,3052050031,BROOKLYN,995705,171719,MOBILE,Unspecified,BROOKLYN,,,,,,,,40.63799817522305,-73.95872647543699,POINT (-73.958726475437 40.637998175223)
57969756,06/21/2023 09:00:00 AM,06/21/2023 11:42:00 PM,DSNY,Department of Sanitation,Derelict Vehicles,Derelict Vehicles,,Street,11385,74-01 64 STREET,64 STREET,DEAD END,75 AVENUE,,,ADDRESS,RIDGEWOOD,,,Closed,,The Department of Sanitation (DSNY) couldn't find the condition. Please file a new Service Request with more details about the location.,06/21/2023 12:00:00 PM,05 QUEENS,30,Precinct 104,,QUEENS,1014118,194271,PHONE,Unspecified,QUEENS,,,,,,,,40.699855381795636,-73.89228269783945,POINT (-73.892282697839 40.699855381796)
57966309,06/21/2023 07:32:20 PM,06/21/2023 10:20:22 PM,NYPD,New York City Police Department,Illegal Parking,Blocked Crosswalk,,Street/Sidewalk,11207,954 BLAKE AVENUE,BLAKE AVENUE,ASHFORD STREET,CLEVELAND STREET,ASHFORD STREET,CLEVELAND STREET,ADDRESS,BROOKLYN,BLAKE AVENUE,,Closed,,The Police Department responded to the complaint and with the information available observed no evidence of the violation at that time.,06/21/2023 10:20:27 PM,05 BROOKLYN,42,Precinct 75,3040640031,BROOKLYN,1016593,183222,PHONE,Unspecified,BROOKLYN,,,,,,,,40.66951972760048,-73.88340979273093,POINT (-73.883409792731 40.6695197276)
57969738,06/21/2023 07:14:00 AM,06/21/2023 08:17:00 PM,DSNY,Department of Sanitation,Derelict Vehicles,Derelict Vehicles,,Street,10303,111 BUSH AVENUE,BUSH AVENUE,BUSH AVENUE,,,,ADDRESS,STATEN ISLAND,,DSNY Garage,Closed,,The owner claimed the vehicle.Â Your request is now closed and no further action will be taken.,06/21/2023 12:00:00 PM,01 STATEN ISLAND,49,Precinct 121,5012260031,STATEN ISLAND,940098,170318,PHONE,Unspecified,STATEN ISLAND,,,,,,,,40.63405009827687,-74.15907479533558,POINT (-74.159074795336 40.634050098277)
57954447,06/20/2023 08:27:21 AM,,DSNY,Department of Sanitation,Lot Condition,Trash,N/A,Lot,11221,118 STUYVESANT AVENUE,STUYVESANT AVENUE,LAFAYETTE AVENUE,VAN BUREN STREET,LAFAYETTE AVENUE,VAN BUREN STREET,ADDRESS,BROOKLYN,STUYVESANT AVENUE,,In Progress,,,,03 BROOKLYN,36,Precinct 81,3016100046,BROOKLYN,1002613,191248,PHONE,Unspecified,BROOKLYN,,,,,,,,40.691589303913105,-73.93378306922762,POINT (-73.933783069228 40.691589303913)
57956481,06/20/2023 11:11:36 AM,08/18/2023 02:13:54 PM,DPR,Department of Parks and Recreation,Overgrown Tree/Branches,Clear Street Light,N/A,Street,10314,186 WARWICK AVENUE,WARWICK AVENUE,ASH PLACE,WESTWOOD AVENUE,ASH PLACE,WESTWOOD AVENUE,ADDRESS,STATEN ISLAND,WARWICK AVENUE,,Closed,,"NYC Parks created a work order for the tree condition.  Please note that addressing this work can take up to a year or more depending on the higher priority work identified during this period and resources available to address this work.    NYC Parks work priority categories range from Category A through D, with A being the most critical and time-sensitive. We will complete all work in Category A first and address work in lower priority categories in accordance with available resources. For more information about the Tree Risk Management Program, visit the NYC Urban Forest page on the NYC Parks website at nyc.gov/parks/trees.   Alternatively, you may choose complete the work yourself by hiring an independent contractor. The contractor must complete a Tree Work Permit application on the NYC Parks website at nyc.gov/parks/trees.",08/18/2023 02:13:59 PM,02 STATEN ISLAND,50,Precinct 121,5007790028,STATEN ISLAND,946202,160279,PHONE,Unspecified,STATEN ISLAND,,,,,,,,40.60652349003107,-74.13702621520592,POINT (-74.137026215206 40.606523490031)
57963978,06/21/2023 04:54:37 PM,,DCWP,Department of Consumer and Worker Protection,Consumer Complaint,Used Car Dealer,Contract Terms Misleading or Not Disclosed,Business,10466,4007 BOSTON ROAD,BOSTON ROAD,SECOR AVENUE,DYRE AVENUE,SECOR AVENUE,DYRE AVENUE,ADDRESS,BRONX,BOSTON ROAD,,In Progress,,"The Department of Consumer and Worker Protection (DCWP) sent you a complaint form.  To help you, DCWP must get the completed form and any requested documents within 30 days.  You can send requested information by email, fax, or mail. Contact information is on the complaint form.  You may also be able to submit requested information at nyc.gov/dcwp. You must enter your NYC311 Service Request number.  If you didn't receive the complaint form within 15 days from the date you filed your Service Request, call DCWP Consumer Services at (212) 487-4110. You must provide your NYC311 Service Request number.  DCWP will contact you about 30 days after getting your completed form and documents.",06/22/2023 12:07:17 PM,12 BRONX,12,Precinct 47,2049440005,BRONX,1030720,261613,PHONE,Unspecified,BRONX,,,,,,,,40.88461898296887,-73.83194267465935,POINT (-73.831942674659 40.884618982969)
57952980,06/20/2023 11:50:00 AM,06/20/2023 03:25:00 PM,DEP,Department of Environmental Protection,Water System,No Water (WNW),WNW,,11231,61 TOMPKINS PLACE,TOMPKINS PLACE,KANE ST,DE GRAW ST,,,ADDRESS,BROOKLYN,,,Closed,,The Department of Environmental Protection resolved this complaint by speaking to the complainant on the phone.,06/20/2023 03:25:00 PM,06 BROOKLYN,39,Precinct 76,3003260001,BROOKLYN,985348,188619,ONLINE,Unspecified,BROOKLYN,,,,,,,,40.68439228432592,-73.99604104252879,POINT (-73.996041042529 40.684392284326)
57963033,06/21/2023 02:54:43 PM,06/28/2023 05:54:11 PM,HPD,Department of Housing Preservation and Development,APPLIANCE,REFRIGERATOR,BROKEN DOOR SEAL,RESIDENTIAL BUILDING,10031,556 WEST  149 STREET,WEST  149 STREET,,,,,ADDRESS,NEW YORK,,,Closed,,The Department of Housing Preservation and Development inspected the following conditions. Violations were issued. Information about specific violations is available at www.nyc.gov/hpd,06/28/2023 12:00:00 AM,09 MANHATTAN,07,Precinct 30,1020800054,MANHATTAN,998845,241092,PHONE,Unspecified,MANHATTAN,,,,,,,,40.828405267586454,-73.94726225332741,POINT (-73.947262253327 40.828405267586)
57958875,06/20/2023 10:10:09 AM,07/01/2023 09:56:16 AM,HPD,Department of Housing Preservation and Development,FLOORING/STAIRS,FLOOR,SAGGING OR SLOPING,RESIDENTIAL BUILDING,10027,49 ST NICHOLAS TERRACE,ST NICHOLAS TERRACE,,,,,ADDRESS,NEW YORK,,,Closed,,The Department of Housing Preservation and Development inspected the following conditions. No violations were issued. The complaint has been closed.,07/01/2023 12:00:00 AM,09 MANHATTAN,09,Precinct 26,1019690048,MANHATTAN,997781,235791,PHONE,Unspecified,MANHATTAN,,,,,,,,40.813857216247925,-73.95111761176348,POINT (-73.951117611763 40.813857216248)
57959082,06/20/2023 01:28:04 PM,06/20/2023 06:38:30 PM,NYPD,New York City Police Department,Illegal Parking,Parking Permit Improper Use,Blocking Driveway,Street/Sidewalk,11432,84-72 151 STREET,151 STREET,84 DRIVE,85 AVENUE,84 DRIVE,85 AVENUE,ADDRESS,JAMAICA,151 STREET,,Closed,,The Police Department responded to the complaint and with the information available observed no evidence of the violation at that time.,06/20/2023 06:38:37 PM,08 QUEENS,24,Precinct 107,4097440012,QUEENS,1037345,198758,MOBILE,Unspecified,QUEENS,,,,,,,,40.71206223113423,-73.8084806261523,POINT (-73.808480626152 40.712062231134)
57963213,06/21/2023 03:45:36 PM,06/21/2023 04:18:40 PM,NYPD,New York City Police Department,Animal-Abuse,Neglected,Dog,Residential Building/House,11418,116-02 CURZON ROAD,CURZON ROAD,116 STREET,117 STREET,116 STREET,117 STREET,ADDRESS,RICHMOND HILL,CURZON ROAD,,Closed,,The Police Department responded to the complaint and with the information available observed no evidence of the violation at that time.,06/21/2023 04:18:47 PM,09 QUEENS,29,Precinct 102,4033210177,QUEENS,1029752,196163,ONLINE,Unspecified,QUEENS,,,,,,,,40.70498189069014,-73.83588686086019,POINT (-73.83588686086 40.70498189069)
57960927,06/22/2023 12:34:06 AM,06/22/2023 01:16:02 AM,NYPD,New York City Police Department,Illegal Parking,Double Parked Blocking Vehicle,,Street/Sidewalk,11368,111-39 44 AVENUE,44 AVENUE,111 STREET,114 STREET,111 STREET,114 STREET,ADDRESS,CORONA,44 AVENUE,,Closed,,The Police Department issued a summons in response to the complaint.,06/22/2023 01:16:09 AM,04 QUEENS,21,Precinct 110,4020160171,QUEENS,1024715,212231,PHONE,Unspecified,QUEENS,,,,,,,,40.749109043870995,-73.85395727281548,POINT (-73.853957272815 40.749109043871)
58071663,07/02/2023 09:24:57 PM,07/02/2023 10:06:19 PM,NYPD,New York City Police Department,Illegal Fireworks,N/A,,Street/Sidewalk,11378,55-49 56 STREET,56 STREET,55 DRIVE,56 DRIVE,55 DRIVE,56 DRIVE,ADDRESS,MASPETH,56 STREET,,Closed,,The Police Department responded to the complaint and with the information available observed no evidence of the violation at that time.,07/02/2023 10:06:27 PM,02 QUEENS,26,Precinct 108,,QUEENS,1007893,203848,PHONE,Unspecified,QUEENS,,,,,,,,40.72616077283358,-73.91469916905342,POINT (-73.914699169053 40.726160772834)
57959271,06/20/2023 05:22:51 PM,06/20/2023 06:13:16 PM,NYPD,New York City Police Department,Abandoned Vehicle,With License Plate,,Street/Sidewalk,11430,149-18 134 STREET,134 STREET,SOUTH CONDUIT AVENUE,149 AVENUE,SOUTH CONDUIT AVENUE,149 AVENUE,ADDRESS,JAMAICA,134 STREET,,Closed,,The Police Department responded to the complaint and a report was prepared.,06/20/2023 06:13:21 PM,10 QUEENS,28,Precinct 106,,QUEENS,1038071,181765,MOBILE,Unspecified,QUEENS,,,,,,,,40.66541607962593,-73.80599762624934,POINT (-73.805997626249 40.665416079626)
57956616,06/20/2023 12:29:15 PM,06/21/2023 11:28:50 AM,DOT,Department of Transportation,Street Condition,Defective Hardware,N/A,Street,11218,1200 BEVERLEY ROAD,BEVERLEY ROAD,WESTMINSTER ROAD,ARGYLE ROAD,WESTMINSTER ROAD,ARGYLE ROAD,ADDRESS,BROOKLYN,BEVERLEY ROAD,,Closed,,This request required re-assignment to a new DOT unit.,06/21/2023 11:28:59 AM,14 BROOKLYN,40,Precinct 70,3051430001,BROOKLYN,993227,173906,PHONE,Unspecified,BROOKLYN,,,,,,,,40.644003879130686,-73.96765204943165,POINT (-73.967652049432 40.644003879131)
57969531,06/21/2023 11:21:13 AM,07/10/2023 09:54:05 AM,HPD,Department of Housing Preservation and Development,PAINT/PLASTER,WALL,CHIPPED/PEELING/FLAKING,RESIDENTIAL BUILDING,10037,2171 MADISON AVENUE,MADISON AVENUE,,,,,ADDRESS,NEW YORK,,,Closed,,The Department of Housing Preservation and Development was unable to access the rooms where the following conditions were reported. No violations were issued. The complaint has been closed.,07/10/2023 12:00:00 AM,11 MANHATTAN,09,Precinct 25,1017600101,MANHATTAN,1002073,235346,PHONE,Unspecified,MANHATTAN,,,,,,,,40.81262819922922,-73.93561342471233,POINT (-73.935613424712 40.812628199229)
57953052,06/20/2023 09:11:41 PM,06/20/2023 10:38:21 PM,NYPD,New York City Police Department,Illegal Parking,Commercial Overnight Parking,,Street/Sidewalk,11356,20-49 126 STREET,126 STREET,20 AVENUE,22 AVENUE,20 AVENUE,22 AVENUE,ADDRESS,COLLEGE POINT,126 STREET,,Closed,,The Police Department responded to the complaint and determined that police action was not necessary.,06/20/2023 10:38:25 PM,07 QUEENS,19,Precinct 109,4041710001,QUEENS,1027920,224006,MOBILE,Unspecified,QUEENS,,,,,,,,40.781413076066286,-73.84231359153593,POINT (-73.842313591536 40.781413076066)
57960567,06/21/2023 10:11:04 AM,06/21/2023 10:11:04 AM,DOHMH,Department of Health and Mental Hygiene,Rodent,Mouse Sighting,,1-2 Family Dwelling,11357,16-45 154 STREET,154 STREET,LOCKE AVENUE,DEAD END,LOCKE AVENUE,DEAD END,ADDRESS,WHITESTONE,154 STREET,,Closed,,The Department of Health and Mental Hygiene inspected the property you reported and did not find any violations at the time of the inspection. The property passed inspection.,06/21/2023 10:11:04 AM,07 QUEENS,19,Precinct 109,4047280124,QUEENS,1037301,225178,ONLINE,Unspecified,QUEENS,,,,,,,,40.7845785681637,-73.80843092468963,POINT (-73.80843092469 40.784578568164)
57954843,06/20/2023 08:29:30 AM,07/31/2023 08:32:20 AM,HPD,Department of Housing Preservation and Development,GENERAL,BELL/BUZZER/INTERCOM,BROKEN OR MISSING,RESIDENTIAL BUILDING,11232,4112 4 AVENUE,4 AVENUE,,,,,ADDRESS,BROOKLYN,,,Closed,,The Department of Housing Preservation and Development inspected the following conditions. No violations were issued. The complaint has been closed.,07/31/2023 12:00:00 AM,07 BROOKLYN,38,Precinct 72,3007180043,BROOKLYN,982175,176594,PHONE,Unspecified,BROOKLYN,,,,,,,,40.651386163880936,-74.0074779350686,POINT (-74.007477935069 40.651386163881)
57960243,06/20/2023 09:22:13 AM,06/25/2023 05:41:48 PM,HPD,Department of Housing Preservation and Development,PLUMBING,BATHTUB/SHOWER,FAUCET BROKEN/MISSING/LEAKING,RESIDENTIAL BUILDING,11217,427 DEAN STREET,DEAN STREET,,,,,ADDRESS,BROOKLYN,,,Closed,,The Department of Housing Preservation and Development inspected the following conditions. No violations were issued. The complaint has been closed.,06/25/2023 12:00:00 AM,06 BROOKLYN,39,Precinct 78,3009280051,BROOKLYN,990529,187903,ONLINE,Unspecified,BROOKLYN,,,,,,,,40.682424868573925,-73.97736105570354,POINT (-73.977361055704 40.682424868574)
57965418,06/21/2023 08:57:17 PM,06/21/2023 09:12:39 PM,NYPD,New York City Police Department,Noise - Residential,Loud Music/Party,,Residential Building/House,11233,384 LEWIS AVENUE,LEWIS AVENUE,MACON STREET,MAC DONOUGH STREET,MACON STREET,MAC DONOUGH STREET,ADDRESS,BROOKLYN,LEWIS AVENUE,,Closed,,The Police Department responded to the complaint and with the information available observed no evidence of the violation at that time.,06/21/2023 09:12:44 PM,03 BROOKLYN,36,Precinct 81,,BROOKLYN,1002295,187888,ONLINE,Unspecified,BROOKLYN,,,,,,,,40.68236753052053,-73.93493877503025,POINT (-73.93493877503 40.682367530521)
57964779,06/22/2023 12:07:19 AM,06/22/2023 05:57:05 AM,NYPD,New York City Police Department,Noise - Street/Sidewalk,Loud Music/Party,,Street/Sidewalk,10452,41 ELLIOT PLACE,ELLIOT PLACE,JEROME AVENUE,WALTON AVENUE,JEROME AVENUE,WALTON AVENUE,ADDRESS,BRONX,ELLIOT PLACE,,Closed,,The Police Department responded to the complaint and with the information available observed no evidence of the violation at that time.,06/22/2023 05:57:11 AM,04 BRONX,16,Precinct 44,2028420023,BRONX,1007202,245030,ONLINE,Unspecified,BRONX,,,,,,,,40.839196174460284,-73.91705151039285,POINT (-73.917051510393 40.83919617446)
57963933,06/21/2023 04:45:12 PM,06/22/2023 03:54:31 AM,DSNY,Department of Sanitation,Dirty Condition,Broken Glass,N/A,Sidewalk,11417,94-18 LINDEN BOULEVARD,LINDEN BOULEVARD,94 STREET,95 STREET,94 STREET,95 STREET,ADDRESS,OZONE PARK,LINDEN BOULEVARD,,Closed,,The Department of Sanitation cleaned the location.,06/22/2023 03:54:35 AM,10 QUEENS,32,Precinct 106,4115130009,QUEENS,1028016,184822,ONLINE,Unspecified,QUEENS,,,,,,,,40.67386226170969,-73.84222179432587,POINT (-73.842221794326 40.67386226171)
57961062,06/21/2023 02:38:00 PM,06/27/2023 02:20:00 PM,DEP,Department of Environmental Protection,Sewer,Catch Basin Clogged/Flooding (Use Comments) (SC),SC,,10306,327 PETER AVENUE,PETER AVENUE,FALCON AVE,MILL RD,,,ADDRESS,STATEN ISLAND,,,Closed,,"The Department of Environmental Protection inspected your complaint and cleaned the catch basin or inlet. If the condition returns, please call 311 (or 212-639-9675 if calling from a non-New York City area code) to submit a new complaint.",06/27/2023 02:20:00 PM,03 STATEN ISLAND,50,Precinct 122,5040070166,STATEN ISLAND,952321,143733,PHONE,Unspecified,STATEN ISLAND,,,,,,,,40.561132202862225,-74.11491108324017,POINT (-74.11491108324 40.561132202862)
57954042,06/20/2023 06:07:05 PM,06/23/2023 11:21:56 AM,DSNY,Department of Sanitation,Illegal Dumping,Removal Request,N/A,Sidewalk,11223,2119 EAST    7 STREET,EAST    7 STREET,AVENUE T,AVENUE U,AVENUE T,AVENUE U,ADDRESS,BROOKLYN,EAST    7 STREET,,Closed,,The Department of Sanitation investigated this complaint and found no condition at the location.,06/23/2023 10:22:57 AM,15 BROOKLYN,48,Precinct 61,3071100063,BROOKLYN,994173,157474,PHONE,Unspecified,BROOKLYN,,,,,,,,40.5989004620908,-73.96426736281613,POINT (-73.964267362816 40.598900462091)
57956823,06/20/2023 09:14:31 AM,07/10/2023 02:03:16 PM,DSNY,Department of Sanitation,Missed Collection,Trash,N/A,Street,10034,176 NAGLE AVENUE,NAGLE AVENUE,DYCKMAN STREET,IRT-1-BROADWAY/7 AVENUE LINE,DYCKMAN STREET,IRT-1-BROADWAY/7 AVENUE LINE,ADDRESS,NEW YORK,NAGLE AVENUE,,Closed,,The Department of Sanitation investigated this complaint and found no condition at the location.,06/21/2023 05:59:46 AM,12 MANHATTAN,10,Precinct 34,1022170047,MANHATTAN,1005179,253245,PHONE,Unspecified,MANHATTAN,,,,,,,,40.86174893459112,-73.92433698102494,POINT (-73.924336981025 40.861748934591)
57957543,06/20/2023 03:37:47 PM,07/10/2023 12:04:38 PM,HPD,Department of Housing Preservation and Development,APPLIANCE,ELECTRIC/GAS RANGE,NO GAS OR ELECTRICITY,RESIDENTIAL BUILDING,10465,3266 WATERBURY AVENUE,WATERBURY AVENUE,,,,,ADDRESS,BRONX,,,Closed,,"The Department of Housing Preservation and Development was not able to gain access to inspect the following conditions. The complaint has been closed. If the condition still exists, please file a new complaint.",07/10/2023 12:00:00 AM,10 BRONX,13,Precinct 45,2053300035,BRONX,1034135,244307,PHONE,Unspecified,BRONX,,,,,,,,40.837100682617674,-73.8197212715937,POINT (-73.819721271594 40.837100682618)
57963060,06/21/2023 06:10:21 PM,06/21/2023 06:21:04 PM,NYPD,New York City Police Department,Illegal Parking,Blocked Bike Lane,,Street/Sidewalk,10461,1090 MORRIS PARK AVENUE,MORRIS PARK AVENUE,LURTING AVENUE,HAIGHT AVENUE,LURTING AVENUE,HAIGHT AVENUE,ADDRESS,BRONX,MORRIS PARK AVENUE,,Closed,,The Police Department responded to the complaint and took action to fix the condition.,06/21/2023 06:21:10 PM,11 BRONX,13,Precinct 49,2041080006,BRONX,1024822,248772,MOBILE,Unspecified,BRONX,,,,,,,,40.84940347962201,-73.85335031270296,POINT (-73.853350312703 40.849403479622)
57968244,06/21/2023 05:42:29 PM,06/29/2023 08:45:13 PM,HPD,Department of Housing Preservation and Development,PAINT/PLASTER,CEILING,HOLE OR CRACKED,RESIDENTIAL BUILDING,10461,1921 HOBART AVENUE,HOBART AVENUE,,,,,ADDRESS,BRONX,,,Closed,,The Department of Housing Preservation and Development inspected the following conditions. No violations were issued. The complaint has been closed.,06/29/2023 12:00:00 AM,10 BRONX,13,Precinct 45,2042340052,BRONX,1030937,249002,ONLINE,Unspecified,BRONX,,,,,,,,40.85000454447835,-73.83124576416397,POINT (-73.831245764164 40.850004544478)
57957831,06/20/2023 02:04:19 PM,06/20/2023 02:04:19 PM,DOHMH,Department of Health and Mental Hygiene,Rodent,Rat Sighting,,Commercial Building,10027,75 WEST  126 STREET,WEST  126 STREET,5 AVENUE,LENOX AVENUE,5 AVENUE,LENOX AVENUE,ADDRESS,NEW YORK,WEST  126 STREET,,Closed,,The Department of Health and Mental Hygiene inspected the property you reported and did not find any violations at the time of the inspection. The property passed inspection.,06/20/2023 02:04:19 PM,10 MANHATTAN,09,Precinct 28,1017240006,MANHATTAN,999781,233657,MOBILE,Unspecified,MANHATTAN,,,,,,,,40.807996690714,-73.94389730715424,POINT (-73.943897307154 40.807996690714)
57959001,06/20/2023 10:53:28 AM,06/22/2023 09:44:51 AM,HPD,Department of Housing Preservation and Development,PLUMBING,BATHTUB/SHOWER,FAUCET BROKEN/MISSING/LEAKING,RESIDENTIAL BUILDING,11213,1471 DEAN STREET,DEAN STREET,,,,,ADDRESS,BROOKLYN,,,Closed,,The Department of Housing Preservation and Development inspected the following conditions. Violations were issued. Information about specific violations is available at www.nyc.gov/hpd,06/22/2023 12:00:00 AM,08 BROOKLYN,36,Precinct 77,3012100053,BROOKLYN,1000993,185687,PHONE,Unspecified,BROOKLYN,,,,,,,,40.67632884419204,-73.93963860118478,POINT (-73.939638601185 40.676328844192)
57969999,06/21/2023 06:28:17 AM,,EDC,Economic Development Corporation,Noise - Helicopter,Other,Flying Too Low,Above Address,11357,160-21 13 AVENUE,13 AVENUE,160 STREET,162 STREET,160 STREET,162 STREET,ADDRESS,WHITESTONE,13 AVENUE,,In Progress,,,,07 QUEENS,19,Precinct 109,4045820009,QUEENS,1039149,227054,ONLINE,Unspecified,QUEENS,,,,,,,,40.789716387210206,-73.80174242024911,POINT (-73.801742420249 40.78971638721)
57967470,06/21/2023 12:56:21 PM,06/21/2023 01:40:50 PM,NYPD,New York City Police Department,Illegal Parking,Unauthorized Bus Layover,,Street/Sidewalk,10467,2541 OLINVILLE AVENUE,OLINVILLE AVENUE,MACE AVENUE,ALLERTON AVENUE,MACE AVENUE,ALLERTON AVENUE,ADDRESS,BRONX,OLINVILLE AVENUE,,Closed,,The Police Department responded and upon arrival those responsible for the condition were gone.,06/21/2023 01:40:54 PM,11 BRONX,15,Precinct 49,2044280046,BRONX,1020643,254034,PHONE,Unspecified,BRONX,,,,,,,,40.86386429320643,-73.86842694196743,POINT (-73.868426941967 40.863864293206)
57954888,06/20/2023 03:50:29 PM,06/26/2023 05:11:14 PM,HPD,Department of Housing Preservation and Development,PAINT/PLASTER,WALL,DIRTY OR UNSANITARY,RESIDENTIAL BUILDING,10457,3859 3 AVENUE,3 AVENUE,,,,,ADDRESS,BRONX,,,Closed,,The Department of Housing Preservation and Development inspected the following conditions. No violations were issued. The complaint has been closed.,06/26/2023 12:00:00 AM,03 BRONX,16,Precinct 42,2029190043,BRONX,1011661,244797,PHONE,Unspecified,BRONX,,,,,,,,40.838543942683714,-73.90093765674766,POINT (-73.900937656748 40.838543942684)
57966507,06/21/2023 08:53:40 PM,06/22/2023 10:30:00 AM,DOT,Department of Transportation,Street Condition,Pothole,,,11222,,,,,HURON STREET,PROVOST STREET,INTERSECTION,BROOKLYN,,N/A,Closed,,The Department of Transportation inspected this complaint and repaired the problem.,06/22/2023 10:30:00 AM,01 BROOKLYN,33,Precinct 94,,BROOKLYN,998194,206518,UNKNOWN,Unspecified,BROOKLYN,,,,,,,,40.73350987490752,-73.94968634066412,POINT (-73.949686340664 40.733509874908)
57955140,06/20/2023 01:03:26 PM,05/09/2025 08:30:17 AM,DPR,Department of Parks and Recreation,Dead/Dying Tree,Planted More Than 2 Years Ago,N/A,Street,11420,109-02 108 STREET,108 STREET,109 AVENUE,ROCKAWAY BOULEVARD,109 AVENUE,ROCKAWAY BOULEVARD,ADDRESS,SOUTH OZONE PARK,108 STREET,,Closed,,NYC Parks performed the work necessary to correct the condition.,05/09/2025 08:30:22 AM,10 QUEENS,28,Precinct 106,4114740022,QUEENS,1030946,186811,PHONE,Unspecified,QUEENS,,,,,,,,40.67930663751748,-73.83164526968648,POINT (-73.831645269686 40.679306637517)
57960225,06/20/2023 07:29:00 PM,06/20/2023 07:55:00 PM,DEP,Department of Environmental Protection,Sewer,Sewer Backup (Use Comments) (SA),SA,,10473,319 TAYLOR AVENUE,TAYLOR AVENUE,O'BRIEN AVE,PATTERSON AVE,,,ADDRESS,BRONX,,,Closed,,"The Department of Environmental Protection has investigated this complaint. Upon investigation, there was no indication of a city sewer issue and there is a suspected sewer backup due to an internal plumbing issue.",06/20/2023 07:55:00 PM,09 BRONX,18,Precinct 43,2034690031,BRONX,1022818,234969,PHONE,Unspecified,BRONX,,,,,,,,40.811527231728874,-73.86067322108988,POINT (-73.86067322109 40.811527231729)
57965661,06/21/2023 11:25:19 AM,07/02/2023 01:25:15 PM,HPD,Department of Housing Preservation and Development,PLUMBING,BASIN/SINK,SINK DETACHED FROM WALL,RESIDENTIAL BUILDING,11372,35-64 84 STREET,84 STREET,,,,,ADDRESS,JACKSON HEIGHTS,,,Closed,,The Department of Housing Preservation and Development inspected the following conditions. Violations were issued. Information about specific violations is available at www.nyc.gov/hpd,07/02/2023 12:00:00 AM,03 QUEENS,25,Precinct 115,4014570034,QUEENS,1016732,213124,PHONE,Unspecified,QUEENS,,,,,,,,40.75159302851327,-73.8827644638668,POINT (-73.882764463867 40.751593028513)
57956139,06/20/2023 09:48:59 PM,06/21/2023 01:39:31 AM,NYPD,New York City Police Department,Noise - Residential,Loud Music/Party,,Residential Building/House,11434,118-07 152 STREET,152 STREET,118 AVENUE,119 AVENUE,118 AVENUE,119 AVENUE,ADDRESS,JAMAICA,152 STREET,,Closed,,The Police Department responded to the complaint and with the information available observed no evidence of the violation at that time.,06/21/2023 01:39:34 AM,12 QUEENS,28,Precinct 113,4122060016,QUEENS,1042419,187173,MOBILE,Unspecified,QUEENS,,,,,,,,40.6802322848751,-73.7902782772629,POINT (-73.790278277263 40.680232284875)
57953214,06/20/2023 12:23:25 PM,06/21/2023 01:27:29 PM,DSNY,Department of Sanitation,Residential Disposal Complaint,Waste Set Out Too Early or Too Late,N/A,Sidewalk,11249,61 SOUTH    8 STREET,SOUTH    8 STREET,KENT AVENUE,WYTHE AVENUE,KENT AVENUE,WYTHE AVENUE,ADDRESS,BROOKLYN,SOUTH    8 STREET,,Closed,,The Department of Sanitation investigated this complaint and found no violation at the location.,06/21/2023 01:27:34 PM,01 BROOKLYN,33,Precinct 90,,BROOKLYN,993348,197914,ONLINE,Unspecified,BROOKLYN,,,,,,,,40.70990028696621,-73.96718362553328,POINT (-73.967183625533 40.709900286966)
57957768,06/20/2023 08:28:50 PM,06/20/2023 08:38:02 PM,NYPD,New York City Police Department,Abandoned Vehicle,With License Plate,,Street/Sidewalk,11239,526 SCHROEDERS AVENUE,SCHROEDERS AVENUE,ELTON STREET,ESSEX STREET,ELTON STREET,ESSEX STREET,ADDRESS,BROOKLYN,SCHROEDERS AVENUE,,Closed,,This complaint does not fall under the Police Department's jurisdiction.,06/20/2023 08:38:06 PM,05 BROOKLYN,42,Precinct 75,3044527505,BROOKLYN,1019630,177965,ONLINE,Unspecified,BROOKLYN,,,,,,,,40.655078823851085,-73.87248959993701,POINT (-73.872489599937 40.655078823851)
57959523,06/20/2023 05:58:02 PM,06/21/2023 02:46:14 AM,NYPD,New York City Police Department,Illegal Parking,Paper License Plates,,Street/Sidewalk,11379,85-15 60 DRIVE,60 DRIVE,85 STREET,86 STREET,85 STREET,86 STREET,ADDRESS,MIDDLE VILLAGE,60 DRIVE,,Closed,,The Police Department responded to the complaint and determined that police action was not necessary.,06/21/2023 02:46:19 AM,05 QUEENS,30,Precinct 104,4028870040,QUEENS,1019318,204810,ONLINE,Unspecified,QUEENS,,,,,,,,40.72876331080928,-73.87347430817786,POINT (-73.873474308178 40.728763310809)
57953385,06/20/2023 08:33:37 PM,06/20/2023 09:12:35 PM,NYPD,New York City Police Department,Noise - Street/Sidewalk,Loud Music/Party,,Street/Sidewalk,11419,103-14 126 STREET,126 STREET,103 AVENUE,LIBERTY AVENUE,103 AVENUE,LIBERTY AVENUE,ADDRESS,SOUTH RICHMOND HILL,126 STREET,,Closed,,The Police Department responded and upon arrival those responsible for the condition were gone.,06/20/2023 09:12:39 PM,10 QUEENS,29,Precinct 106,4095620012,QUEENS,1034467,190474,PHONE,Unspecified,QUEENS,,,,,,,,40.68934144060493,-73.8189236200849,POINT (-73.818923620085 40.689341440605)
57953529,06/20/2023 01:47:50 PM,06/26/2023 06:43:32 PM,HPD,Department of Housing Preservation and Development,UNSANITARY CONDITION,MOLD,N/A,RESIDENTIAL BUILDING,11236,720 EAST   91 STREET,EAST   91 STREET,,,,,ADDRESS,BROOKLYN,,,Closed,,The Department of Housing Preservation and Development inspected the following conditions. No violations were issued. The complaint has been closed.,06/26/2023 12:00:00 AM,17 BROOKLYN,42,Precinct 67,3081080041,BROOKLYN,1007811,175956,ONLINE,Unspecified,BROOKLYN,,,,,,,,40.649603893563835,-73.91509255471047,POINT (-73.91509255471 40.649603893564)
57954186,06/20/2023 12:31:47 PM,07/11/2023 06:20:20 PM,DSNY,Department of Sanitation,Street Sweeping Complaint,Street Not Swept,N/A,Street,10027,258 ST NICHOLAS AVENUE,ST NICHOLAS AVENUE,WEST  123 STREET,MANHATTAN AVENUE,WEST  123 STREET,MANHATTAN AVENUE,ADDRESS,NEW YORK,ST NICHOLAS AVENUE,,Closed,,The Department of Sanitation cleaned the location.,06/29/2023 01:22:14 PM,10 MANHATTAN,09,Precinct 28,1019507501,MANHATTAN,997259,234155,ONLINE,Unspecified,MANHATTAN,,,,,,,,40.809367636079095,-73.95300657075758,POINT (-73.953006570758 40.809367636079)
57969702,06/21/2023 08:30:03 AM,07/14/2023 08:05:41 PM,HPD,Department of Housing Preservation and Development,UNSANITARY CONDITION,PESTS,ROACHES,RESIDENTIAL BUILDING,11216,726 DE KALB AVENUE,DE KALB AVENUE,,,,,ADDRESS,BROOKLYN,,,Closed,,The Department of Housing Preservation and Development inspected the following conditions. Violations were issued. Information about specific violations is available at www.nyc.gov/hpd,07/14/2023 12:00:00 AM,03 BROOKLYN,36,Precinct 79,3017800026,BROOKLYN,998898,191340,ONLINE,Unspecified,BROOKLYN,,,,,,,,40.691848750961746,-73.94717914596873,POINT (-73.947179145969 40.691848750962)
57957372,06/20/2023 04:56:00 PM,06/22/2023 10:38:00 AM,DEP,Department of Environmental Protection,Noise,Noise: Jack Hammering (NC2),NC2,,10457,2108 RYER AVENUE,RYER AVENUE,E 180 ST,E 181 ST,,,ADDRESS,BRONX,,N/A,Closed,,The Department of Environmental Protection determined that this complaint is a duplicate of a previously filed complaint. The original complaint is being addressed.,06/22/2023 10:38:00 AM,05 BRONX,15,Precinct 46,2031490084,BRONX,1011735,250222,ONLINE,Unspecified,BRONX,,,,,,,,40.853433733293734,-73.90064798704458,POINT (-73.900647987045 40.853433733294)
57953520,06/20/2023 08:32:48 AM,07/05/2023 04:15:36 PM,HPD,Department of Housing Preservation and Development,PAINT/PLASTER,CEILING,COLLAPSING OR FALLING,RESIDENTIAL BUILDING,10456,928 COLLEGE AVENUE,COLLEGE AVENUE,,,,,ADDRESS,BRONX,,,Closed,,The Department of Housing Preservation and Development inspected the following conditions. No violations were issued. The complaint has been closed.,07/05/2023 12:00:00 AM,04 BRONX,17,Precinct 44,2024230053,BRONX,1007476,240627,PHONE,Unspecified,BRONX,,,,,,,,40.827110496494356,-73.91607652053013,POINT (-73.91607652053 40.827110496494)
57958398,06/20/2023 06:18:00 AM,06/20/2023 08:10:00 AM,DOT,Department of Transportation,Traffic Signal Condition,Controller,Operating Improperly,,10011,,,,,9 AVENUE,WEST 21 STREET,INTERSECTION,MANHATTAN,,N/A,Closed,,Service Request status for this request is available on the Department of Transportationâs website. Please click the âLearn Moreâ link below.,06/20/2023 08:10:00 AM,04 MANHATTAN,03,Precinct 10,,MANHATTAN,983622,210776,UNKNOWN,Unspecified,MANHATTAN,,,,,,,,40.745207997327825,-74.00226638872725,POINT (-74.002266388727 40.745207997328)
59455521,10/03/2023 02:12:33 PM,10/10/2023 12:00:00 AM,HPD,Department of Housing Preservation and Development,Paint/Plaster,Ceiling,Collapsing or Falling,Apartment,10452,1055 JEROME AVENUE,JEROME AVENUE,EAST  165 STREET,WEST  165 STREET,EAST  165 STREET,WEST  165 STREET,ADDRESS,BRONX,JEROME AVENUE,,Closed,,,10/10/2023 12:00:00 AM,04 BRONX,16,Precinct 44,2025040105,BRONX,1004946,242754,PHONE,Unspecified,BRONX,,,,,,,,40.83295479050044,-73.92521170912806,POINT (-73.925211709128 40.8329547905)
57967803,06/21/2023 04:40:01 AM,06/21/2023 07:01:23 AM,NYPD,New York City Police Department,Blocked Driveway,No Access,,Street/Sidewalk,11412,113-31 203 STREET,203 STREET,113 AVENUE,MURDOCK AVENUE,113 AVENUE,MURDOCK AVENUE,ADDRESS,SAINT ALBANS,203 STREET,,Closed,,The Police Department issued a summons in response to the complaint.,06/21/2023 07:01:26 AM,12 QUEENS,27,Precinct 113,4109980007,QUEENS,1052911,194973,PHONE,Unspecified,QUEENS,,,,,,,,40.70156623610289,-73.75237125104924,POINT (-73.752371251049 40.701566236103)
57957246,06/20/2023 09:47:00 PM,06/23/2023 05:00:00 AM,DEP,Department of Environmental Protection,Noise,Noise: Construction Before/After Hours (NM1),NM1,,11215,237 7 AVENUE,7 AVENUE,4 ST,5 ST,,,ADDRESS,BROOKLYN,,N/A,Closed,,"The Department of Environmental Protection (DEP) didn't observe a violation of the NYC Air or Noise Code at the time of inspection and couldn't issue a summons.  If the problem still exists, please go to nyc.gov/311 or call 311 to file a new Service Request. If you're outside of New York City, please call (212) NEW-YORK (212-639-9675).",06/23/2023 05:00:00 AM,06 BROOKLYN,39,Precinct 78,3010820001,BROOKLYN,989996,183241,PHONE,Unspecified,BROOKLYN,,,,,,,,40.66962909214282,-73.97928676257965,POINT (-73.97928676258 40.669629092143)
57956904,06/20/2023 01:15:08 PM,06/20/2023 01:35:30 PM,NYPD,New York City Police Department,Blocked Driveway,No Access,,Street/Sidewalk,11218,520 WESTMINSTER ROAD,WESTMINSTER ROAD,DORCHESTER ROAD,DITMAS AVENUE,DORCHESTER ROAD,DITMAS AVENUE,ADDRESS,BROOKLYN,WESTMINSTER ROAD,,Closed,,The Police Department responded to the complaint and determined that police action was not necessary.,06/20/2023 01:35:35 PM,14 BROOKLYN,40,Precinct 70,3051750040,BROOKLYN,993587,171125,MOBILE,Unspecified,BROOKLYN,,,,,,,,40.63637025790056,-73.96635866495234,POINT (-73.966358664952 40.636370257901)
58005945,06/25/2023 12:46:26 PM,06/25/2023 01:26:09 PM,NYPD,New York City Police Department,Noise - Residential,Banging/Pounding,,Residential Building/House,11207,920 ASHFORD STREET,ASHFORD STREET,STANLEY AVENUE,WORTMAN AVENUE,STANLEY AVENUE,WORTMAN AVENUE,ADDRESS,BROOKLYN,ASHFORD STREET,,Closed,,The Police Department responded to the complaint and took action to fix the condition.,06/25/2023 01:26:15 PM,05 BROOKLYN,42,Precinct 75,3043770001,BROOKLYN,1017891,179717,ONLINE,Unspecified,BROOKLYN,,,,,,,,40.65989445204391,-73.87874825082487,POINT (-73.878748250825 40.659894452044)
57961215,06/21/2023 04:56:00 PM,06/24/2023 09:01:00 AM,DSNY,Department of Sanitation,Derelict Vehicles,Derelict Vehicles,,Street,11203,246 EAST   51 STREET,EAST   51 STREET,CLARKSON AVENUE,LENOX ROAD,,,ADDRESS,BROOKLYN,,,Closed,,The vehicle you reported exceeds the monetary value eligible for collection as junk. The Department of Sanitation has forwarded the request to the NYPD for further action.,06/24/2023 12:00:00 PM,17 BROOKLYN,41,Precinct 67,3046370016,BROOKLYN,1003718,178290,PHONE,Unspecified,BROOKLYN,,,,,,,,40.65602015630731,-73.92983587098857,POINT (-73.929835870989 40.656020156307)
57954510,06/20/2023 10:58:32 AM,06/20/2023 11:12:26 AM,TLC,Taxi and Limousine Commission,Lost Property,Bag/Wallet,Wallet,Taxi,10028,2 AVENUE,2 AVENUE,2 AVENUE,EAST   80 STREET,2 AVENUE,EAST   80 STREET,INTERSECTION,,,,Closed,,See notes for information.,06/20/2023 11:12:29 AM,08 MANHATTAN,05,Precinct 19,,MANHATTAN,996836,221277,UNKNOWN,Unspecified,MANHATTAN,,,"2 AVENUE AND EAST   80 STREET, MANHATTAN, NY, 10028",,,,,40.77402161430348,-73.95455873895823,POINT (-73.954558738958 40.774021614303)
57967659,06/21/2023 05:20:35 AM,06/21/2023 08:04:07 PM,HPD,Department of Housing Preservation and Development,UNSANITARY CONDITION,MOLD,N/A,RESIDENTIAL BUILDING,11208,1021 BELMONT AVENUE,BELMONT AVENUE,,,,,ADDRESS,BROOKLYN,,,Closed,,The Department of Housing Preservation and Development inspected the following conditions. No violations were issued. The complaint has been closed.,06/21/2023 12:00:00 AM,05 BROOKLYN,42,Precinct 75,3042330001,BROOKLYN,1019937,184925,PHONE,Unspecified,BROOKLYN,,,,,,,,40.67418122795345,-73.8713463251287,POINT (-73.871346325129 40.674181227953)
57958920,06/20/2023 11:24:09 AM,07/06/2023 11:12:22 AM,HPD,Department of Housing Preservation and Development,PAINT/PLASTER,CEILING,HOLE OR CRACKED,RESIDENTIAL BUILDING,10023,148 WEST   76 STREET,WEST   76 STREET,,,,,ADDRESS,NEW YORK,,,Closed,,"The Department of Housing Preservation and Development was not able to gain access to inspect the following conditions. The complaint has been closed. If the condition still exists, please file a new complaint.",07/06/2023 12:00:00 AM,07 MANHATTAN,06,Precinct 20,1011470150,MANHATTAN,990257,223664,PHONE,Unspecified,MANHATTAN,,,,,,,,40.78058021954753,-73.97830982583048,POINT (-73.97830982583 40.780580219548)
57958704,06/20/2023 10:52:10 PM,06/20/2023 11:05:03 PM,NYPD,New York City Police Department,Noise - Street/Sidewalk,Loud Music/Party,,Street/Sidewalk,11230,AVENUE L,AVENUE L,AVENUE L,EAST   18 STREET,AVENUE L,EAST   18 STREET,INTERSECTION,,,,Closed,,The Police Department responded to the complaint and took action to fix the condition.,06/20/2023 11:05:07 PM,14 BROOKLYN,44,Precinct 70,,BROOKLYN,996012,165422,ONLINE,Unspecified,BROOKLYN,,,,,,,,40.62071383783378,-73.95763129752933,POINT (-73.957631297529 40.620713837834)
57954663,06/20/2023 02:49:30 PM,06/20/2023 04:34:54 PM,NYPD,New York City Police Department,Noise - Street/Sidewalk,Loud Talking,,Street/Sidewalk,10029,1330 PARK AVENUE,PARK AVENUE,EAST  100 STREET,EAST  101 STREET,EAST  100 STREET,EAST  101 STREET,ADDRESS,NEW YORK,PARK AVENUE,,Closed,,The Police Department responded to the complaint and with the information available observed no evidence of the violation at that time.,06/20/2023 04:34:57 PM,11 MANHATTAN,08,Precinct 23,1016050024,MANHATTAN,997970,226894,MOBILE,Unspecified,MANHATTAN,,,,,,,,40.78943709959109,-73.95045300631404,POINT (-73.950453006314 40.789437099591)
57954096,06/20/2023 11:50:00 AM,06/30/2023 10:50:26 AM,HPD,Department of Housing Preservation and Development,SAFETY,FIRE ESCAPE,RUSTED OR PEELING,RESIDENTIAL BUILDING,10032,548 WEST  163 STREET,WEST  163 STREET,,,,,ADDRESS,NEW YORK,,,Closed,,The Department of Housing Preservation and Development inspected the following conditions. No violations were issued. The complaint has been closed.,06/30/2023 12:00:00 AM,12 MANHATTAN,07,Precinct 33,1021220140,MANHATTAN,1000590,244331,PHONE,Unspecified,MANHATTAN,,,,,,,,40.83729233243422,-73.94094896157954,POINT (-73.94094896158 40.837292332434)
57959874,06/20/2023 06:23:57 PM,06/20/2023 07:00:46 PM,NYPD,New York City Police Department,Noise - Residential,Loud Music/Party,,Residential Building/House,10038,25 PARK ROW,PARK ROW,ANN STREET,BEEKMAN STREET,ANN STREET,BEEKMAN STREET,ADDRESS,NEW YORK,PARK ROW,,Closed,,The Police Department responded to the complaint and took action to fix the condition.,06/20/2023 07:00:52 PM,01 MANHATTAN,01,Precinct 1,1000907504,MANHATTAN,982193,198532,MOBILE,Unspecified,MANHATTAN,,,,,,,,40.711600988648726,-74.00741976292579,POINT (-74.007419762926 40.711600988649)
57963672,06/21/2023 11:30:20 AM,06/21/2023 09:11:56 PM,DSNY,Department of Sanitation,Residential Disposal Complaint,Trash Not Separated from Recycling,Homeowner,Sidewalk,11206,5 PULASKI STREET,PULASKI STREET,NOSTRAND AVENUE,MARCY AVENUE,NOSTRAND AVENUE,MARCY AVENUE,ADDRESS,BROOKLYN,PULASKI STREET,,Closed,,The Department of Sanitation investigated this complaint and found no violation at the location.,06/21/2023 09:12:00 PM,03 BROOKLYN,36,Precinct 79,3017700095,BROOKLYN,997760,191446,ONLINE,Unspecified,BROOKLYN,,,,,,,,40.69214150676865,-73.95128257340366,POINT (-73.951282573404 40.692141506769)
57967092,06/21/2023 01:41:48 PM,06/22/2023 05:50:18 AM,DOT,Department of Transportation,Broken Parking Meter,Coin or Card Did Not Register,Payment by Card,Street,11418,133-10 JAMAICA AVENUE,JAMAICA AVENUE,133 STREET,134 STREET,133 STREET,134 STREET,ADDRESS,RICHMOND HILL,JAMAICA AVENUE,,Closed,,The Department of Transportation inspected the condition you reported and found that the condition meets its standards and/or there is a valid permit to conduct work.,06/22/2023 05:50:26 AM,09 QUEENS,29,Precinct 102,,QUEENS,1034313,195180,PHONE,Unspecified,QUEENS,,,,,,,,40.702259162841386,-73.81944394661706,POINT (-73.819443946617 40.702259162841)
57958227,06/20/2023 03:34:40 PM,09/25/2023 12:00:00 AM,DOB,Department of Buildings,Building/Use,SRO - Illegal Work/No Permit/Change In Occupancy/Use,,,10312,809 ARDEN AVENUE,ARDEN AVENUE,,,,,ADDRESS,STATEN ISLAND,,,Closed,,"The Department of Buildings attempted to investigate this complaint twice but could not gain access to the location. If the problem still exists, please call 311 and file a new complaint with additional access information. If you are outside of New York City, please call (212) NEW-YORK (212-639-9675).",09/25/2023 12:00:00 AM,03 STATEN ISLAND,51,Precinct 123,5056940008,STATEN ISLAND,935021,137828,UNKNOWN,Unspecified,STATEN ISLAND,,,,,,,,40.5448449711293,-74.17712991820444,POINT (-74.177129918204 40.544844971129)
57957012,06/20/2023 01:22:17 PM,06/20/2023 02:34:26 PM,NYPD,New York City Police Department,Illegal Parking,Double Parked Blocking Vehicle,,Street/Sidewalk,11216,215 HANCOCK STREET,HANCOCK STREET,NOSTRAND AVENUE,MARCY AVENUE,NOSTRAND AVENUE,MARCY AVENUE,ADDRESS,BROOKLYN,HANCOCK STREET,,Closed,,The Police Department issued a summons in response to the complaint.,06/20/2023 02:34:29 PM,03 BROOKLYN,36,Precinct 79,3018337501,BROOKLYN,998751,188047,PHONE,Unspecified,BROOKLYN,,,,,,,,40.682810464666815,-73.94771631703276,POINT (-73.947716317033 40.682810464667)
57960351,06/20/2023 08:48:48 PM,07/24/2023 10:23:35 AM,HPD,Department of Housing Preservation and Development,PLUMBING,SEWER,BROKEN OR BLOCKED DRAIN,RESIDENTIAL BUILDING,11367,77-30 MAIN STREET,MAIN STREET,,,,,ADDRESS,FLUSHING,,,Closed,,"The Department of Housing Preservation and Development was not able to gain access to inspect the following conditions. The complaint has been closed. If the condition still exists, please file a new complaint.",07/24/2023 12:00:00 AM,08 QUEENS,24,Precinct 107,4066300030,QUEENS,1034529,201847,PHONE,Unspecified,QUEENS,,,,,,,,40.72055722885118,-73.81861513899287,POINT (-73.818615138993 40.720557228851)
57958425,06/20/2023 06:45:13 PM,06/22/2023 06:27:34 AM,DSNY,Department of Sanitation,Dirty Condition,Trash,Not Cleaned by Property Owner,Yard,11237,1510 JEFFERSON AVENUE,JEFFERSON AVENUE,IRVING AVENUE,WYCKOFF AVENUE,IRVING AVENUE,WYCKOFF AVENUE,ADDRESS,BROOKLYN,JEFFERSON AVENUE,,Closed,,The Department of Sanitation investigated this complaint and found no condition at the location.,06/22/2023 06:27:40 AM,04 BROOKLYN,37,Precinct 83,3033930039,BROOKLYN,1009886,193264,PHONE,Unspecified,BROOKLYN,,,,,,,,40.69710467504098,-73.9075489941419,POINT (-73.907548994142 40.697104675041)
57956985,06/20/2023 10:51:09 AM,06/20/2023 11:22:45 AM,NYPD,New York City Police Department,Illegal Parking,Posted Parking Sign Violation,,Street/Sidewalk,11236,8212 AVENUE K,AVENUE K,EAST   82 STREET,EAST   83 STREET,EAST   82 STREET,EAST   83 STREET,ADDRESS,BROOKLYN,AVENUE K,,Closed,,The Police Department responded to the complaint and took action to fix the condition.,06/20/2023 11:22:49 AM,18 BROOKLYN,46,Precinct 69,3080480041,BROOKLYN,1009797,170013,PHONE,Unspecified,BROOKLYN,,,,,,,,40.63328613583907,-73.90795805878673,POINT (-73.907958058787 40.633286135839)
57968352,06/21/2023 10:40:14 AM,06/22/2023 08:18:51 PM,HPD,Department of Housing Preservation and Development,UNSANITARY CONDITION,PESTS,MICE,RESIDENTIAL BUILDING,11368,59-21 CALLOWAY STREET,CALLOWAY STREET,,,,,ADDRESS,CORONA,,,Closed,,The Department of Housing Preservation and Development inspected the following conditions. No violations were issued. The complaint has been closed.,06/22/2023 12:00:00 AM,04 QUEENS,21,Precinct 110,4019490090,QUEENS,1023927,208030,PHONE,Unspecified,QUEENS,,,,,,,,40.737581934189215,-73.85682602958292,POINT (-73.856826029583 40.737581934189)
57954465,06/20/2023 12:34:32 PM,06/20/2023 02:02:28 PM,DSNY,Department of Sanitation,Vendor Enforcement,Food Vendor,Unlicensed,Street,10032,3798 BROADWAY,BROADWAY,WEST  157 STREET,WEST  158 STREET,WEST  157 STREET,WEST  158 STREET,ADDRESS,NEW YORK,BROADWAY,,Closed,,N/A,06/20/2023 02:02:33 PM,12 MANHATTAN,10,Precinct 33,1021160001,MANHATTAN,999613,243344,PHONE,Unspecified,MANHATTAN,,,,,,,,40.83458505712928,-73.94448199633155,POINT (-73.944481996332 40.834585057129)
57965445,06/21/2023 04:22:06 PM,06/21/2023 04:40:30 PM,NYPD,New York City Police Department,Noise - Residential,Banging/Pounding,,Residential Building/House,10468,233 LANDING ROAD,LANDING ROAD,CEDAR AVENUE,MAJOR DEEGAN EXPRESSWAY,CEDAR AVENUE,MAJOR DEEGAN EXPRESSWAY,ADDRESS,BRONX,LANDING ROAD,,Closed,,The Police Department responded to the complaint and determined that police action was not necessary.,06/21/2023 04:40:34 PM,07 BRONX,14,Precinct 52,2032367501,BRONX,1008841,253488,ONLINE,Unspecified,BRONX,,,,,,,,40.86240645467484,-73.91109714827905,POINT (-73.911097148279 40.862406454675)
57954132,06/20/2023 11:41:16 AM,06/21/2023 06:05:15 AM,DSNY,Department of Sanitation,Obstruction,Cone,Street,Street,10307,AMBOY ROAD,AMBOY ROAD,AMBOY ROAD,BRIGHTON STREET,AMBOY ROAD,BRIGHTON STREET,INTERSECTION,,,,Closed,,The Department of Sanitation investigated this complaint and found no condition at the location.,06/21/2023 06:05:21 AM,03 STATEN ISLAND,51,Precinct 123,,STATEN ISLAND,916125,125041,PHONE,Unspecified,STATEN ISLAND,,,,,,,,40.50962215705878,-74.24499027108658,POINT (-74.244990271087 40.509622157059)
57958308,06/20/2023 03:05:51 PM,10/16/2023 08:11:52 AM,TLC,Taxi and Limousine Commission,For Hire Vehicle Complaint,Driver Complaint - Non Passenger,Unsafe Driving,Street,10011,506 AVENUE OF THE AMERICAS,AVENUE OF THE AMERICAS,WEST   12 STREET,WEST   13 STREET,WEST   12 STREET,WEST   13 STREET,ADDRESS,NEW YORK,AVENUE OF THE AMERICAS,,Closed,,The Taxi and Limousine Commission (TLC) reviewed your complaint. The driver or owner pled guilty to a violation and paid a fine. TLC has sent you a written confirmation of this outcome.,10/16/2023 08:12:02 AM,02 MANHATTAN,02,Precinct 6,,MANHATTAN,984970,207628,ONLINE,Unspecified,MANHATTAN,,,"506 AVENUE OF THE AMERICAS, MANHATTAN (NEW YORK), NY, 10011",,,,,40.736567513443994,-73.99740192949575,POINT (-73.997401929496 40.736567513444)
57956895,06/20/2023 11:44:46 AM,06/20/2023 12:10:57 PM,NYPD,New York City Police Department,Blocked Driveway,No Access,,Street/Sidewalk,11224,1601 MERMAID AVENUE,MERMAID AVENUE,WEST   16 STREET,WEST   17 STREET,WEST   16 STREET,WEST   17 STREET,ADDRESS,BROOKLYN,MERMAID AVENUE,,Closed,,The Police Department issued a summons in response to the complaint.,06/20/2023 12:11:00 PM,13 BROOKLYN,47,Precinct 60,3070210042,BROOKLYN,988730,149397,MOBILE,Unspecified,BROOKLYN,,,,,,,,40.57673513111134,-73.98387291276352,POINT (-73.983872912764 40.576735131111)
57965013,06/21/2023 11:49:48 AM,08/24/2023 12:00:00 AM,DOB,Department of Buildings,Building/Use,Illegal. Commercial Use In Resident Zone,,,11369,31-23 97 STREET,97 STREET,,,,,ADDRESS,EAST ELMHURST,,N/A,Closed,,The Department of Buildings investigated this complaint and issued an Office of Administrative Trials and Hearings (OATH) summons.,08/24/2023 12:00:00 AM,03 QUEENS,21,Precinct 115,4014090056,QUEENS,1019726,216260,UNKNOWN,Unspecified,QUEENS,,,,,,,,40.760189035611084,-73.87194184877737,POINT (-73.871941848777 40.760189035611)
57954384,06/20/2023 07:10:47 PM,06/20/2023 09:32:18 PM,NYPD,New York City Police Department,Illegal Parking,Double Parked Blocking Traffic,,Street/Sidewalk,11249,97 WYTHE AVENUE,WYTHE AVENUE,NORTH   10 STREET,NORTH    9 STREET,NORTH   10 STREET,NORTH    9 STREET,ADDRESS,BROOKLYN,WYTHE AVENUE,,Closed,,The Police Department responded and upon arrival those responsible for the condition were gone.,06/20/2023 09:32:25 PM,01 BROOKLYN,33,Precinct 94,3023030001,BROOKLYN,995673,201973,MOBILE,Unspecified,BROOKLYN,,,,,,,,40.721038573539595,-73.95879049250222,POINT (-73.958790492502 40.72103857354)
57953745,06/20/2023 11:05:35 PM,06/20/2023 11:12:36 PM,NYPD,New York City Police Department,Abandoned Vehicle,With License Plate,,Street/Sidewalk,11239,526 SCHROEDERS AVENUE,SCHROEDERS AVENUE,ELTON STREET,ESSEX STREET,ELTON STREET,ESSEX STREET,ADDRESS,BROOKLYN,SCHROEDERS AVENUE,,Closed,,This complaint does not fall under the Police Department's jurisdiction.,06/20/2023 11:12:40 PM,05 BROOKLYN,42,Precinct 75,3044527505,BROOKLYN,1019630,177965,ONLINE,Unspecified,BROOKLYN,,,,,,,,40.655078823851085,-73.87248959993701,POINT (-73.872489599937 40.655078823851)
57955743,06/20/2023 10:09:46 PM,06/20/2023 10:24:09 PM,NYPD,New York City Police Department,Illegal Parking,Commercial Overnight Parking,,Street/Sidewalk,11228,12 AVENUE,12 AVENUE,12 AVENUE,78 STREET,12 AVENUE,78 STREET,INTERSECTION,,,,Closed,,The Police Department responded to the complaint and took action to fix the condition.,06/20/2023 10:24:14 PM,10 BROOKLYN,38,Precinct 68,,BROOKLYN,981080,165128,PHONE,Unspecified,BROOKLYN,,,,,,,,40.61991410951345,-74.01141873599651,POINT (-74.011418735997 40.619914109513)
57969288,06/21/2023 10:20:00 PM,07/10/2023 07:45:00 PM,DEP,Department of Environmental Protection,Air Quality,"Air: Odor/Fumes, Restaurant (AD2)",AD2,,11201,82 LIVINGSTON STREET,LIVINGSTON STREET,COURT ST,BOERUM PL,,,ADDRESS,BROOKLYN,,N/A,Closed,,"The Department of Environmental Protection (DEP) didn't observe a violation of the NYC Air or Noise Code at the time of inspection and couldn't issue a summons.  If the problem still exists, please go to nyc.gov/311 or call 311 to file a new Service Request. If you're outside of New York City, please call (212) NEW-YORK (212-639-9675).",07/10/2023 07:45:00 PM,02 BROOKLYN,33,Precinct 84,3002690030,BROOKLYN,986745,191195,ONLINE,Unspecified,BROOKLYN,,,,,,,,40.691462529598546,-73.99100305436419,POINT (-73.991003054364 40.691462529599)
57960171,06/20/2023 10:49:41 AM,07/01/2023 05:43:08 PM,HPD,Department of Housing Preservation and Development,FLOORING/STAIRS,FLOOR,SAGGING OR SLOPING,RESIDENTIAL BUILDING,10451,1000 GRAND CONCOURSE,GRAND CONCOURSE,,,,,ADDRESS,BRONX,,,Closed,,The Department of Housing Preservation and Development inspected the following conditions. Violations were issued. Information about specific violations is available at www.nyc.gov/hpd,07/01/2023 12:00:00 AM,04 BRONX,16,Precinct 44,2024610090,BRONX,1006092,241602,PHONE,Unspecified,BRONX,,,,,,,,40.829790122707635,-73.92107420870009,POINT (-73.9210742087 40.829790122708)
57961017,06/21/2023 12:38:39 PM,08/14/2023 12:00:00 AM,DOB,Department of Buildings,Special Projects Inspection Team (SPIT),Illegal Hotel Rooms In Residential Building,,,10033,558 WEST  181 STREET,WEST  181 STREET,,,,,ADDRESS,NEW YORK,,N/A,Closed,,The Department of Buildings has made a second attempt to conduct an inspection of this premises and was denied access. No further attempts will be made.,08/14/2023 12:00:00 AM,12 MANHATTAN,10,Precinct 34,1021530067,MANHATTAN,1002804,248590,UNKNOWN,Unspecified,MANHATTAN,,,,,,,,40.84897766372195,-73.93293601807679,POINT (-73.932936018077 40.848977663722)
57965742,06/21/2023 07:10:34 PM,07/24/2023 03:53:58 PM,DPR,Department of Parks and Recreation,Damaged Tree,Branch Cracked and Will Fall,Hanging from Other Branches,Street,11229,2263 EAST   29 STREET,EAST   29 STREET,AVENUE V,AVENUE W,AVENUE V,AVENUE W,ADDRESS,BROOKLYN,EAST   29 STREET,,Closed,,NYC Parks visited the site and inspected the condition. No work is necessary at this time.,07/24/2023 03:54:07 PM,15 BROOKLYN,48,Precinct 61,3073860161,BROOKLYN,1000300,156706,ONLINE,Unspecified,BROOKLYN,,,,,,,,40.59678347967044,-73.9422059186204,POINT (-73.94220591862 40.59678347967)
57956319,06/20/2023 08:49:00 AM,07/06/2023 09:31:55 AM,HPD,Department of Housing Preservation and Development,WATER LEAK,HEAVY FLOW,AT WALL OR CEILING,RESIDENTIAL BUILDING,11691,249 BEACH   15 STREET,BEACH   15 STREET,,,,,ADDRESS,FAR ROCKAWAY,,,Closed,,The Department of Housing Preservation and Development inspected the following conditions. No violations were issued. The complaint has been closed.,07/06/2023 12:00:00 AM,14 QUEENS,31,Precinct 101,4156290062,QUEENS,1053933,156887,ONLINE,Unspecified,QUEENS,,,,,,,,40.597020881541596,-73.74907884692875,POINT (-73.749078846929 40.597020881542)
57966363,06/21/2023 05:50:53 AM,06/23/2023 02:45:16 PM,DSNY,Department of Sanitation,Sanitation Worker or Vehicle Complaint,Spilled Garbage,Private Carter,Street,11208,3265 FULTON STREET,FULTON STREET,CHESTNUT STREET,EUCLID AVENUE,CHESTNUT STREET,EUCLID AVENUE,ADDRESS,BROOKLYN,FULTON STREET,,Closed,,The Department of Sanitation removed the items.,06/22/2023 12:30:45 PM,05 BROOKLYN,37,Precinct 75,3041280066,BROOKLYN,1018992,188113,PHONE,Unspecified,BROOKLYN,,,,,,,,40.682935316593756,-73.87473666466289,POINT (-73.874736664663 40.682935316594)
57967353,06/21/2023 12:56:21 PM,06/27/2023 04:18:59 PM,DOT,Department of Transportation,Sidewalk Condition,Pedestrian Ramp Defective,N/A,Sidewalk,11203,25 EAST   57 STREET,EAST   57 STREET,LENOX ROAD,LINDEN BOULEVARD,LENOX ROAD,LINDEN BOULEVARD,ADDRESS,BROOKLYN,EAST   57 STREET,,Closed,,"The Department of Transportation inspected the condition you reported. You can find additional information in the ""Notes to Customer"" field.",06/27/2023 04:19:05 PM,17 BROOKLYN,41,Precinct 67,3046630001,BROOKLYN,1005343,178111,PHONE,Unspecified,BROOKLYN,,,,,,,,40.655525118962764,-73.92397981206624,POINT (-73.923979812066 40.655525118963)
57958578,06/20/2023 08:20:00 AM,06/23/2023 02:37:00 PM,DEP,Department of Environmental Protection,Noise,"Noise, Barking Dog (NR5)",NR5,,10310,1150 CASTLETON AVENUE,CASTLETON AVENUE,ELIZABETH ST,BARKER ST,,,ADDRESS,STATEN ISLAND,,N/A,Closed,,"The Department of Environmental Protection (DEP) closed your Service Request because animal abuse or neglect must be reported to the NYPD. Call 911 to report animal abuse in progress. To report past or chronic abuse or neglect, please call 311 or visit nyc.gov/311 and search for ""animal abuse.""",06/23/2023 02:37:00 PM,01 STATEN ISLAND,49,Precinct 120,5002100044,STATEN ISLAND,950716,170370,ONLINE,Unspecified,STATEN ISLAND,,,,,,,,40.63423938836775,-74.12081962486756,POINT (-74.120819624868 40.634239388368)
57966543,06/21/2023 03:44:00 PM,06/21/2023 03:55:00 PM,DEP,Department of Environmental Protection,Water System,Leak (Use Comments) (WA2),WA2,,11225,,,,,EMPIRE BOULEVARD,NOSTRAND AVENUE,INTERSECTION,BROOKLYN,,,Closed,,The Department of Environmental Protection determined that this complaint is a duplicate of a previously filed complaint. The original complaint is being addressed.,06/21/2023 03:55:00 PM,09 BROOKLYN,35,Precinct 71,,BROOKLYN,997851,181159,ONLINE,Unspecified,BROOKLYN,,,,,,,,40.6639058833396,-73.95097518576361,POINT (-73.950975185764 40.66390588334)
57958749,06/20/2023 07:59:21 PM,06/20/2023 08:23:31 PM,NYPD,New York City Police Department,Noise - Street/Sidewalk,Loud Music/Party,,Street/Sidewalk,10035,2177 THIRD AVENUE,THIRD AVENUE,EAST  118 STREET,EAST  119 STREET,EAST  118 STREET,EAST  119 STREET,ADDRESS,NEW YORK,3 AVENUE,,Closed,,The Police Department responded to the complaint and with the information available observed no evidence of the violation at that time.,06/20/2023 08:23:35 PM,11 MANHATTAN,08,Precinct 25,1017830047,MANHATTAN,1001211,230622,MOBILE,Unspecified,MANHATTAN,,,,,,,,40.79966382204714,-73.93873938125022,POINT (-73.93873938125 40.799663822047)
57964032,06/21/2023 12:29:10 PM,06/21/2023 12:41:36 PM,NYPD,New York City Police Department,Encampment,N/A,,Residential Building/House,10002,115 NORFOLK STREET,NORFOLK STREET,DELANCEY STREET,RIVINGTON STREET,DELANCEY STREET,RIVINGTON STREET,ADDRESS,NEW YORK,NORFOLK STREET,,Closed,,The Police Department visited the location and no Encampment was found.,06/21/2023 12:41:42 PM,03 MANHATTAN,01,Precinct 7,1003537503,MANHATTAN,987858,201280,MOBILE,Unspecified,MANHATTAN,,,,,,,,40.719143094748276,-73.98698418370407,POINT (-73.986984183704 40.719143094748)
57952647,06/20/2023 01:11:42 PM,06/21/2023 02:08:09 PM,DSNY,Department of Sanitation,Dirty Condition,Debris from Car Accident,N/A,Street,11203,1183 ALBANY AVENUE,ALBANY AVENUE,CORTELYOU ROAD,CLARENDON ROAD,CORTELYOU ROAD,CLARENDON ROAD,ADDRESS,BROOKLYN,ALBANY AVENUE,,Closed,,The Department of Sanitation investigated this complaint and issued a Notice of Violation.,06/21/2023 09:01:16 AM,17 BROOKLYN,45,Precinct 67,3049410038,BROOKLYN,1001365,174153,ONLINE,Unspecified,BROOKLYN,,,,,,,,40.64466985327283,-73.93832675358989,POINT (-73.93832675359 40.644669853273)
59456367,10/01/2023 07:58:08 AM,10/05/2023 12:00:00 AM,HPD,Department of Housing Preservation and Development,Water Leak,Damp Spot,From Wall or Ceiling,Public Area,10467,2730 BRONX PARK EAST,BRONX PARK EAST,ALLERTON AVENUE,BRITTON STREET,ALLERTON AVENUE,BRITTON STREET,ADDRESS,BRONX,BRONX PARK EAST,,Closed,,,10/05/2023 12:00:00 AM,11 BRONX,12,Precinct 49,2045060001,BRONX,1020090,254748,ONLINE,Unspecified,BRONX,,,,,,,,40.86582626715783,-73.87042240344252,POINT (-73.870422403443 40.865826267158)
57955851,06/20/2023 02:45:13 AM,06/20/2023 03:13:11 AM,NYPD,New York City Police Department,Illegal Parking,Commercial Overnight Parking,,Street/Sidewalk,11365,HORACE HARDING EXPRESSWAY,HORACE HARDING EXPRESSWAY,198 STREET,HORACE HARDING EXPRESSWAY,198 STREET,HORACE HARDING EXPRESSWAY,INTERSECTION,,,,Closed,,The Police Department issued a summons in response to the complaint.,06/20/2023 03:13:17 AM,11 QUEENS,20,Precinct 111,,QUEENS,1045818,210166,MOBILE,Unspecified,QUEENS,,,,,,,,40.743319405651874,-73.77781335143,POINT (-73.77781335143 40.743319405652)
57954861,06/20/2023 11:53:18 AM,06/26/2023 06:43:32 PM,HPD,Department of Housing Preservation and Development,APPLIANCE,ELECTRIC/GAS RANGE,NO GAS OR ELECTRICITY,RESIDENTIAL BUILDING,11212,467 EAST   96 STREET,EAST   96 STREET,,,,,ADDRESS,BROOKLYN,,,Closed,,The Department of Housing Preservation and Development inspected the following conditions. No violations were issued. The complaint has been closed.,06/26/2023 12:00:00 AM,17 BROOKLYN,41,Precinct 67,3046930016,BROOKLYN,1007472,178461,PHONE,Unspecified,BROOKLYN,,,,,,,,40.656480464614916,-73.91630559276449,POINT (-73.916305592764 40.656480464615)
57963492,06/21/2023 04:02:33 PM,06/21/2023 08:10:16 PM,NYPD,New York City Police Department,Illegal Parking,Blocked Hydrant,,Street/Sidewalk,11103,25-68 44 STREET,44 STREET,25 AVENUE,28 AVENUE,25 AVENUE,28 AVENUE,ADDRESS,ASTORIA,44 STREET,,Closed,,The Police Department responded and upon arrival those responsible for the condition were gone.,06/21/2023 08:10:24 PM,01 QUEENS,22,Precinct 114,4007020070,QUEENS,1009499,218375,MOBILE,Unspecified,QUEENS,,,,,,,,40.76602928395462,-73.90885039961006,POINT (-73.90885039961 40.766029283955)
57957417,06/20/2023 12:19:54 PM,06/20/2023 12:48:57 PM,NYPD,New York City Police Department,Noise - Residential,Loud Talking,,Residential Building/House,11104,43-12 46 STREET,46 STREET,43 AVENUE,QUEENS BOULEVARD,43 AVENUE,QUEENS BOULEVARD,ADDRESS,SUNNYSIDE,46 STREET,,Closed,,The Police Department responded to the complaint and determined that police action was not necessary.,06/20/2023 12:49:02 PM,02 QUEENS,26,Precinct 108,4001600034,QUEENS,1006852,210541,ONLINE,Unspecified,QUEENS,,,,,,,,40.744534120165255,-73.91843247248529,POINT (-73.918432472485 40.744534120165)
57966804,06/21/2023 08:22:11 PM,06/21/2023 08:37:27 PM,NYPD,New York City Police Department,Noise - Residential,Banging/Pounding,,Residential Building/House,10456,1195 CLAY AVENUE,CLAY AVENUE,EAST  167 STREET,EAST  168 STREET,EAST  167 STREET,EAST  168 STREET,ADDRESS,BRONX,CLAY AVENUE,,Closed,,The Police Department responded to the complaint and determined that police action was not necessary.,06/21/2023 08:37:37 PM,04 BRONX,16,Precinct 44,2024300030,BRONX,1008982,242550,ONLINE,Unspecified,BRONX,,,,,,,,40.83238448946505,-73.9106277420031,POINT (-73.910627742003 40.832384489465)
57954258,06/20/2023 10:08:52 AM,08/03/2023 12:00:00 AM,DOB,Department of Buildings,General Construction/Plumbing,Debris - Excessive,,,10021,231 EAST   76 STREET,EAST   76 STREET,,,,,ADDRESS,NEW YORK,,,Closed,,The Department of Buildings investigated this complaint and determined that no further action was necessary.,08/03/2023 12:00:00 AM,08 MANHATTAN,05,Precinct 19,1014310016,MANHATTAN,995944,220520,UNKNOWN,Unspecified,MANHATTAN,,,,,,,,40.771945072628284,-73.95778058686089,POINT (-73.957780586861 40.771945072628)
57962277,06/21/2023 04:13:33 PM,06/26/2023 09:28:02 AM,DSNY,Department of Sanitation,Missed Collection,Trash,N/A,Street,11414,158-23 101 STREET,101 STREET,158 AVENUE,159 AVENUE,158 AVENUE,159 AVENUE,ADDRESS,HOWARD BEACH,101 STREET,,Closed,,The Department of Sanitation collected the requested items.,06/22/2023 03:41:35 AM,10 QUEENS,32,Precinct 106,4141710050,QUEENS,1030660,180287,ONLINE,Unspecified,QUEENS,,,,,,,,40.66140125310224,-73.83272130987721,POINT (-73.832721309877 40.661401253102)
57970206,06/21/2023 10:23:01 PM,06/21/2023 10:40:20 PM,NYPD,New York City Police Department,Urinating in Public,N/A,,Street/Sidewalk,11220,425 56 STREET,56 STREET,4 AVENUE,5 AVENUE,4 AVENUE,5 AVENUE,ADDRESS,BROOKLYN,56 STREET,,Closed,,The Police Department responded and upon arrival those responsible for the condition were gone.,06/21/2023 10:40:24 PM,07 BROOKLYN,38,Precinct 72,3008310068,BROOKLYN,980004,173413,PHONE,Unspecified,BROOKLYN,,,,,,,,40.64265423189447,-74.01529983486061,POINT (-74.015299834861 40.642654231894)
57965382,06/21/2023 07:35:51 PM,06/21/2023 08:15:48 PM,NYPD,New York City Police Department,Noise - Street/Sidewalk,Loud Talking,,Street/Sidewalk,11693,88-02 ROCKAWAY BEACH BOULEVARD,ROCKAWAY BEACH BOULEVARD,BEACH   88 STREET,BEACH   90 STREET,BEACH   88 STREET,BEACH   90 STREET,ADDRESS,FAR ROCKAWAY,ROCKAWAY BEACH BOULEVARD,,Closed,,The Police Department responded to the complaint and took action to fix the condition.,06/21/2023 08:15:54 PM,14 QUEENS,32,Precinct 100,4161230086,QUEENS,1036138,153302,MOBILE,Unspecified,QUEENS,,,,,,,,40.587302845261114,-73.81318407346318,POINT (-73.813184073463 40.587302845261)
57958974,06/20/2023 08:51:48 PM,06/22/2023 07:32:14 PM,HPD,Department of Housing Preservation and Development,PAINT/PLASTER,WALL,CHIPPED/PEELING/FLAKING,RESIDENTIAL BUILDING,11235,3100 BRIGHTON    3 STREET,BRIGHTON    3 STREET,,,,,ADDRESS,BROOKLYN,,,Closed,,The Department of Housing Preservation and Development inspected the following conditions. No violations were issued. The complaint has been closed.,06/22/2023 12:00:00 AM,13 BROOKLYN,48,Precinct 60,3086850010,BROOKLYN,994220,149312,ONLINE,Unspecified,BROOKLYN,,,,,,,,40.57649734870509,-73.9641101582745,POINT (-73.964110158274 40.576497348705)
57968271,06/21/2023 11:54:59 AM,06/30/2023 08:22:29 PM,HPD,Department of Housing Preservation and Development,PAINT/PLASTER,WALL,CHIPPED/PEELING/FLAKING,RESIDENTIAL BUILDING,10451,750 GRAND CONCOURSE,GRAND CONCOURSE,,,,,ADDRESS,BRONX,,,Closed,,The Department of Housing Preservation and Development inspected the following conditions. No violations were issued. The complaint has been closed.,06/30/2023 12:00:00 AM,04 BRONX,17,Precinct 44,2024580026,BRONX,1005104,239088,PHONE,Unspecified,BRONX,,,,,,,,40.822892299365904,-73.92465214640484,POINT (-73.924652146405 40.822892299366)
57965598,06/21/2023 10:40:57 AM,06/21/2023 11:29:10 AM,NYPD,New York City Police Department,Panhandling,N/A,,Subway,,,,,,,,,,,,Closed,,The Police Department responded to the complaint and with the information available observed no evidence of the violation at that time.,06/21/2023 11:29:14 AM,Unspecified MANHATTAN,,Unspecified,,MANHATTAN,994185,233553,MOBILE,Unspecified,MANHATTAN,,,,1,,,Mezzanine,40.80771930443076,-73.96411191114464,POINT (-73.964111911145 40.807719304431)
57956463,06/20/2023 05:39:20 PM,06/28/2023 10:19:05 AM,DPR,Department of Parks and Recreation,Damaged Tree,Branch or Limb Has Fallen Down,Blocking Sidewalk,Street,11217,154 DEAN STREET,DEAN STREET,HOYT STREET,BOND STREET,HOYT STREET,BOND STREET,ADDRESS,BROOKLYN,DEAN STREET,,Closed,,NYC Parks visited the location but could not find the tree condition you reported.,06/28/2023 10:19:13 AM,02 BROOKLYN,33,Precinct 84,3001950014,BROOKLYN,987846,189268,MOBILE,Unspecified,BROOKLYN,,,,,,,,40.68617297858961,-73.98703388771537,POINT (-73.987033887715 40.68617297859)
57968298,06/21/2023 12:45:54 PM,06/29/2023 06:29:51 AM,HPD,Department of Housing Preservation and Development,PLUMBING,BATHTUB/SHOWER,FAUCET BROKEN/MISSING/LEAKING,RESIDENTIAL BUILDING,10458,3029 BRIGGS AVENUE,BRIGGS AVENUE,,,,,ADDRESS,BRONX,,,Closed,,The Department of Housing Preservation and Development inspected the following conditions. Violations were issued. Information about specific violations is available at www.nyc.gov/hpd,06/29/2023 12:00:00 AM,07 BRONX,11,Precinct 52,2033080065,BRONX,1016526,257294,ONLINE,Unspecified,BRONX,,,,,,,,40.872828004393156,-73.8832955745111,POINT (-73.883295574511 40.872828004393)
57963807,06/21/2023 11:38:00 PM,06/28/2023 10:53:00 PM,DEP,Department of Environmental Protection,Noise,Noise: Construction Before/After Hours (NM1),NM1,,10016,488 3 AVENUE,3 AVENUE,E 33 ST,E 34 ST,,,ADDRESS,NEW YORK,,N/A,Closed,,The Department of Environmental Protection determined that this complaint is a duplicate of a previously filed complaint. The original complaint is being addressed.,06/28/2023 10:53:00 PM,06 MANHATTAN,02,Precinct 17,1008890039,MANHATTAN,990195,210760,ONLINE,Unspecified,MANHATTAN,,,,,,,,40.74516210533401,-73.97854510854228,POINT (-73.978545108542 40.745162105334)
57954339,06/20/2023 10:39:34 AM,08/22/2023 12:01:53 PM,TLC,Taxi and Limousine Commission,For Hire Vehicle Complaint,Driver Complaint - Non Passenger,Unsafe Driving,Street,10009,444 EAST   12 STREET,EAST   12 STREET,1 AVENUE,AVENUE A,1 AVENUE,AVENUE A,ADDRESS,NEW YORK,EAST   12 STREET,,Closed,,The Taxi and Limousine Commission (TLC) reviewed your complaint. The driver or owner pled guilty to a violation and paid a fine. TLC has sent you a written confirmation of this outcome.,08/22/2023 12:01:59 PM,03 MANHATTAN,02,Precinct 9,1004390028,MANHATTAN,989169,205040,ONLINE,Unspecified,MANHATTAN,,,"444 EAST   12 STREET, MANHATTAN (NEW YORK), NY, 10009",,,,,40.72946275100331,-73.98225201897773,POINT (-73.982252018978 40.729462751003)
57952926,06/20/2023 06:22:00 AM,06/21/2023 10:44:00 AM,DSNY,Department of Sanitation,Derelict Vehicles,Derelict Vehicles,,Street,11234,5417 AVENUE K,AVENUE K,EAST 54 STREET,EAST 55 STREET,,,ADDRESS,BROOKLYN,,,Closed,,The vehicle you reported exceeds the monetary value eligible for collection as junk. The Department of Sanitation has forwarded the request to the NYPD for further action.,06/21/2023 12:00:00 PM,18 BROOKLYN,46,Precinct 63,3078020003,BROOKLYN,1005487,167390,PHONE,Unspecified,BROOKLYN,,,,,,,,40.62609793872295,-73.92349457580731,POINT (-73.923494575807 40.626097938723)
57956571,06/21/2023 02:04:01 AM,06/21/2023 02:52:29 AM,NYPD,New York City Police Department,Noise - Residential,Loud Music/Party,,Residential Building/House,10312,25 DIERAUF STREET,DIERAUF STREET,KENMORE STREET,GARY STREET,KENMORE STREET,GARY STREET,ADDRESS,STATEN ISLAND,DIERAUF STREET,,Closed,,The Police Department responded to the complaint and took action to fix the condition.,06/21/2023 02:52:31 AM,03 STATEN ISLAND,51,Precinct 123,5056860061,STATEN ISLAND,934510,143918,ONLINE,Unspecified,STATEN ISLAND,,,,,,,,40.56155797236037,-74.17901331222754,POINT (-74.179013312228 40.56155797236)
57958731,06/20/2023 10:26:06 PM,06/20/2023 10:44:53 PM,NYPD,New York City Police Department,Noise - Residential,Banging/Pounding,,Residential Building/House,11377,67-25 51 ROAD,51 ROAD,67 STREET,69 STREET,67 STREET,69 STREET,ADDRESS,WOODSIDE,51 ROAD,,Closed,,The Police Department responded to the complaint and determined that police action was not necessary.,06/20/2023 10:44:58 PM,05 QUEENS,30,Precinct 104,4024230001,QUEENS,1012641,206816,ONLINE,Unspecified,QUEENS,,,,,,,,40.73429323629368,-73.89755650152914,POINT (-73.897556501529 40.734293236294)
57960684,06/21/2023 06:49:42 PM,01/11/2025 04:21:12 PM,DOHMH,Department of Health and Mental Hygiene,Mobile Food Vendor,Permit/License/Certificate,No Food Protection Certificate,Mobile Food Vendor,10013,54 6 AVENUE,6 AVENUE,YORK STREET,LAIGHT STREET,YORK STREET,LAIGHT STREET,ADDRESS,NEW YORK,AVENUE OF THE AMERICAS,,Closed,,"The NYC Health Department has responded to your service request. For inspection results, please call (212) 676-1600 or email infobfscs@health.nyc.gov to request an inspection report. This service request has been closed.",01/11/2025 04:21:16 PM,01 MANHATTAN,01,Precinct 1,1002120070,MANHATTAN,982789,202111,PHONE,Unspecified,MANHATTAN,,,,,,,,40.72142460458122,-74.00527072021399,POINT (-74.005270720214 40.721424604581)
57967722,06/21/2023 01:12:27 PM,06/21/2023 01:35:37 PM,NYPD,New York City Police Department,Noise - Vehicle,Engine Idling,,Street/Sidewalk,11216,1 SPENCER PLACE,SPENCER PLACE,HANCOCK STREET,FULTON STREET,HANCOCK STREET,FULTON STREET,ADDRESS,BROOKLYN,SPENCER PLACE,,Closed,,The Police Department responded to the complaint and with the information available observed no evidence of the violation at that time.,06/21/2023 01:35:41 PM,03 BROOKLYN,36,Precinct 79,3020000014,BROOKLYN,996848,187690,ONLINE,Unspecified,BROOKLYN,,,,,,,,40.68183349408198,-73.95457829262003,POINT (-73.95457829262 40.681833494082)
57958083,06/20/2023 08:19:26 PM,06/21/2023 02:20:35 PM,DSNY,Department of Sanitation,Abandoned Bike,Chained to Public Property,N/A,Street,11209,8510 3 AVENUE,3 AVENUE,85 STREET,86 STREET,85 STREET,86 STREET,ADDRESS,BROOKLYN,3 AVENUE,,Closed,,The Department of Sanitation investigated and found that the bike did not meet the criteria to be classified as derelict.,06/21/2023 06:27:32 AM,10 BROOKLYN,47,Precinct 68,3060330044,BROOKLYN,975701,166668,PHONE,Unspecified,BROOKLYN,,,,,,,,40.624137530322145,-74.0307965150989,POINT (-74.030796515099 40.624137530322)
57953322,06/20/2023 09:57:27 PM,06/21/2023 02:03:47 AM,DHS,Department of Homeless Services,Homeless Person Assistance,,,Street/Sidewalk,11366,159-05 UNION TURNPIKE,UNION TURNPIKE,159 STREET,160 STREET,159 STREET,160 STREET,ADDRESS,FRESH MEADOWS,UNION TURNPIKE,,Closed,,The individual was found and outreach assistance was offered.,06/21/2023 02:03:47 AM,08 QUEENS,24,Precinct 107,4068310022,QUEENS,1037485,201752,PHONE,Unspecified,QUEENS,,,,,,,,40.72027918313939,-73.80795195555001,POINT (-73.80795195555 40.720279183139)
57960270,06/20/2023 03:22:27 PM,06/22/2023 07:38:00 PM,HPD,Department of Housing Preservation and Development,GENERAL,CABINET,DAMAGED OR MISSING,RESIDENTIAL BUILDING,11226,354 EAST   21 STREET,EAST   21 STREET,,,,,ADDRESS,BROOKLYN,,,Closed,,The Department of Housing Preservation and Development inspected the following conditions. Violations were issued. Information about specific violations is available at www.nyc.gov/hpd,06/22/2023 12:00:00 AM,14 BROOKLYN,40,Precinct 70,3051240051,BROOKLYN,995594,174513,ONLINE,Unspecified,BROOKLYN,,,,,,,,40.6456672476512,-73.959121721701,POINT (-73.959121721701 40.645667247651)
57954051,06/20/2023 07:37:15 PM,06/21/2023 12:03:11 PM,DSNY,Department of Sanitation,Missed Collection,Recycling - Paper/Metal/Glass/Rigid Plastic,N/A,Street,10306,3208 AMBOY ROAD,AMBOY ROAD,FAIRBANKS AVENUE,CHESTERTON AVENUE,FAIRBANKS AVENUE,CHESTERTON AVENUE,ADDRESS,STATEN ISLAND,AMBOY ROAD,,Closed,,The Department of Sanitation collected the requested items.,06/21/2023 03:42:17 AM,03 STATEN ISLAND,51,Precinct 122,5046970023,STATEN ISLAND,947247,144304,ONLINE,Unspecified,STATEN ISLAND,,,,,,,,40.562679764389266,-74.13317528674449,POINT (-74.133175286744 40.562679764389)
57969189,06/21/2023 02:44:00 PM,06/22/2023 02:00:00 PM,DEP,Department of Environmental Protection,Noise,Noise: Construction Equipment (NC1),NC1,,11385,60-87 70 AVENUE,70 AVENUE,60 LN,FRESH POND RD,,,ADDRESS,RIDGEWOOD,,N/A,Closed,,The Department of Environmental Protection (DEP) observed a violation of the NYC Air or Noise Code during the inspection. DEP issued a summons.,06/22/2023 02:00:00 PM,05 QUEENS,30,Precinct 104,4035360033,QUEENS,1013138,195206,ONLINE,Unspecified,QUEENS,,,,,,,,40.702424989559,-73.8958130000031,POINT (-73.895813000003 40.702424989559)
57966075,06/21/2023 09:09:38 PM,06/22/2023 02:13:15 AM,NYPD,New York City Police Department,Illegal Parking,Blocked Hydrant,,Street/Sidewalk,11204,1464 WEST    5 STREET,WEST    5 STREET,65 STREET,AVENUE O,65 STREET,AVENUE O,ADDRESS,BROOKLYN,WEST    5 STREET,,Closed,,The Police Department responded and upon arrival those responsible for the condition were gone.,06/22/2023 02:13:21 AM,11 BROOKLYN,43,Precinct 62,3065790038,BROOKLYN,989987,162067,MOBILE,Unspecified,BROOKLYN,,,,,,,,40.611511007888105,-73.97933721048216,POINT (-73.979337210482 40.611511007888)
57959955,06/20/2023 04:37:14 AM,06/20/2023 04:49:49 AM,NYPD,New York City Police Department,Noise - Street/Sidewalk,Loud Talking,,Street/Sidewalk,10025,700 AMSTERDAM AVENUE,AMSTERDAM AVENUE,WEST   93 STREET,WEST   94 STREET,WEST   93 STREET,WEST   94 STREET,ADDRESS,NEW YORK,AMSTERDAM AVENUE,,Closed,,The Police Department responded to the complaint and determined that police action was not necessary.,06/20/2023 04:49:55 AM,07 MANHATTAN,07,Precinct 24,1012410036,MANHATTAN,992182,228086,MOBILE,Unspecified,MANHATTAN,,,,,,,,40.79271590890203,-73.97135378310915,POINT (-73.971353783109 40.792715908902)
57958614,06/20/2023 09:49:16 AM,06/20/2023 10:15:32 AM,NYPD,New York City Police Department,Encampment,N/A,,Street/Sidewalk,11373,40-40 79 STREET,79 STREET,ROOSEVELT AVENUE,41 AVENUE,ROOSEVELT AVENUE,41 AVENUE,ADDRESS,ELMHURST,79 STREET,,Closed,,The Police Department visited the location and has referred the complaint to the Department of Homeless Services (DHS) for further action. DHS will inspect the condition and update your Service Request with more information.,06/20/2023 10:15:34 AM,04 QUEENS,25,Precinct 110,4014890018,QUEENS,1015673,211313,PHONE,Unspecified,QUEENS,,,,,,,,40.74662612074122,-73.88659511334457,POINT (-73.886595113345 40.746626120741)
57953601,06/20/2023 06:42:56 PM,06/27/2023 04:42:27 PM,HPD,Department of Housing Preservation and Development,UNSANITARY CONDITION,PESTS,ROACHES,RESIDENTIAL BUILDING,10019,879 10 AVENUE,10 AVENUE,,,,,ADDRESS,NEW YORK,,,Closed,,The Department of Housing Preservation and Development inspected the following conditions. Violations were issued. Information about specific violations is available at www.nyc.gov/hpd,06/27/2023 12:00:00 AM,04 MANHATTAN,06,Precinct 18,1010860031,MANHATTAN,987480,219602,ONLINE,Unspecified,MANHATTAN,,,,,,,,40.76943254673519,-73.98833901532525,POINT (-73.988339015325 40.769432546735)
57959622,06/20/2023 11:17:02 PM,06/21/2023 12:10:24 AM,NYPD,New York City Police Department,Illegal Parking,Blocked Hydrant,,Street/Sidewalk,11217,93 NEVINS STREET,NEVINS STREET,ATLANTIC AVENUE,PACIFIC STREET,ATLANTIC AVENUE,PACIFIC STREET,ADDRESS,BROOKLYN,NEVINS STREET,,Closed,,The Police Department responded to the complaint and took action to fix the condition.,06/21/2023 12:10:31 AM,02 BROOKLYN,33,Precinct 84,3001857503,BROOKLYN,988991,189099,MOBILE,Unspecified,BROOKLYN,,,,,,,,40.685708573014935,-73.9829054754213,POINT (-73.982905475421 40.685708573015)
59456979,09/29/2023 01:18:46 PM,10/04/2023 12:00:00 AM,HPD,Department of Housing Preservation and Development,Door/Window,Door Frame,Frame Broken,Apartment,10458,384 EAST  194 STREET,EAST  194 STREET,DECATUR AVENUE,WEBSTER AVENUE,DECATUR AVENUE,WEBSTER AVENUE,ADDRESS,BRONX,EAST  194 STREET,,Closed,,,10/04/2023 12:00:00 AM,07 BRONX,15,Precinct 52,,BRONX,1014700,253831,ONLINE,Unspecified,BRONX,,,,,,,,40.86332962016092,-73.88991380335999,POINT (-73.88991380336 40.863329620161)
57956850,06/20/2023 12:43:35 PM,06/21/2023 04:04:46 PM,DSNY,Department of Sanitation,Dead Animal,Bird,Street or Sidewalk,Sidewalk,11379,66-41 77 STREET,77 STREET,66 ROAD,GRAY STREET,66 ROAD,GRAY STREET,ADDRESS,MIDDLE VILLAGE,77 STREET,,Closed,,The Department of Sanitation investigated this complaint and found no condition at the location.,06/20/2023 08:57:49 PM,05 QUEENS,30,Precinct 104,4030640001,QUEENS,1018306,199604,ONLINE,Unspecified,QUEENS,,,,,,,,40.71447806626328,-73.87715195140085,POINT (-73.877151951401 40.714478066263)
57966462,06/21/2023 07:05:00 AM,06/21/2023 08:07:00 AM,DEP,Department of Environmental Protection,Noise,Noise: Construction Before/After Hours (NM1),NM1,,11216,1215 FULTON STREET,FULTON STREET,BEDFORD AVE,ARLINGTON PL,,,ADDRESS,BROOKLYN,,N/A,Closed,,The Department of Environmental Protection determined that this complaint is a duplicate of a previously filed complaint. The original complaint is being addressed.,06/21/2023 08:07:00 AM,03 BROOKLYN,36,Precinct 79,3018420015,BROOKLYN,997329,187244,ONLINE,Unspecified,BROOKLYN,,,,,,,,40.68060862794381,-73.95284492765421,POINT (-73.952844927654 40.680608627944)
57955725,06/20/2023 05:10:09 AM,06/20/2023 05:55:29 AM,NYPD,New York City Police Department,Illegal Parking,Commercial Overnight Parking,,Street/Sidewalk,10469,2426 WOODHULL AVENUE,WOODHULL AVENUE,WARING AVENUE,MACE AVENUE,WARING AVENUE,MACE AVENUE,ADDRESS,BRONX,WOODHULL AVENUE,,Closed,,The Police Department responded to the complaint and determined that police action was not necessary.,06/20/2023 05:55:35 AM,11 BRONX,13,Precinct 49,2044790019,BRONX,1028011,253184,MOBILE,Unspecified,BRONX,,,,,,,,40.86149785357366,-73.84179472210784,POINT (-73.841794722108 40.861497853574)
57965850,06/22/2023 12:59:46 AM,06/22/2023 01:08:15 PM,NYPD,New York City Police Department,Illegal Parking,Detached Trailer,,Street/Sidewalk,10475,2280 GIVAN AVENUE,GIVAN AVENUE,MERRITT AVENUE,CONNER STREET,MERRITT AVENUE,CONNER STREET,ADDRESS,BRONX,GIVAN AVENUE,,Closed,,The Police Department responded to the complaint and with the information available observed no evidence of the violation at that time.,06/22/2023 01:08:20 PM,10 BRONX,12,Precinct 45,2051410394,BRONX,1032472,260297,ONLINE,Unspecified,BRONX,,,,,,,,40.88099758120321,-73.825616111492,POINT (-73.825616111492 40.880997581203)
57964554,06/21/2023 03:22:56 AM,06/21/2023 04:00:09 AM,NYPD,New York City Police Department,Illegal Parking,Blocked Hydrant,,Street/Sidewalk,11235,2620 EAST   24 STREET,EAST   24 STREET,AVENUE Z,VOORHIES AVENUE,AVENUE Z,VOORHIES AVENUE,ADDRESS,BROOKLYN,EAST   24 STREET,,Closed,,The Police Department responded and upon arrival those responsible for the condition were gone.,06/21/2023 04:00:12 AM,15 BROOKLYN,48,Precinct 61,3074680028,BROOKLYN,999410,153605,MOBILE,Unspecified,BROOKLYN,,,,,,,,40.58827342555934,-73.94541765640146,POINT (-73.945417656401 40.588273425559)
57958866,06/20/2023 01:45:22 PM,06/27/2023 08:39:46 PM,HPD,Department of Housing Preservation and Development,APPLIANCE,ELECTRIC/GAS RANGE,NO GAS OR ELECTRICITY,RESIDENTIAL BUILDING,10459,1327 SOUTHERN BOULEVARD,SOUTHERN BOULEVARD,,,,,ADDRESS,BRONX,,,Closed,,The Department of Housing Preservation and Development inspected the following conditions. No violations were issued. The complaint has been closed.,06/27/2023 12:00:00 AM,03 BRONX,17,Precinct 42,2029760092,BRONX,1014280,242088,PHONE,Unspecified,BRONX,,,,,,,,40.83110000795265,-73.89148482467765,POINT (-73.891484824678 40.831100007953)
57967236,06/21/2023 08:40:30 AM,,DPR,Department of Parks and Recreation,Damaged Tree,Branch or Limb Has Fallen Down,Blocking Sidewalk,Street,11423,90-02 201 STREET,201 STREET,90 AVENUE,93 AVENUE,90 AVENUE,93 AVENUE,ADDRESS,HOLLIS,201 STREET,,In Progress,,"NYC Parks created a work order for the tree condition and expects to address the issue within 120 days from the date of the tree assessment, barring any weather-related requests.   NYC Parks work priority categories range from Category A through D, with A being the most critical and time-sensitive. We will complete all work in Category A first and address work in lower priority categories in accordance with available resources. For more information about the Tree Risk Management Program, visit the NYC Urban Forest page on the NYC Parks website at nyc.gov/parks/trees.",06/21/2023 11:14:38 AM,12 QUEENS,23,Precinct 103,4104820032,QUEENS,1050674,200377,PHONE,Unspecified,QUEENS,,,,,,,,40.716415955030385,-73.76038573126003,POINT (-73.76038573126 40.71641595503)
57963402,06/21/2023 04:32:08 AM,,EDC,Economic Development Corporation,Noise - Helicopter,Other,Flying Too Low,Above Address,11217,130 ST MARKS PLACE,ST MARKS PLACE,4 AVENUE,5 AVENUE,4 AVENUE,5 AVENUE,ADDRESS,BROOKLYN,ST MARKS PLACE,,In Progress,,,,06 BROOKLYN,39,Precinct 78,3009347503,BROOKLYN,990315,187422,ONLINE,Unspecified,BROOKLYN,,,,,,,,40.68110478220723,-73.97813306592545,POINT (-73.978133065925 40.681104782207)
57953070,06/20/2023 10:11:00 PM,06/21/2023 01:10:00 AM,DEP,Department of Environmental Protection,Water System,Dirty Water (WE),WE,,11208,848 CRESCENT STREET,CRESCENT STREET,LORING AVE,STANLEY AVE,,,ADDRESS,BROOKLYN,,,Closed,,The Department of Environmental Protection investigated this complaint and opened fire hydrants to flush water mains in the area.,06/21/2023 01:10:00 AM,05 BROOKLYN,42,Precinct 75,3045070006,BROOKLYN,1020924,182172,PHONE,Unspecified,BROOKLYN,,,,,,,,40.66662083331861,-73.86780311687153,POINT (-73.867803116872 40.666620833319)
57962772,06/21/2023 10:14:49 PM,06/21/2023 10:42:13 PM,NYPD,New York City Police Department,Noise - Residential,Loud Music/Party,,Residential Building/House,11216,1387 DEAN STREET,DEAN STREET,BROOKLYN AVENUE,KINGSTON AVENUE,BROOKLYN AVENUE,KINGSTON AVENUE,ADDRESS,BROOKLYN,DEAN STREET,,Closed,,The Police Department responded to the complaint and took action to fix the condition.,06/21/2023 10:42:17 PM,08 BROOKLYN,36,Precinct 77,3012090059,BROOKLYN,1000094,185751,MOBILE,Unspecified,BROOKLYN,,,,,,,,40.67650616440523,-73.94287949962845,POINT (-73.942879499628 40.676506164405)
57956490,06/20/2023 05:58:54 PM,07/06/2023 07:18:02 AM,DOHMH,Department of Health and Mental Hygiene,Rodent,Rat Sighting,,Other (Explain Below),10025,150 WEST  100 STREET,WEST  100 STREET,COLUMBUS AVENUE,AMSTERDAM AVENUE,COLUMBUS AVENUE,AMSTERDAM AVENUE,ADDRESS,NEW YORK,WEST  100 STREET,,Closed,,This service request was closed because the Department of Health and Mental Hygiene received an earlier complaint about the same location.  You can find inspection results for this address by going to the online Rat Portal at www.nyc.gov/rats.,06/20/2023 05:58:54 PM,07 MANHATTAN,07,Precinct 24,1018520049,MANHATTAN,993187,229400,MOBILE,Unspecified,MANHATTAN,,,,,,,,40.79632152376199,-73.96772250280446,POINT (-73.967722502804 40.796321523762)
57964671,06/21/2023 10:20:11 AM,03/11/2025 03:41:45 PM,DPR,Department of Parks and Recreation,Overgrown Tree/Branches,Hitting Building,N/A,Street,11207,92 WILLIAMS AVENUE,WILLIAMS AVENUE,ATLANTIC AVENUE,LIBERTY AVENUE,ATLANTIC AVENUE,LIBERTY AVENUE,ADDRESS,BROOKLYN,WILLIAMS AVENUE,,Closed,,"Under NYC Parksâ Tree Risk Management Program, work is prioritized to address the conditions with the highest risk first.  NYC Parks determined that the issue will be addressed in the next pruning cycle through the routine block pruning program.  For more information about the Tree Risk Management Program, visit the NYC Urban Forest page on the NYC Parks website at nyc.gov/parks/trees.   To learn more about the trees in your neighborhood, visit the NYC Tree Map at nyc.gov/parks/treemap.",03/11/2025 03:41:52 PM,05 BROOKLYN,37,Precinct 75,3036820052,BROOKLYN,1011891,184948,PHONE,Unspecified,BROOKLYN,,,,,,,,40.674273136647315,-73.90035249205016,POINT (-73.90035249205 40.674273136647)
57964275,06/21/2023 09:08:50 AM,06/23/2023 04:26:48 PM,HPD,Department of Housing Preservation and Development,HEAT/HOT WATER,ENTIRE BUILDING,NO HOT WATER,RESIDENTIAL BUILDING,11216,177 ROGERS AVENUE,ROGERS AVENUE,,,,,ADDRESS,BROOKLYN,,,Closed,,"The Department of Housing Preservation and Development responded to a complaint of no heat or hot water and was advised by a tenant in the building that heat and hot water had been restored. If the condition still exists, please file a new complaint.",06/23/2023 12:00:00 AM,08 BROOKLYN,35,Precinct 77,3012540006,BROOKLYN,997250,183856,ONLINE,Unspecified,BROOKLYN,,,,,,,,40.67130944947329,-73.95313628944504,POINT (-73.953136289445 40.671309449473)
57965589,06/21/2023 07:55:02 AM,06/21/2023 08:38:28 PM,DHS,Department of Homeless Services,Homeless Person Assistance,,,Street/Sidewalk,11101,10-51 JACKSON AVENUE,JACKSON AVENUE,50 AVENUE,11 STREET,50 AVENUE,11 STREET,ADDRESS,LONG ISLAND CITY,JACKSON AVENUE,,Closed,,"The mobile outreach response team offered services to the individual, but the individual did not accept assistance.",06/21/2023 08:38:28 PM,02 QUEENS,26,Precinct 108,4000420028,QUEENS,997358,209800,MOBILE,Unspecified,QUEENS,,,,,,,,40.74251942922427,-73.95269645533158,POINT (-73.952696455332 40.742519429224)
57958092,06/20/2023 02:20:04 PM,06/21/2023 04:18:01 AM,DSNY,Department of Sanitation,Dirty Condition,Trash,Littering,Sidewalk,11369,86-01 23 AVENUE,23 AVENUE,86 STREET,87 STREET,86 STREET,87 STREET,ADDRESS,EAST ELMHURST,23 AVENUE,,Closed,,The Department of Sanitation investigated this complaint and found no condition at the location.,06/21/2023 04:18:07 AM,03 QUEENS,22,Precinct 115,4010640002,QUEENS,1016489,218801,MOBILE,Unspecified,QUEENS,,,,,,,,40.76717581540611,-73.88361428613476,POINT (-73.883614286135 40.767175815406)
57962952,06/21/2023 07:28:20 AM,07/07/2023 09:40:36 AM,HPD,Department of Housing Preservation and Development,PLUMBING,BASIN/SINK,PIPE LEAKING,RESIDENTIAL BUILDING,11691,25-55 FAR ROCKAWAY BOULEVARD,FAR ROCKAWAY BOULEVARD,,,,,ADDRESS,FAR ROCKAWAY,,,Closed,,The Department of Housing Preservation and Development inspected the following conditions. No violations were issued. The complaint has been closed.,07/07/2023 12:00:00 AM,14 QUEENS,31,Precinct 101,4157860048,QUEENS,1050363,157900,PHONE,Unspecified,QUEENS,,,,,,,,40.59982870130243,-73.76192406250402,POINT (-73.761924062504 40.599828701302)
57966480,06/21/2023 01:47:38 PM,06/23/2023 12:00:00 AM,DSNY,Department of Sanitation,Graffiti,Graffiti,,,11434,148-33 GUY R BREWER BOULEVARD,GUY R BREWER BOULEVARD,,,,,ADDRESS,JAMAICA,,N/A,Closed,07/21/2023 01:47:38 PM,The cleaning crew could not locate the property requiring graffiti removal.,06/28/2023 09:05:21 AM,13 QUEENS,31,Precinct 105,4134060001,QUEENS,1048698,179376,UNKNOWN,Unspecified,QUEENS,,,,,,,,40.658787847546755,-73.7677147003945,POINT (-73.767714700394 40.658787847547)
57962799,06/21/2023 04:41:46 AM,06/21/2023 05:10:22 AM,NYPD,New York City Police Department,Noise - Street/Sidewalk,Loud Music/Party,,Street/Sidewalk,11372,37-61 79 STREET,79 STREET,37 AVENUE,ROOSEVELT AVENUE,37 AVENUE,ROOSEVELT AVENUE,ADDRESS,JACKSON HEIGHTS,79 STREET,,Closed,,The Police Department responded to the complaint and with the information available observed no evidence of the violation at that time.,06/21/2023 05:10:29 AM,03 QUEENS,25,Precinct 115,4012900047,QUEENS,1015553,212213,PHONE,Unspecified,QUEENS,,,,,,,,40.74909681794822,-73.88702400099824,POINT (-73.887024000998 40.749096817948)
57967713,06/21/2023 12:16:15 PM,06/23/2023 05:50:48 AM,DSNY,Department of Sanitation,Obstruction,Cone,Street,Street,10462,2165 POWELL AVENUE,POWELL AVENUE,EAST  177 STREET,CASTLE HILL AVENUE,EAST  177 STREET,CASTLE HILL AVENUE,ADDRESS,BRONX,POWELL AVENUE,,Closed,,The Department of Sanitation removed the items.,06/23/2023 05:50:54 AM,09 BRONX,18,Precinct 43,2038110041,BRONX,1025369,242120,ONLINE,Unspecified,BRONX,,,,,,,,40.831143173096734,-73.85141393981621,POINT (-73.851413939816 40.831143173097)
57961521,06/21/2023 09:36:33 AM,07/13/2023 05:03:03 AM,HPD,Department of Housing Preservation and Development,GENERAL,BELL/BUZZER/INTERCOM,BROKEN OR MISSING,RESIDENTIAL BUILDING,10026,306 WEST  112 STREET,WEST  112 STREET,,,,,ADDRESS,NEW YORK,,,Closed,,"The Department of Housing Preservation and Development was not able to gain access to inspect the following conditions. The complaint has been closed. If the condition still exists, please file a new complaint.",07/13/2023 12:00:00 AM,10 MANHATTAN,09,Precinct 28,1018460052,MANHATTAN,996010,231458,PHONE,Unspecified,MANHATTAN,,,,,,,,40.80196686589889,-73.95752315478758,POINT (-73.957523154788 40.801966865899)
57961296,06/21/2023 04:45:04 PM,06/21/2023 05:28:59 PM,NYPD,New York City Police Department,Noise - Residential,Banging/Pounding,,Residential Building/House,11221,507 CENTRAL AVENUE,CENTRAL AVENUE,HANCOCK STREET,WEIRFIELD STREET,HANCOCK STREET,WEIRFIELD STREET,ADDRESS,BROOKLYN,CENTRAL AVENUE,,Closed,,The Police Department responded to the complaint and took action to fix the condition.,06/21/2023 05:29:05 PM,04 BROOKLYN,37,Precinct 83,3033970004,BROOKLYN,1008593,190942,ONLINE,Unspecified,BROOKLYN,,,,,,,,40.690734977069845,-73.91222032300348,POINT (-73.912220323003 40.69073497707)
57959415,06/19/2023 02:08:42 PM,06/20/2023 01:37:00 PM,DOT,Department of Transportation,Street Condition,Pothole,,,11236,,,,,EAST 80 STREET,GLENWOOD ROAD,INTERSECTION,BROOKLYN,,N/A,Closed,,The Department of Transportation inspected this complaint and repaired the problem.,06/20/2023 01:37:00 PM,18 BROOKLYN,46,Precinct 69,,BROOKLYN,1007857,171367,UNKNOWN,Unspecified,BROOKLYN,,,,,,,,40.637007958876154,-73.91494284127103,POINT (-73.914942841271 40.637007958876)
57959892,06/20/2023 02:00:45 AM,06/20/2023 02:13:11 AM,NYPD,New York City Police Department,Noise - Residential,Loud Talking,,Residential Building/House,11218,511 AVENUE F,AVENUE F,EAST    5 STREET,OCEAN PARKWAY,EAST    5 STREET,OCEAN PARKWAY,ADDRESS,BROOKLYN,AVENUE F,,Closed,,The Police Department responded to the complaint and took action to fix the condition.,06/20/2023 02:13:17 AM,12 BROOKLYN,40,Precinct 66,3053990050,BROOKLYN,991630,170125,MOBILE,Unspecified,BROOKLYN,,,,,,,,40.63362731730004,-73.97341085511546,POINT (-73.973410855115 40.6336273173)
57954303,06/20/2023 07:42:01 AM,06/20/2023 08:01:17 AM,NYPD,New York City Police Department,Blocked Driveway,Partial Access,,Street/Sidewalk,10457,2173 PROSPECT AVENUE,PROSPECT AVENUE,EAST  181 STREET,EAST  182 STREET,EAST  181 STREET,EAST  182 STREET,ADDRESS,BRONX,PROSPECT AVENUE,,Closed,,The Police Department reviewed your complaint and provided additional information below.,06/20/2023 08:01:25 AM,06 BRONX,15,Precinct 48,2030970038,BRONX,1015939,248448,PHONE,Unspecified,BRONX,,,,,,,,40.84855054517511,-73.88545988600704,POINT (-73.885459886007 40.848550545175)
57961818,06/21/2023 02:56:09 PM,06/22/2023 10:17:38 AM,DPR,Department of Parks and Recreation,Overgrown Tree/Branches,Hitting Power Lines,Power Lines,Street,10306,247 NUGENT STREET,NUGENT STREET,DEAD END,AULTMAN AVENUE,DEAD END,AULTMAN AVENUE,ADDRESS,STATEN ISLAND,NUGENT STREET,,Closed,,No action was taken because NYC Parks determined that the issue is out of its jurisdiction. The condition may be on private property or in an area serviced by another organization.,06/22/2023 10:17:44 AM,02 STATEN ISLAND,50,Precinct 122,5022720050,STATEN ISLAND,946431,149167,PHONE,Unspecified,STATEN ISLAND,,,,,,,,40.57602429336456,-74.13613929985033,POINT (-74.13613929985 40.576024293365)
57967443,06/22/2023 12:28:21 AM,06/22/2023 01:32:56 AM,NYPD,New York City Police Department,Illegal Parking,Blocked Sidewalk,,Street/Sidewalk,11230,1294 OCEAN PARKWAY,OCEAN PARKWAY,AVENUE L,AVENUE M,AVENUE L,AVENUE M,ADDRESS,BROOKLYN,OCEAN PARKWAY,,Closed,,The Police Department responded to the complaint and determined that police action was not necessary.,06/22/2023 01:33:00 AM,12 BROOKLYN,44,Precinct 66,,BROOKLYN,992800,164224,ONLINE,Unspecified,BROOKLYN,,,,,,,,40.617429259083664,-73.96920297787018,POINT (-73.96920297787 40.617429259084)
57967362,06/21/2023 09:09:56 PM,06/04/2024 12:53:22 AM,DOHMH,Department of Health and Mental Hygiene,Food Establishment,Rodents/Insects/Garbage,Rodent Infestation,Restaurant/Bar/Deli/Bakery,10023,142 WEST   65 STREET,WEST   65 STREET,BROADWAY,AMSTERDAM AVENUE,BROADWAY,AMSTERDAM AVENUE,ADDRESS,NEW YORK,WEST   65 STREET,,Closed,,This SR was administratively closed. The issue you reported was addressed.,06/04/2024 12:53:27 AM,07 MANHATTAN,06,Precinct 20,1011340001,MANHATTAN,988760,221143,ONLINE,Unspecified,MANHATTAN,,,,,,,,40.77366162910449,-73.98371690994455,POINT (-73.983716909945 40.773661629104)
57957462,06/20/2023 10:59:00 AM,06/21/2023 05:25:00 AM,DEP,Department of Environmental Protection,Water System,Hydrant Running (WC3),WC3,,11223,2301 STILLWELL AVENUE,STILLWELL AVENUE,AVENUE W,28 AVE,,,ADDRESS,BROOKLYN,,,Closed,,"The Department of Environment Protection inspected your complaint but could not find the problem you reported. If the condition persists, please call 311 (or 212-639-9675 if calling from a non-New York City area code) with more detailed information to submit a new complaint.",06/21/2023 05:25:00 AM,13 BROOKLYN,47,Precinct 60,3071600001,BROOKLYN,988645,154623,PHONE,Unspecified,BROOKLYN,,,,,,,,40.59107950651856,-73.98417549694065,POINT (-73.984175496941 40.591079506519)
57952971,06/20/2023 04:53:53 AM,06/20/2023 05:17:03 AM,NYPD,New York City Police Department,Noise - Vehicle,Car/Truck Horn,,Street/Sidewalk,10036,10 AVENUE,10 AVENUE,10 AVENUE,WEST   42 STREET,10 AVENUE,WEST   42 STREET,INTERSECTION,,,,Closed,,The Police Department responded to the complaint and with the information available observed no evidence of the violation at that time.,06/20/2023 05:17:08 AM,04 MANHATTAN,03,Precinct 10,,MANHATTAN,985504,216029,ONLINE,Unspecified,MANHATTAN,,,,,,,,40.75962608520787,-73.99547346072606,POINT (-73.995473460726 40.759626085208)
57953736,06/20/2023 09:06:33 AM,06/20/2023 09:26:24 AM,NYPD,New York City Police Department,Drug Activity,Use Outside,,Street/Sidewalk,11432,82-68 164 STREET,164 STREET,82 ROAD,GRAND CENTRAL PARKWAY,82 ROAD,GRAND CENTRAL PARKWAY,ADDRESS,JAMAICA,164 STREET,,Closed,,The Police Department responded to the complaint and determined that police action was not necessary.,06/20/2023 09:26:28 AM,08 QUEENS,24,Precinct 107,4068580001,QUEENS,1038740,200651,ONLINE,Unspecified,QUEENS,,,,,,,,40.71724956934783,-73.80343340538089,POINT (-73.803433405381 40.717249569348)
57962466,06/21/2023 04:50:28 PM,06/21/2023 06:11:29 PM,NYPD,New York City Police Department,Blocked Driveway,No Access,,Street/Sidewalk,11377,45-07 48 AVENUE,48 AVENUE,45 STREET,46 STREET,45 STREET,46 STREET,ADDRESS,WOODSIDE,48 AVENUE,,Closed,,The Police Department responded and upon arrival those responsible for the condition were gone.,06/21/2023 06:11:31 PM,02 QUEENS,26,Precinct 108,4001707501,QUEENS,1006360,208672,MOBILE,Unspecified,QUEENS,,,,,,,,40.739405426796935,-73.92021417570602,POINT (-73.920214175706 40.739405426797)
57957705,06/20/2023 08:05:57 PM,06/20/2023 08:34:35 PM,NYPD,New York City Police Department,Illegal Parking,Blocked Bike Lane,,Street/Sidewalk,10022,301 EAST   56 STREET,EAST   56 STREET,2 AVENUE,1 AVENUE,2 AVENUE,1 AVENUE,ADDRESS,NEW YORK,EAST   56 STREET,,Closed,,The Police Department responded to the complaint and with the information available observed no evidence of the violation at that time.,06/20/2023 08:34:41 PM,06 MANHATTAN,04,Precinct 17,1013490001,MANHATTAN,993829,215617,MOBILE,Unspecified,MANHATTAN,,,,,,,,40.75849015058265,-73.96542345983926,POINT (-73.965423459839 40.758490150583)
57955806,06/20/2023 10:39:31 AM,06/20/2023 04:55:59 PM,NYPD,New York City Police Department,Illegal Parking,Blocked Hydrant,,Street/Sidewalk,11229,2000 KINGS HIGHWAY,KINGS HIGHWAY,OCEAN AVENUE,AVENUE P,OCEAN AVENUE,AVENUE P,ADDRESS,BROOKLYN,KINGS HIGHWAY,,Closed,,The Police Department issued a summons in response to the complaint.,06/20/2023 04:56:05 PM,15 BROOKLYN,48,Precinct 61,3067830076,BROOKLYN,997169,161763,MOBILE,Unspecified,BROOKLYN,,,,,,,,40.61066902990479,-73.95347059071634,POINT (-73.953470590716 40.610669029905)
59455602,10/02/2023 02:10:23 PM,10/06/2023 12:00:00 AM,HPD,Department of Housing Preservation and Development,Paint/Plaster,Wall,Collapsing or Falling,Apartment,11368,34-12 109 STREET,109 STREET,34 AVENUE,35 AVENUE,34 AVENUE,35 AVENUE,ADDRESS,CORONA,109 STREET,,Closed,,,10/06/2023 12:00:00 AM,03 QUEENS,21,Precinct 115,4017500016,QUEENS,1023144,214800,ONLINE,Unspecified,QUEENS,,,,,,,,40.75616733836248,-73.85961231880552,POINT (-73.859612318806 40.756167338362)
57962349,06/21/2023 02:57:54 PM,06/21/2023 03:23:40 PM,NYPD,New York City Police Department,Illegal Parking,Paper License Plates,,Street/Sidewalk,11207,43 JAMAICA AVENUE,JAMAICA AVENUE,SHEFFIELD AVENUE,JACKIE ROBINSON PARKWAY EXIT WB,SHEFFIELD AVENUE,JACKIE ROBINSON PARKWAY EXIT WB,ADDRESS,BROOKLYN,JAMAICA AVENUE,,Closed,,The Police Department responded to the complaint and determined that police action was not necessary.,06/21/2023 03:23:47 PM,05 BROOKLYN,37,Precinct 75,3034820001,BROOKLYN,1012517,186250,MOBILE,Unspecified,BROOKLYN,,,,,,,,40.677844853924256,-73.89809026479044,POINT (-73.89809026479 40.677844853924)
57963078,06/21/2023 06:43:06 AM,06/21/2023 06:43:06 AM,DOHMH,Department of Health and Mental Hygiene,Unsanitary Animal Pvt Property,Cat,,3+ Family Apartment Building,10024,227 WEST   77 STREET,WEST   77 STREET,AMSTERDAM AVENUE,BROADWAY,AMSTERDAM AVENUE,BROADWAY,ADDRESS,NEW YORK,WEST   77 STREET,,Closed,,The Department of Health and Mental Hygiene inspected the property you reported and did not find any violations at the time of the inspection. The property passed inspection.,06/21/2023 06:43:06 AM,07 MANHATTAN,06,Precinct 20,1011690016,MANHATTAN,989689,224288,PHONE,Unspecified,MANHATTAN,,,,,,,,40.7822933018535,-73.9803602643112,POINT (-73.980360264311 40.782293301854)
57969243,06/21/2023 02:58:19 PM,06/21/2023 04:04:12 PM,DSNY,Department of Sanitation,Vendor Enforcement,Non-Food Vendor,Unlicensed,Street,10453,94 EAST BURNSIDE AVENUE,EAST BURNSIDE AVENUE,WALTON AVENUE,MORRIS AVENUE,WALTON AVENUE,MORRIS AVENUE,ADDRESS,BRONX,EAST BURNSIDE AVENUE,,Closed,,N/A,06/21/2023 04:04:16 PM,05 BRONX,14,Precinct 46,2028290045,BRONX,1010314,250139,PHONE,Unspecified,BRONX,,,,,,,,40.853210232360276,-73.90578489691431,POINT (-73.905784896914 40.85321023236)
57966336,06/21/2023 08:00:35 AM,06/22/2023 02:49:15 AM,DSNY,Department of Sanitation,Obstruction,Trash or Recycling,Sidewalk,Sidewalk,10452,1170 SHAKESPEARE AVENUE,SHAKESPEARE AVENUE,WEST  167 STREET,ANDERSON AVENUE,WEST  167 STREET,ANDERSON AVENUE,ADDRESS,BRONX,SHAKESPEARE AVENUE,,Closed,,The Department of Sanitation cleaned the location.,06/22/2023 02:49:22 AM,04 BRONX,16,Precinct 44,2025060005,BRONX,1005430,243836,PHONE,Unspecified,BRONX,,,,,,,,40.83592341970594,-73.92345928249244,POINT (-73.923459282492 40.835923419706)
57969918,06/21/2023 10:59:01 PM,06/21/2023 11:11:32 PM,NYPD,New York City Police Department,Illegal Parking,Blocked Hydrant,,Street/Sidewalk,11219,1208 43 STREET,43 STREET,12 AVENUE,13 AVENUE,12 AVENUE,13 AVENUE,ADDRESS,BROOKLYN,43 STREET,,Closed,,The Police Department issued a summons in response to the complaint.,06/21/2023 11:11:38 PM,12 BROOKLYN,44,Precinct 66,3056040010,BROOKLYN,986922,172240,MOBILE,Unspecified,BROOKLYN,,,,,,,,40.639435213082145,-73.99037230652371,POINT (-73.990372306524 40.639435213082)
57965787,06/21/2023 06:47:19 PM,06/21/2023 06:47:19 PM,DOHMH,Department of Health and Mental Hygiene,Rodent,Rat Sighting,,3+ Family Apt. Building,10025,299 RIVERSIDE DRIVE,RIVERSIDE DRIVE,WEST END AVENUE,RIVERSIDE DRIVE,WEST END AVENUE,RIVERSIDE DRIVE,ADDRESS,NEW YORK,RIVERSIDE DRIVE,,Closed,,The Department of Health and Mental Hygiene found violations on the property you reported. Follow-up inspections will be scheduled.,06/21/2023 06:47:19 PM,07 MANHATTAN,07,Precinct 24,1018890072,MANHATTAN,992071,230571,PHONE,Unspecified,MANHATTAN,,,,,,,,40.79953665811587,-73.97175176267756,POINT (-73.971751762678 40.799536658116)
57956247,06/20/2023 10:46:07 AM,07/06/2023 11:12:42 AM,HPD,Department of Housing Preservation and Development,FLOORING/STAIRS,FLOOR,HOLE IN NON-WALKING AREA,RESIDENTIAL BUILDING,11212,23 NEW LOTS AVENUE,NEW LOTS AVENUE,,,,,ADDRESS,BROOKLYN,,,Closed,,"The Department of Housing Preservation and Development was not able to gain access to inspect the following conditions. The complaint has been closed. If the condition still exists, please file a new complaint.",07/06/2023 12:00:00 AM,16 BROOKLYN,42,Precinct 73,3036280001,BROOKLYN,1010874,178633,PHONE,Unspecified,BROOKLYN,,,,,,,,40.6569429914104,-73.90404377512105,POINT (-73.904043775121 40.65694299141)
57965670,06/21/2023 10:51:59 AM,06/26/2023 12:18:45 PM,HPD,Department of Housing Preservation and Development,UNSANITARY CONDITION,MOLD,N/A,RESIDENTIAL BUILDING,10468,2290 DAVIDSON AVENUE,DAVIDSON AVENUE,,,,,ADDRESS,BRONX,,,Closed,,The Department of Housing Preservation and Development inspected the following conditions. Violations were issued. Information about specific violations is available at www.nyc.gov/hpd,06/26/2023 12:00:00 AM,07 BRONX,14,Precinct 52,2031970023,BRONX,1010639,252289,PHONE,Unspecified,BRONX,,,,,,,,40.85911037097102,-73.9046016370002,POINT (-73.904601637 40.859110370971)
57953664,06/20/2023 11:37:50 AM,06/26/2023 08:21:22 AM,HPD,Department of Housing Preservation and Development,WATER LEAK,SLOW LEAK,AT WALL OR CEILING,RESIDENTIAL BUILDING,11226,2201 CORTELYOU ROAD,CORTELYOU ROAD,,,,,ADDRESS,BROOKLYN,,,Closed,,The Department of Housing Preservation and Development inspected the following conditions. No violations were issued. The complaint has been closed.,06/26/2023 12:00:00 AM,14 BROOKLYN,40,Precinct 70,3051660020,BROOKLYN,996342,173944,PHONE,Unspecified,BROOKLYN,,,,,,,,40.64410447579055,-73.95642731255067,POINT (-73.956427312551 40.644104475791)
57968721,06/21/2023 08:29:43 PM,06/21/2023 08:47:06 PM,NYPD,New York City Police Department,Illegal Parking,Blocked Hydrant,,Street/Sidewalk,11226,109 EAST   31 STREET,EAST   31 STREET,SNYDER AVENUE,TILDEN AVENUE,SNYDER AVENUE,TILDEN AVENUE,ADDRESS,BROOKLYN,EAST   31 STREET,,Closed,,The Police Department responded and upon arrival those responsible for the condition were gone.,06/21/2023 08:47:10 PM,17 BROOKLYN,45,Precinct 67,3049020066,BROOKLYN,998599,175388,ONLINE,Unspecified,BROOKLYN,,,,,,,,40.64806457424709,-73.94829129901908,POINT (-73.948291299019 40.648064574247)
57955365,06/20/2023 06:36:46 PM,06/27/2023 03:52:05 PM,DOT,Department of Transportation,Sidewalk Condition,Metal Protruding - Sign Stump,N/A,Sidewalk,10306,2580 AMBOY ROAD,AMBOY ROAD,PROSPECT PLACE,2 STREET,PROSPECT PLACE,2 STREET,ADDRESS,STATEN ISLAND,AMBOY ROAD,,Closed,,The Department of Transportation has completed the request or corrected the condition.,06/27/2023 03:52:19 PM,02 STATEN ISLAND,50,Precinct 122,5041960006,STATEN ISLAND,950502,148147,PHONE,Unspecified,STATEN ISLAND,,,,,,,,40.57324102758898,-74.12147960737668,POINT (-74.121479607377 40.573241027589)
57966732,06/22/2023 12:13:01 AM,06/22/2023 12:26:51 AM,NYPD,New York City Police Department,Noise - Street/Sidewalk,Loud Music/Party,,Street/Sidewalk,10474,848 HUNTS POINT AVENUE,HUNTS POINT AVENUE,LAFAYETTE AVENUE,GILBERT PLACE,LAFAYETTE AVENUE,GILBERT PLACE,ADDRESS,BRONX,HUNTS POINT AVENUE,,Closed,,The Police Department responded to the complaint and with the information available observed no evidence of the violation at that time.,06/22/2023 12:26:54 AM,02 BRONX,17,Precinct 41,2027620016,BRONX,1015075,237220,MOBILE,Unspecified,BRONX,,,,,,,,40.8177360020978,-73.88863441219395,POINT (-73.888634412194 40.817736002098)
57961467,06/21/2023 10:47:39 PM,06/21/2023 11:25:35 PM,NYPD,New York City Police Department,Noise - Street/Sidewalk,Loud Talking,,Street/Sidewalk,10016,29 EAST   30 STREET,EAST   30 STREET,MADISON AVENUE,PARK AVENUE SOUTH,MADISON AVENUE,PARK AVENUE SOUTH,ADDRESS,NEW YORK,EAST   30 STREET,,Closed,,The Police Department responded to the complaint and took action to fix the condition.,06/21/2023 11:25:38 PM,05 MANHATTAN,02,Unspecified,1008600024,MANHATTAN,988554,210743,MOBILE,Unspecified,MANHATTAN,,,,,,,,40.74511639551817,-73.98446731891701,POINT (-73.984467318917 40.745116395518)
57957165,06/20/2023 11:07:21 PM,06/27/2023 02:20:05 PM,DSNY,Department of Sanitation,Illegal Dumping,Chronic Dumping,N/A,Sidewalk,11229,1616 EAST   16 STREET,EAST   16 STREET,AVENUE P,KINGS HIGHWAY,AVENUE P,KINGS HIGHWAY,ADDRESS,BROOKLYN,EAST   16 STREET,,Closed,,The Department of Sanitation cleaned the location.,06/27/2023 10:44:29 AM,15 BROOKLYN,48,Precinct 61,3067780010,BROOKLYN,996024,161545,MOBILE,Unspecified,BROOKLYN,,,,,,,,40.61007226015665,-73.95759483216312,POINT (-73.957594832163 40.610072260157)
57965283,06/21/2023 03:50:55 PM,06/21/2023 04:22:35 PM,NYPD,New York City Police Department,Noise - Residential,Banging/Pounding,,Residential Building/House,10003,236 EAST   14 STREET,EAST   14 STREET,3 AVENUE,2 AVENUE,3 AVENUE,2 AVENUE,ADDRESS,NEW YORK,EAST   14 STREET,,Closed,,The Police Department responded to the complaint and with the information available observed no evidence of the violation at that time.,06/21/2023 04:22:39 PM,03 MANHATTAN,02,Precinct 9,1004690025,MANHATTAN,988054,206293,ONLINE,Unspecified,MANHATTAN,,,,,,,,40.73290247869297,-73.9862742824326,POINT (-73.986274282433 40.732902478693)
57966642,06/21/2023 09:28:33 PM,06/21/2023 10:01:31 PM,NYPD,New York City Police Department,Noise - Residential,Loud Music/Party,,Residential Building/House,11368,100-11 41 AVENUE,41 AVENUE,100 STREET,102 STREET,100 STREET,102 STREET,ADDRESS,CORONA,41 AVENUE,,Closed,,The Police Department responded to the complaint and took action to fix the condition.,06/21/2023 10:01:36 PM,04 QUEENS,21,Precinct 110,4016100061,QUEENS,1021779,211895,ONLINE,Unspecified,QUEENS,,,,,,,,40.748199757483604,-73.8645554838699,POINT (-73.86455548387 40.748199757484)
57963276,06/21/2023 06:03:09 AM,04/23/2024 09:22:42 AM,DPR,Department of Parks and Recreation,New Tree Request,For One Address,Street Tree,Street,11238,538 WASHINGTON AVENUE,WASHINGTON AVENUE,FULTON STREET,ATLANTIC AVENUE,FULTON STREET,ATLANTIC AVENUE,ADDRESS,BROOKLYN,WASHINGTON AVENUE,,Closed,,"The location was inspected and is suitable for tree planting. Barring any unforeseen issues such as underground utilities and based on available funding, the requested tree will be placed on an upcoming contract. Please note that this process can take up to two years, depending on capacity and the location.   To find out where and when trees will be planted, please visit the Tree Work Hub at nyc.gov/parks/treework.  To learn more about the trees in your neighborhood, visit the NYC Street Tree Map at nyc.gov/parks/treemap.",04/23/2024 09:22:46 AM,02 BROOKLYN,35,Precinct 88,3020127502,BROOKLYN,994038,187982,UNKNOWN,Unspecified,BROOKLYN,,,,,,,,40.68263852086289,-73.9647092370996,POINT (-73.9647092371 40.682638520863)
57956544,06/20/2023 06:37:17 PM,06/21/2023 03:58:10 AM,NYPD,New York City Police Department,Illegal Parking,Double Parked Blocking Traffic,,Street/Sidewalk,11379,64-27 65 LANE,65 LANE,METROPOLITAN AVENUE,ADMIRAL AVENUE,METROPOLITAN AVENUE,ADMIRAL AVENUE,ADDRESS,MIDDLE VILLAGE,65 LANE,,Closed,,The Police Department responded and upon arrival those responsible for the condition were gone.,06/21/2023 03:58:15 AM,05 QUEENS,30,Precinct 104,4036040023,QUEENS,1013626,198648,MOBILE,Unspecified,QUEENS,,,,,,,,40.711870853029346,-73.89403797226313,POINT (-73.894037972263 40.711870853029)
57961485,06/21/2023 03:10:00 PM,06/21/2023 03:59:50 PM,NYPD,New York City Police Department,Blocked Driveway,No Access,,Street/Sidewalk,11416,86-01 97 AVENUE,97 AVENUE,86 STREET,87 STREET,86 STREET,87 STREET,ADDRESS,OZONE PARK,97 AVENUE,,Closed,,The Police Department issued a summons in response to the complaint.,06/21/2023 03:59:56 PM,09 QUEENS,32,Precinct 102,4090220031,QUEENS,1024640,188442,PHONE,Unspecified,QUEENS,,,,,,,,40.683814375000125,-73.85437069208447,POINT (-73.854370692084 40.683814375)
57959325,06/20/2023 07:56:31 PM,07/27/2023 12:18:26 PM,EDC,Economic Development Corporation,Noise - Helicopter,Other,Flying Too Low,Above Address,11414,88-12 151 AVENUE,151 AVENUE,88 STREET,89 STREET,88 STREET,89 STREET,ADDRESS,HOWARD BEACH,151 AVENUE,,Closed,,"The New York City Economic Development Corporation determined that this issue is not within its jurisdiction because the helicopter did not belong to a tour company departing from a NYC heliport.Â  Instead, it was most likely a law enforcement or news gathering helicopter not subject to the routing protocols established for tour helicopters. It may also have been a helicopter that departed as a charter or tour from another City but flew over NYC airspace. Helicopter tours originating from outside NYC are not subject to the same City regulations as tours departing from heliports managed by NYCEDC. Any City regulation of these flights is pre-empted by federal law and subject only to the jurisdiction of the Federal Aviation Administration. To file a complaint with the FAA, you can contact the New York Flight Standards District Office at the following web address:Â https://www.faa.gov/about/office_org/field_offices/fsdo/",07/27/2023 12:18:29 PM,10 QUEENS,32,Precinct 106,4114340007,QUEENS,1026729,182858,ONLINE,Unspecified,QUEENS,,,,,,,,40.6684777987759,-73.84687384879807,POINT (-73.846873848798 40.668477798776)
57955212,06/20/2023 11:40:57 PM,07/27/2023 12:14:25 PM,EDC,Economic Development Corporation,Noise - Helicopter,Other,Flying Too Low,Above Address,10023,173 WEST   72 STREET,WEST   72 STREET,COLUMBUS AVENUE,AMSTERDAM AVENUE,COLUMBUS AVENUE,AMSTERDAM AVENUE,ADDRESS,NEW YORK,WEST   72 STREET,,Closed,,"The New York City Economic Development Corporation determined that this issue is not within its jurisdiction because the helicopter did not belong to a tour company departing from a NYC heliport.Â  Instead, it was most likely a law enforcement or news gathering helicopter not subject to the routing protocols established for tour helicopters. It may also have been a helicopter that departed as a charter or tour from another City but flew over NYC airspace. Helicopter tours originating from outside NYC are not subject to the same City regulations as tours departing from heliports managed by NYCEDC. Any City regulation of these flights is pre-empted by federal law and subject only to the jurisdiction of the Federal Aviation Administration. To file a complaint with the FAA, you can contact the New York Flight Standards District Office at the following web address:Â https://www.faa.gov/about/office_org/field_offices/fsdo/",07/27/2023 12:14:29 PM,07 MANHATTAN,06,Precinct 20,1011440001,MANHATTAN,989553,222830,ONLINE,Unspecified,MANHATTAN,,,,,,,,40.778291560430254,-73.98085249874963,POINT (-73.98085249875 40.77829156043)
57967767,06/21/2023 07:17:06 AM,07/28/2023 12:00:00 AM,DOB,Department of Buildings,General Construction/Plumbing,Debris - Excessive,,,11213,355 ALBANY AVENUE,ALBANY AVENUE,,,,,ADDRESS,BROOKLYN,,,Closed,,The Department of Buildings investigated this complaint and determined that no further action was necessary.,07/28/2023 12:00:00 AM,09 BROOKLYN,35,Precinct 71,3014000001,BROOKLYN,1001017,182540,UNKNOWN,Unspecified,BROOKLYN,,,,,,,,40.667690991205475,-73.93955990519811,POINT (-73.939559905198 40.667690991205)
57953250,06/20/2023 07:08:31 PM,06/20/2023 07:28:49 PM,NYPD,New York City Police Department,Noise - Residential,Loud Music/Party,,Residential Building/House,10035,319 EAST  117 STREET,EAST  117 STREET,2 AVENUE,1 AVENUE,2 AVENUE,1 AVENUE,ADDRESS,NEW YORK,EAST  117 STREET,,Closed,,The Police Department responded to the complaint and with the information available observed no evidence of the violation at that time.,06/20/2023 07:28:53 PM,11 MANHATTAN,08,Precinct 25,1016890005,MANHATTAN,1001869,229762,ONLINE,Unspecified,MANHATTAN,,,,,,,,40.797302069392515,-73.93636504006349,POINT (-73.936365040063 40.797302069393)
57952818,06/20/2023 08:21:03 AM,06/20/2023 10:30:58 AM,NYPD,New York City Police Department,Blocked Driveway,No Access,,Street/Sidewalk,11421,91-08 77 STREET,77 STREET,91 AVENUE,ROCKAWAY BOULEVARD,91 AVENUE,ROCKAWAY BOULEVARD,ADDRESS,WOODHAVEN,77 STREET,,Closed,,The Police Department responded to the complaint and took action to fix the condition.,06/20/2023 10:31:03 AM,09 QUEENS,32,Precinct 102,4089500033,QUEENS,1022113,189283,MOBILE,Unspecified,QUEENS,,,,,,,,40.68613389540092,-73.86347724731841,POINT (-73.863477247318 40.686133895401)
57953592,06/20/2023 08:45:58 AM,07/02/2023 01:40:33 PM,HPD,Department of Housing Preservation and Development,UNSANITARY CONDITION,PESTS,ROACHES,RESIDENTIAL BUILDING,10029,234 EAST  116 STREET,EAST  116 STREET,,,,,ADDRESS,NEW YORK,,,Closed,,The Department of Housing Preservation and Development inspected the following conditions. No violations were issued. The complaint has been closed.,07/02/2023 12:00:00 AM,11 MANHATTAN,08,Precinct 25,1016650034,MANHATTAN,1001218,229793,ONLINE,Unspecified,MANHATTAN,,,,,,,,40.79738842999527,-73.93871619308209,POINT (-73.938716193082 40.797388429995)
57958272,06/20/2023 11:15:13 AM,06/20/2023 05:54:16 PM,NYPD,New York City Police Department,Blocked Driveway,No Access,,Street/Sidewalk,11377,32-41 55 STREET,55 STREET,32 AVENUE,AMTRAK-NY/CONN RAIL LINE,32 AVENUE,AMTRAK-NY/CONN RAIL LINE,ADDRESS,WOODSIDE,55 STREET,,Closed,,The Police Department responded and upon arrival those responsible for the condition were gone.,06/20/2023 05:54:21 PM,01 QUEENS,25,Precinct 114,4011570062,QUEENS,1010291,214208,PHONE,Unspecified,QUEENS,,,,,,,,40.7545896466106,-73.90600740074,POINT (-73.90600740074 40.754589646611)
57959946,06/21/2023 01:32:07 AM,06/21/2023 01:50:09 AM,NYPD,New York City Police Department,Noise - Street/Sidewalk,Loud Music/Party,,Street/Sidewalk,11224,2961 WEST   30 STREET,WEST   30 STREET,MERMAID AVENUE,SURF AVENUE,MERMAID AVENUE,SURF AVENUE,ADDRESS,BROOKLYN,WEST   30 STREET,,Closed,,The Police Department responded to the complaint and with the information available observed no evidence of the violation at that time.,06/21/2023 01:50:14 AM,13 BROOKLYN,47,Precinct 60,3070510033,BROOKLYN,985329,148281,MOBILE,Unspecified,BROOKLYN,,,,,,,,40.57367299637156,-73.99611599792371,POINT (-73.996115997924 40.573672996372)
57960432,06/21/2023 11:55:47 AM,01/11/2025 01:10:50 AM,DOHMH,Department of Health and Mental Hygiene,Mobile Food Vendor,Food Source/Protection,Food Not Protected,Mobile Food Vendor,10025,601 WEST  115 STREET,WEST  115 STREET,BROADWAY,RIVERSIDE DRIVE,BROADWAY,RIVERSIDE DRIVE,ADDRESS,NEW YORK,WEST  115 STREET,,Closed,,"The NYC Health Department has responded to your service request. For inspection results, please call (212) 676-1600 or email infobfscs@health.nyc.gov to request an inspection report. This service request has been closed.",01/11/2025 01:10:53 AM,09 MANHATTAN,07,Precinct 26,1018960065,MANHATTAN,994058,233445,ONLINE,Unspecified,MANHATTAN,,,,,,,,40.80742301620198,-73.96457082955617,POINT (-73.964570829556 40.807423016202)
57956310,06/20/2023 08:42:34 PM,06/23/2023 08:35:37 PM,HPD,Department of Housing Preservation and Development,WATER LEAK,SLOW LEAK,AT WALL OR CEILING,RESIDENTIAL BUILDING,10030,2415 ADAM C POWELL BOULEVARD,ADAM C POWELL BOULEVARD,,,,,ADDRESS,NEW YORK,,,Closed,,The Department of Housing Preservation and Development inspected the following conditions. No violations were issued. The complaint has been closed.,06/23/2023 12:00:00 AM,10 MANHATTAN,09,Precinct 32,1020100001,MANHATTAN,1000615,237721,ONLINE,Unspecified,MANHATTAN,,,,,,,,40.81914972868318,-73.94087473775078,POINT (-73.940874737751 40.819149728683)
57956346,06/20/2023 03:49:51 PM,07/21/2023 06:49:38 AM,HPD,Department of Housing Preservation and Development,WATER LEAK,DAMP SPOT,FROM WALL OR CEILING,RESIDENTIAL BUILDING,10455,600 BERGEN AVENUE,BERGEN AVENUE,,,,,ADDRESS,BRONX,,,Closed,,The Department of Housing Preservation and Development inspected the following conditions. Violations were issued. Information about specific violations is available at www.nyc.gov/hpd,07/21/2023 12:00:00 AM,01 BRONX,17,Precinct 40,2023617501,BRONX,1007695,236852,PHONE,Unspecified,BRONX,,,,,,,,40.81674861534728,-73.9152983886053,POINT (-73.915298388605 40.816748615347)
57957471,06/20/2023 06:53:00 AM,06/20/2023 02:30:00 PM,DEP,Department of Environmental Protection,Water System,Hydrant Running (WC3),WC3,,10451,,,,,EAST 162 STREET,TELLER AVENUE,INTERSECTION,BRONX,,,Closed,,The Department of Environmental Protection investigated this complaint and shut the running hydrant.,06/20/2023 02:30:00 PM,04 BRONX,17,Precinct 44,,BRONX,1007600,240213,ONLINE,Unspecified,BRONX,,,,,,,,40.825973858032214,-73.91562990722056,POINT (-73.915629907221 40.825973858032)
57955833,06/20/2023 01:31:06 PM,06/22/2023 12:07:10 PM,DCWP,Department of Consumer and Worker Protection,Consumer Complaint,Other Store (Non-Food),Goods or Services Not Delivered,Business,10467,711 EAST GUNHILL ROAD,EAST GUNHILL ROAD,WHITE PLAINS ROAD,HOLLAND AVENUE,WHITE PLAINS ROAD,HOLLAND AVENUE,ADDRESS,BRONX,EAST GUN HILL ROAD,,Closed,,"The Department of Consumer and Worker Protection (DCWP) closed your NYC311 Service Request.   DCWP couldn't take action on your complaint because it didn't include important details, such as your contact information or the business's name or location.  If you would like to pursue this complaint, you can file a new NYC311 Service Request. Please provide more information about the complaint so DCWP can help you.",06/22/2023 12:07:17 PM,12 BRONX,12,Precinct 47,2046570008,BRONX,1021318,258909,PHONE,Unspecified,BRONX,,,,,,,,40.87724185288551,-73.8659596222006,POINT (-73.865959622201 40.877241852886)
57963501,06/21/2023 09:55:00 PM,06/22/2023 12:49:15 AM,NYPD,New York City Police Department,Illegal Parking,Blocked Sidewalk,,Street/Sidewalk,11355,136-10 BOOTH MEMORIAL AVENUE,BOOTH MEMORIAL AVENUE,136 STREET,137 STREET,136 STREET,137 STREET,ADDRESS,FLUSHING,BOOTH MEMORIAL AVENUE,,Closed,,The Police Department responded and upon arrival those responsible for the condition were gone.,06/22/2023 12:49:20 AM,07 QUEENS,20,Precinct 109,4063710008,QUEENS,1031690,211560,MOBILE,Unspecified,QUEENS,,,,,,,,40.747232652315574,-73.82878850758352,POINT (-73.828788507584 40.747232652316)
57970161,06/21/2023 03:51:48 AM,06/22/2023 02:49:50 PM,DSNY,Department of Sanitation,Missed Collection,Trash,N/A,Street,11220,810 67 STREET,67 STREET,8 AVENUE,9 AVENUE,8 AVENUE,9 AVENUE,ADDRESS,BROOKLYN,67 STREET,,Closed,,The Department of Sanitation collected the requested items.,06/22/2023 05:37:52 AM,10 BROOKLYN,38,Precinct 68,,BROOKLYN,980574,169234,ONLINE,Unspecified,BROOKLYN,,,,,,,,40.63118402257967,-74.01324364729935,POINT (-74.013243647299 40.63118402258)
57962736,06/21/2023 09:09:00 AM,06/21/2023 06:43:00 PM,DSNY,Department of Sanitation,Derelict Vehicles,Derelict Vehicles,,Street,10016,461 1 AVENUE,1 AVENUE,EAST 26 STREET,EAST 27 STREET,,,ADDRESS,NEW YORK,,DSNY Garage,Closed,,The Department of Sanitation (DSNY) couldn't find the condition. Please file a new Service Request with more details about the location.,06/21/2023 12:00:00 PM,06 MANHATTAN,02,Precinct 13,1009320017,MANHATTAN,990686,208633,PHONE,Unspecified,MANHATTAN,,,,,,,,40.739323677070736,-73.97677517548046,POINT (-73.97677517548 40.739323677071)
57964248,06/21/2023 08:56:12 AM,06/23/2023 04:25:50 PM,HPD,Department of Housing Preservation and Development,HEAT/HOT WATER,ENTIRE BUILDING,NO HOT WATER,RESIDENTIAL BUILDING,11214,1642 80 STREET,80 STREET,,,,,ADDRESS,BROOKLYN,,,Closed,,"The Department of Housing Preservation and Development was not able to gain access to your apartment or others in the building to inspect for a lack of heat or hot water. The complaint has been closed. If the condition still exists, please file a new complaint.",06/23/2023 12:00:00 AM,11 BROOKLYN,38,Precinct 62,3062830023,BROOKLYN,983506,162537,ONLINE,Unspecified,BROOKLYN,,,,,,,,40.61280288707366,-74.0026796954449,POINT (-74.002679695445 40.612802887074)
57954393,06/20/2023 10:23:00 AM,07/06/2023 11:15:00 AM,DEP,Department of Environmental Protection,Sewer,Catch Basin Clogged/Flooding (Use Comments) (SC),SC,,10460,1479 LONGFELLOW AVENUE,LONGFELLOW AVENUE,JENNINGS ST,E 172 ST,,,ADDRESS,BRONX,,,Closed,,"The Department of Environmental Protection inspected your complaint and cleaned the catch basin or inlet. If the condition returns, please call 311 (or 212-639-9675 if calling from a non-New York City area code) to submit a new complaint.",07/06/2023 11:15:00 AM,03 BRONX,17,Precinct 42,2030000134,BRONX,1015607,242464,PHONE,Unspecified,BRONX,,,,,,,,40.83212740740983,-73.88668787963029,POINT (-73.88668787963 40.83212740741)
57964293,06/21/2023 01:08:06 PM,06/25/2023 07:32:48 PM,HPD,Department of Housing Preservation and Development,PAINT/PLASTER,WALL,BULGING/HOLE/CRACKED,RESIDENTIAL BUILDING,10463,16 MARBLE HILL AVENUE,MARBLE HILL AVENUE,,,,,ADDRESS,NEW YORK,,,Closed,,The Department of Housing Preservation and Development inspected the following conditions. No violations were issued. The complaint has been closed.,06/25/2023 12:00:00 AM,08 BRONX,10,Precinct 50,1022150535,MANHATTAN,1008988,258101,PHONE,Unspecified,MANHATTAN,,,,,,,,40.87506731554061,-73.91054867529,POINT (-73.91054867529 40.875067315541)
57959658,06/20/2023 07:18:09 AM,06/20/2023 09:11:10 AM,NYPD,New York City Police Department,Illegal Parking,Posted Parking Sign Violation,,Street/Sidewalk,10456,757 CAULDWELL AVENUE,CAULDWELL AVENUE,EAST  156 STREET,EAST  158 STREET,EAST  156 STREET,EAST  158 STREET,ADDRESS,BRONX,CAULDWELL AVENUE,,Closed,,The Police Department issued a summons in response to the complaint.,06/20/2023 09:11:15 AM,01 BRONX,17,Precinct 40,2026250001,BRONX,1009561,237768,MOBILE,Unspecified,BRONX,,,,,,,,40.81925762713014,-73.90855349236737,POINT (-73.908553492367 40.81925762713)
57958011,06/20/2023 03:59:41 PM,06/23/2023 09:44:08 AM,DOT,Department of Transportation,Street Condition,Cave-in,N/A,Street,11218,AVENUE C,AVENUE C,AVENUE C,EAST    2 STREET,AVENUE C,EAST    2 STREET,INTERSECTION,,,,Closed,,The Department of Transportation inspected the condition you reported and found that the condition meets its standards and/or there is a valid permit to conduct work.,06/23/2023 09:44:12 AM,12 BROOKLYN,39,Precinct 66,,BROOKLYN,990412,172612,ONLINE,Unspecified,BROOKLYN,,,,,,,,40.64045453300063,-73.97779687351543,POINT (-73.977796873515 40.640454533001)
57968766,06/21/2023 07:26:05 AM,06/21/2023 12:58:43 PM,NYPD,New York City Police Department,Illegal Parking,Posted Parking Sign Violation,,Street/Sidewalk,11040,80-01 LANGDALE STREET,LANGDALE STREET,80 AVENUE,81 AVENUE,80 AVENUE,81 AVENUE,ADDRESS,NEW HYDE PARK,LANGDALE STREET,,Closed,,The Police Department issued a summons in response to the complaint.,06/21/2023 12:58:48 PM,13 QUEENS,23,Precinct 105,4087270101,QUEENS,1066973,211435,ONLINE,Unspecified,QUEENS,,,,,,,,40.746629890318815,-73.70145407789016,POINT (-73.70145407789 40.746629890319)
57967821,06/21/2023 12:23:00 PM,06/27/2023 01:45:00 PM,DEP,Department of Environmental Protection,Noise,Noise: Construction Equipment (NC1),NC1,,10001,336 8 AVENUE,8 AVENUE,W 26 ST,W 27 ST,,,ADDRESS,NEW YORK,,N/A,Closed,,The Department of Environmental Protection (DEP) observed a violation of the NYC Air or Noise Code during the inspection. DEP issued a summons.,06/27/2023 01:45:00 PM,05 MANHATTAN,03,Precinct 10,1007760069,MANHATTAN,985152,211675,PHONE,Unspecified,MANHATTAN,,,,,,,,40.747675503042345,-73.9967446523092,POINT (-73.996744652309 40.747675503042)
57968595,06/22/2023 01:11:27 AM,06/22/2023 01:31:58 PM,NYPD,New York City Police Department,Illegal Parking,Double Parked Blocking Traffic,,Street/Sidewalk,10475,2233 BOLLER AVENUE,BOLLER AVENUE,ERSKINE PLACE,STILLWELL AVENUE,ERSKINE PLACE,STILLWELL AVENUE,ADDRESS,BRONX,BOLLER AVENUE,,Closed,,The Police Department responded to the complaint and with the information available observed no evidence of the violation at that time.,06/22/2023 01:32:04 PM,10 BRONX,12,Precinct 45,2051340014,BRONX,1032720,252861,ONLINE,Unspecified,BRONX,,,,,,,,40.86058671886641,-73.82477306941885,POINT (-73.824773069419 40.860586718866)
57955581,06/20/2023 10:37:24 PM,06/20/2023 10:50:12 PM,NYPD,New York City Police Department,Blocked Driveway,No Access,,Street/Sidewalk,11221,126 GROVE STREET,GROVE STREET,EVERGREEN AVENUE,CENTRAL AVENUE,EVERGREEN AVENUE,CENTRAL AVENUE,ADDRESS,BROOKLYN,GROVE STREET,,Closed,,The Police Department issued a summons in response to the complaint.,06/20/2023 10:50:16 PM,04 BROOKLYN,37,Precinct 83,3033230022,BROOKLYN,1006378,192042,PHONE,Unspecified,BROOKLYN,,,,,,,,40.693760036904706,-73.92020388760476,POINT (-73.920203887605 40.693760036905)
57968469,06/21/2023 06:54:15 PM,07/23/2024 10:50:39 AM,DPR,Department of Parks and Recreation,Overgrown Tree/Branches,Blocking Street,N/A,Street,11229,4403 BEDFORD AVENUE,BEDFORD AVENUE,AVENUE W,AVENUE X,AVENUE W,AVENUE X,ADDRESS,BROOKLYN,BEDFORD AVENUE,,Closed,,NYC Parks visited the site and inspected the condition. No work is necessary at this time.,07/23/2024 10:50:43 AM,15 BROOKLYN,48,Precinct 61,3074050558,BROOKLYN,999368,155814,ONLINE,Unspecified,BROOKLYN,,,,,,,,40.594336758616514,-73.94556393145601,POINT (-73.945563931456 40.594336758617)
57955554,06/20/2023 05:30:28 PM,07/26/2023 12:00:00 AM,DOB,Department of Buildings,General Construction/Plumbing,Debris - Excessive,,,11220,5014 7 AVENUE,7 AVENUE,,,,,ADDRESS,BROOKLYN,,,Closed,,The Department of Buildings investigated this complaint and determined that no further action was necessary.,07/26/2023 12:00:00 AM,07 BROOKLYN,43,Precinct 72,3007930035,BROOKLYN,982566,173287,UNKNOWN,Unspecified,BROOKLYN,,,,,,,,40.64230924664609,-74.00606801426882,POINT (-74.006068014269 40.642309246646)
57963150,06/21/2023 05:42:37 PM,06/21/2023 06:24:57 PM,NYPD,New York City Police Department,Illegal Parking,Blocked Sidewalk,,Street/Sidewalk,11224,1920 NEPTUNE AVENUE,NEPTUNE AVENUE,WEST   19 STREET,WEST   20 STREET,WEST   19 STREET,WEST   20 STREET,ADDRESS,BROOKLYN,NEPTUNE AVENUE,,Closed,,The Police Department responded to the complaint and determined that police action was not necessary.,06/21/2023 06:25:02 PM,13 BROOKLYN,47,Precinct 60,3070190002,BROOKLYN,987977,150142,ONLINE,Unspecified,BROOKLYN,,,,,,,,40.57878035797012,-73.98658314853327,POINT (-73.986583148533 40.57878035797)
57963519,06/21/2023 02:04:18 PM,06/21/2023 02:43:35 PM,NYPD,New York City Police Department,Illegal Parking,Blocked Sidewalk,,Street/Sidewalk,11104,41-20 39 STREET,39 STREET,SKILLMAN AVENUE,43 AVENUE,SKILLMAN AVENUE,43 AVENUE,ADDRESS,SUNNYSIDE,39 STREET,,Closed,,The Police Department responded to the complaint and took action to fix the condition.,06/21/2023 02:43:41 PM,02 QUEENS,26,Precinct 108,4002150016,QUEENS,1004884,211497,MOBILE,Unspecified,QUEENS,,,,,,,,40.747162910421295,-73.92553177882772,POINT (-73.925531778828 40.747162910421)
57958551,06/20/2023 09:22:11 AM,06/20/2023 03:41:17 PM,NYPD,New York City Police Department,Illegal Parking,Posted Parking Sign Violation,,Street/Sidewalk,11235,3716 SHORE PARKWAY,SHORE PARKWAY,NOSTRAND AVENUE,HARING STREET,NOSTRAND AVENUE,HARING STREET,ADDRESS,BROOKLYN,SHORE PARKWAY,,Closed,,The Police Department responded to the complaint and took action to fix the condition.,06/20/2023 03:41:21 PM,15 BROOKLYN,48,Precinct 61,3087960046,BROOKLYN,1001401,152612,ONLINE,Unspecified,BROOKLYN,,,,,,,,40.58554421020153,-73.93825174572649,POINT (-73.938251745726 40.585544210202)
57961044,06/21/2023 03:14:37 AM,08/14/2023 12:00:00 AM,DOB,Department of Buildings,Building/Use,Illegal Conversion Of Residential Building/Space,,,10452,957 WOODYCREST AVENUE,WOODYCREST AVENUE,,,,,ADDRESS,BRONX,,,Closed,,"The Department of Buildings attempted to investigate this complaint twice but could not gain access to the location. If the problem still exists, please call 311 and file a new complaint with additional access information. If you are outside of New York City, please call (212) NEW-YORK (212-639-9675).",08/14/2023 12:00:00 AM,04 BRONX,16,Precinct 44,2025110068,BRONX,1003936,242233,UNKNOWN,Unspecified,BRONX,,,,,,,,40.8315271048226,-73.92886303221528,POINT (-73.928863032215 40.831527104823)
57958218,06/20/2023 11:46:45 AM,06/22/2023 07:05:23 AM,DSNY,Department of Sanitation,Street Sweeping Complaint,Street Not Swept,N/A,Street,11228,9216 7 AVENUE,7 AVENUE,POLY PREP DRIVE,POLY PLACE,POLY PREP DRIVE,POLY PLACE,ADDRESS,BROOKLYN,7 AVENUE,,Closed,,"The Department of Sanitation has investigated the complaint and addressed the issue. If the problem persists, call 311 to enter a new complaint. If you are outside of New York City, please call (212) NEW-YORK (212-639-9675).",06/22/2023 07:05:23 AM,10 BROOKLYN,50,Precinct 68,3061430001,BROOKLYN,977661,162361,UNKNOWN,Unspecified,BROOKLYN,,,,,,,,40.61231738473668,-74.0237317003867,POINT (-74.023731700387 40.612317384737)
57962079,06/21/2023 05:56:46 PM,06/04/2024 12:53:15 AM,DOHMH,Department of Health and Mental Hygiene,Food Establishment,Rodents/Insects/Garbage,Rodent Infestation,Other (Explain Below),11106,35-40 21 STREET,21 STREET,35 AVENUE,36 AVENUE,35 AVENUE,36 AVENUE,ADDRESS,ASTORIA,21 STREET,,Closed,,This SR was administratively closed. The issue you reported was addressed.,06/04/2024 12:53:19 AM,01 QUEENS,26,Precinct 114,4003320002,QUEENS,1002002,216466,PHONE,Unspecified,QUEENS,,,,,,,,40.760807805257144,-73.93591981023054,POINT (-73.935919810231 40.760807805257)
57954276,06/20/2023 04:30:00 AM,06/20/2023 05:00:00 AM,DOT,Department of Transportation,Traffic Signal Condition,Controller,Operating Improperly,,11211,,,,,DRIGGS AVENUE,BROADWAY,INTERSECTION,BROOKLYN,,N/A,Closed,,"Service Request status for this request is available on the Department of Transportation's website. Please click the ""Learn More"" link below.",06/20/2023 05:00:00 AM,01 BROOKLYN,34,Precinct 90,,BROOKLYN,994704,197922,UNKNOWN,Unspecified,BROOKLYN,,,,,,,,40.70992074683141,-73.96229253830022,POINT (-73.9622925383 40.709920746831)
57958821,06/20/2023 11:22:27 PM,06/21/2023 12:06:03 AM,NYPD,New York City Police Department,Non-Emergency Police Matter,Other (complaint details),,Residential Building/House,11236,11 PAERDEGAT    7 STREET,PAERDEGAT    7 STREET,PAERDEGAT AVENUE NORTH,AVENUE L,PAERDEGAT AVENUE NORTH,AVENUE L,ADDRESS,BROOKLYN,PAERDEGAT    7 STREET,,Closed,,The Police Department responded to the complaint and took action to fix the condition.,06/21/2023 12:06:06 AM,18 BROOKLYN,46,Precinct 69,3080560056,BROOKLYN,1009799,168838,ONLINE,Unspecified,BROOKLYN,,,,,,,,40.63006100543079,-73.90795530137589,POINT (-73.907955301376 40.630061005431)
57963474,06/21/2023 11:20:31 PM,06/22/2023 12:22:37 AM,NYPD,New York City Police Department,Illegal Parking,Blocked Hydrant,,Street/Sidewalk,11358,43-26 166 STREET,166 STREET,43 AVENUE,45 AVENUE,43 AVENUE,45 AVENUE,ADDRESS,FLUSHING,166 STREET,,Closed,,The Police Department issued a summons in response to the complaint.,06/22/2023 12:22:42 AM,07 QUEENS,20,Precinct 109,4054230055,QUEENS,1039509,215523,MOBILE,Unspecified,QUEENS,,,,,,,,40.758064651744895,-73.80053717205264,POINT (-73.800537172053 40.758064651745)
57953061,06/20/2023 07:12:06 AM,06/20/2023 03:38:11 PM,NYPD,New York City Police Department,Illegal Parking,Commercial Overnight Parking,,Street/Sidewalk,11229,116 EATON COURT,EATON COURT,CYRUS AVENUE,BARTLETT PLACE,CYRUS AVENUE,BARTLETT PLACE,ADDRESS,BROOKLYN,EATON COURT,,Closed,,The Police Department responded to the complaint and determined that police action was not necessary.,06/20/2023 03:38:16 PM,15 BROOKLYN,46,Precinct 61,3089140454,BROOKLYN,1005181,154204,PHONE,Unspecified,BROOKLYN,,,,,,,,40.5899058115126,-73.92463779498208,POINT (-73.924637794982 40.589905811513)
57955284,06/20/2023 04:45:39 PM,09/20/2023 05:55:42 PM,DOT,Department of Transportation,Sidewalk Condition,Broken Sidewalk,1-3 Residential Units,Sidewalk,11236,1397 EAST   98 STREET,EAST   98 STREET,AVENUE L,AVENUE M,AVENUE L,AVENUE M,ADDRESS,BROOKLYN,EAST   98 STREET,,Closed,,"The Department of Transportation will inspect the condition to determine if the location can be added to a curb contract (3-5 years). The property owner will be notified if there are sidewalk defects. Property owners are responsible for repairing and installing sidewalks adjoining their property, according to Section 19-152 of the NYC Administrative Code. Community Boards and elected officials may contribute funding for curb, affecting timeframe for construction.",09/20/2023 05:55:48 PM,18 BROOKLYN,46,Precinct 69,3082630031,BROOKLYN,1013781,171983,PHONE,Unspecified,BROOKLYN,,,,,,,,40.63868097654667,-73.8935957066592,POINT (-73.893595706659 40.638680976547)
57967191,06/21/2023 11:02:17 AM,06/22/2023 08:09:02 AM,DOT,Department of Transportation,Street Condition,Plate Condition - Noisy,N/A,Street,10019,344 WEST   55 STREET,WEST   55 STREET,8 AVENUE,9 AVENUE,8 AVENUE,9 AVENUE,ADDRESS,NEW YORK,WEST   55 STREET,,Closed,,"The Department of Transportation inspected the location for the condition you reported and could not find the problem. It you would like to pursue the complaint, please call 311 or (212) 639-9675 with additional information.",06/22/2023 08:09:09 AM,04 MANHATTAN,03,Precinct 18,1010450051,MANHATTAN,988270,218393,ONLINE,Unspecified,MANHATTAN,,,,,,,,40.76611383150741,-73.98548767102544,POINT (-73.985487671025 40.766113831507)
57968793,06/21/2023 01:18:00 PM,07/26/2023 12:00:00 AM,DOB,Department of Buildings,Elevator,Elevator - Single Device On Property/No Alternate Service,,,10457,2265 BATHGATE AVENUE,BATHGATE AVENUE,,,,,ADDRESS,BRONX,,,Closed,,The Department of Buildings investigated this complaint and determined that no further action was necessary.,07/26/2023 12:00:00 AM,06 BRONX,15,Precinct 48,2030500076,BRONX,1014060,250487,UNKNOWN,Unspecified,BRONX,,,,,,,,40.854153534964745,-73.892242471533,POINT (-73.892242471533 40.854153534965)
57968226,06/21/2023 10:10:23 AM,06/28/2023 04:18:18 PM,HPD,Department of Housing Preservation and Development,FLOORING/STAIRS,FLOOR,TILE BROKEN OR MISSING,RESIDENTIAL BUILDING,10453,150 WEST  179 STREET,WEST  179 STREET,,,,,ADDRESS,BRONX,,,Closed,,The Department of Housing Preservation and Development inspected the following conditions. No violations were issued. The complaint has been closed.,06/28/2023 12:00:00 AM,05 BRONX,14,Precinct 46,2032210026,BRONX,1008161,250940,PHONE,Unspecified,BRONX,,,,,,,,40.855414830918306,-73.91356461276855,POINT (-73.913564612769 40.855414830918)
57967317,06/21/2023 05:50:53 AM,07/13/2023 09:48:19 AM,DPR,Department of Parks and Recreation,Root/Sewer/Sidewalk Condition,Trees and Sidewalks Program,Free Repair,Street,11211,UNION AVENUE,UNION AVENUE,HEWES STREET,UNION AVENUE,HEWES STREET,UNION AVENUE,INTERSECTION,,,,Closed,,"The Service Request submitted did not have sufficient location or complaint information for NYC Parks to respond.  Please submit a new Service Request with adequate site details, including a full street address and descriptive location information.",07/13/2023 09:48:25 AM,01 BROOKLYN,34,Precinct 90,,BROOKLYN,997882,197640,UNKNOWN,Unspecified,BROOKLYN,,,,,,,,40.70914239819131,-73.95083010073871,POINT (-73.950830100739 40.709142398191)
57953673,06/20/2023 02:12:08 PM,,DPR,Department of Parks and Recreation,Overgrown Tree/Branches,Dead Branches in Tree,N/A,Street,11234,1851 EAST   31 STREET,EAST   31 STREET,AVENUE R,FILLMORE AVENUE,AVENUE R,FILLMORE AVENUE,ADDRESS,BROOKLYN,EAST   31 STREET,,In Progress,,"NYC Parks created a work order for the tree condition and expects to address the issue within 120 days from the date of the tree assessment, barring any weather-related requests.   NYC Parks work priority categories range from Category A through D, with A being the most critical and time-sensitive. We will complete all work in Category A first and address work in lower priority categories in accordance with available resources. For more information about the Tree Risk Management Program, visit the NYC Urban Forest page on the NYC Parks website at nyc.gov/parks/trees.",05/03/2024 11:44:44 AM,18 BROOKLYN,46,Precinct 63,3084750020,BROOKLYN,1001626,161397,PHONE,Unspecified,BROOKLYN,,,,,,,,40.60965681627251,-73.9374190891048,POINT (-73.937419089105 40.609656816273)
57955275,06/20/2023 06:18:48 PM,06/23/2023 01:53:58 PM,DOT,Department of Transportation,Street Condition,Defective Hardware,N/A,Street,10307,65 NASHVILLE STREET,NASHVILLE STREET,DEAD END,CRAIG AVENUE,DEAD END,CRAIG AVENUE,ADDRESS,STATEN ISLAND,NASHVILLE STREET,,Closed,,"The Department of Transportation inspected the condition and issued a Corrective Action Repair (CAR) to the contractor or utility company. The responsible party has a maximum of 30 days to correct the condition. If the condition still exists, a summons will be issued. In some cases, the Department of Transportation will make the repairs and charge the responsible party for the costs.",06/23/2023 01:54:04 PM,03 STATEN ISLAND,51,Precinct 123,5080170008,STATEN ISLAND,917423,127084,PHONE,Unspecified,STATEN ISLAND,,,,,,,,40.515239667927844,-74.24034260152632,POINT (-74.240342601526 40.515239667928)
57965616,06/21/2023 04:04:43 PM,06/27/2023 08:39:52 PM,HPD,Department of Housing Preservation and Development,PAINT/PLASTER,WALL,BULGING/HOLE/CRACKED,RESIDENTIAL BUILDING,10457,1691 FULTON AVENUE,FULTON AVENUE,,,,,ADDRESS,BRONX,,,Closed,,"The Department of Housing Preservation and Development was not able to gain access to inspect the conditions. If the conditions still exist and an inspection is required, please contact the borough office with your complaint number at 718 579-6777 (BRONX).",06/27/2023 12:00:00 AM,03 BRONX,16,Precinct 42,2029290074,BRONX,1012348,245467,PHONE,Unspecified,BRONX,,,,,,,,40.84038073741601,-73.89845205929869,POINT (-73.898452059299 40.840380737416)
57961584,06/21/2023 02:00:34 PM,06/23/2023 03:34:36 PM,HPD,Department of Housing Preservation and Development,PLUMBING,BASIN/SINK,DRAIN PIPE BLOCKED OR BROKEN,RESIDENTIAL BUILDING,11225,132 CROWN STREET,CROWN STREET,,,,,ADDRESS,BROOKLYN,,,Closed,,"The Department of Housing Preservation and Development contacted an occupant of the apartment and verified that the following conditions were corrected. The complaint has been closed. If the condition still exists, please file a new complaint.",06/23/2023 12:00:00 AM,09 BROOKLYN,35,Precinct 71,3012950010,BROOKLYN,996344,182135,ONLINE,Unspecified,BROOKLYN,,,,,,,,40.666586973120474,-73.95640541658757,POINT (-73.956405416588 40.66658697312)
57968424,06/21/2023 11:27:42 AM,06/21/2023 12:01:43 PM,NYPD,New York City Police Department,Illegal Parking,Blocked Bike Lane,,Street/Sidewalk,10003,842 BROADWAY,BROADWAY,EAST   13 STREET,EAST   14 STREET,EAST   13 STREET,EAST   14 STREET,ADDRESS,NEW YORK,BROADWAY,,Closed,,The Police Department responded and upon arrival those responsible for the condition were gone.,06/21/2023 12:01:47 PM,02 MANHATTAN,02,Precinct 9,1005650021,MANHATTAN,986771,206732,ONLINE,Unspecified,MANHATTAN,,,,,,,,40.73410788445791,-73.99090348058029,POINT (-73.99090348058 40.734107884458)
57959406,06/20/2023 06:27:31 AM,06/20/2023 12:15:57 PM,DHS,Department of Homeless Services,Homeless Person Assistance,,,Residential Building/House,10016,729 2 AVENUE,2 AVENUE,EAST 39 STREET,EAST 40 STREET,EAST   39 STREET,EAST   40 STREET,ADDRESS,NEW YORK,2 AVENUE,,Closed,,"The mobile outreach response team offered services to the individual, but the individual did not accept assistance.",06/20/2023 12:15:57 PM,06 MANHATTAN,04,Precinct 17,1009200028,MANHATTAN,991590,211820,MOBILE,Unspecified,MANHATTAN,,,,,,,,40.748070491314714,-73.97350954093204,POINT (-73.973509540932 40.748070491315)
57961431,06/22/2023 12:25:07 AM,06/22/2023 12:40:28 AM,NYPD,New York City Police Department,Noise - Residential,Loud Talking,,Residential Building/House,11207,391 GEORGIA AVENUE,GEORGIA AVENUE,BLAKE AVENUE,DUMONT AVENUE,BLAKE AVENUE,DUMONT AVENUE,ADDRESS,BROOKLYN,GEORGIA AVENUE,,Closed,,The Police Department responded to the complaint and took action to fix the condition.,06/22/2023 12:40:33 AM,05 BROOKLYN,42,Precinct 75,3037870005,BROOKLYN,1012945,182315,ONLINE,Unspecified,BROOKLYN,,,,,,,,40.66704279197575,-73.8965639690122,POINT (-73.896563969012 40.667042791976)
57968649,06/21/2023 10:24:41 AM,06/26/2023 11:41:23 AM,DOT,Department of Transportation,Street Condition,Defective Hardware,N/A,Street,11231,370 PRESIDENT STREET,PRESIDENT STREET,HOYT STREET,BOND STREET,HOYT STREET,BOND STREET,ADDRESS,BROOKLYN,PRESIDENT STREET,,Closed,,"The Department of Transportation inspected the condition and issued a Corrective Action Repair (CAR) to the contractor or utility company. The responsible party has a maximum of 30 days to correct the condition. If the condition still exists, a summons will be issued. In some cases, the Department of Transportation will make the repairs and charge the responsible party for the costs.",06/26/2023 11:41:28 AM,06 BROOKLYN,39,Precinct 76,3004440018,BROOKLYN,986645,186960,ONLINE,Unspecified,BROOKLYN,,,,,,,,40.67983845086418,-73.99136515875071,POINT (-73.991365158751 40.679838450864)
55877031,11/03/2022 12:24:00 AM,11/03/2022 12:59:00 AM,NYPD,New York City Police Department,Encampment,N/A,,Subway,,,,,,,,,,,,Closed,,The Police Department visited the location and no Encampment was found.,11/03/2022 12:59:05 AM,Unspecified QUEENS,,Unspecified,,QUEENS,1035029,195293,MOBILE,Unspecified,QUEENS,,,,E,E platform,,Platform,40.70256524090623,-73.81686079306591,POINT (-73.816860793066 40.702565240906)
57956661,06/20/2023 03:52:22 PM,06/21/2023 02:12:41 AM,NYPD,New York City Police Department,Illegal Parking,Commercial Overnight Parking,,Street/Sidewalk,11379,81-10 CALDWELL AVENUE,CALDWELL AVENUE,81 STREET,82 STREET,81 STREET,82 STREET,ADDRESS,MIDDLE VILLAGE,CALDWELL AVENUE,,Closed,,The Police Department responded to the complaint and determined that police action was not necessary.,06/21/2023 02:12:45 AM,05 QUEENS,30,Precinct 104,4029190050,QUEENS,1017955,203701,ONLINE,Unspecified,QUEENS,,,,,,,,40.72572467751209,-73.87839757382606,POINT (-73.878397573826 40.725724677512)
57963636,06/21/2023 09:00:33 AM,06/23/2023 02:43:55 PM,DSNY,Department of Sanitation,Missed Collection,Trash,N/A,Street,11206,11 MARCUS GARVEY BOULEVARD,MARCUS GARVEY BOULEVARD,BROADWAY,ELLERY STREET,BROADWAY,ELLERY STREET,ADDRESS,BROOKLYN,MARCUS GARVEY BOULEVARD,,Closed,,The Department of Sanitation collected the requested items.,06/23/2023 11:08:39 AM,03 BROOKLYN,36,Precinct 81,3015780003,BROOKLYN,1000515,194136,ONLINE,Unspecified,BROOKLYN,,,,,,,,40.6995202961251,-73.94134147572403,POINT (-73.941341475724 40.699520296125)
57965409,06/21/2023 10:06:36 PM,06/21/2023 10:16:08 PM,NYPD,New York City Police Department,Noise - Residential,Banging/Pounding,,Residential Building/House,10468,2593 GRAND CONCOURSE,GRAND CONCOURSE,EAST  192 STREET,EAST  193 STREET,EAST  192 STREET,EAST  193 STREET,ADDRESS,BRONX,GRAND CONCOURSE,,Closed,,The Police Department responded to the complaint but officers were unable to gain entry into the premises.,06/21/2023 10:16:12 PM,07 BRONX,14,Precinct 52,2031680061,BRONX,1013142,254274,ONLINE,Unspecified,BRONX,,,,,,,,40.864550756838064,-73.89554454141326,POINT (-73.895544541413 40.864550756838)
57953709,06/20/2023 08:33:00 AM,06/21/2023 11:55:00 AM,DSNY,Department of Sanitation,Electronics Waste Appointment,Ewaste appointment,,Sidewalk,10305,41 HARBORVIEW PLACE,HARBORVIEW PLACE,BAY STREET,WADSWORTH ROAD,,,ADDRESS,STATEN ISLAND,,,Closed,,The Department of Sanitation collected the E-waste.,06/21/2023 11:55:00 AM,01 STATEN ISLAND,49,Precinct 120,5028350023,STATEN ISLAND,967270,161461,PHONE,Unspecified,STATEN ISLAND,,,,,,,,40.60983325076995,-74.06115484986813,POINT (-74.061154849868 40.60983325077)
57966111,06/21/2023 08:39:16 PM,06/22/2023 10:09:45 AM,NYPD,New York City Police Department,Illegal Parking,Blocked Hydrant,,Street/Sidewalk,11379,78 STREET,78 STREET,78 STREET,CALDWELL AVENUE,78 STREET,CALDWELL AVENUE,INTERSECTION,,,,Closed,,The Police Department responded and upon arrival those responsible for the condition were gone.,06/22/2023 10:09:49 AM,05 QUEENS,30,Precinct 104,,QUEENS,1017062,203522,PHONE,Unspecified,QUEENS,,,,,,,,40.72523672393795,-73.88162024845755,POINT (-73.881620248458 40.725236723938)
57955716,06/20/2023 09:56:20 AM,06/20/2023 10:19:30 AM,NYPD,New York City Police Department,Illegal Parking,Posted Parking Sign Violation,,Street/Sidewalk,10305,25 LEDYARD PLACE,LEDYARD PLACE,PARKINSON AVENUE,QUINTARD STREET,PARKINSON AVENUE,QUINTARD STREET,ADDRESS,STATEN ISLAND,LEDYARD PLACE,,Closed,,The Police Department responded to the complaint and determined that police action was not necessary.,06/20/2023 10:19:34 AM,02 STATEN ISLAND,50,Precinct 122,5032220016,STATEN ISLAND,961129,156327,ONLINE,Unspecified,STATEN ISLAND,,,,,,,,40.595727575699385,-74.08325457501881,POINT (-74.083254575019 40.595727575699)
57967578,06/21/2023 10:47:13 AM,12/13/2023 02:47:01 PM,DOT,Department of Transportation,Street Sign - Damaged,Stop,N/A,Street,11422,CANEY LANE,CANEY LANE,CANEY LANE,MEMPHIS AVENUE,CANEY LANE,MEMPHIS AVENUE,INTERSECTION,,,,Closed,,The Department of Transportation has completed the request or corrected the condition.,12/13/2023 02:47:05 PM,13 QUEENS,31,Precinct 105,,QUEENS,1058154,180087,PHONE,Unspecified,QUEENS,,,,,,,,40.66066550299172,-73.73362552250029,POINT (-73.7336255225 40.660665502992)
57965184,06/21/2023 12:23:00 AM,06/24/2023 12:34:00 AM,DEP,Department of Environmental Protection,Noise,Noise: Construction Before/After Hours (NM1),NM1,,10002,384 GRAND STREET,GRAND STREET,NORFOLK ST,SUFFOLK ST,,,ADDRESS,NEW YORK,,N/A,Closed,,The Department of Environmental Protection determined that this complaint is a duplicate of a previously filed complaint. The original complaint is being addressed.,06/24/2023 12:34:00 AM,03 MANHATTAN,01,Precinct 7,1003460095,MANHATTAN,987626,200241,ONLINE,Unspecified,MANHATTAN,,,,,,,,40.716291380754726,-73.98782164197995,POINT (-73.98782164198 40.716291380755)
57968559,06/21/2023 09:31:00 AM,06/22/2023 09:50:00 AM,DSNY,Department of Sanitation,Electronics Waste Appointment,Ewaste appointment,,Sidewalk,10309,96 VALDEMAR AVENUE,VALDEMAR AVENUE,QUEENSDALE STREET,FOSTER ROAD,,,ADDRESS,STATEN ISLAND,,,Closed,,The Department of Sanitation collected the E-waste.,06/22/2023 09:50:00 AM,03 STATEN ISLAND,51,Precinct 123,5068590014,STATEN ISLAND,928242,131962,PHONE,Unspecified,STATEN ISLAND,,,,,,,,40.528703726602075,-74.20147268263574,POINT (-74.201472682636 40.528703726602)
57959487,06/20/2023 11:58:08 PM,06/21/2023 01:07:53 AM,NYPD,New York City Police Department,Noise - Vehicle,Engine Idling,,Street/Sidewalk,10463,699 WEST  239 STREET,WEST  239 STREET,INDEPENDENCE AVENUE,HUDSON MANOR TERRACE,INDEPENDENCE AVENUE,HUDSON MANOR TERRACE,ADDRESS,BRONX,WEST  239 STREET,,Closed,,The Police Department responded and upon arrival those responsible for the condition were gone.,06/21/2023 01:07:58 AM,08 BRONX,11,Precinct 50,2059200687,BRONX,1007762,263509,MOBILE,Unspecified,BRONX,,,,,,,,40.88991393322937,-73.91496284129799,POINT (-73.914962841298 40.889913933229)
57960693,06/21/2023 08:45:52 AM,06/22/2023 03:43:32 AM,DSNY,Department of Sanitation,Dirty Condition,Trash,Not Cleaned by Property Owner,Sidewalk,11215,317 9 STREET,9 STREET,5 AVENUE,6 AVENUE,5 AVENUE,6 AVENUE,ADDRESS,BROOKLYN,9 STREET,,Closed,,The Department of Sanitation cleaned the location.,06/22/2023 03:43:37 AM,06 BROOKLYN,39,Precinct 78,3010050074,BROOKLYN,988204,182979,ONLINE,Unspecified,BROOKLYN,,,,,,,,40.668910942342215,-73.98574673537449,POINT (-73.985746735374 40.668910942342)
57956949,06/20/2023 07:10:34 AM,06/20/2023 07:52:11 AM,NYPD,New York City Police Department,Illegal Parking,Blocked Sidewalk,,Street/Sidewalk,11223,AVENUE S,AVENUE S,AVENUE S,MCDONALD AVENUE,AVENUE S,MCDONALD AVENUE,INTERSECTION,,,,Closed,,The Police Department responded to the complaint and determined that police action was not necessary.,06/20/2023 07:52:19 AM,11 BROOKLYN,44,Precinct 62,,BROOKLYN,991868,158528,PHONE,Unspecified,BROOKLYN,,,,,,,,40.601795759347084,-73.9725664586067,POINT (-73.972566458607 40.601795759347)
57963573,06/21/2023 06:21:22 PM,06/22/2023 02:35:26 PM,DSNY,Department of Sanitation,Illegal Dumping,Removal Request,N/A,Sidewalk,11106,36-12 23 STREET,23 STREET,36 AVENUE,37 AVENUE,36 AVENUE,37 AVENUE,ADDRESS,ASTORIA,23 STREET,,Closed,,The Department of Sanitation removed the items.,06/22/2023 01:02:34 PM,01 QUEENS,26,Precinct 114,4003470028,QUEENS,1002162,215726,MOBILE,Unspecified,QUEENS,,,,,,,,40.758776372704084,-73.93534422289923,POINT (-73.935344222899 40.758776372704)
57964320,06/21/2023 12:58:20 PM,07/01/2023 09:56:18 AM,HPD,Department of Housing Preservation and Development,UNSANITARY CONDITION,PESTS,MICE,RESIDENTIAL BUILDING,10002,157 ORCHARD STREET,ORCHARD STREET,,,,,ADDRESS,NEW YORK,,,Closed,,The Department of Housing Preservation and Development inspected the following conditions. Violations were issued. Information about specific violations is available at www.nyc.gov/hpd,07/01/2023 12:00:00 AM,03 MANHATTAN,01,Precinct 7,1004160062,MANHATTAN,987342,201904,PHONE,Unspecified,MANHATTAN,,,,,,,,40.720856019819706,-73.98884536078013,POINT (-73.98884536078 40.72085601982)
57960531,06/22/2023 01:51:51 AM,06/22/2023 01:51:51 AM,DOHMH,Department of Health and Mental Hygiene,Rodent,Rat Sighting,,3+ Family Mixed Use Building,10002,62 HESTER STREET,HESTER STREET,LUDLOW STREET,ORCHARD STREET,LUDLOW STREET,ORCHARD STREET,ADDRESS,NEW YORK,HESTER STREET,,Closed,,An inspection of the property was conducted and it passed with minor violations found.,06/22/2023 01:51:51 AM,03 MANHATTAN,01,Precinct 7,1002980015,MANHATTAN,986738,200108,ONLINE,Unspecified,MANHATTAN,,,,,,,,40.71592662189501,-73.99102500329076,POINT (-73.991025003291 40.715926621895)
57953754,06/20/2023 01:42:43 PM,06/27/2023 02:38:52 PM,DOT,Department of Transportation,Sidewalk Condition,Sidewalk Violation,Dismiss Violation Owner Fixed,Sidewalk,10473,654 COMMONWEALTH AVENUE,COMMONWEALTH AVENUE,RANDALL AVENUE,SEWARD AVENUE,RANDALL AVENUE,SEWARD AVENUE,ADDRESS,BRONX,COMMONWEALTH AVENUE,,Closed,,A sidewalk dismissal inspection (work done by owner) has been scheduled. Department of Transportation is in direct contact with the responsible party.,06/27/2023 02:38:56 PM,09 BRONX,18,Precinct 43,2035560029,BRONX,1021617,237288,PHONE,Unspecified,BRONX,,,,,,,,40.81789739231587,-73.86499891199122,POINT (-73.864998911991 40.817897392316)
57957804,06/20/2023 02:46:01 PM,02/26/2024 10:36:57 AM,DPR,Department of Parks and Recreation,Dead/Dying Tree,Planted More Than 2 Years Ago,N/A,Street,11417,84-17 108 AVENUE,108 AVENUE,84 STREET,86 STREET,84 STREET,86 STREET,ADDRESS,OZONE PARK,108 AVENUE,,Closed,,NYC Parks visited the site and inspected the condition. No work is necessary at this time.,02/26/2024 10:36:59 AM,10 QUEENS,32,Precinct 106,4091440031,QUEENS,1025209,185953,UNKNOWN,Unspecified,QUEENS,,,,,,,,40.67698002981748,-73.85233425014087,POINT (-73.852334250141 40.676980029817)
57965562,06/21/2023 08:33:26 AM,06/29/2023 09:08:31 AM,HPD,Department of Housing Preservation and Development,ELECTRIC,OUTLET/SWITCH,OUTLET SEALED OR DEFECTIVE,RESIDENTIAL BUILDING,11221,680 JEFFERSON AVENUE,JEFFERSON AVENUE,,,,,ADDRESS,BROOKLYN,,,Closed,,The Department of Housing Preservation and Development inspected the following conditions. No violations were issued. The complaint has been closed.,06/29/2023 12:00:00 AM,03 BROOKLYN,36,Precinct 81,3016560030,BROOKLYN,1003508,189036,PHONE,Unspecified,BROOKLYN,,,,,,,,40.68551597167343,-73.93056202576177,POINT (-73.930562025762 40.685515971673)
57955392,06/20/2023 12:36:13 PM,06/20/2023 03:00:41 PM,DHS,Department of Homeless Services,Homeless Person Assistance,,,Residential Building/House,10011,105 WEST   13 STREET,WEST   13 STREET,AVENUE OF THE AMERICAS,7 AVENUE,AVENUE OF THE AMERICAS,7 AVENUE,ADDRESS,NEW YORK,WEST   13 STREET,,Closed,,The mobile outreach response team went to the location provided but could not find the individual that you reported.,06/20/2023 03:00:41 PM,02 MANHATTAN,03,Precinct 6,1006090047,MANHATTAN,984848,207745,MOBILE,Unspecified,MANHATTAN,,,,,,,,40.736888658615634,-73.99784214770874,POINT (-73.997842147709 40.736888658616)
57957642,06/20/2023 09:40:23 AM,06/28/2023 02:05:36 AM,HPD,Department of Housing Preservation and Development,UNSANITARY CONDITION,MOLD,N/A,RESIDENTIAL BUILDING,11208,760 ELDERT LANE,ELDERT LANE,,,,,ADDRESS,BROOKLYN,,,Closed,,The Department of Housing Preservation and Development inspected the following conditions. Violations were issued. Information about specific violations is available at www.nyc.gov/hpd,06/28/2023 12:00:00 AM,05 BROOKLYN,42,Precinct 75,3042719001,BROOKLYN,1022145,184032,PHONE,Unspecified,BROOKLYN,,,,,,,,40.67172097003817,-73.86339139199588,POINT (-73.863391391996 40.671720970038)
57960558,06/21/2023 07:57:46 PM,06/23/2023 02:13:05 PM,DPR,Department of Parks and Recreation,Overgrown Tree/Branches,Blocking Street,N/A,Street,10312,646 WOODROW ROAD,WOODROW ROAD,ALMOND STREET,RUXTON AVENUE,ALMOND STREET,RUXTON AVENUE,ADDRESS,STATEN ISLAND,WOODROW ROAD,,Closed,,NYC Parks performed the work necessary to correct the condition.,06/23/2023 02:13:10 PM,03 STATEN ISLAND,51,Precinct 123,5062390035,STATEN ISLAND,931956,139493,ONLINE,Unspecified,STATEN ISLAND,,,,,,,,40.549397528821906,-74.1881708718839,POINT (-74.188170871884 40.549397528822)
57969072,06/21/2023 11:19:38 AM,06/22/2023 12:19:02 PM,DSNY,Department of Sanitation,Illegal Dumping,Removal Request,N/A,Sidewalk,11239,756 LOUISIANA AVENUE,LOUISIANA AVENUE,TWIN PINES DRIVE,SEAVIEW AVENUE,TWIN PINES DRIVE,SEAVIEW AVENUE,ADDRESS,BROOKLYN,LOUISIANA AVENUE,,Closed,,The Department of Sanitation investigated this complaint and found no condition at the location.,06/22/2023 10:22:29 AM,18 BROOKLYN,42,Precinct 75,,BROOKLYN,1016806,174197,ONLINE,Unspecified,BROOKLYN,,,,,,,,40.64474732387838,-73.88268554042118,POINT (-73.882685540421 40.644747323878)
57952611,06/20/2023 03:22:28 AM,06/22/2023 09:13:28 AM,HPD,Department of Housing Preservation and Development,ELECTRIC,POWER OUTAGE,ENTIRE APARTMENT,RESIDENTIAL BUILDING,10009,240 EAST    2 STREET,EAST    2 STREET,,,,,ADDRESS,NEW YORK,,,Closed,,The Department of Housing Preservation and Development inspected the following conditions. No violations were issued. The complaint has been closed.,06/22/2023 12:00:00 AM,03 MANHATTAN,02,Precinct 9,1003850050,MANHATTAN,989231,202114,PHONE,Unspecified,MANHATTAN,,,,,,,,40.721431557214295,-73.982030485768,POINT (-73.982030485768 40.721431557214)
57955689,06/20/2023 02:15:54 PM,06/20/2023 03:16:12 PM,NYPD,New York City Police Department,Illegal Parking,Blocked Hydrant,,Street/Sidewalk,11220,445 58 STREET,58 STREET,4 AVENUE,5 AVENUE,4 AVENUE,5 AVENUE,ADDRESS,BROOKLYN,58 STREET,,Closed,,The Police Department responded to the complaint and took action to fix the condition.,06/20/2023 03:16:20 PM,07 BROOKLYN,38,Precinct 72,3008470057,BROOKLYN,979769,172935,MOBILE,Unspecified,BROOKLYN,,,,,,,,40.64134210874057,-74.01614630520673,POINT (-74.016146305207 40.641342108741)
57954069,06/20/2023 07:49:35 AM,07/03/2023 02:41:57 PM,DSNY,Department of Sanitation,Illegal Dumping,Removal Request,N/A,Sidewalk,11222,177 GREENPOINT AVENUE,GREENPOINT AVENUE,LEONARD STREET,ECKFORD STREET,LEONARD STREET,ECKFORD STREET,ADDRESS,BROOKLYN,GREENPOINT AVENUE,,Closed,,The Department of Sanitation cleaned the location.,06/23/2023 11:07:02 PM,01 BROOKLYN,33,Precinct 94,3025590045,BROOKLYN,997373,205368,ONLINE,Unspecified,BROOKLYN,,,,,,,,40.7303546637289,-73.95265096928777,POINT (-73.952650969288 40.730354663729)
57954204,06/20/2023 12:08:52 PM,06/20/2023 01:02:51 PM,NYPD,New York City Police Department,Blocked Driveway,No Access,,Street/Sidewalk,11231,105 4 STREET,4 STREET,HOYT STREET,BOND STREET,HOYT STREET,BOND STREET,ADDRESS,BROOKLYN,4 STREET,,Closed,,The Police Department responded to the complaint and took action to fix the condition.,06/20/2023 01:02:57 PM,06 BROOKLYN,39,Precinct 76,,BROOKLYN,986265,185756,MOBILE,Unspecified,BROOKLYN,,,,,,,,40.67653383786489,-73.99273555617373,POINT (-73.992735556174 40.676533837865)
57966390,06/21/2023 03:23:31 PM,07/26/2023 12:00:00 AM,DOB,Department of Buildings,General Construction/Plumbing,Cons - Contrary/Beyond Approved Plans/Permits,,,11217,447 WARREN STREET,WARREN STREET,,,,,ADDRESS,BROOKLYN,,,Closed,,The Department of Buildings investigated this complaint and determined that no further action was necessary.,07/26/2023 12:00:00 AM,02 BROOKLYN,39,Precinct 84,3003930060,BROOKLYN,988060,188291,UNKNOWN,Unspecified,BROOKLYN,,,,,,,,40.683491247264314,-73.98626281947858,POINT (-73.986262819479 40.683491247264)
57959244,06/20/2023 11:17:13 AM,06/20/2023 05:33:25 PM,NYPD,New York City Police Department,Abandoned Vehicle,With License Plate,,Street/Sidewalk,11423,188-18 87 DRIVE,87 DRIVE,188 STREET,DEAD END,188 STREET,DEAD END,ADDRESS,HOLLIS,87 DRIVE,,Closed,,The Police Department responded to the complaint and took action to fix the condition.,06/20/2023 05:33:34 PM,08 QUEENS,23,Precinct 107,4104990152,QUEENS,1047017,200178,MOBILE,Unspecified,QUEENS,,,,,,,,40.71589645056974,-73.77357958611579,POINT (-73.773579586116 40.71589645057)
57965121,06/21/2023 05:14:00 AM,06/23/2023 02:14:00 PM,DEP,Department of Environmental Protection,Noise,"Noise, Barking Dog (NR5)",NR5,,11216,718 ST MARKS AVENUE,ST MARKS AVENUE,NOSTRAND AVE,NEW YORK AVE,,,ADDRESS,BROOKLYN,,N/A,Closed,,The Department of Environmental Protection determined that this complaint is a duplicate of a previously filed complaint. The original complaint is being addressed.,06/23/2023 02:14:00 PM,08 BROOKLYN,36,Precinct 77,3012270014,BROOKLYN,998324,185258,ONLINE,Unspecified,BROOKLYN,,,,,,,,40.675155981776385,-73.94926169937382,POINT (-73.949261699374 40.675155981776)
57958245,06/20/2023 02:00:48 PM,12/05/2023 12:00:00 AM,DOB,Department of Buildings,General Construction/Plumbing,Cons - Contrary/Beyond Approved Plans/Permits,,,10312,946 HUGUENOT AVENUE,HUGUENOT AVENUE,,,,,ADDRESS,STATEN ISLAND,,,Closed,,The Department of Buildings investigated this complaint and determined that no further action was necessary.,12/05/2023 12:00:00 AM,03 STATEN ISLAND,51,Precinct 123,5065850044,STATEN ISLAND,931124,132794,UNKNOWN,Unspecified,STATEN ISLAND,,,,,,,,40.53100513263829,-74.1911120793444,POINT (-74.191112079344 40.531005132638)
57959973,06/20/2023 08:57:34 PM,06/20/2023 09:26:20 PM,NYPD,New York City Police Department,Noise - Vehicle,Car/Truck Music,,Street/Sidewalk,10034,69 PAYSON AVENUE,PAYSON AVENUE,DYCKMAN STREET,BEAK STREET,DYCKMAN STREET,BEAK STREET,ADDRESS,NEW YORK,PAYSON AVENUE,,Closed,,The Police Department responded to the complaint and took action to fix the condition.,06/20/2023 09:26:25 PM,12 MANHATTAN,10,Precinct 34,1022470016,MANHATTAN,1004255,255329,ONLINE,Unspecified,MANHATTAN,,,,,,,,40.867471023544326,-73.92767122536122,POINT (-73.927671225361 40.867471023544)
57953691,06/20/2023 10:36:42 PM,06/20/2023 10:45:08 PM,NYPD,New York City Police Department,Drug Activity,Use Outside,,Street/Sidewalk,11366,159-06 UNION TURNPIKE,UNION TURNPIKE,159 STREET,160 STREET,159 STREET,160 STREET,ADDRESS,FRESH MEADOWS,UNION TURNPIKE,,Closed,,The Police Department responded to the complaint and determined that police action was not necessary.,06/20/2023 10:45:11 PM,08 QUEENS,24,Precinct 107,4068540028,QUEENS,1037538,201770,ONLINE,Unspecified,QUEENS,,,,,,,,40.720328269590894,-73.80776061338688,POINT (-73.807760613387 40.720328269591)
57961035,06/21/2023 12:47:41 PM,06/21/2023 12:47:41 PM,DOB,Department of Buildings,General Construction/Plumbing,Site Conditions Endangering Workers,,,11229,2102 EAST   15 STREET,EAST   15 STREET,,,,,ADDRESS,BROOKLYN,,N/A,Closed,,The Department of Buildings investigated this complaint and determined that no further action was necessary.,06/21/2023 12:00:00 AM,15 BROOKLYN,48,Precinct 61,3073470009,BROOKLYN,996372,157324,UNKNOWN,Unspecified,BROOKLYN,,,,,,,,40.5984860075457,-73.95634905318929,POINT (-73.956349053189 40.598486007546)
57960936,06/21/2023 02:44:47 PM,06/21/2023 03:01:18 PM,NYPD,New York City Police Department,Noise - Vehicle,Car/Truck Horn,,Street/Sidewalk,11213,1294 UNION STREET,UNION STREET,NEW YORK AVENUE,BROOKLYN AVENUE,NEW YORK AVENUE,BROOKLYN AVENUE,ADDRESS,BROOKLYN,UNION STREET,,Closed,,The Police Department responded to the complaint and with the information available observed no evidence of the violation at that time.,06/21/2023 03:01:26 PM,09 BROOKLYN,35,Precinct 71,3012770007,BROOKLYN,998841,182925,MOBILE,Unspecified,BROOKLYN,,,,,,,,40.66875158377174,-73.94740290873881,POINT (-73.947402908739 40.668751583772)
57953043,06/20/2023 09:32:08 PM,06/21/2023 01:59:51 AM,NYPD,New York City Police Department,Illegal Parking,Commercial Overnight Parking,,Street/Sidewalk,11235,140 DOVER STREET,DOVER STREET,HAMPTON AVENUE,ORIENTAL BOULEVARD,HAMPTON AVENUE,ORIENTAL BOULEVARD,ADDRESS,BROOKLYN,DOVER STREET,,Closed,,The Police Department issued a summons in response to the complaint.,06/21/2023 01:59:55 AM,15 BROOKLYN,48,Precinct 61,3087350082,BROOKLYN,998298,150102,MOBILE,Unspecified,BROOKLYN,,,,,,,,40.57866021889791,-73.949428602064,POINT (-73.949428602064 40.578660218898)
57957912,06/20/2023 02:02:58 AM,,DPR,Department of Parks and Recreation,Damaged Tree,Tree Alive - in Poor Condition,Hollow,Street,11429,213-21 102 AVENUE,102 AVENUE,213 STREET,215 STREET,213 STREET,215 STREET,ADDRESS,QUEENS VILLAGE,102 AVENUE,,In Progress,,"NYC Parks created a work order for the tree condition and expects to address the issue within 120 days from the date of the tree assessment, barring any weather-related requests.   NYC Parks work priority categories range from Category A through D, with A being the most critical and time-sensitive. We will complete all work in Category A first and address work in lower priority categories in accordance with available resources. For more information about the Tree Risk Management Program, visit the NYC Urban Forest page on the NYC Parks website at nyc.gov/parks/trees.",06/26/2023 12:28:29 PM,13 QUEENS,27,Precinct 105,4110870057,QUEENS,1054936,199134,MOBILE,Unspecified,QUEENS,,,,,,,,40.71297120565077,-73.74502436375796,POINT (-73.745024363758 40.712971205651)
57953007,06/21/2023 12:11:48 AM,06/21/2023 12:52:59 AM,NYPD,New York City Police Department,Illegal Parking,Blocked Hydrant,,Street/Sidewalk,11421,83-20 98 STREET,98 STREET,WOODHAVEN BOULEVARD,PARK LANE SOUTH,WOODHAVEN BOULEVARD,PARK LANE SOUTH,ADDRESS,WOODHAVEN,98 STREET,,Closed,,The Police Department responded and upon arrival those responsible for the condition were gone.,06/21/2023 12:53:06 AM,09 QUEENS,32,Precinct 102,4039070975,QUEENS,1025085,194282,ONLINE,Unspecified,QUEENS,,,,,,,,40.69984176251657,-73.85273081228438,POINT (-73.852730812284 40.699841762517)
57961449,06/21/2023 12:02:36 PM,06/21/2023 12:41:24 PM,NYPD,New York City Police Department,Noise - Vehicle,Car/Truck Music,,Street/Sidewalk,10033,705 WEST  180 STREET,WEST  180 STREET,BROADWAY,FORT WASHINGTON AVENUE,BROADWAY,FORT WASHINGTON AVENUE,ADDRESS,NEW YORK,WEST  180 STREET,,Closed,,The Police Department responded to the complaint and with the information available observed no evidence of the violation at that time.,06/21/2023 12:41:32 PM,12 MANHATTAN,10,Precinct 34,1021760144,MANHATTAN,1001733,248828,ONLINE,Unspecified,MANHATTAN,,,,,,,,40.84963308878436,-73.93680655728035,POINT (-73.93680655728 40.849633088784)
57952701,06/20/2023 07:23:11 AM,06/21/2023 11:20:44 AM,DSNY,Department of Sanitation,Missed Collection,Bulky Recycling,N/A,Street,10023,201 WEST   72 STREET,WEST   72 STREET,BROADWAY,WEST END AVENUE,BROADWAY,WEST END AVENUE,ADDRESS,NEW YORK,WEST   72 STREET,,Closed,,The Department of Sanitation investigated and found this complaint to be out of jurisdiction. The Department of Sanitation reviewed this and found it not to be meeting the criteria for a complaint or service request.,06/21/2023 11:20:43 AM,07 MANHATTAN,06,Precinct 20,1011647501,MANHATTAN,989121,223071,ONLINE,Unspecified,MANHATTAN,,,,,,,,40.7789532904346,-73.98241214306319,POINT (-73.982412143063 40.778953290435)
57953439,06/20/2023 06:13:33 PM,06/21/2023 02:35:39 PM,HPD,Department of Housing Preservation and Development,HEAT/HOT WATER,APARTMENT ONLY,NO HOT WATER,RESIDENTIAL BUILDING,10458,2300 GRAND CONCOURSE,GRAND CONCOURSE,,,,,ADDRESS,BRONX,,,Closed,,"The Department of Housing Preservation and Development contacted an occupant of the apartment and verified that the following conditions were corrected. The complaint has been closed. If the condition still exists, please file a new complaint.",06/21/2023 12:00:00 AM,05 BRONX,15,Precinct 46,2031590001,BRONX,1011958,251743,ONLINE,Unspecified,BRONX,,,,,,,,40.85760772449226,-73.89983560670379,POINT (-73.899835606704 40.857607724492)
57960900,06/21/2023 04:19:39 PM,06/21/2023 04:54:16 PM,NYPD,New York City Police Department,Illegal Parking,Posted Parking Sign Violation,,Street/Sidewalk,11225,1080 NOSTRAND AVENUE,NOSTRAND AVENUE,LEFFERTS AVENUE,LINCOLN ROAD,LEFFERTS AVENUE,LINCOLN ROAD,ADDRESS,BROOKLYN,NOSTRAND AVENUE,,Closed,,The Police Department responded to the complaint and took action to fix the condition.,06/21/2023 04:54:24 PM,09 BROOKLYN,40,Precinct 71,3013290048,BROOKLYN,997914,180350,ONLINE,Unspecified,BROOKLYN,,,,,,,,40.66168526059758,-73.95074974176741,POINT (-73.950749741767 40.661685260598)
57968982,06/21/2023 10:47:13 AM,06/23/2023 08:14:14 PM,HPD,Department of Housing Preservation and Development,PLUMBING,TOILET,DISCONNECTED,RESIDENTIAL BUILDING,10025,15 WEST  107 STREET,WEST  107 STREET,,,,,ADDRESS,NEW YORK,,,Closed,,The Department of Housing Preservation and Development inspected the following conditions. No violations were issued. The complaint has been closed.,06/23/2023 12:00:00 AM,07 MANHATTAN,07,Precinct 24,1018430022,MANHATTAN,995279,230374,PHONE,Unspecified,MANHATTAN,,,,,,,,40.798992525108524,-73.96016528984507,POINT (-73.960165289845 40.798992525109)
57954636,06/20/2023 08:26:00 AM,06/20/2023 08:35:00 AM,DEP,Department of Environmental Protection,Water System,Leak (Use Comments) (WA2),WA2,,10036,1500 BROADWAY,BROADWAY,W 43 ST,W 44 ST,,,ADDRESS,NEW YORK,,,Closed,,The Department of Environmental Protection investigated the issue and found that the water source mentioned was not City water and therefore not under City jurisdiction.,06/20/2023 08:35:00 AM,05 MANHATTAN,04,Precinct 14,1009960001,MANHATTAN,988136,215020,PHONE,Unspecified,MANHATTAN,,,,,,,,40.7568558730713,-73.98597336511823,POINT (-73.985973365118 40.756855873071)
57956499,06/20/2023 04:57:02 PM,06/27/2023 02:51:33 PM,DOT,Department of Transportation,Sidewalk Condition,Sidewalk Violation,Dismiss Violation Owner Fixed,Sidewalk,10301,223 PROSPECT AVENUE,PROSPECT AVENUE,LAFAYETTE AVENUE,ELLICOTT PLACE,LAFAYETTE AVENUE,ELLICOTT PLACE,ADDRESS,STATEN ISLAND,PROSPECT AVENUE,,Closed,,"The Department of Transportation inspected the condition you reported. You can find additional information in the ""Notes to Customer"" field.",06/27/2023 02:51:36 PM,01 STATEN ISLAND,49,Precinct 120,5000910094,STATEN ISLAND,957876,172161,PHONE,Unspecified,STATEN ISLAND,,,,,,,,40.63917951131301,-74.09502988923246,POINT (-74.095029889232 40.639179511313)
57965391,06/22/2023 01:46:11 AM,06/22/2023 02:08:38 AM,NYPD,New York City Police Department,Illegal Parking,Blocked Crosswalk,,Street/Sidewalk,11368,55-02 96 STREET,96 STREET,55 AVENUE,57 AVENUE,55 AVENUE,57 AVENUE,ADDRESS,CORONA,96 STREET,,Closed,,The Police Department responded and upon arrival those responsible for the condition were gone.,06/22/2023 02:08:45 AM,04 QUEENS,25,Precinct 110,4019030030,QUEENS,1021533,208247,MOBILE,Unspecified,QUEENS,,,,,,,,40.7381879606622,-73.86546353271753,POINT (-73.865463532718 40.738187960662)
57970134,06/21/2023 05:42:23 AM,07/27/2023 12:10:12 PM,EDC,Economic Development Corporation,Noise - Helicopter,Other,Passing By,Above Address,11201,1 PIERREPONT STREET,PIERREPONT STREET,CLARK STREET,PIERREPONT STREET,CLARK STREET,PIERREPONT STREET,ADDRESS,BROOKLYN,PIERREPONT STREET,,Closed,,"The New York City Economic Development Corporation determined that this issue is not within its jurisdiction because the helicopter did not belong to a tour company departing from a NYC heliport.Â  Instead, it was most likely a law enforcement or news gathering helicopter not subject to the routing protocols established for tour helicopters. It may also have been a helicopter that departed as a charter or tour from another City but flew over NYC airspace. Helicopter tours originating from outside NYC are not subject to the same City regulations as tours departing from heliports managed by NYCEDC. Any City regulation of these flights is pre-empted by federal law and subject only to the jurisdiction of the Federal Aviation Administration. To file a complaint with the FAA, you can contact the New York Flight Standards District Office at the following web address:Â https://www.faa.gov/about/office_org/field_offices/fsdo/",07/27/2023 12:10:17 PM,02 BROOKLYN,33,Precinct 84,3002340008,BROOKLYN,985073,193057,ONLINE,Unspecified,BROOKLYN,,,,,,,,40.696573601808964,-73.99703204253264,POINT (-73.997032042533 40.696573601809)
57953349,06/20/2023 05:55:19 PM,06/20/2023 06:37:12 PM,NYPD,New York City Police Department,Noise - Residential,Banging/Pounding,,Residential Building/House,11374,65-20 BOOTH STREET,BOOTH STREET,64 ROAD,65 ROAD,64 ROAD,65 ROAD,ADDRESS,REGO PARK,BOOTH STREET,,Closed,,The Police Department responded to the complaint and took action to fix the condition.,06/20/2023 06:37:17 PM,06 QUEENS,30,Precinct 112,4030977505,QUEENS,1023232,204255,ONLINE,Unspecified,QUEENS,,,,,,,,40.727223589985634,-73.85935579548855,POINT (-73.859355795489 40.727223589986)
57959982,06/20/2023 09:15:54 PM,07/11/2023 04:24:13 PM,DSNY,Department of Sanitation,Dead Animal,Cat,Street or Sidewalk,Street,10128,EAST   90 STREET,EAST   90 STREET,EAST   90 STREET,YORK AVENUE,EAST   90 STREET,YORK AVENUE,INTERSECTION,,,,Closed,,The Department of Sanitation found an open service request already exists for the same location.,06/21/2023 09:34:48 AM,08 MANHATTAN,05,Precinct 19,,MANHATTAN,999412,222905,PHONE,Unspecified,MANHATTAN,,,,,,,,40.77848600219572,-73.94525452040779,POINT (-73.945254520408 40.778486002196)
57964878,06/21/2023 01:40:50 PM,06/21/2023 03:55:30 PM,NYPD,New York City Police Department,Illegal Parking,Double Parked Blocking Traffic,,Street/Sidewalk,11212,110 WATKINS STREET,WATKINS STREET,GLENMORE AVENUE,PITKIN AVENUE,GLENMORE AVENUE,PITKIN AVENUE,ADDRESS,BROOKLYN,WATKINS STREET,,Closed,,The Police Department responded and upon arrival those responsible for the condition were gone.,06/21/2023 03:55:36 PM,16 BROOKLYN,41,Precinct 73,3034890250,BROOKLYN,1009759,183509,MOBILE,Unspecified,BROOKLYN,,,,,,,,40.67032980664427,-73.90804392334009,POINT (-73.90804392334 40.670329806644)
57961512,06/21/2023 10:37:44 PM,06/22/2023 12:23:02 AM,NYPD,New York City Police Department,Blocked Driveway,No Access,,Street/Sidewalk,10455,418 EAST  154 STREET,EAST  154 STREET,MELROSE AVENUE,ELTON AVENUE,MELROSE AVENUE,ELTON AVENUE,ADDRESS,BRONX,EAST  154 STREET,,Closed,,The Police Department issued a summons in response to the complaint.,06/22/2023 12:23:07 AM,01 BRONX,17,Precinct 40,2023750112,BRONX,1007630,237797,MOBILE,Unspecified,BRONX,,,,,,,,40.819342545819424,-73.91552992692058,POINT (-73.915529926921 40.819342545819)
57956760,06/20/2023 06:01:44 PM,06/22/2023 12:21:08 PM,DSNY,Department of Sanitation,Missed Collection,Bulky Trash,N/A,Street,11207,430 BELMONT AVENUE,BELMONT AVENUE,NEW JERSEY AVENUE,VERMONT STREET,NEW JERSEY AVENUE,VERMONT STREET,ADDRESS,BROOKLYN,BELMONT AVENUE,,Closed,,The Department of Sanitation collected the requested items.,06/21/2023 12:47:39 PM,05 BROOKLYN,42,Precinct 75,3037560123,BROOKLYN,1013702,183711,ONLINE,Unspecified,BROOKLYN,,,,,,,,40.67087201180192,-73.89382913669102,POINT (-73.893829136691 40.670872011802)
57960918,06/21/2023 05:18:19 PM,07/26/2023 12:00:00 AM,DOB,Department of Buildings,Plumbing,Plumbing Work - Illegal/No Permit/Standpipe/Sprinkler,,,11237,169 WYCKOFF AVENUE,WYCKOFF AVENUE,,,,,ADDRESS,BROOKLYN,,,Closed,,The Department of Buildings investigated this complaint and determined that no further action was necessary.,07/26/2023 12:00:00 AM,04 BROOKLYN,37,Precinct 83,3032710007,BROOKLYN,1007100,195518,UNKNOWN,Unspecified,BROOKLYN,,,,,,,,40.703299007539805,-73.91758848130205,POINT (-73.917588481302 40.70329900754)
57967542,06/21/2023 12:52:25 PM,06/21/2023 04:47:12 PM,NYPD,New York City Police Department,Illegal Parking,Posted Parking Sign Violation,,Street/Sidewalk,11212,243 BRISTOL STREET,BRISTOL STREET,BLAKE AVENUE,DUMONT AVENUE,BLAKE AVENUE,DUMONT AVENUE,ADDRESS,BROOKLYN,BRISTOL STREET,,Closed,,The Police Department responded to the complaint and determined that police action was not necessary.,06/21/2023 04:47:19 PM,16 BROOKLYN,41,Precinct 73,3035590127,BROOKLYN,1008805,181611,ONLINE,Unspecified,BROOKLYN,,,,,,,,40.665122919481895,-73.91148985958829,POINT (-73.911489859588 40.665122919482)
57959838,06/20/2023 03:21:57 AM,06/20/2023 05:06:13 AM,NYPD,New York City Police Department,Illegal Parking,Blocked Hydrant,,Street/Sidewalk,11375,67-25 CLYDE STREET,CLYDE STREET,67 AVENUE,YELLOWSTONE BOULEVARD,67 AVENUE,YELLOWSTONE BOULEVARD,ADDRESS,FOREST HILLS,CLYDE STREET,,Closed,,The Police Department responded to the complaint and with the information available observed no evidence of the violation at that time.,06/20/2023 05:06:18 AM,06 QUEENS,29,Precinct 112,4031650062,QUEENS,1024153,202414,MOBILE,Unspecified,QUEENS,,,,,,,,40.72216639175684,-73.8560438164598,POINT (-73.85604381646 40.722166391757)
57963771,06/21/2023 08:22:02 AM,06/21/2023 12:13:13 PM,NYPD,New York City Police Department,Blocked Driveway,No Access,,Street/Sidewalk,11436,116-53 141 STREET,141 STREET,116 AVENUE,FOCH BOULEVARD,116 AVENUE,FOCH BOULEVARD,ADDRESS,JAMAICA,141 STREET,,Closed,,This complaint does not fall under the Police Department's jurisdiction.,06/21/2023 12:13:22 PM,12 QUEENS,28,Precinct 113,4119990004,QUEENS,1039526,186841,PHONE,Unspecified,QUEENS,,,,,,,,40.67933956086799,-73.80071134645767,POINT (-73.800711346458 40.679339560868)
57953187,06/20/2023 01:54:17 PM,06/21/2023 07:08:49 AM,DSNY,Department of Sanitation,Dirty Condition,Dirt or Gravel,N/A,Street,11374,62 DRIVE,62 DRIVE,62 DRIVE,98 STREET,62 DRIVE,98 STREET,INTERSECTION,,,,Closed,,"The Department of Sanitation has investigated the complaint and addressed the issue. If the problem persists, call 311 to enter a new complaint. If you are outside of New York City, please call (212) NEW-YORK (212-639-9675).",06/21/2023 07:08:48 AM,06 QUEENS,24,Precinct 112,,QUEENS,1023081,206360,PHONE,Unspecified,QUEENS,,,,,,,,40.73300195675393,-73.85988844384073,POINT (-73.859888443841 40.733001956754)
57953610,06/20/2023 06:39:55 PM,07/10/2023 12:05:20 PM,HPD,Department of Housing Preservation and Development,UNSANITARY CONDITION,PESTS,OTHER,RESIDENTIAL BUILDING,10301,275 WESTERVELT AVENUE,WESTERVELT AVENUE,,,,,ADDRESS,STATEN ISLAND,,,Closed,,"The Department of Housing Preservation and Development was not able to gain access to inspect the following conditions. The complaint has been closed. If the condition still exists, please file a new complaint.",07/10/2023 12:00:00 AM,01 STATEN ISLAND,49,Precinct 120,5000280012,STATEN ISLAND,961271,172866,ONLINE,Unspecified,STATEN ISLAND,,,,,,,,40.641124043088176,-74.08279955098682,POINT (-74.082799550987 40.641124043088)
57952863,06/20/2023 07:51:56 AM,06/24/2023 06:00:11 PM,HPD,Department of Housing Preservation and Development,DOOR/WINDOW,WINDOW FRAME,LOOSE OR DEFECTIVE,RESIDENTIAL BUILDING,10453,2176 GRAND AVENUE,GRAND AVENUE,,,,,ADDRESS,BRONX,,,Closed,,"The Department of Housing Preservation and Development was not able to gain access to inspect the conditions. If the conditions still exist and an inspection is required, please contact the borough office with your complaint number at 718 579-6777 (BRONX).",06/24/2023 12:00:00 AM,05 BRONX,14,Precinct 46,2031950012,BRONX,1010058,251651,ONLINE,Unspecified,BRONX,,,,,,,,40.85736097082707,-73.90670445370186,POINT (-73.906704453702 40.857360970827)
57957561,06/20/2023 10:22:40 AM,06/21/2023 03:05:51 PM,HPD,Department of Housing Preservation and Development,PAINT/PLASTER,CEILING,DIRTY OR UNSANITARY,RESIDENTIAL BUILDING,10027,49 ST NICHOLAS TERRACE,ST NICHOLAS TERRACE,,,,,ADDRESS,NEW YORK,,,Closed,,The Department of Housing Preservation and Development was unable to access the rooms where the following conditions were reported. No violations were issued. The complaint has been closed.,06/21/2023 12:00:00 AM,09 MANHATTAN,09,Precinct 26,1019690048,MANHATTAN,997781,235791,PHONE,Unspecified,MANHATTAN,,,,,,,,40.813857216247925,-73.95111761176348,POINT (-73.951117611763 40.813857216248)
57969153,06/21/2023 10:25:33 AM,06/21/2023 05:53:12 PM,NYPD,New York City Police Department,Blocked Driveway,No Access,,Street/Sidewalk,11370,72-04 DITMARS BOULEVARD,DITMARS BOULEVARD,72 STREET,73 STREET,72 STREET,73 STREET,ADDRESS,EAST ELMHURST,DITMARS BOULEVARD,,Closed,,The Police Department responded and upon arrival those responsible for the condition were gone.,06/21/2023 05:53:16 PM,01 QUEENS,22,Precinct 114,4010040001,QUEENS,1012790,219155,PHONE,Unspecified,QUEENS,,,,,,,,40.76816016850298,-73.89696649532121,POINT (-73.896966495321 40.768160168503)
57956724,06/20/2023 08:30:24 PM,07/24/2023 10:23:24 AM,HPD,Department of Housing Preservation and Development,PLUMBING,TOILET,NO WATER,RESIDENTIAL BUILDING,11203,1117 SCHENECTADY AVENUE,SCHENECTADY AVENUE,,,,,ADDRESS,BROOKLYN,,,Closed,,"The Department of Housing Preservation and Development was not able to gain access to inspect the following conditions. The complaint has been closed. If the condition still exists, please file a new complaint.",07/24/2023 12:00:00 AM,17 BROOKLYN,45,Precinct 67,3047580064,BROOKLYN,1002940,174528,PHONE,Unspecified,BROOKLYN,,,,,,,,40.64569596341211,-73.93265026465396,POINT (-73.932650264654 40.645695963412)
57964122,06/22/2023 12:16:25 AM,06/22/2023 12:56:18 AM,NYPD,New York City Police Department,Noise - Residential,Loud Music/Party,,Residential Building/House,11212,360 DUMONT AVENUE,DUMONT AVENUE,OSBORN STREET,MOTHER GASTON BOULEVARD,OSBORN STREET,MOTHER GASTON BOULEVARD,ADDRESS,BROOKLYN,DUMONT AVENUE,,Closed,,The Police Department responded to the complaint and with the information available observed no evidence of the violation at that time.,06/22/2023 12:56:24 AM,16 BROOKLYN,41,Precinct 73,3035760001,BROOKLYN,1010286,181410,ONLINE,Unspecified,BROOKLYN,,,,,,,,40.66456698813642,-73.90615227618277,POINT (-73.906152276183 40.664566988136)
57967101,06/21/2023 05:50:38 AM,09/25/2023 07:43:45 AM,DPR,Department of Parks and Recreation,New Tree Request,For One Address,Street Tree,Street,11217,81 7 AVENUE,7 AVENUE,BERKELEY PLACE,UNION STREET,BERKELEY PLACE,UNION STREET,ADDRESS,BROOKLYN,7 AVENUE,,Closed,,NYC Parks determined that the requested location cannot receive a new tree because of conflicts with surrounding infrastructure.,09/25/2023 07:43:48 AM,06 BROOKLYN,39,Precinct 78,3010630005,BROOKLYN,991134,185147,UNKNOWN,Unspecified,BROOKLYN,,,,,,,,40.6748598228344,-73.97518254258775,POINT (-73.975182542588 40.674859822834)
57962601,06/21/2023 12:47:00 PM,06/22/2023 04:30:00 AM,DSNY,Department of Sanitation,Derelict Vehicles,Derelict Vehicles,,Street,11232,847 5 AVENUE,5 AVENUE,36 STREET,37 STREET,,,ADDRESS,BROOKLYN,,,Closed,,The Department of Sanitation (DSNY) couldn't find the condition. Please file a new Service Request with more details about the location.,06/22/2023 12:00:00 PM,07 BROOKLYN,38,Precinct 72,3009030190,BROOKLYN,983599,177094,PHONE,Unspecified,BROOKLYN,,,,,,,,40.65275877417746,-74.00234613777445,POINT (-74.002346137774 40.652758774177)
57967704,06/21/2023 01:17:26 PM,06/25/2023 05:28:51 PM,HPD,Department of Housing Preservation and Development,DOOR/WINDOW,WINDOW FRAME,LOOSE OR DEFECTIVE,RESIDENTIAL BUILDING,10301,32 MONROE AVENUE,MONROE AVENUE,,,,,ADDRESS,STATEN ISLAND,,,Closed,,The Department of Housing Preservation and Development inspected the following conditions. Violations were issued. Information about specific violations is available at www.nyc.gov/hpd,06/25/2023 12:00:00 AM,01 STATEN ISLAND,49,Precinct 120,5000180127,STATEN ISLAND,962194,172846,PHONE,Unspecified,STATEN ISLAND,,,,,,,,40.64107149398566,-74.07947366886995,POINT (-74.07947366887 40.641071493986)
57963555,06/21/2023 09:30:39 AM,06/21/2023 09:55:10 AM,NYPD,New York City Police Department,Urinating in Public,N/A,,Street/Sidewalk,10466,4188 BARNES AVENUE,BARNES AVENUE,EAST  232 STREET,EAST  233 STREET,EAST  232 STREET,EAST  233 STREET,ADDRESS,BRONX,BARNES AVENUE,,Closed,,The Police Department responded to the complaint and took action to fix the condition.,06/21/2023 09:55:14 AM,12 BRONX,11,Precinct 47,2048570082,BRONX,1024441,264366,ONLINE,Unspecified,BRONX,,,,,,,,40.89220592066447,-73.85463391801748,POINT (-73.854633918017 40.892205920664)
57962241,06/21/2023 11:15:54 AM,06/21/2023 11:15:54 AM,DOB,Department of Buildings,General Construction/Plumbing,Sidewalk Shed/Pipe Scafford - Inadequate Defective/None,,,11216,94 MACON STREET,MACON STREET,,,,,ADDRESS,BROOKLYN,,,Closed,,The Department of Buildings investigated this complaint and determined that no further action was necessary.,06/21/2023 12:00:00 AM,03 BROOKLYN,36,Precinct 79,3018500015,BROOKLYN,998886,187515,UNKNOWN,Unspecified,BROOKLYN,,,,,,,,40.68135002376505,-73.9472307271029,POINT (-73.947230727103 40.681350023765)
57956328,06/20/2023 01:41:49 PM,06/30/2023 04:12:48 PM,HPD,Department of Housing Preservation and Development,WATER LEAK,SLOW LEAK,AT WALL OR CEILING,RESIDENTIAL BUILDING,10030,2317 ADAM C POWELL BOULEVARD,ADAM C POWELL BOULEVARD,,,,,ADDRESS,NEW YORK,,,Closed,,The Department of Housing Preservation and Development inspected the following conditions. No violations were issued. The complaint has been closed.,06/30/2023 12:00:00 AM,10 MANHATTAN,09,Precinct 32,1019200060,MANHATTAN,999941,236507,PHONE,Unspecified,MANHATTAN,,,,,,,,40.81581886320504,-73.94331267637335,POINT (-73.943312676373 40.815818863205)
57954006,06/20/2023 02:26:28 PM,06/20/2023 02:48:34 PM,DHS,Department of Homeless Services,Homeless Person Assistance,,,Street/Sidewalk,11375,107-40 QUEENS BOULEVARD,QUEENS BOULEVARD,70 ROAD,71 AVENUE,70 ROAD,71 AVENUE,ADDRESS,FOREST HILLS,QUEENS BOULEVARD,,Closed,,The Department of Homeless Services did not have enough information to act on your request.,06/20/2023 02:48:34 PM,06 QUEENS,29,Precinct 112,4032397501,QUEENS,1027259,202193,ONLINE,Unspecified,QUEENS,,,,,,,,40.72154524559446,-73.84483988060846,POINT (-73.844839880608 40.721545245594)
57961440,06/21/2023 04:04:09 PM,06/21/2023 04:42:09 PM,NYPD,New York City Police Department,Noise - Street/Sidewalk,Loud Music/Party,,Street/Sidewalk,10034,180 VERMILYEA AVENUE,VERMILYEA AVENUE,ISHAM STREET,WEST  211 STREET,ISHAM STREET,WEST  211 STREET,ADDRESS,NEW YORK,VERMILYEA AVENUE,,Closed,,The Police Department responded to the complaint and took action to fix the condition.,06/21/2023 04:42:14 PM,12 MANHATTAN,10,Precinct 34,1022280007,MANHATTAN,1006688,255311,ONLINE,Unspecified,MANHATTAN,,,,,,,,40.86741576987002,-73.91887469410399,POINT (-73.918874694104 40.86741576987)
57956355,06/20/2023 05:14:00 PM,06/22/2023 09:50:00 AM,DSNY,Department of Sanitation,Electronics Waste Appointment,Ewaste appointment,,Sidewalk,10307,28 HALE STREET,HALE STREET,AMBOY ROAD,LENHART STREET,,,ADDRESS,STATEN ISLAND,,,Closed,,The Department of Sanitation collected the E-waste.,06/22/2023 09:50:00 AM,03 STATEN ISLAND,51,Precinct 123,5080350035,STATEN ISLAND,918488,126891,PHONE,Unspecified,STATEN ISLAND,,,,,,,,40.51471787675089,-74.23651048490096,POINT (-74.236510484901 40.514717876751)
57954366,06/20/2023 05:28:37 PM,06/20/2023 05:55:58 PM,NYPD,New York City Police Department,Illegal Parking,Blocked Hydrant,,Street/Sidewalk,11418,91-02 109 STREET,109 STREET,91 AVENUE,ATLANTIC AVENUE,91 AVENUE,ATLANTIC AVENUE,ADDRESS,RICHMOND HILL,109 STREET,,Closed,,The Police Department issued a summons in response to the complaint.,06/20/2023 05:56:04 PM,09 QUEENS,29,Precinct 102,4093150001,QUEENS,1029344,191807,ONLINE,Unspecified,QUEENS,,,,,,,,40.69302779632075,-73.83738756581916,POINT (-73.837387565819 40.693027796321)
55914426,11/06/2022 10:41:00 AM,11/07/2022 08:57:00 AM,DEP,Department of Environmental Protection,Water Conservation,Illegal Use Of A Hydrant (CIN),CIN,,10466,4173 DEREIMER AVENUE,DEREIMER AVENUE,EDENWALD AVE,BUSSING AVE,,,ADDRESS,BRONX,,,Closed,,The Department of Environmental Protection scheduled an inspection.,11/07/2022 08:57:00 AM,12 BRONX,12,Precinct 47,2050200057,BRONX,1027536,265306,PHONE,Unspecified,BRONX,,,,,,,,40.89477127843041,-73.8434336162179,POINT (-73.843433616218 40.89477127843)
57966597,06/21/2023 07:36:44 PM,06/21/2023 08:13:16 PM,NYPD,New York City Police Department,Noise - Commercial,Loud Music/Party,,Club/Bar/Restaurant,10023,225 COLUMBUS AVENUE,COLUMBUS AVENUE,WEST   70 STREET,WEST   71 STREET,WEST   70 STREET,WEST   71 STREET,ADDRESS,NEW YORK,COLUMBUS AVENUE,,Closed,,The Police Department responded to the complaint and took action to fix the condition.,06/21/2023 08:13:24 PM,07 MANHATTAN,06,Precinct 20,1011230003,MANHATTAN,989901,222103,ONLINE,Unspecified,MANHATTAN,,,,,,,,40.77629592132483,-73.97959658929105,POINT (-73.979596589291 40.776295921325)
57961854,06/21/2023 10:02:00 AM,07/09/2023 04:07:41 PM,DPR,Department of Parks and Recreation,Damaged Tree,Tree Alive - in Poor Condition,Hollow,Street,11226,EAST   19 STREET,EAST   19 STREET,NEWKIRK AVENUE,FOSTER AVENUE,NEWKIRK AVENUE,FOSTER AVENUE,BLOCKFACE,,,,Closed,,"The Service Request submitted did not have sufficient location or complaint information for NYC Parks to respond.  Please submit a new Service Request with adequate site details, including a full street address and descriptive location information.",07/09/2023 04:07:45 PM,Unspecified BROOKLYN,,Precinct 70,,BROOKLYN,,,PHONE,Unspecified,BROOKLYN,,,,,,,,,,
57963726,06/21/2023 08:02:00 PM,06/22/2023 10:25:00 AM,DEP,Department of Environmental Protection,Water System,Dirty Water (WE),WE,,10457,491 FLETCHER PLACE,FLETCHER PLACE,E 182 ST,BASSFORD AVE,,,ADDRESS,BRONX,,,Closed,,The Department of Environmental Protection investigated this complaint and opened fire hydrants to flush water mains in the area.,06/22/2023 10:25:00 AM,06 BRONX,15,Precinct 48,2030500010,BRONX,1013675,250482,ONLINE,Unspecified,BRONX,,,,,,,,40.854141102979334,-73.89363419449985,POINT (-73.8936341945 40.854141102979)
57963231,06/21/2023 10:51:59 AM,06/26/2023 12:18:46 PM,HPD,Department of Housing Preservation and Development,APPLIANCE,ELECTRIC/GAS RANGE,NO STOVE KNOB COVERS,RESIDENTIAL BUILDING,10468,2290 DAVIDSON AVENUE,DAVIDSON AVENUE,,,,,ADDRESS,BRONX,,,Closed,,The Department of Housing Preservation and Development inspected the following conditions. No violations were issued. The complaint has been closed.,06/26/2023 12:00:00 AM,07 BRONX,14,Precinct 52,2031970023,BRONX,1010639,252289,PHONE,Unspecified,BRONX,,,,,,,,40.85911037097102,-73.9046016370002,POINT (-73.904601637 40.859110370971)
57969927,06/21/2023 05:04:23 PM,09/25/2023 08:47:36 AM,DPR,Department of Parks and Recreation,New Tree Request,For One Address,Street Tree,Street,11419,93-14 124 STREET,124 STREET,ATLANTIC AVENUE,94 AVENUE,ATLANTIC AVENUE,94 AVENUE,ADDRESS,SOUTH RICHMOND HILL,124 STREET,,Closed,,NYC Parks determined that the requested location cannot receive a new tree because of conflicts with surrounding infrastructure.,09/25/2023 08:47:41 AM,09 QUEENS,29,Precinct 102,4094400073,QUEENS,1033130,192498,MOBILE,Unspecified,QUEENS,,,,,,,,40.69490432690302,-73.82372997970978,POINT (-73.82372997971 40.694904326903)
57963942,06/21/2023 05:11:20 PM,06/21/2023 05:18:36 PM,NYPD,New York City Police Department,Noise - Street/Sidewalk,Loud Music/Party,,Street/Sidewalk,10003,52 ASTOR PLACE,ASTOR PLACE,COOPER SQUARE,3 AVENUE,COOPER SQUARE,3 AVENUE,ADDRESS,NEW YORK,ASTOR PLACE,,Closed,,The Police Department responded to the complaint and determined that police action was not necessary.,06/21/2023 05:18:40 PM,03 MANHATTAN,02,Precinct 9,,MANHATTAN,986948,205099,ONLINE,Unspecified,MANHATTAN,,,,,,,,40.72962564786677,-73.99026546663508,POINT (-73.990265466635 40.729625647867)
57965535,06/21/2023 03:44:00 PM,06/22/2023 02:00:00 AM,DOT,Department of Transportation,Traffic Signal Condition,LED Lense,Out,,10034,,,,,10 AVENUE,WEST 215 STREET,INTERSECTION,MANHATTAN,,N/A,Closed,,Service Request status for this request is available on the Department of Transportationâs website. Please click the âLearn Moreâ link below.,06/22/2023 02:00:00 AM,12 MANHATTAN,10,Precinct 34,,MANHATTAN,1007703,256093,UNKNOWN,Unspecified,MANHATTAN,,,,,,,,40.86955948208545,-73.91520219442856,POINT (-73.915202194429 40.869559482085)
57969495,06/22/2023 12:35:11 AM,06/22/2023 12:45:21 AM,NYPD,New York City Police Department,Noise - Street/Sidewalk,Loud Music/Party,,Street/Sidewalk,11225,2121 BEEKMAN PLACE,BEEKMAN PLACE,DEAD END,FLATBUSH AVENUE,DEAD END,FLATBUSH AVENUE,ADDRESS,BROOKLYN,BEEKMAN PLACE,,Closed,,The Police Department responded to the complaint and with the information available observed no evidence of the violation at that time.,06/22/2023 12:45:25 AM,09 BROOKLYN,40,Precinct 71,3050260070,BROOKLYN,995080,179741,MOBILE,Unspecified,BROOKLYN,,,,,,,,40.66001760998396,-73.96096553336491,POINT (-73.960965533365 40.660017609984)
57955635,06/20/2023 09:52:00 AM,06/22/2023 04:44:00 AM,DSNY,Department of Sanitation,Derelict Vehicles,Derelict Vehicles,,Street,11236,639 EAST   86 STREET,EAST   86 STREET,FARRAGUT ROAD,GLENWOOD ROAD,,,ADDRESS,BROOKLYN,,,Closed,,The owner claimed the vehicle.Â Your request is now closed and no further action will be taken.,06/22/2023 12:00:00 PM,18 BROOKLYN,46,Precinct 69,3079910025,BROOKLYN,1008804,172726,PHONE,Unspecified,BROOKLYN,,,,,,,,40.64073554698667,-73.91152581134506,POINT (-73.911525811345 40.640735546987)
57954024,06/20/2023 07:46:00 AM,06/20/2023 04:40:00 PM,DOT,Department of Transportation,Traffic Signal Condition,Veh Signal Lamp,Out,,11203,,,,,SNYDER AVENUE,EAST 58 STREET,INTERSECTION,BROOKLYN,,N/A,Closed,,Service Request status for this request is available on the Department of Transportationâs website. Please click the âLearn Moreâ link below.,06/20/2023 04:40:00 PM,17 BROOKLYN,45,Precinct 67,,BROOKLYN,1005750,176312,UNKNOWN,Unspecified,BROOKLYN,,,,,,,,40.65058627934697,-73.9225187001517,POINT (-73.922518700152 40.650586279347)
57956472,06/20/2023 10:39:49 PM,01/11/2025 05:08:56 AM,DOHMH,Department of Health and Mental Hygiene,Mobile Food Vendor,Food Worker Activity,Bare Hands in Contact w/Food,Mobile Food Vendor,10027,2309 8 AVENUE,8 AVENUE,WEST  124 STREET,WEST  125 STREET,WEST  124 STREET,WEST  125 STREET,ADDRESS,NEW YORK,8 AVENUE,,Closed,,"The NYC Health Department has responded to your service request. For inspection results, please call (212) 676-1600 or email infobfscs@health.nyc.gov to request an inspection report. This service request has been closed.",01/11/2025 05:08:59 AM,10 MANHATTAN,09,Precinct 28,1019510022,MANHATTAN,997649,234239,ONLINE,Unspecified,MANHATTAN,,,,,,,,40.809597609887625,-73.95159757583741,POINT (-73.951597575837 40.809597609888)
57965256,06/21/2023 10:59:00 AM,06/22/2023 09:15:00 AM,DOT,Department of Transportation,Street Condition,Pothole,,,11375,71 AVENUE,71 AVENUE,AUSTIN STREET,QUEENS BOULEVARD,,,BLOCKFACE,QUEENS,,N/A,Closed,,The Department of Transportation inspected this complaint and repaired the problem.,06/22/2023 09:15:00 AM,06 QUEENS,,Precinct 112,,QUEENS,,,UNKNOWN,Unspecified,QUEENS,,,,,,,,,,
57960441,06/21/2023 09:26:10 AM,06/21/2023 10:08:08 AM,NYPD,New York City Police Department,Illegal Parking,Parking Permit Improper Use,Parked On Sidewalk,Street/Sidewalk,11205,2 PARK AVENUE,PARK AVENUE,NAVY STREET,MONUMENT WALK,NAVY STREET,MONUMENT WALK,ADDRESS,BROOKLYN,PARK AVENUE,,Closed,,The Police Department responded to the complaint and determined that police action was not necessary.,06/21/2023 10:08:13 AM,02 BROOKLYN,35,Precinct 88,,BROOKLYN,989818,192917,MOBILE,Unspecified,BROOKLYN,,,,,,,,40.69618762099756,-73.97992042327036,POINT (-73.97992042327 40.696187620998)
57954429,06/20/2023 07:28:06 AM,06/21/2023 12:38:30 PM,DSNY,Department of Sanitation,Dirty Condition,Trash,Not Cleaned by Property Owner,Gutter,10304,545 TARGEE STREET,TARGEE STREET,SOBEL COURT,CLIFFSIDE AVENUE,SOBEL COURT,CLIFFSIDE AVENUE,ADDRESS,STATEN ISLAND,TARGEE STREET,,Closed,,The Department of Sanitation will address the situation at the location by providing educational outreach about proper sanitation procedures.,06/21/2023 12:38:37 PM,01 STATEN ISLAND,49,Precinct 120,5029220020,STATEN ISLAND,960702,162854,ONLINE,Unspecified,STATEN ISLAND,,,,,,,,40.6136417272142,-74.0848148805367,POINT (-74.084814880537 40.613641727214)
57960072,06/20/2023 01:25:03 PM,06/20/2023 02:37:38 PM,NYPD,New York City Police Department,Noise - Residential,Banging/Pounding,,Residential Building/House,11368,108-22 45 AVENUE,45 AVENUE,108 STREET,111 STREET,108 STREET,111 STREET,ADDRESS,CORONA,45 AVENUE,,Closed,,The Police Department responded to the complaint and took action to fix the condition.,06/20/2023 02:37:42 PM,04 QUEENS,21,Precinct 110,4020010007,QUEENS,1023918,211829,ONLINE,Unspecified,QUEENS,,,,,,,,40.74800926775402,-73.85683610131032,POINT (-73.85683610131 40.748009267754)
57963582,06/21/2023 01:51:42 PM,06/22/2023 12:23:16 PM,DSNY,Department of Sanitation,Missed Collection,Compost,N/A,Street,11222,315 ECKFORD STREET,ECKFORD STREET,CALYER STREET,GREENPOINT AVENUE,CALYER STREET,GREENPOINT AVENUE,ADDRESS,BROOKLYN,ECKFORD STREET,,Closed,,The Department of Sanitation collected the requested items.,06/22/2023 11:35:36 AM,01 BROOKLYN,33,Precinct 94,3025750013,BROOKLYN,997501,205159,ONLINE,Unspecified,BROOKLYN,,,,,,,,40.72978081911307,-73.9521895448011,POINT (-73.952189544801 40.729780819113)
57959937,06/20/2023 09:42:57 PM,06/20/2023 10:05:17 PM,NYPD,New York City Police Department,Noise - Street/Sidewalk,Loud Music/Party,,Street/Sidewalk,11238,433 LAFAYETTE AVENUE,LAFAYETTE AVENUE,CLASSON AVENUE,FRANKLIN AVENUE,CLASSON AVENUE,FRANKLIN AVENUE,ADDRESS,BROOKLYN,LAFAYETTE AVENUE,,Closed,,The Police Department responded to the complaint and took action to fix the condition.,06/20/2023 10:05:22 PM,03 BROOKLYN,36,Precinct 79,3019380001,BROOKLYN,995966,190354,MOBILE,Unspecified,BROOKLYN,,,,,,,,40.689146775461836,-73.95775368411394,POINT (-73.957753684114 40.689146775462)
57952737,06/20/2023 11:41:50 AM,06/21/2023 04:10:23 PM,DSNY,Department of Sanitation,Street Sweeping Complaint,Inadequate Sweeping,Caused by a parked vehicle,Street,11377,69-04 31 AVENUE,31 AVENUE,69 STREET,70 STREET,69 STREET,70 STREET,ADDRESS,WOODSIDE,31 AVENUE,,Closed,,The Department of Sanitation investigated this complaint and found no condition at the location.,06/20/2023 12:19:34 PM,03 QUEENS,25,Precinct 115,4011400003,QUEENS,1012505,215440,PHONE,Unspecified,QUEENS,,,,,,,,40.75796437267806,-73.898011000523,POINT (-73.898011000523 40.757964372678)
57958965,06/20/2023 09:44:30 AM,06/27/2023 11:16:17 AM,HPD,Department of Housing Preservation and Development,PLUMBING,WATER SUPPLY,LOW WATER PRESSURE,RESIDENTIAL BUILDING,11230,1480 OCEAN AVENUE,OCEAN AVENUE,,,,,ADDRESS,BROOKLYN,,,Closed,,The Department of Housing Preservation and Development inspected the following conditions. Violations were issued. Information about specific violations is available at www.nyc.gov/hpd,06/27/2023 12:00:00 AM,14 BROOKLYN,44,Precinct 70,3067120090,BROOKLYN,996322,167457,ONLINE,Unspecified,BROOKLYN,,,,,,,,40.62629906949887,-73.95651098626831,POINT (-73.956510986268 40.626299069499)
57953493,06/20/2023 02:54:33 PM,06/27/2023 07:38:37 PM,HPD,Department of Housing Preservation and Development,GENERAL,JANITOR/SUPER,NO JANITOR AVAILABLE,RESIDENTIAL BUILDING,11230,1170 OCEAN AVENUE,OCEAN AVENUE,,,,,ADDRESS,BROOKLYN,,,Closed,,The Department of Housing Preservation and Development inspected the following conditions. No violations were issued. The complaint has been closed.,06/27/2023 12:00:00 AM,14 BROOKLYN,45,Precinct 70,3052400017,BROOKLYN,995923,170222,PHONE,Unspecified,BROOKLYN,,,,,,,,40.633888944680244,-73.95794358913294,POINT (-73.957943589133 40.63388894468)
57965301,06/21/2023 11:12:45 AM,07/11/2023 12:00:00 AM,DOB,Department of Buildings,General Construction/Plumbing,Building Permit - None,,,11379,75-27 67 DRIVE,67 DRIVE,,,,,ADDRESS,MIDDLE VILLAGE,,,Closed,,"The Department of Buildings attempted to investigate this complaint twice but could not gain access to the location. If the problem still exists, please call 311 and file a new complaint with additional access information. If you are outside of New York City, please call (212) NEW-YORK (212-639-9675).",07/11/2023 12:00:00 AM,05 QUEENS,30,Precinct 104,4037740048,QUEENS,1018338,198506,UNKNOWN,Unspecified,QUEENS,,,,,,,,40.71146419766059,-73.87704207957283,POINT (-73.877042079573 40.711464197661)
57959505,06/20/2023 08:10:59 PM,07/01/2023 01:22:07 PM,DSNY,Department of Sanitation,Missed Collection,Trash,N/A,Street,11691,18-23 GATEWAY BOULEVARD,GATEWAY BOULEVARD,NEW HAVEN AVENUE,WILLOW COURT,NEW HAVEN AVENUE,WILLOW COURT,ADDRESS,FAR ROCKAWAY,GATEWAY BOULEVARD,,Closed,,The Department of Sanitation investigated this complaint and found no condition at the location.,06/21/2023 10:05:15 PM,14 QUEENS,31,Precinct 101,4156280024,QUEENS,1053338,158031,ONLINE,Unspecified,QUEENS,,,,,,,,40.60016557567894,-73.75120966797057,POINT (-73.751209667971 40.600165575679)
57966885,06/21/2023 06:14:26 PM,06/26/2023 07:30:41 AM,HPD,Department of Housing Preservation and Development,HEAT/HOT WATER,ENTIRE BUILDING,NO HOT WATER,RESIDENTIAL BUILDING,11234,7208 AVENUE M,AVENUE M,,,,,ADDRESS,BROOKLYN,,,Closed,,The Department of Housing Preservation and Development inspected the following conditions. No violations were issued. The complaint has been closed.,06/26/2023 12:00:00 AM,18 BROOKLYN,46,Precinct 63,3083620043,BROOKLYN,1008742,167112,PHONE,Unspecified,BROOKLYN,,,,,,,,40.62532648644785,-73.91176958751917,POINT (-73.911769587519 40.625326486448)
57955338,06/20/2023 06:12:01 PM,06/21/2023 03:03:32 AM,NYPD,New York City Police Department,Illegal Parking,Blocked Sidewalk,,Street/Sidewalk,11385,70-01 FRESH POND ROAD,FRESH POND ROAD,70 AVENUE,71 AVENUE,70 AVENUE,71 AVENUE,ADDRESS,RIDGEWOOD,FRESH POND ROAD,,Closed,,The Police Department responded and upon arrival those responsible for the condition were gone.,06/21/2023 03:03:36 AM,05 QUEENS,30,Precinct 104,4036300042,QUEENS,1013320,195230,PHONE,Unspecified,QUEENS,,,,,,,,40.702490267856305,-73.89515649873151,POINT (-73.895156498732 40.702490267856)
57954753,06/20/2023 10:31:03 PM,06/20/2023 10:52:24 PM,NYPD,New York City Police Department,Noise - Vehicle,Car/Truck Music,,Street/Sidewalk,10036,9 AVENUE,9 AVENUE,9 AVENUE,WEST   42 STREET,9 AVENUE,WEST   42 STREET,INTERSECTION,,,,Closed,,The Police Department responded to the complaint and took action to fix the condition.,06/20/2023 10:52:28 PM,04 MANHATTAN,03,Precinct 14,,MANHATTAN,986291,215593,PHONE,Unspecified,MANHATTAN,,,,,,,,40.75842923013922,-73.99263277459292,POINT (-73.992632774593 40.758429230139)
57954438,06/20/2023 10:44:00 AM,06/20/2023 11:18:00 AM,DEP,Department of Environmental Protection,Sewer,Sewer Odor (SA2),SA2,,10001,,,,,WEST 28 STREET,8 AVENUE,INTERSECTION,MANHATTAN,,,Closed,,The Department of Environmental Protection has investigated this complaint and has performed repair work.,06/20/2023 11:18:00 AM,04 MANHATTAN,03,Precinct 10,,MANHATTAN,985304,211953,PHONE,Unspecified,MANHATTAN,,,,,,,,40.7484385262982,-73.9961960357371,POINT (-73.996196035737 40.748438526298)
57962430,06/21/2023 09:20:00 PM,06/22/2023 06:45:00 PM,DEP,Department of Environmental Protection,Noise,"Noise, Ice Cream Truck (NR4)",NR4,,11225,136 RUTLAND ROAD,RUTLAND ROAD,BEDFORD AVE,ROGERS AVE,,,ADDRESS,BROOKLYN,,N/A,Closed,,"The Department of Environmental Protection (DEP) didn't observe a violation of the NYC Air or Noise Code at the time of inspection and couldn't issue a summons.  If the problem still exists, please go to nyc.gov/311 or call 311 to file a new Service Request. If you're outside of New York City, please call (212) NEW-YORK (212-639-9675).",06/22/2023 06:45:00 PM,09 BROOKLYN,40,Precinct 71,3050380014,BROOKLYN,996511,179395,PHONE,Unspecified,BROOKLYN,,,,,,,,40.65906605035781,-73.95580842355137,POINT (-73.955808423551 40.659066050358)
57955149,06/20/2023 01:08:33 PM,07/03/2023 02:21:33 PM,DPR,Department of Parks and Recreation,Maintenance or Facility,Garbage or Litter,Other Litter,Park,11205,65 PARK AVENUE,PARK AVENUE,ST EDWARDS STREET,NORTH ELLIOTT PLACE,ST EDWARDS STREET,NORTH ELLIOTT PLACE,ADDRESS,BROOKLYN,PARK AVENUE,,Closed,,NYC Parks has completed the requested work order and corrected the problem.,07/03/2023 02:21:37 PM,02 BROOKLYN,35,Precinct 88,3020250150,BROOKLYN,990485,192994,MOBILE,Commodore Barry Park,BROOKLYN,,,,,,,,40.696398523304126,-73.97751498613107,POINT (-73.977514986131 40.696398523304)
57966822,06/21/2023 10:41:54 AM,06/21/2023 11:16:11 AM,NYPD,New York City Police Department,Noise - Residential,Loud Talking,,Residential Building/House,10003,325 EAST   12 STREET,EAST   12 STREET,2 AVENUE,1 AVENUE,2 AVENUE,1 AVENUE,ADDRESS,NEW YORK,EAST   12 STREET,,Closed,,The Police Department responded to the complaint and with the information available observed no evidence of the violation at that time.,06/21/2023 11:16:15 AM,03 MANHATTAN,02,Precinct 9,1004540059,MANHATTAN,988368,205491,ONLINE,Unspecified,MANHATTAN,,,,,,,,40.7307010448301,-73.98514178820042,POINT (-73.9851417882 40.73070104483)
57955752,06/20/2023 09:36:13 PM,06/20/2023 09:59:31 PM,NYPD,New York City Police Department,Illegal Parking,Posted Parking Sign Violation,,Street/Sidewalk,10036,1515 BROADWAY,BROADWAY,WEST   44 STREET,WEST   45 STREET,WEST   44 STREET,WEST   45 STREET,ADDRESS,NEW YORK,BROADWAY,,Closed,,The Police Department issued a summons in response to the complaint.,06/20/2023 09:59:37 PM,05 MANHATTAN,03,Precinct 14,1010160036,MANHATTAN,988183,215304,ONLINE,Unspecified,MANHATTAN,,,,,,,,40.75763535980379,-73.98580355106148,POINT (-73.985803551061 40.757635359804)
57956058,06/20/2023 10:29:00 PM,06/20/2023 11:00:00 PM,DEP,Department of Environmental Protection,Air Quality,"Air: Smoke, Vehicular (AA4)",AA4,,11366,78-15 PARSONS BOULEVARD,PARSONS BOULEVARD,78 AVE,78 RD,,,ADDRESS,FRESH MEADOWS,,N/A,Closed,,The Department of Environmental Protection will keep the location under observation for idling commercial vehicles.Â Summonses will be issued when warranted.,06/20/2023 11:00:00 PM,08 QUEENS,24,Precinct 107,4068290001,QUEENS,1037000,202363,ONLINE,Unspecified,QUEENS,,,,,,,,40.72195913199264,-73.80969682426189,POINT (-73.809696824262 40.721959131993)
57958542,06/20/2023 11:22:00 AM,06/21/2023 01:36:38 PM,DSNY,Department of Sanitation,Residential Disposal Complaint,Trash or Recycling Not Secure,N/A,Street,10465,223 BLAIR AVENUE,BLAIR AVENUE,THROGS NECK EXPRESSWAY,WISSMAN AVENUE,THROGS NECK EXPRESSWAY,WISSMAN AVENUE,ADDRESS,BRONX,BLAIR AVENUE,,Closed,,The Department of Sanitation investigated this complaint and found no violation at the location.,06/21/2023 01:36:42 PM,10 BRONX,13,Precinct 45,2055180226,BRONX,1037531,237957,ONLINE,Unspecified,BRONX,,,,,,,,40.81965195323957,-73.8074989814213,POINT (-73.807498981421 40.81965195324)
57955428,06/20/2023 03:37:20 PM,06/21/2023 11:23:59 AM,DSNY,Department of Sanitation,Missed Collection,Recycling - Paper/Metal/Glass/Rigid Plastic,N/A,Street,10011,45 WEST    8 STREET,WEST    8 STREET,MAC DOUGAL STREET,AVENUE OF THE AMERICAS,MAC DOUGAL STREET,AVENUE OF THE AMERICAS,ADDRESS,NEW YORK,WEST    8 STREET,,Closed,,The Department of Sanitation investigated and found this complaint to be out of jurisdiction. The Department of Sanitation reviewed this and found it not to be meeting the criteria for a complaint or service request.,06/21/2023 11:23:59 AM,02 MANHATTAN,02,Precinct 6,1005720066,MANHATTAN,984689,206379,ONLINE,Unspecified,MANHATTAN,,,,,,,,40.733139334673716,-73.99841598017716,POINT (-73.998415980177 40.733139334674)
57968118,06/21/2023 09:27:31 PM,06/21/2023 09:47:04 PM,NYPD,New York City Police Department,Noise - Vehicle,Car/Truck Music,,Street/Sidewalk,11206,534 FLUSHING AVENUE,FLUSHING AVENUE,LEE AVENUE,MARCY AVENUE,LEE AVENUE,MARCY AVENUE,ADDRESS,BROOKLYN,FLUSHING AVENUE,,Closed,,The Police Department responded to the complaint and with the information available observed no evidence of the violation at that time.,06/21/2023 09:47:07 PM,03 BROOKLYN,36,Precinct 79,3017190001,BROOKLYN,997491,194135,PHONE,Unspecified,BROOKLYN,,,,,,,,40.699522592794395,-73.95224730850803,POINT (-73.952247308508 40.699522592794)
57964491,06/21/2023 11:44:21 AM,07/25/2023 12:12:29 PM,DPR,Department of Parks and Recreation,Damaged Tree,Branch Cracked and Will Fall,Other,Street,11373,85-36 54 AVENUE,54 AVENUE,HASPEL STREET,VAN HORN STREET,HASPEL STREET,VAN HORN STREET,ADDRESS,ELMHURST,54 AVENUE,,Closed,,NYC Parks visited the location but could not find the tree condition you reported.,07/25/2023 12:12:34 PM,04 QUEENS,30,Precinct 110,4028780025,QUEENS,1017583,206643,PHONE,Unspecified,QUEENS,,,,,,,,40.733801150110516,-73.87972511671595,POINT (-73.879725116716 40.733801150111)
57963834,06/21/2023 09:59:00 AM,06/29/2023 07:45:00 AM,DEP,Department of Environmental Protection,Noise,Noise: Construction Equipment (NC1),NC1,,11215,705 CARROLL STREET,CARROLL STREET,6 AVE,7 AVE,,,ADDRESS,BROOKLYN,,N/A,Closed,,"The Department of Environmental Protection (DEP) didn't observe a violation of the NYC Air or Noise Code at the time of inspection and couldn't issue a summons.  If the problem still exists, please go to nyc.gov/311 or call 311 to file a new Service Request. If you're outside of New York City, please call (212) NEW-YORK (212-639-9675).",06/29/2023 07:45:00 AM,06 BROOKLYN,39,Precinct 78,3009607501,BROOKLYN,990440,184738,ONLINE,Unspecified,BROOKLYN,,,,,,,,40.67373772232627,-73.97768485235353,POINT (-73.977684852354 40.673737722326)
57953988,06/20/2023 09:38:18 AM,06/28/2023 09:53:17 AM,DOT,Department of Transportation,Sidewalk Condition,Sidewalk Violation,Sidewalk Re-inspection Request,Sidewalk,11422,253-30 149 ROAD,149 ROAD,253 STREET,WELLER LANE,253 STREET,WELLER LANE,ADDRESS,ROSEDALE,149 ROAD,,Closed,,The Department of Transportation has approved the sidewalk re-inspection request. The property owner will be notified by mail within 120 days with the date of re-inspection.,06/28/2023 09:53:22 AM,13 QUEENS,31,Precinct 105,4136560019,QUEENS,1057514,177031,PHONE,Unspecified,QUEENS,,,,,,,,40.65228280947191,-73.73596548098372,POINT (-73.735965480984 40.652282809472)
57954564,06/20/2023 05:37:25 AM,06/20/2023 09:51:59 AM,NYPD,New York City Police Department,Illegal Parking,Posted Parking Sign Violation,,Street/Sidewalk,11385,64 PLACE,64 PLACE,64 PLACE,OTTO ROAD,64 PLACE,OTTO ROAD,INTERSECTION,,,,Closed,,The Police Department responded and upon arrival those responsible for the condition were gone.,06/20/2023 09:52:04 AM,05 QUEENS,30,Precinct 104,,QUEENS,1014211,195375,PHONE,Unspecified,QUEENS,,,,,,,,40.70288528660005,-73.89194238729614,POINT (-73.891942387296 40.7028852866)
57965238,06/21/2023 12:59:00 PM,06/22/2023 01:45:00 AM,DEP,Department of Environmental Protection,Water System,Dirty Water (WE),WE,,11235,3030 EMMONS AVENUE,EMMONS AVENUE,LINCOLN TER,LAKE AVE,,,ADDRESS,BROOKLYN,,,Closed,,The Department of Environmental Protection investigated this complaint and opened fire hydrants to flush water mains in the area.,06/22/2023 01:45:00 AM,15 BROOKLYN,48,Precinct 61,3088150042,BROOKLYN,1001503,152020,PHONE,Unspecified,BROOKLYN,,,,,,,,40.58391909025041,-73.9378860294872,POINT (-73.937886029487 40.58391909025)
57953718,06/20/2023 07:53:24 AM,06/22/2023 09:02:39 AM,DPR,Department of Parks and Recreation,Maintenance or Facility,Structure - Outdoors,Other,Park,10026,MORNINGSIDE PARK,MORNINGSIDE PARK,WEST  116 STREET,WEST  117 STREET,WEST  116 STREET,WEST  117 STREET,UNRECOGNIZED,NEW YORK,MORNINGSIDE PARK,,Closed,,NYC Parks has completed the requested work order and corrected the problem.,06/22/2023 09:02:43 AM,09 MANHATTAN,07,Precinct 26,1018500001,MANHATTAN,995757,232836,ONLINE,Unspecified,MANHATTAN,,,,,,,,40.805749429987166,-73.95843462297886,POINT (-73.958434622979 40.805749429987)
57956265,06/20/2023 03:28:54 PM,06/25/2023 09:15:58 AM,HPD,Department of Housing Preservation and Development,UNSANITARY CONDITION,MOLD,N/A,RESIDENTIAL BUILDING,10033,579 WEST  177 STREET,WEST  177 STREET,,,,,ADDRESS,NEW YORK,,,Closed,,The Department of Housing Preservation and Development inspected the following conditions. No violations were issued. The complaint has been closed.,06/25/2023 12:00:00 AM,12 MANHATTAN,10,Precinct 33,1021330086,MANHATTAN,1002220,247685,ONLINE,Unspecified,MANHATTAN,,,,,,,,40.84649491406042,-73.93504932802512,POINT (-73.935049328025 40.84649491406)
57959604,06/20/2023 11:13:00 AM,06/21/2023 10:24:00 AM,DSNY,Department of Sanitation,Derelict Vehicles,Derelict Vehicles,,Street,11235,172 PEMBROKE STREET,PEMBROKE STREET,SHORE BOULEVARD,DEAD END,,,ADDRESS,BROOKLYN,,,Closed,,The owner claimed the vehicle.Â Your request is now closed and no further action will be taken.,06/21/2023 12:00:00 PM,15 BROOKLYN,48,Precinct 61,3087580023,BROOKLYN,1001740,150341,PHONE,Unspecified,BROOKLYN,,,,,,,,40.57931010414394,-73.93703713102296,POINT (-73.937037131023 40.579310104144)
57958335,06/20/2023 03:00:14 AM,06/20/2023 03:25:21 AM,NYPD,New York City Police Department,Illegal Parking,Blocked Hydrant,,Street/Sidewalk,11208,39 HILL STREET,HILL STREET,EUCLID AVENUE,CRESCENT STREET,EUCLID AVENUE,CRESCENT STREET,ADDRESS,BROOKLYN,HILL STREET,,Closed,,The Police Department responded to the complaint and with the information available observed no evidence of the violation at that time.,06/20/2023 03:25:28 AM,05 BROOKLYN,37,Precinct 75,3041650041,BROOKLYN,1019834,186592,ONLINE,Unspecified,BROOKLYN,,,,,,,,40.67875717656123,-73.87170884404335,POINT (-73.871708844043 40.678757176561)
57969225,06/21/2023 12:17:23 PM,06/21/2023 12:20:40 PM,TLC,Taxi and Limousine Commission,Lost Property,Electronics/Phones,Computer/Laptop,Taxi,10022,EAST   51 STREET,EAST   51 STREET,EAST   51 STREET,MADISON AVENUE,EAST   51 STREET,MADISON AVENUE,INTERSECTION,,,,Closed,,See notes for information.,06/21/2023 12:20:47 PM,05 MANHATTAN,04,Precinct 18,,MANHATTAN,991139,215615,UNKNOWN,Unspecified,MANHATTAN,,,"EAST   51 STREET AND MADISON AVENUE, MANHATTAN, NY, 10022",,,,,40.75848716625744,-73.97513333630766,POINT (-73.975133336308 40.758487166257)
57960747,06/21/2023 08:15:28 AM,06/28/2023 12:20:23 PM,DOT,Department of Transportation,Street Sign - Missing,"No Parking, Standing, Stopping",,Street,10282,300 NORTH END AVENUE,NORTH END AVENUE,PARK PLACE WEST,WARREN STREET,PARK PLACE WEST,WARREN STREET,ADDRESS,NEW YORK,NORTH END AVENUE,,Closed,,The Department of Transportation has completed the request or corrected the condition.,06/28/2023 12:20:32 PM,01 MANHATTAN,01,Precinct 1,1000167519,MANHATTAN,980143,200326,PHONE,Unspecified,MANHATTAN,,,,,,,,40.716524376242766,-74.01481537064902,POINT (-74.014815370649 40.716524376243)
57965553,06/21/2023 09:40:00 AM,06/22/2023 02:42:00 AM,DSNY,Department of Sanitation,Derelict Vehicles,Derelict Vehicles,,Street,11418,85-05 101 STREET,101 STREET,85 ROAD,86 AVENUE,,,ADDRESS,RICHMOND HILL,,DSNY Garage,Closed,,The Department of Sanitation (DSNY) couldn't find the condition. Please file a new Service Request with more details about the location.,06/22/2023 12:00:00 PM,09 QUEENS,29,Precinct 102,4091790003,QUEENS,1026596,193245,PHONE,Unspecified,QUEENS,,,,,,,,40.69698834203776,-73.84728800439925,POINT (-73.847288004399 40.696988342038)
57964635,06/21/2023 09:03:11 PM,07/27/2023 12:19:06 PM,EDC,Economic Development Corporation,Noise - Helicopter,Other,Flying Too Low,Above Address,10023,156 WEST   72 STREET,WEST   72 STREET,COLUMBUS AVENUE,AMSTERDAM AVENUE,COLUMBUS AVENUE,AMSTERDAM AVENUE,ADDRESS,NEW YORK,WEST   72 STREET,,Closed,,"The New York City Economic Development Corporation determined that this issue is not within its jurisdiction because the helicopter did not belong to a tour company departing from a NYC heliport.Â  Instead, it was most likely a law enforcement or news gathering helicopter not subject to the routing protocols established for tour helicopters. It may also have been a helicopter that departed as a charter or tour from another City but flew over NYC airspace. Helicopter tours originating from outside NYC are not subject to the same City regulations as tours departing from heliports managed by NYCEDC. Any City regulation of these flights is pre-empted by federal law and subject only to the jurisdiction of the Federal Aviation Administration. To file a complaint with the FAA, you can contact the New York Flight Standards District Office at the following web address:Â https://www.faa.gov/about/office_org/field_offices/fsdo/",07/27/2023 12:19:09 PM,07 MANHATTAN,06,Precinct 20,1011430155,MANHATTAN,989636,222776,ONLINE,Unspecified,MANHATTAN,,,,,,,,40.77814329449082,-73.98055285458501,POINT (-73.980552854585 40.778143294491)
57968028,06/21/2023 11:14:55 PM,06/22/2023 01:01:09 PM,DSNY,Department of Sanitation,Dead Animal,Cat,Street or Sidewalk,Street,10305,WEST FINGERBOARD ROAD,WEST FINGERBOARD ROAD,WEST FINGERBOARD ROAD,SHERIDAN AVENUE,WEST FINGERBOARD ROAD,SHERIDAN AVENUE,INTERSECTION,,,,Closed,,The Department of Sanitation removed the items.,06/22/2023 11:26:21 AM,02 STATEN ISLAND,50,Precinct 122,,STATEN ISLAND,961253,158603,PHONE,Unspecified,STATEN ISLAND,,,,,,,,40.60197505504821,-74.08281582164484,POINT (-74.082815821645 40.601975055048)
57965958,06/21/2023 10:35:08 PM,06/22/2023 01:20:07 AM,NYPD,New York City Police Department,Illegal Parking,Blocked Sidewalk,,Street/Sidewalk,11421,84-41 85 DRIVE,85 DRIVE,FOREST PARKWAY,85 STREET,FOREST PARKWAY,85 STREET,ADDRESS,WOODHAVEN,85 DRIVE,,Closed,,The Police Department responded to the complaint and took action to fix the condition.,06/22/2023 01:20:15 AM,09 QUEENS,32,Precinct 102,4088560121,QUEENS,1022845,192322,ONLINE,Unspecified,QUEENS,,,,,,,,40.69447207837842,-73.86082046647141,POINT (-73.860820466471 40.694472078378)
57954330,06/20/2023 09:13:45 PM,06/20/2023 09:40:40 PM,NYPD,New York City Police Department,Illegal Parking,Commercial Overnight Parking,,Street/Sidewalk,10305,222 DONGAN HILLS AVENUE,DONGAN HILLS AVENUE,VERA STREET,HYLAN BOULEVARD,VERA STREET,HYLAN BOULEVARD,ADDRESS,STATEN ISLAND,DONGAN HILLS AVENUE,,Closed,,The Police Department issued a summons in response to the complaint.,06/20/2023 09:40:46 PM,02 STATEN ISLAND,50,Precinct 122,5035490016,STATEN ISLAND,957854,152519,MOBILE,Unspecified,STATEN ISLAND,,,,,,,,40.5852662352156,-74.09503237830515,POINT (-74.095032378305 40.585266235216)
57954609,06/20/2023 09:42:58 AM,06/20/2023 11:03:20 AM,NYPD,New York City Police Department,Noise - Residential,Banging/Pounding,,Residential Building/House,10037,1980 PARK AVENUE,PARK AVENUE,HARLEM RIVER DRIVE EXIT   20 SB,EAST  135 STREET,HARLEM RIVER DRIVE EXIT   20 SB,EAST  135 STREET,ADDRESS,NEW YORK,PARK AVENUE,,Closed,,The Police Department responded to the complaint and with the information available observed no evidence of the violation at that time.,06/20/2023 11:03:26 AM,11 MANHATTAN,09,Precinct 25,1017570020,MANHATTAN,1002158,234548,ONLINE,Unspecified,MANHATTAN,,,,,,,,40.81043773988424,-73.93530848660602,POINT (-73.935308486606 40.810437739884)
57960513,06/21/2023 09:55:17 AM,06/22/2023 02:26:42 PM,DPR,Department of Parks and Recreation,Dead/Dying Tree,Planted More Than 2 Years Ago,N/A,Street,10469,3768 BRONXWOOD AVENUE,BRONXWOOD AVENUE,EAST  218 STREET,EAST  219 STREET,EAST  218 STREET,EAST  219 STREET,ADDRESS,BRONX,BRONXWOOD AVENUE,,Closed,,NYC Parks visited the site and inspected the condition. No work is necessary at this time.,06/22/2023 02:26:46 PM,12 BRONX,12,Precinct 47,2046890039,BRONX,1023717,260402,ONLINE,Unspecified,BRONX,,,,,,,,40.88132926771624,-73.85727589559151,POINT (-73.857275895592 40.881329267716)
57964563,06/21/2023 10:37:15 AM,08/03/2023 03:32:33 PM,DPR,Department of Parks and Recreation,Dead/Dying Tree,Planted Less Than 2 Years Ago,N/A,Street,11215,366 4 STREET,4 STREET,5 AVENUE,6 AVENUE,5 AVENUE,6 AVENUE,ADDRESS,BROOKLYN,4 STREET,,Closed,,NYC Parks visited the site and inspected the condition. No work is necessary at this time.,08/03/2023 03:32:38 PM,06 BROOKLYN,39,Precinct 78,3009850043,BROOKLYN,989263,183845,PHONE,Unspecified,BROOKLYN,,,,,,,,40.67128738242789,-73.98192863894273,POINT (-73.981928638943 40.671287382428)
57954150,06/20/2023 08:29:24 PM,06/22/2023 12:29:36 PM,DSNY,Department of Sanitation,Dirty Condition,Trash,Littering,Sidewalk,11237,2 KNICKERBOCKER AVENUE,KNICKERBOCKER AVENUE,JOHNSON AVENUE,INGRAHAM STREET,JOHNSON AVENUE,INGRAHAM STREET,ADDRESS,BROOKLYN,KNICKERBOCKER AVENUE,,Closed,,The Department of Sanitation investigated this complaint and found no violation at the location.,06/22/2023 12:29:40 PM,01 BROOKLYN,34,Precinct 90,3029910005,BROOKLYN,1003105,197113,MOBILE,Unspecified,BROOKLYN,,,,,,,,40.70768631977896,-73.93199249970203,POINT (-73.931992499702 40.707686319779)
57963897,06/21/2023 07:02:00 PM,06/23/2023 05:10:00 PM,DEP,Department of Environmental Protection,Water System,Hydrant Running (WC3),WC3,,11206,,,,,GRAHAM AVENUE,JOHNSON AVENUE,INTERSECTION,BROOKLYN,,,Closed,,The Department of Environmental Protection investigated this complaint and shut the running hydrant.,06/23/2023 05:10:00 PM,01 BROOKLYN,34,Precinct 90,,BROOKLYN,1000030,196714,ONLINE,Unspecified,BROOKLYN,,,,,,,,40.70659717757548,-73.94308455112181,POINT (-73.943084551122 40.706597177575)
57960378,06/20/2023 08:32:29 AM,06/30/2023 07:46:40 AM,HPD,Department of Housing Preservation and Development,WATER LEAK,HEAVY FLOW,AT WALL OR CEILING,RESIDENTIAL BUILDING,10456,1260 CLAY AVENUE,CLAY AVENUE,,,,,ADDRESS,BRONX,,,Closed,,The Department of Housing Preservation and Development was unable to access the rooms where the following  conditions were reported. No violations were issued. The complaint has been closed.,06/30/2023 12:00:00 AM,04 BRONX,16,Precinct 44,2024270015,BRONX,1009192,243016,PHONE,Unspecified,BRONX,,,,,,,,40.83366293406425,-73.9098671478745,POINT (-73.909867147874 40.833662934064)
57967677,06/21/2023 02:07:43 AM,06/26/2023 10:18:29 AM,DSNY,Department of Sanitation,Illegal Dumping,Removal Request,N/A,Sidewalk,10451,406 EAST  161 STREET,EAST  161 STREET,MELROSE AVENUE,ELTON AVENUE,MELROSE AVENUE,ELTON AVENUE,ADDRESS,BRONX,EAST  161 STREET,,Closed,,The Department of Sanitation investigated this complaint and issued a Notice of Violation.,06/24/2023 06:55:50 AM,03 BRONX,17,Precinct 42,2023827502,BRONX,1008212,239515,MOBILE,Unspecified,BRONX,,,,,,,,40.82405640826264,-73.9134210739072,POINT (-73.913421073907 40.824056408263)
57968046,06/21/2023 10:45:16 PM,06/21/2023 11:04:18 PM,NYPD,New York City Police Department,Noise - Residential,Loud Music/Party,,Residential Building/House,11237,396 LINDEN STREET,LINDEN STREET,WYCKOFF AVENUE,ST NICHOLAS AVENUE,WYCKOFF AVENUE,ST NICHOLAS AVENUE,ADDRESS,BROOKLYN,LINDEN STREET,,Closed,,The Police Department responded to the complaint and with the information available observed no evidence of the violation at that time.,06/21/2023 11:04:22 PM,04 BROOKLYN,37,Precinct 83,3033380014,BROOKLYN,1008644,194639,ONLINE,Unspecified,BROOKLYN,,,,,,,,40.70088223806381,-73.91202303061158,POINT (-73.912023030612 40.700882238064)
57965229,06/21/2023 12:15:44 PM,06/21/2023 12:35:44 PM,NYPD,New York City Police Department,Encampment,N/A,,Park/Playground,11211,CONTINENTAL ARMY PLAZA,CONTINENTAL ARMY PLAZA,SOUTH    4 STREET,WILLIAMSBURG BRG EN S    4 ST,SOUTH    4 STREET,WILLIAMSBURG BRG EN S    4 ST,UNRECOGNIZED,BROOKLYN,CONTINENTAL ARMY PLAZA,,Closed,,The Police Department visited the location and no Encampment was found.,06/21/2023 12:35:52 PM,01 BROOKLYN,34,Precinct 90,3024460056,BROOKLYN,995218,198174,PHONE,Unspecified,BROOKLYN,,,,,,,,40.710611804721566,-73.96043813574713,POINT (-73.960438135747 40.710611804722)
57965931,06/21/2023 07:24:56 AM,06/22/2023 09:12:25 AM,DOT,Department of Transportation,Broken Parking Meter,No Receipt,Payment by Card,Street,10004,60 BEAVER STREET,BEAVER STREET,SOUTH WILLIAM STREET,HANOVER STREET,SOUTH WILLIAM STREET,HANOVER STREET,ADDRESS,NEW YORK,BEAVER STREET,,Closed,,"The Department of Transportation inspected the condition you reported. You can find additional information in the ""Notes to Customer"" field.",06/22/2023 09:12:32 AM,01 MANHATTAN,01,Precinct 1,1000280001,MANHATTAN,981522,196187,PHONE,Unspecified,MANHATTAN,,,,,,,,40.70516433719815,-74.00983916328751,POINT (-74.009839163288 40.705164337198)
57961170,06/21/2023 10:35:03 PM,06/22/2023 12:04:46 AM,DSNY,Department of Sanitation,Vendor Enforcement,Food Vendor,In Prohibited Area,Street,10036,263 WEST   42 STREET,WEST   42 STREET,7 AVENUE,8 AVENUE,7 AVENUE,8 AVENUE,ADDRESS,NEW YORK,WEST   42 STREET,,Closed,,N/A,06/22/2023 12:04:51 AM,05 MANHATTAN,03,Precinct 14,1010140001,MANHATTAN,987278,215050,PHONE,Unspecified,MANHATTAN,,,,,,,,40.75693855088533,-73.9890703285979,POINT (-73.989070328598 40.756938550885)
57958371,06/20/2023 07:04:59 AM,06/20/2023 08:03:44 AM,NYPD,New York City Police Department,Illegal Parking,Blocked Hydrant,,Street/Sidewalk,10466,655 EAST  230 STREET,EAST  230 STREET,CARPENTER AVENUE,LOWERRE PLACE,CARPENTER AVENUE,LOWERRE PLACE,ADDRESS,BRONX,EAST  230 STREET,,Closed,,The Police Department issued a summons in response to the complaint.,06/20/2023 08:03:56 AM,12 BRONX,11,Precinct 47,2048330028,BRONX,1022911,264242,PHONE,Unspecified,BRONX,,,,,,,,40.89187241649303,-73.86016845296459,POINT (-73.860168452965 40.891872416493)
57962070,06/21/2023 06:47:55 PM,06/21/2023 08:45:34 PM,NYPD,New York City Police Department,Illegal Parking,Blocked Hydrant,,Street/Sidewalk,10451,EAST  159 STREET,EAST  159 STREET,COURTLANDT AVENUE,EAST  159 STREET,COURTLANDT AVENUE,EAST  159 STREET,INTERSECTION,,,,Closed,,The Police Department responded to the complaint and with the information available observed no evidence of the violation at that time.,06/21/2023 08:45:40 PM,01 BRONX,17,Precinct 40,,BRONX,1007439,239300,MOBILE,Unspecified,BRONX,,,,,,,,40.82346835769243,-73.91621480033969,POINT (-73.91621480034 40.823468357692)
57967497,06/21/2023 01:38:31 PM,06/21/2023 01:59:53 PM,NYPD,New York City Police Department,Illegal Parking,Posted Parking Sign Violation,,Street/Sidewalk,11220,4404 6 AVENUE,6 AVENUE,44 STREET,45 STREET,44 STREET,45 STREET,ADDRESS,BROOKLYN,6 AVENUE,,Closed,,The Police Department responded to the complaint and determined that police action was not necessary.,06/21/2023 01:59:58 PM,07 BROOKLYN,38,Precinct 72,3007390037,BROOKLYN,982936,175010,PHONE,Unspecified,BROOKLYN,,,,,,,,40.647038573013724,-74.00473511633918,POINT (-74.004735116339 40.647038573014)
57964905,06/21/2023 09:56:05 AM,06/21/2023 09:56:05 AM,DOB,Department of Buildings,General Construction/Plumbing,Cons - Contrary/Beyond Approved Plans/Permits,,,11219,1134 56 STREET,56 STREET,,,,,ADDRESS,BROOKLYN,,,Closed,,"The Department of Buildings reviewed this complaint and closed it. If the problem still exists, please call 311 and file a new complaint. If you are outside of New York City, please call (212) NEW-YORK (212-639-9675).",06/21/2023 12:00:00 AM,12 BROOKLYN,44,Precinct 66,3056890023,BROOKLYN,984322,169981,UNKNOWN,Unspecified,BROOKLYN,,,,,,,,40.633235141867154,-73.99974059523686,POINT (-73.999740595237 40.633235141867)
57957660,06/20/2023 11:21:00 AM,06/24/2023 05:39:43 PM,HPD,Department of Housing Preservation and Development,UNSANITARY CONDITION,MOLD,N/A,RESIDENTIAL BUILDING,10023,148 WEST   76 STREET,WEST   76 STREET,,,,,ADDRESS,NEW YORK,,,Closed,,The Department of Housing Preservation and Development inspected the following conditions. No violations were issued. The complaint has been closed.,06/24/2023 12:00:00 AM,07 MANHATTAN,06,Precinct 20,1011470150,MANHATTAN,990257,223664,PHONE,Unspecified,MANHATTAN,,,,,,,,40.78058021954753,-73.97830982583048,POINT (-73.97830982583 40.780580219548)
57963690,06/21/2023 06:56:00 AM,06/22/2023 06:45:00 AM,DEP,Department of Environmental Protection,Noise,Noise: Construction Before/After Hours (NM1),NM1,,10451,225 EAST  134 STREET,EAST  134 STREET,DEAD END,3 AVENUE BRIDGE BIKE PATH,,,ADDRESS,BRONX,,N/A,Closed,,"The Department of Environmental Protection (DEP) didn't observe a violation of the NYC Air or Noise Code at the time of inspection and couldn't issue a summons.  If the problem still exists, please go to nyc.gov/311 or call 311 to file a new Service Request. If you're outside of New York City, please call (212) NEW-YORK (212-639-9675).",06/22/2023 06:45:00 AM,01 BRONX,08,Precinct 40,2023190037,BRONX,1003473,234101,PHONE,Unspecified,BRONX,,,,,,,,40.80920808587498,-73.93055941455104,POINT (-73.930559414551 40.809208085875)
57956931,06/20/2023 06:51:00 AM,06/20/2023 10:00:00 AM,DOT,Department of Transportation,Traffic Signal Condition,Controller,Operating Improperly,,,,,,,ASTORIA BLVD,31 ST,INTERSECTION,,,N/A,Closed,,Service Request status for this request is available on the Department of Transportationâs website. Please click the âLearn Moreâ link below.,06/20/2023 10:00:00 AM,Unspecified QUEENS,,Unspecified,,QUEENS,,,UNKNOWN,Unspecified,QUEENS,,,,,,,,,,
57969990,06/21/2023 10:44:00 PM,06/22/2023 09:00:47 AM,NYPD,New York City Police Department,Illegal Parking,Blocked Sidewalk,,Street/Sidewalk,11421,89-30 85 STREET,85 STREET,89 AVENUE,91 AVENUE,89 AVENUE,91 AVENUE,ADDRESS,WOODHAVEN,85 STREET,,Closed,,The Police Department responded to the complaint and took action to fix the condition.,06/22/2023 09:00:52 AM,09 QUEENS,32,Precinct 102,4089660021,QUEENS,1023716,190226,PHONE,Unspecified,QUEENS,,,,,,,,40.68871520827384,-73.85769179068821,POINT (-73.857691790688 40.688715208274)
57967308,06/21/2023 12:37:08 PM,06/21/2023 12:51:40 PM,NYPD,New York City Police Department,Illegal Parking,Posted Parking Sign Violation,,Street/Sidewalk,11249,288 BERRY STREET,BERRY STREET,SOUTH    2 STREET,SOUTH    3 STREET,SOUTH    2 STREET,SOUTH    3 STREET,ADDRESS,BROOKLYN,BERRY STREET,,Closed,,The Police Department responded to the complaint and took action to fix the condition.,06/21/2023 12:51:47 PM,01 BROOKLYN,34,Precinct 90,3024160151,BROOKLYN,994285,199235,ONLINE,Unspecified,BROOKLYN,,,,,,,,40.71352510435361,-73.96380190940029,POINT (-73.9638019094 40.713525104354)
57954969,06/20/2023 06:43:00 PM,07/03/2023 10:11:34 AM,HPD,Department of Housing Preservation and Development,UNSANITARY CONDITION,PESTS,ROACHES,RESIDENTIAL BUILDING,11415,84-47 118 STREET,118 STREET,,,,,ADDRESS,KEW GARDENS,,,Closed,,"The Department of Housing Preservation and Development was not able to gain access to inspect the following conditions. The complaint has been closed. If the condition still exists, please file a new complaint.",07/03/2023 12:00:00 AM,09 QUEENS,29,Precinct 102,4092340034,QUEENS,1030463,195550,ONLINE,Unspecified,QUEENS,,,,,,,,40.703295668130146,-73.83332669326022,POINT (-73.83332669326 40.70329566813)
57958380,06/20/2023 08:18:16 AM,06/20/2023 11:33:55 AM,NYPD,New York City Police Department,Illegal Parking,Posted Parking Sign Violation,,Street/Sidewalk,11249,133 WYTHE AVENUE,WYTHE AVENUE,NORTH    8 STREET,NORTH    7 STREET,NORTH    8 STREET,NORTH    7 STREET,ADDRESS,BROOKLYN,WYTHE AVENUE,,Closed,,The Police Department responded to the complaint and with the information available observed no evidence of the violation at that time.,06/20/2023 11:33:58 AM,01 BROOKLYN,33,Precinct 94,3023180002,BROOKLYN,995317,201537,PHONE,Unspecified,BROOKLYN,,,,,,,,40.71984231128169,-73.96007551146769,POINT (-73.960075511468 40.719842311282)
57958659,06/20/2023 11:15:00 PM,06/20/2023 11:52:46 PM,NYPD,New York City Police Department,Noise - Residential,Loud Music/Party,,Residential Building/House,10458,2983 BRIGGS AVENUE,BRIGGS AVENUE,BEDFORD PARK BOULEVARD,EAST  201 STREET,BEDFORD PARK BOULEVARD,EAST  201 STREET,ADDRESS,BRONX,BRIGGS AVENUE,,Closed,,The Police Department responded to the complaint and with the information available observed no evidence of the violation at that time.,06/20/2023 11:52:51 PM,07 BRONX,11,Precinct 52,2033030025,BRONX,1016009,256820,ONLINE,Unspecified,BRONX,,,,,,,,40.871528896249075,-73.88516720158638,POINT (-73.885167201586 40.871528896249)
57969774,06/21/2023 02:01:58 PM,06/21/2023 02:34:45 PM,NYPD,New York City Police Department,Illegal Parking,Blocked Bike Lane,,Street/Sidewalk,11109,46-10 CENTER BOULEVARD,CENTER BOULEVARD,46 AVENUE,47 AVENUE,46 AVENUE,47 AVENUE,ADDRESS,LONG ISLAND CITY,CENTER BOULEVARD,,Closed,,The Police Department responded to the complaint and took action to fix the condition.,06/21/2023 02:34:50 PM,02 QUEENS,26,Precinct 108,4000210110,QUEENS,996330,211452,ONLINE,Unspecified,QUEENS,,,,,,,,40.74705521915176,-73.95640328649877,POINT (-73.956403286499 40.747055219152)
57955302,06/20/2023 10:17:06 AM,06/20/2023 03:25:44 PM,NYPD,New York City Police Department,Abandoned Vehicle,With License Plate,,Street/Sidewalk,11365,164-21 71 AVENUE,71 AVENUE,164 STREET,165 STREET,164 STREET,165 STREET,ADDRESS,FRESH MEADOWS,71 AVENUE,,Closed,,The Police Department responded to the complaint and took action to fix the condition.,06/20/2023 03:25:48 PM,08 QUEENS,24,Precinct 107,4069330065,QUEENS,1038349,205466,ONLINE,Unspecified,QUEENS,,,,,,,,40.7304679443897,-73.80480518462669,POINT (-73.804805184627 40.73046794439)
57969612,06/21/2023 12:23:00 PM,06/21/2023 03:05:00 PM,DOT,Department of Transportation,Traffic Signal Condition,Controller,Operating Improperly,,11220,,,,,3 AVENUE,55 STREET,INTERSECTION,BROOKLYN,,N/A,Closed,,Service Request status for this request is available on the Department of Transportationâs website. Please click the âLearn Moreâ link below.,06/21/2023 03:05:00 PM,07 BROOKLYN,38,Precinct 72,,BROOKLYN,979402,174218,UNKNOWN,Unspecified,BROOKLYN,,,,,,,,40.64486347456397,-74.0174696315225,POINT (-74.017469631522 40.644863474564)
57967866,06/21/2023 11:16:20 PM,06/21/2023 11:53:50 PM,NYPD,New York City Police Department,Blocked Driveway,Partial Access,,Street/Sidewalk,11354,33-04 143 STREET,143 STREET,33 AVENUE,DEAD END,33 AVENUE,DEAD END,ADDRESS,FLUSHING,143 STREET,,Closed,,The Police Department issued a summons in response to the complaint.,06/21/2023 11:53:54 PM,07 QUEENS,20,Precinct 109,4049810024,QUEENS,1032387,219098,MOBILE,Unspecified,QUEENS,,,,,,,,40.76791873018817,-73.82621906292141,POINT (-73.826219062921 40.767918730188)
57955626,06/20/2023 12:55:51 PM,06/20/2023 12:55:51 PM,DOB,Department of Buildings,General Construction/Plumbing,Debris - Falling Or In Danger Of Falling,,,11377,61-10 QUEENS BOULEVARD,QUEENS BOULEVARD,,,,,ADDRESS,WOODSIDE,,N/A,Closed,,The Department of Buildings investigated this complaint and issued an Office of Administrative Trials and Hearings (OATH) summons.,06/20/2023 12:00:00 AM,02 QUEENS,26,Precinct 108,4023140100,QUEENS,1011067,209384,UNKNOWN,Unspecified,QUEENS,,,,,,,,40.741346668583084,-73.90322573811837,POINT (-73.903225738118 40.741346668583)
57963204,06/21/2023 10:54:52 AM,06/30/2023 01:04:34 PM,DPR,Department of Parks and Recreation,Damaged Tree,Branch or Limb Has Fallen Down,Blocking Street,Street,11372,87-10 34 AVENUE,34 AVENUE,87 STREET,88 STREET,87 STREET,88 STREET,ADDRESS,JACKSON HEIGHTS,34 AVENUE,,Closed,,NYC Parks visited the site and inspected the condition. No work is necessary at this time.,06/30/2023 01:04:38 PM,03 QUEENS,25,Precinct 115,4014480001,QUEENS,1017446,214087,MOBILE,Unspecified,QUEENS,,,,,,,,40.7542335652968,-73.88018271109975,POINT (-73.8801827111 40.754233565297)
57964068,06/21/2023 09:15:00 PM,06/21/2023 10:01:16 PM,NYPD,New York City Police Department,Noise - Street/Sidewalk,Loud Music/Party,,Street/Sidewalk,11106,33-66 21 STREET,21 STREET,33 ROAD,34 AVENUE,33 ROAD,34 AVENUE,ADDRESS,ASTORIA,21 STREET,,Closed,,The Police Department responded to the complaint and with the information available observed no evidence of the violation at that time.,06/21/2023 10:01:21 PM,01 QUEENS,22,Precinct 114,4005280050,QUEENS,1002690,217416,MOBILE,Unspecified,QUEENS,,,,,,,,40.76341390202881,-73.9334337008054,POINT (-73.933433700805 40.763413902029)
59456961,10/04/2023 09:50:12 AM,,HPD,Department of Housing Preservation and Development,Door/Window,Door,Lock Broken or Missing,Apartment,10458,4575 PARK AVENUE,PARK AVENUE,EAST  184 STREET,EAST  185 STREET,EAST  184 STREET,EAST  185 STREET,ADDRESS,BRONX,PARK AVENUE,,In Progress,,,,06 BRONX,15,Precinct 48,2030310069,BRONX,1013590,251444,PHONE,Unspecified,BRONX,,,,,,,,40.856781786769695,-73.8939372426174,POINT (-73.893937242617 40.85678178677)
57954672,06/20/2023 04:42:40 PM,06/20/2023 06:45:00 PM,NYPD,New York City Police Department,Noise - Residential,Banging/Pounding,,Residential Building/House,10457,1872 MONROE AVENUE,MONROE AVENUE,MOUNT HOPE PLACE,EAST TREMONT AVENUE,MOUNT HOPE PLACE,EAST TREMONT AVENUE,ADDRESS,BRONX,MONROE AVENUE,,Closed,,The Police Department responded to the complaint and took action to fix the condition.,06/20/2023 06:45:07 PM,05 BRONX,15,Precinct 46,2028040001,BRONX,1010260,248435,ONLINE,Unspecified,BRONX,,,,,,,,40.848533419181855,-73.90598670450618,POINT (-73.905986704506 40.848533419182)
57959928,06/20/2023 09:49:23 AM,06/20/2023 02:11:44 PM,NYPD,New York City Police Department,Illegal Parking,Posted Parking Sign Violation,,Street/Sidewalk,10305,20 MERLE PLACE,MERLE PLACE,FINGERBOARD ROAD,DEAD END,FINGERBOARD ROAD,DEAD END,ADDRESS,STATEN ISLAND,MERLE PLACE,,Closed,,The Police Department responded to the complaint and took action to fix the condition.,06/20/2023 02:11:49 PM,01 STATEN ISLAND,49,Precinct 120,5030030082,STATEN ISLAND,965205,160335,PHONE,Unspecified,STATEN ISLAND,,,,,,,,40.606738414757515,-74.06858893692736,POINT (-74.068588936927 40.606738414758)
57964194,06/21/2023 08:36:47 AM,08/15/2023 09:06:28 AM,TLC,Taxi and Limousine Commission,For Hire Vehicle Complaint,Driver Complaint - Non Passenger,Unsafe Driving,Street,10017,850 1 AVENUE,1 AVENUE,EAST   47 STREET,FDR DRIVE NB ENTRANCE E   48 ST,EAST   47 STREET,FDR DRIVE NB ENTRANCE E   48 ST,ADDRESS,NEW YORK,1 AVENUE,,Closed,,The Taxi and Limousine Commission (TLC) reviewed your complaint. The driver or owner pled guilty to a violation and paid a fine. TLC has sent you a written confirmation of this outcome.,08/15/2023 09:06:32 AM,06 MANHATTAN,04,Precinct 17,,MANHATTAN,993288,213315,ONLINE,Unspecified,MANHATTAN,,,"850 1 AVENUE, MANHATTAN (NEW YORK), NY, 10017",,,,,40.75217231629939,-73.96737935786415,POINT (-73.967379357864 40.752172316299)
57957687,06/20/2023 10:29:56 AM,06/20/2023 10:32:31 AM,NYPD,New York City Police Department,Drug Activity,Use Outside,,Street/Sidewalk,11366,159-06 UNION TURNPIKE,UNION TURNPIKE,159 STREET,160 STREET,159 STREET,160 STREET,ADDRESS,FRESH MEADOWS,UNION TURNPIKE,,Closed,,The Police Department responded to the complaint and determined that police action was not necessary.,06/20/2023 10:32:38 AM,08 QUEENS,24,Precinct 107,4068540028,QUEENS,1037538,201770,ONLINE,Unspecified,QUEENS,,,,,,,,40.720328269590894,-73.80776061338688,POINT (-73.807760613387 40.720328269591)
57952836,06/20/2023 12:41:10 PM,06/20/2023 12:58:37 PM,NYPD,New York City Police Department,Blocked Driveway,Partial Access,,Street/Sidewalk,12345,2370 ADAM CLAYTON POWELL JR BOULEVARD,ADAM CLAYTON POWELL JR BOULEVARD,WEST  138 STREET,WEST  139 STREET,WEST  138 STREET,WEST  139 STREET,ADDRESS,NEW YORK,7 AVENUE,,Closed,,The Police Department responded to the complaint and took action to fix the condition.,06/20/2023 12:58:42 PM,10 MANHATTAN,09,Precinct 32,1020240033,MANHATTAN,1000283,237138,MOBILE,Unspecified,MANHATTAN,,,,,,,,40.81755016678768,-73.94207561614184,POINT (-73.942075616142 40.817550166788)
57958902,06/20/2023 01:17:29 PM,07/20/2023 05:03:04 AM,HPD,Department of Housing Preservation and Development,ELECTRIC,NO LIGHTING,ONE ROOM OR AREA,RESIDENTIAL BUILDING,11218,235 EAST    2 STREET,EAST    2 STREET,,,,,ADDRESS,BROOKLYN,,,Closed,,"The Department of Housing Preservation and Development was not able to gain access to inspect the following conditions. The complaint has been closed. If the condition still exists, please file a new complaint.",07/20/2023 12:00:00 AM,12 BROOKLYN,39,Precinct 66,3053250053,BROOKLYN,990127,174608,PHONE,Unspecified,BROOKLYN,,,,,,,,40.64593331736661,-73.97882205631163,POINT (-73.978822056312 40.645933317367)
57965112,06/21/2023 03:37:44 PM,06/21/2023 04:05:43 PM,NYPD,New York City Police Department,Non-Emergency Police Matter,Trespassing,,Residential Building/House,11231,624 CLINTON STREET,CLINTON STREET,CENTRE MALL,BUSH STREET,CENTRE MALL,BUSH STREET,ADDRESS,BROOKLYN,CLINTON STREET,,Closed,,The Police Department responded to the complaint and with the information available observed no evidence of the violation at that time.,06/21/2023 04:05:49 PM,06 BROOKLYN,38,Precinct 76,3005380001,BROOKLYN,983643,184858,ONLINE,Unspecified,BROOKLYN,,,,,,,,40.67406923864178,-74.00218826523523,POINT (-74.002188265235 40.674069238642)
57958002,06/20/2023 07:08:41 AM,07/12/2023 02:55:58 PM,EDC,Economic Development Corporation,Noise - Helicopter,Other,Flying Too Low,Above Address,10128,50 EAST   96 STREET,EAST   96 STREET,MADISON AVENUE,PARK AVENUE,MADISON AVENUE,PARK AVENUE,ADDRESS,NEW YORK,EAST   96 STREET,,Closed,,"The New York City Economic Development Corporation determined that this issue is not within its jurisdiction because the helicopter did not belong to a tour company departing from a NYC heliport.Â  Instead, it was most likely a law enforcement or news gathering helicopter not subject to the routing protocols established for tour helicopters. It may also have been a helicopter that departed as a charter or tour from another City but flew over NYC airspace. Helicopter tours originating from outside NYC are not subject to the same City regulations as tours departing from heliports managed by NYCEDC. Any City regulation of these flights is pre-empted by federal law and subject only to the jurisdiction of the Federal Aviation Administration. To file a complaint with the FAA, you can contact the New York Flight Standards District Office at the following web address:Â https://www.faa.gov/about/office_org/field_offices/fsdo/",07/12/2023 02:56:03 PM,08 MANHATTAN,05,Precinct 19,1015070050,MANHATTAN,997019,226043,ONLINE,Unspecified,MANHATTAN,,,,,,,,40.78710275822787,-73.95388896675728,POINT (-73.953888966757 40.787102758228)
57957678,06/20/2023 04:03:38 PM,06/23/2023 11:50:43 AM,HPD,Department of Housing Preservation and Development,WATER LEAK,SLOW LEAK,AT WALL OR CEILING,RESIDENTIAL BUILDING,10452,1372 OGDEN AVENUE,OGDEN AVENUE,,,,,ADDRESS,BRONX,,,Closed,,The Department of Housing Preservation and Development inspected the following conditions. Violations were issued. Information about specific violations is available at www.nyc.gov/hpd,06/23/2023 12:00:00 AM,04 BRONX,16,Precinct 44,2025220047,BRONX,1005156,246062,PHONE,Unspecified,BRONX,,,,,,,,40.84203379328593,-73.92444253009756,POINT (-73.924442530098 40.842033793286)
57969297,06/21/2023 09:59:20 AM,06/21/2023 11:04:02 AM,NYPD,New York City Police Department,Noise - Commercial,Banging/Pounding,,Store/Commercial,11378,59-30 56 STREET,56 STREET,GRAND AVENUE,LIRR BUSHWICK LINE,GRAND AVENUE,LIRR BUSHWICK LINE,ADDRESS,MASPETH,56 STREET,,Closed,,The Police Department responded to the complaint and with the information available observed no evidence of the violation at that time.,06/21/2023 11:04:07 AM,05 QUEENS,30,Precinct 104,4026300025,QUEENS,1008533,200583,PHONE,Unspecified,QUEENS,,,,,,,,40.71719740707966,-73.91240191464213,POINT (-73.912401914642 40.71719740708)
57956148,06/20/2023 08:38:11 PM,06/20/2023 09:19:01 PM,NYPD,New York City Police Department,Noise - Street/Sidewalk,Loud Music/Party,,Street/Sidewalk,10454,340 WILLIS AVENUE,WILLIS AVENUE,EAST  141 STREET,EAST  142 STREET,EAST  141 STREET,EAST  142 STREET,ADDRESS,BRONX,WILLIS AVENUE,,Closed,,The Police Department responded to the complaint and with the information available observed no evidence of the violation at that time.,06/20/2023 09:19:06 PM,01 BRONX,08,Precinct 40,2022860006,BRONX,1006045,234872,ONLINE,Unspecified,BRONX,,,,,,,,40.81131829544702,-73.92126590069427,POINT (-73.921265900694 40.811318295447)
57953484,06/20/2023 11:59:56 AM,06/21/2023 08:35:56 PM,HPD,Department of Housing Preservation and Development,FLOORING/STAIRS,FLOOR,HOLE IN WALKING AREA,RESIDENTIAL BUILDING,10460,1956 CROTONA PARKWAY,CROTONA PARKWAY,,,,,ADDRESS,BRONX,,,Closed,,The Department of Housing Preservation and Development inspected the following conditions. No violations were issued. The complaint has been closed.,06/21/2023 12:00:00 AM,06 BRONX,15,Precinct 48,2029850038,BRONX,1015982,246199,PHONE,Unspecified,BRONX,,,,,,,,40.84237755161368,-73.88531510513788,POINT (-73.885315105138 40.842377551614)
57968802,06/21/2023 08:57:41 AM,06/21/2023 09:15:39 AM,NYPD,New York City Police Department,Abandoned Vehicle,With License Plate,,Street/Sidewalk,11435,146-54 105 AVENUE,105 AVENUE,WALTHAM STREET,SUTPHIN BOULEVARD,WALTHAM STREET,SUTPHIN BOULEVARD,ADDRESS,JAMAICA,105 AVENUE,,Closed,,The Police Department responded to the complaint and determined that police action was not necessary.,06/21/2023 09:15:43 AM,12 QUEENS,28,Precinct 103,,QUEENS,1038527,192601,MOBILE,Unspecified,QUEENS,,,,,,,,40.69515558277353,-73.80426666426524,POINT (-73.804266664265 40.695155582774)
57967776,06/21/2023 08:55:14 PM,06/22/2023 12:51:38 AM,NYPD,New York City Police Department,Blocked Driveway,No Access,,Street/Sidewalk,11365,162-11 65 AVENUE,65 AVENUE,162 STREET,163 STREET,162 STREET,163 STREET,ADDRESS,FRESH MEADOWS,65 AVENUE,,Closed,,The Police Department issued a summons in response to the complaint.,06/22/2023 12:51:44 AM,08 QUEENS,24,Precinct 107,4067590005,QUEENS,1037878,207789,PHONE,Unspecified,QUEENS,,,,,,,,40.7368468605673,-73.80648607993827,POINT (-73.806486079938 40.736846860567)
57968667,06/21/2023 01:17:14 PM,03/04/2025 08:39:38 AM,DPR,Department of Parks and Recreation,Overgrown Tree/Branches,Hitting Building,N/A,Street,11208,1370 DUMONT AVENUE,DUMONT AVENUE,HEMLOCK STREET,AUTUMN AVENUE,HEMLOCK STREET,AUTUMN AVENUE,ADDRESS,BROOKLYN,DUMONT AVENUE,,Closed,,"Under NYC Parksâ Tree Risk Management Program, work is prioritized to address the conditions with the highest risk first.  NYC Parks determined that the issue will be addressed in the next pruning cycle through the routine block pruning program.  For more information about the Tree Risk Management Program, visit the NYC Urban Forest page on the NYC Parks website at nyc.gov/parks/trees.   To learn more about the trees in your neighborhood, visit the NYC Tree Map at nyc.gov/parks/treemap.",03/04/2025 08:39:44 AM,05 BROOKLYN,42,Precinct 75,3044640105,BROOKLYN,1021070,183499,PHONE,Unspecified,BROOKLYN,,,,,,,,40.670262542276326,-73.86726959105512,POINT (-73.867269591055 40.670262542276)
57956049,06/21/2023 12:29:46 AM,06/21/2023 12:46:22 AM,NYPD,New York City Police Department,Noise - Residential,Loud Music/Party,,Residential Building/House,10307,354 CRAIG AVENUE,CRAIG AVENUE,YETMAN AVENUE,JOHNSON AVENUE,YETMAN AVENUE,JOHNSON AVENUE,ADDRESS,STATEN ISLAND,CRAIG AVENUE,,Closed,,The Police Department responded to the complaint and took action to fix the condition.,06/21/2023 12:46:25 AM,03 STATEN ISLAND,51,Precinct 123,5080460063,STATEN ISLAND,915905,125736,ONLINE,Unspecified,STATEN ISLAND,,,,,,,,40.51152810653311,-74.2457884410739,POINT (-74.245788441074 40.511528106533)
57958065,06/20/2023 03:37:44 PM,08/17/2023 05:03:02 AM,HPD,Department of Housing Preservation and Development,APPLIANCE,REFRIGERATOR,BROKEN DOOR SEAL,RESIDENTIAL BUILDING,11207,663 EVERGREEN AVENUE,EVERGREEN AVENUE,,,,,ADDRESS,BROOKLYN,,,Closed,,"The Department of Housing Preservation and Development was not able to gain access to inspect the following conditions. The complaint has been closed. If the condition still exists, please file a new complaint.",08/17/2023 12:00:00 AM,04 BROOKLYN,37,Precinct 83,3034280008,BROOKLYN,1009208,189646,PHONE,Unspecified,BROOKLYN,,,,,,,,40.68717604389487,-73.91000746548247,POINT (-73.910007465482 40.687176043895)
57957633,06/20/2023 07:39:51 AM,06/23/2023 10:28:01 AM,HPD,Department of Housing Preservation and Development,PLUMBING,BASIN/SINK,BASIN CHIPPED OR RUSTED,RESIDENTIAL BUILDING,11226,15 WOODRUFF AVENUE,WOODRUFF AVENUE,,,,,ADDRESS,BROOKLYN,,,Closed,,The Department of Housing Preservation and Development inspected the following conditions. No violations were issued. The complaint has been closed.,06/23/2023 12:00:00 AM,14 BROOKLYN,40,Precinct 70,3050520059,BROOKLYN,993917,177090,ONLINE,Unspecified,BROOKLYN,,,,,,,,40.652742542509486,-73.96516112297573,POINT (-73.965161122976 40.652742542509)
57954654,06/20/2023 09:11:48 AM,06/20/2023 09:29:14 AM,NYPD,New York City Police Department,Noise - Residential,Banging/Pounding,,Residential Building/House,11224,2820 WEST   32 STREET,WEST   32 STREET,NEPTUNE AVENUE,MERMAID AVENUE,NEPTUNE AVENUE,MERMAID AVENUE,ADDRESS,BROOKLYN,WEST   32 STREET,,Closed,,The Police Department responded to the complaint and determined that police action was not necessary.,06/20/2023 09:29:18 AM,13 BROOKLYN,47,Precinct 60,3070070001,BROOKLYN,984584,149247,PHONE,Unspecified,BROOKLYN,,,,,,,,40.576324536245004,-73.99879767544769,POINT (-73.998797675448 40.576324536245)
57960180,06/20/2023 03:53:00 PM,06/20/2023 04:55:00 PM,DEP,Department of Environmental Protection,Water System,Hydrant Running Full (WA4),WA4,,11237,412 SUYDAM STREET,SUYDAM STREET,WYCKOFF AVE,ST NICHOLAS AVE,,,ADDRESS,BROOKLYN,,,Closed,,The Department of Environmental Protection investigated this complaint and shut the running hydrant.,06/20/2023 04:55:00 PM,04 BROOKLYN,34,Precinct 83,3032220019,BROOKLYN,1006412,196433,MOBILE,Unspecified,BROOKLYN,,,,,,,,40.70581221606826,-73.92006683070488,POINT (-73.920066830705 40.705812216068)
57956859,06/20/2023 06:38:56 AM,06/23/2023 12:00:00 AM,DOB,Department of Buildings,Emergency Response Team (ERT),After Hours Work - Illegal,,,11201,100 WILLOUGHBY STREET,WILLOUGHBY STREET,,,,,ADDRESS,BROOKLYN,,N/A,Closed,,The Department of Buildings investigated this complaint and determined that no further action was necessary.,06/23/2023 12:00:00 AM,02 BROOKLYN,33,Precinct 84,3001457502,BROOKLYN,988493,191437,UNKNOWN,Unspecified,BROOKLYN,,,,,,,,40.692126098332906,-73.9846996311122,POINT (-73.984699631112 40.692126098333)
57964050,06/21/2023 06:36:05 AM,06/21/2023 08:39:20 PM,DHS,Department of Homeless Services,Homeless Person Assistance,,,Street/Sidewalk,11105,31-31 23 AVENUE,23 AVENUE,31 STREET,32 STREET,31 STREET,32 STREET,ADDRESS,ASTORIA,23 AVENUE,,Closed,,"The mobile outreach response team offered services to the individual, but the individual did not accept assistance.",06/21/2023 08:39:20 PM,01 QUEENS,22,Precinct 114,4008330112,QUEENS,1008445,221356,MOBILE,Unspecified,QUEENS,,,,,,,,40.774214296030785,-73.91264463491075,POINT (-73.912644634911 40.774214296031)
57958389,06/20/2023 08:11:20 AM,06/20/2023 09:05:35 AM,NYPD,New York City Police Department,Illegal Parking,Blocked Hydrant,,Street/Sidewalk,11433,103 ROAD,103 ROAD,103 ROAD,171 STREET,103 ROAD,171 STREET,INTERSECTION,,,,Closed,,The Police Department issued a summons in response to the complaint.,06/20/2023 09:05:41 AM,12 QUEENS,27,Precinct 103,,QUEENS,1043264,195485,PHONE,Unspecified,QUEENS,,,,,,,,40.70304114618878,-73.78715892251712,POINT (-73.787158922517 40.703041146189)
57954735,06/20/2023 06:37:24 PM,06/20/2023 06:57:04 PM,NYPD,New York City Police Department,Noise - Vehicle,Car/Truck Music,,Street/Sidewalk,11226,176 CLARKSON AVENUE,CLARKSON AVENUE,BEDFORD AVENUE,ROGERS AVENUE,BEDFORD AVENUE,ROGERS AVENUE,ADDRESS,BROOKLYN,CLARKSON AVENUE,,Closed,,The Police Department responded to the complaint and with the information available observed no evidence of the violation at that time.,06/20/2023 06:57:08 PM,17 BROOKLYN,40,Precinct 67,3050650040,BROOKLYN,996969,177975,ONLINE,Unspecified,BROOKLYN,,,,,,,,40.6551678163122,-73.95416036056795,POINT (-73.954160360568 40.655167816312)
57964356,06/21/2023 07:42:47 PM,06/21/2023 07:59:53 PM,NYPD,New York City Police Department,Drug Activity,Use Outside,,Street/Sidewalk,10014,140 WAVERLY PLACE,WAVERLY PLACE,AVENUE OF THE AMERICAS,GAY STREET,AVENUE OF THE AMERICAS,GAY STREET,ADDRESS,NEW YORK,WAVERLY PLACE,,Closed,,The Police Department responded and upon arrival those responsible for the condition were gone.,06/21/2023 07:59:58 PM,02 MANHATTAN,03,Precinct 6,1005920062,MANHATTAN,984111,206376,PHONE,Unspecified,MANHATTAN,,,,,,,,40.73313111021342,-74.00050154607788,POINT (-74.000501546078 40.733131110213)
57958254,06/20/2023 07:30:02 AM,06/20/2023 02:03:17 PM,NYPD,New York City Police Department,Blocked Driveway,No Access,,Street/Sidewalk,10456,230 EAST  167 STREET,EAST  167 STREET,SHERMAN AVENUE,GRANT AVENUE,SHERMAN AVENUE,GRANT AVENUE,ADDRESS,BRONX,EAST  167 STREET,,Closed,,The Police Department responded to the complaint and with the information available observed no evidence of the violation at that time.,06/20/2023 02:03:24 PM,04 BRONX,16,Precinct 44,2024520054,BRONX,1007569,243062,MOBILE,Unspecified,BRONX,,,,,,,,40.83379362523071,-73.91573201585125,POINT (-73.915732015851 40.833793625231)
57968955,06/21/2023 02:28:37 PM,06/21/2023 02:51:42 PM,NYPD,New York City Police Department,Illegal Parking,Blocked Sidewalk,,Street/Sidewalk,11234,18 PRESTON COURT,PRESTON COURT,EAST   53 STREET,EAST   56 STREET,EAST   53 STREET,EAST   56 STREET,ADDRESS,BROOKLYN,PRESTON COURT,,Closed,,The Police Department responded to the complaint and took action to fix the condition.,06/21/2023 02:51:47 PM,18 BROOKLYN,45,Precinct 63,3079490272,BROOKLYN,1005242,171794,PHONE,Unspecified,BROOKLYN,,,,,,,,40.63818656582472,-73.9243634788941,POINT (-73.924363478894 40.638186565825)
57952998,06/20/2023 06:47:00 AM,10/28/2024 12:45:00 PM,DEP,Department of Environmental Protection,Sewer,Catch Basin Sunken/Damaged/Raised (SC1),SC1,,11373,41-33 75 STREET,75 STREET,41 AVE,WOODSIDE AVE,,,ADDRESS,ELMHURST,,,Closed,,The Department of Environmental Protection has investigated this complaint and has performed repair work.,10/28/2024 12:45:00 PM,04 QUEENS,25,Precinct 110,4014950014,QUEENS,1014724,210549,PHONE,Unspecified,QUEENS,,,,,,,,40.74453245509729,-73.8900234906136,POINT (-73.890023490614 40.744532455097)
57965058,06/21/2023 09:46:42 PM,06/21/2023 11:01:28 PM,NYPD,New York City Police Department,Blocked Driveway,No Access,,Street/Sidewalk,11365,64-05 181 STREET,181 STREET,64 AVENUE,65 AVENUE,64 AVENUE,65 AVENUE,ADDRESS,FRESH MEADOWS,181 STREET,,Closed,,The Police Department responded to the complaint and determined that police action was not necessary.,06/21/2023 11:01:35 PM,08 QUEENS,24,Precinct 107,4070840017,QUEENS,1041843,208101,ONLINE,Unspecified,QUEENS,,,,,,,,40.73767829036166,-73.79217595919333,POINT (-73.792175959193 40.737678290362)
57955230,06/20/2023 10:54:31 PM,06/20/2023 10:56:12 PM,NYPD,New York City Police Department,Drug Activity,Use Outside,,Street/Sidewalk,11366,78-15 PARSONS BOULEVARD,PARSONS BOULEVARD,78 AVENUE,78 ROAD,78 AVENUE,78 ROAD,ADDRESS,FRESH MEADOWS,PARSONS BOULEVARD,,Closed,,The Police Department responded to the complaint and determined that police action was not necessary.,06/20/2023 10:56:14 PM,08 QUEENS,24,Precinct 107,4068290001,QUEENS,1037000,202363,ONLINE,Unspecified,QUEENS,,,,,,,,40.72195913199264,-73.80969682426189,POINT (-73.809696824262 40.721959131993)
57964104,06/21/2023 04:18:37 PM,06/21/2023 04:40:45 PM,NYPD,New York City Police Department,Noise - Residential,Loud Music/Party,,Residential Building/House,10457,265 EAST  182 STREET,EAST  182 STREET,RYER AVENUE,VALENTINE AVENUE,RYER AVENUE,VALENTINE AVENUE,ADDRESS,BRONX,EAST  182 STREET,,Closed,,The Police Department responded to the complaint and with the information available observed no evidence of the violation at that time.,06/21/2023 04:40:49 PM,05 BRONX,15,Precinct 46,2031500045,BRONX,1012093,251000,ONLINE,Unspecified,BRONX,,,,,,,,40.85556798829767,-73.89935066841451,POINT (-73.899350668415 40.855567988298)
57967614,06/21/2023 11:58:31 AM,06/21/2023 12:03:29 PM,NYPD,New York City Police Department,Illegal Parking,Posted Parking Sign Violation,,Street/Sidewalk,11230,297 WEBSTER AVENUE,WEBSTER AVENUE,OCEAN PARKWAY,EAST    8 STREET,OCEAN PARKWAY,EAST    8 STREET,ADDRESS,BROOKLYN,WEBSTER AVENUE,,Closed,,The Police Department issued a summons in response to the complaint.,06/21/2023 12:03:36 PM,14 BROOKLYN,40,Precinct 70,,BROOKLYN,992501,169935,MOBILE,Unspecified,BROOKLYN,,,,,,,,40.6331050391255,-73.97027299209594,POINT (-73.970272992096 40.633105039126)
57957615,06/20/2023 11:37:39 AM,07/20/2023 06:49:10 AM,HPD,Department of Housing Preservation and Development,UNSANITARY CONDITION,GARBAGE/RECYCLING STORAGE,ACCUMULATION,RESIDENTIAL BUILDING,10467,3440 GATES PLACE,GATES PLACE,,,,,ADDRESS,BRONX,,,Closed,,The Department of Housing Preservation and Development inspected the following conditions. Violations were issued. Information about specific violations is available at www.nyc.gov/hpd,07/20/2023 12:00:00 AM,07 BRONX,11,Precinct 52,2033240051,BRONX,1016432,260962,ONLINE,Unspecified,BRONX,,,,,,,,40.882895863489935,-73.88361784074065,POINT (-73.883617840741 40.88289586349)
57955797,06/20/2023 02:02:00 PM,06/22/2023 04:45:00 PM,DEP,Department of Environmental Protection,Noise,Noise: Construction Equipment (NC1),NC1,,11234,2344 FLATBUSH AVENUE,FLATBUSH AVENUE,AVENUE S,E 51 ST,,,ADDRESS,BROOKLYN,,N/A,Closed,,"The Department of Environmental Protection (DEP) didn't observe a violation of the NYC Air or Noise Code at the time of inspection and couldn't issue a summons.  If the problem still exists, please go to nyc.gov/311 or call 311 to file a new Service Request. If you're outside of New York City, please call (212) NEW-YORK (212-639-9675).",06/22/2023 04:45:00 PM,18 BROOKLYN,46,Precinct 63,3085280043,BROOKLYN,1004774,162591,ONLINE,Unspecified,BROOKLYN,,,,,,,,40.61292736730928,-73.92607771722265,POINT (-73.926077717223 40.612927367309)
57968964,06/21/2023 11:43:17 AM,06/21/2023 12:02:13 PM,NYPD,New York City Police Department,Illegal Parking,Posted Parking Sign Violation,,Street/Sidewalk,10013,145 HUDSON STREET,HUDSON STREET,ERICSSON PLACE,HUBERT STREET,ERICSSON PLACE,HUBERT STREET,ADDRESS,NEW YORK,HUDSON STREET,,Closed,,The Police Department responded to the complaint and took action to fix the condition.,06/21/2023 12:02:21 PM,01 MANHATTAN,01,Precinct 1,1002147502,MANHATTAN,981922,201983,MOBILE,Unspecified,MANHATTAN,,,,,,,,40.72107308980226,-74.00839847498452,POINT (-74.008398474985 40.721073089802)
57954915,06/20/2023 11:56:19 AM,06/21/2023 11:36:33 PM,HPD,Department of Housing Preservation and Development,PLUMBING,WATER SUPPLY,NO WATER,RESIDENTIAL BUILDING,11214,2160 84 STREET,84 STREET,,,,,ADDRESS,BROOKLYN,,,Closed,,The Department of Housing Preservation and Development inspected the following conditions. No violations were issued. The complaint has been closed.,06/21/2023 12:00:00 AM,11 BROOKLYN,47,Precinct 62,3063350029,BROOKLYN,986037,159203,ONLINE,Unspecified,BROOKLYN,,,,,,,,40.60365159116164,-73.99356457070047,POINT (-73.9935645707 40.603651591162)
57961143,06/21/2023 12:11:15 PM,06/21/2023 02:04:00 PM,DSNY,Department of Sanitation,Vendor Enforcement,Non-Food Vendor,Unlicensed,Street,10003,40 EAST   14 STREET,EAST   14 STREET,UNION SQUARE WEST,BROADWAY,UNION SQUARE WEST,BROADWAY,ADDRESS,NEW YORK,EAST   14 STREET,,Closed,,N/A,06/21/2023 02:04:04 PM,02 MANHATTAN,02,Precinct 6,1005650011,MANHATTAN,986586,207111,ONLINE,Unspecified,MANHATTAN,,,,,,,,40.73514819687627,-73.99157088412473,POINT (-73.991570884125 40.735148196876)
57962646,06/21/2023 05:20:47 AM,06/21/2023 05:34:38 AM,NYPD,New York City Police Department,Encampment,N/A,,Street/Sidewalk,10036,530 5 AVENUE,5 AVENUE,EAST   44 STREET,EAST   45 STREET,EAST   44 STREET,EAST   45 STREET,ADDRESS,NEW YORK,5 AVENUE,,Closed,,The Police Department visited the location and no Encampment was found.,06/21/2023 05:34:42 AM,05 MANHATTAN,04,Precinct 14,1012607503,MANHATTAN,989825,214300,ONLINE,Unspecified,MANHATTAN,,,,,,,,40.75487875282056,-73.97987746556599,POINT (-73.979877465566 40.754878752821)
57961944,06/21/2023 04:37:56 PM,06/26/2023 02:39:38 PM,DOT,Department of Transportation,Curb Condition,Broken Curb,City-Owned,Sidewalk,11238,46 CLIFTON PLACE,CLIFTON PLACE,ST JAMES PLACE,GRAND AVENUE,ST JAMES PLACE,GRAND AVENUE,ADDRESS,BROOKLYN,CLIFTON PLACE,,Closed,,"The Department of Transportation will inspect the condition to determine if the location can be added to a curb contract (3-5 years). The property owner will be notified if there are sidewalk defects. Property owners are responsible for repairing and installing sidewalks adjoining their property, according to Section 19-152 of the NYC Administrative Code. Community Boards and elected officials may contribute funding for curb, affecting timeframe for construction.",06/26/2023 02:39:46 PM,02 BROOKLYN,35,Precinct 88,3019510028,BROOKLYN,994485,189850,ONLINE,Unspecified,BROOKLYN,,,,,,,,40.68776524789161,-73.9630947353602,POINT (-73.96309473536 40.687765247892)
57960675,06/21/2023 11:12:33 PM,06/22/2023 03:54:49 AM,NYPD,New York City Police Department,Noise - Residential,Loud Music/Party,,Residential Building/House,11433,107-09 159 STREET,159 STREET,107 AVENUE,108 AVENUE,107 AVENUE,108 AVENUE,ADDRESS,JAMAICA,159 STREET,,Closed,,The Police Department responded to the complaint and with the information available observed no evidence of the violation at that time.,06/22/2023 03:54:53 AM,12 QUEENS,28,Precinct 103,4101250033,QUEENS,1041091,193174,ONLINE,Unspecified,QUEENS,,,,,,,,40.69671223371353,-73.79501558307801,POINT (-73.795015583078 40.696712233714)
59449536,09/29/2023 04:47:27 PM,10/12/2023 12:00:00 AM,HPD,Department of Housing Preservation and Development,Water Leak,Heavy Flow,At Wall or Ceiling,Apartment,10453,1730 ANDREWS AVENUE SOUTH,ANDREWS AVENUE SOUTH,WEST  176 STREET,WEST TREMONT AVENUE,WEST  176 STREET,WEST TREMONT AVENUE,ADDRESS,BRONX,ANDREWS AVENUE,,Closed,,,10/12/2023 12:00:00 AM,05 BRONX,14,Precinct 46,2028780178,BRONX,1007075,249031,PHONE,Unspecified,BRONX,,,,,,,,40.85017807004264,-73.91749686918405,POINT (-73.917496869184 40.850178070043)
57963420,06/21/2023 01:32:22 PM,06/27/2023 10:48:17 AM,DOT,Department of Transportation,Sidewalk Condition,Sidewalk Violation,Dismiss Violation Owner Fixed,Sidewalk,10018,496 9 AVENUE,9 AVENUE,WEST   37 STREET,WEST   38 STREET,WEST   37 STREET,WEST   38 STREET,ADDRESS,NEW YORK,9 AVENUE,,Closed,,A sidewalk dismissal inspection (work done by owner) has been scheduled. Department of Transportation is in direct contact with the responsible party.,06/27/2023 10:48:24 AM,04 MANHATTAN,03,Precinct 14,1007610066,MANHATTAN,985744,214600,ONLINE,Unspecified,MANHATTAN,,,,,,,,40.75570380783287,-73.99460745496638,POINT (-73.994607454966 40.755703807833)
57967029,06/21/2023 09:49:23 AM,06/27/2023 06:57:30 AM,HPD,Department of Housing Preservation and Development,PLUMBING,BASIN/SINK,BASIN BROKEN/LEAKING,RESIDENTIAL BUILDING,10031,349 CONVENT AVENUE,CONVENT AVENUE,,,,,ADDRESS,NEW YORK,,,Closed,,The Department of Housing Preservation and Development inspected the following conditions. No violations were issued. The complaint has been closed.,06/27/2023 12:00:00 AM,09 MANHATTAN,09,Precinct 30,1020500041,MANHATTAN,999075,239613,PHONE,Unspecified,MANHATTAN,,,,,,,,40.82434545155466,-73.94643443678743,POINT (-73.946434436787 40.824345451555)
57961620,06/21/2023 02:59:13 PM,06/28/2023 09:24:27 PM,HPD,Department of Housing Preservation and Development,UNSANITARY CONDITION,MOLD,N/A,RESIDENTIAL BUILDING,11374,66-15 THORNTON PLACE,THORNTON PLACE,,,,,ADDRESS,REGO PARK,,,Closed,,The Department of Housing Preservation and Development inspected the following conditions. No violations were issued. The complaint has been closed.,06/28/2023 12:00:00 AM,06 QUEENS,30,Precinct 112,4031540001,QUEENS,1023621,202851,PHONE,Unspecified,QUEENS,,,,,,,,40.72336823316271,-73.85796052817267,POINT (-73.857960528173 40.723368233163)
57963654,06/21/2023 09:45:22 AM,06/21/2023 10:00:30 AM,NYPD,New York City Police Department,Illegal Parking,Blocked Crosswalk,,Street/Sidewalk,10032,709 WEST  169 STREET,WEST  169 STREET,FORT WASHINGTON AVENUE,HAVEN AVENUE,FORT WASHINGTON AVENUE,HAVEN AVENUE,ADDRESS,NEW YORK,WEST  169 STREET,,Closed,,The Police Department issued a summons in response to the complaint.,06/21/2023 10:00:34 AM,12 MANHATTAN,10,Precinct 33,1021390140,MANHATTAN,1000242,246373,MOBILE,Unspecified,MANHATTAN,,,,,,,,40.842897663640535,-73.94220172736742,POINT (-73.942201727367 40.842897663641)
57957345,06/20/2023 10:10:39 PM,06/20/2023 10:36:09 PM,NYPD,New York City Police Department,Noise - Street/Sidewalk,Loud Music/Party,,Street/Sidewalk,10280,398 WEST THAMES STREET,WEST THAMES STREET,SOUTH END AVENUE,DEAD END,SOUTH END AVENUE,DEAD END,ADDRESS,NEW YORK,WEST THAMES STREET,,Closed,,The Police Department responded to the complaint and took action to fix the condition.,06/20/2023 10:36:14 PM,01 MANHATTAN,01,Precinct 1,,MANHATTAN,979247,197489,MOBILE,Unspecified,MANHATTAN,,,,,,,,40.70873702583075,-74.01804544445763,POINT (-74.018045444458 40.708737025831)
57961332,06/21/2023 09:12:56 PM,06/21/2023 09:35:06 PM,NYPD,New York City Police Department,Noise - Commercial,Loud Music/Party,,Store/Commercial,11249,55 BERRY STREET,BERRY STREET,NORTH   11 STREET,NORTH   10 STREET,NORTH   11 STREET,NORTH   10 STREET,ADDRESS,BROOKLYN,BERRY STREET,,Closed,,The Police Department responded to the complaint and with the information available observed no evidence of the violation at that time.,06/21/2023 09:35:10 PM,01 BROOKLYN,33,Precinct 94,3022977501,BROOKLYN,996200,201810,MOBILE,Unspecified,BROOKLYN,,,,,,,,40.72059048171903,-73.95688958195159,POINT (-73.956889581952 40.720590481719)
57954852,06/20/2023 04:47:33 PM,07/06/2023 11:12:22 AM,HPD,Department of Housing Preservation and Development,GENERAL,CABINET,FALLING OFF WALL,RESIDENTIAL BUILDING,10037,2156 MADISON AVENUE,MADISON AVENUE,,,,,ADDRESS,NEW YORK,,,Closed,,The Department of Housing Preservation and Development inspected the following conditions. No violations were issued. The complaint has been closed.,07/06/2023 12:00:00 AM,11 MANHATTAN,09,Precinct 25,1017600001,MANHATTAN,1001998,235345,ONLINE,Unspecified,MANHATTAN,,,,,,,,40.81262560549913,-73.93588436891618,POINT (-73.935884368916 40.812625605499)
57956184,06/20/2023 03:14:10 AM,06/26/2023 03:40:51 PM,HPD,Department of Housing Preservation and Development,ELECTRIC,NO LIGHTING,ONE ROOM OR AREA,RESIDENTIAL BUILDING,10452,957 WOODYCREST AVENUE,WOODYCREST AVENUE,,,,,ADDRESS,BRONX,,,Closed,,"The Department of Housing Preservation and Development contacted a tenant in the building and verified that the following conditions were corrected. The complaint has been closed. If the condition still exists, please file a new complaint.",06/26/2023 12:00:00 AM,04 BRONX,16,Precinct 44,2025110068,BRONX,1003936,242233,ONLINE,Unspecified,BRONX,,,,,,,,40.8315271048226,-73.92886303221528,POINT (-73.928863032215 40.831527104823)
57956121,06/20/2023 10:46:05 PM,06/20/2023 10:54:11 PM,NYPD,New York City Police Department,Noise - Commercial,Loud Music/Party,,Store/Commercial,10036,253 WEST   47 STREET,WEST   47 STREET,WEST   47 STREET BIKE PATH,8 AVENUE,WEST   47 STREET BIKE PATH,8 AVENUE,ADDRESS,NEW YORK,WEST   47 STREET,,Closed,,The Police Department responded to the complaint and took action to fix the condition.,06/20/2023 10:54:16 PM,05 MANHATTAN,03,Precinct 18,1010190010,MANHATTAN,988050,216134,MOBILE,Unspecified,MANHATTAN,,,,,,,,40.75991355561686,-73.98628315507113,POINT (-73.986283155071 40.759913555617)
57954546,06/20/2023 03:36:35 PM,06/20/2023 04:14:12 PM,NYPD,New York City Police Department,Illegal Parking,Double Parked Blocking Traffic,,Street/Sidewalk,11217,75 FORT GREENE PLACE,FORT GREENE PLACE,DEKALB AVENUE,FULTON STREET,DEKALB AVENUE,FULTON STREET,ADDRESS,BROOKLYN,FORT GREENE PLACE,,Closed,,The Police Department responded and upon arrival those responsible for the condition were gone.,06/20/2023 04:14:16 PM,02 BROOKLYN,35,Precinct 88,3020980007,BROOKLYN,990704,189908,ONLINE,Unspecified,BROOKLYN,,,,,,,,40.687928009278984,-73.9767281724339,POINT (-73.976728172434 40.687928009279)
57952827,06/20/2023 11:56:00 PM,06/21/2023 12:25:00 PM,DEP,Department of Environmental Protection,Lead,Lead Kit Request (Residential) (L10),L10,,10009,20 AVENUE A,AVENUE A,E 1 ST,E 2 ST,,,ADDRESS,NEW YORK,,N/A,Closed,,The Department of Environmental Protection (DEP) mailed you the free lead test kit you requested. The kit includes instructions for collecting a water sample and contact information for DEP's Lead Program Unit if you have any questions. Please use the included pre-paid label to mail the sample to the lab for analysis. It may take the lab up to 30 days to complete their analysis and mail you the test results. This Service Request is closed and no further status will be available from 311.,06/21/2023 12:25:00 PM,03 MANHATTAN,02,Precinct 9,1003970007,MANHATTAN,988171,202632,ONLINE,Unspecified,MANHATTAN,,,,,,,,40.7228538753403,-73.98585425239365,POINT (-73.985854252394 40.72285387534)
57954744,06/20/2023 02:59:55 PM,06/20/2023 03:23:22 PM,NYPD,New York City Police Department,Noise - Street/Sidewalk,Loud Talking,,Street/Sidewalk,10026,120 WEST  112 STREET,WEST  112 STREET,ST NICHOLAS AVENUE,ADAM CLAYTON POWELL JR BOULEVARD,ST NICHOLAS AVENUE,ADAM CLAYTON POWELL JR BOULEVARD,ADDRESS,NEW YORK,WEST  112 STREET,,Closed,,The Police Department responded to the complaint and took action to fix the condition.,06/20/2023 03:23:26 PM,10 MANHATTAN,09,Precinct 28,1018210049,MANHATTAN,997240,230777,MOBILE,Unspecified,MANHATTAN,,,,,,,,40.80009598474589,-73.95308174181604,POINT (-73.953081741816 40.800095984746)
57968748,06/21/2023 08:39:50 AM,06/21/2023 09:02:15 AM,NYPD,New York City Police Department,Illegal Parking,Double Parked Blocking Traffic,,Street/Sidewalk,10278,26 FEDERAL PLAZA,FEDERAL PLAZA,THOMAS STREET,WORTH STREET,THOMAS STREET,WORTH STREET,ADDRESS,NEW YORK,FEDERAL PLAZA,,Closed,,The Police Department responded to the complaint and took action to fix the condition.,06/21/2023 09:02:19 AM,01 MANHATTAN,01,Precinct 5,1001560050,MANHATTAN,982935,200140,MOBILE,Unspecified,MANHATTAN,,,,,,,,40.716014706345376,-74.00474362389673,POINT (-74.004743623897 40.716014706345)
57956580,06/20/2023 08:50:40 AM,07/12/2023 02:56:43 PM,EDC,Economic Development Corporation,Noise - Helicopter,Other,Flying Too Low,Above Address,10001,203 11 AVENUE,11 AVENUE,WEST   24 STREET,WEST   25 STREET,WEST   24 STREET,WEST   25 STREET,ADDRESS,NEW YORK,11 AVENUE,,Closed,,"The New York City Economic Development Corporation determined that this issue is not within its jurisdiction because the helicopter did not belong to a tour company departing from a NYC heliport.Â  Instead, it was most likely a law enforcement or news gathering helicopter not subject to the routing protocols established for tour helicopters. It may also have been a helicopter that departed as a charter or tour from another City but flew over NYC airspace. Helicopter tours originating from outside NYC are not subject to the same City regulations as tours departing from heliports managed by NYCEDC. Any City regulation of these flights is pre-empted by federal law and subject only to the jurisdiction of the Federal Aviation Administration. To file a complaint with the FAA, you can contact the New York Flight Standards District Office at the following web address:Â https://www.faa.gov/about/office_org/field_offices/fsdo/",07/12/2023 02:56:48 PM,04 MANHATTAN,03,Precinct 10,1006700001,MANHATTAN,982468,212414,ONLINE,Unspecified,MANHATTAN,,,,,,,,40.749703738404754,-74.00643149246869,POINT (-74.006431492469 40.749703738405)
57961629,06/21/2023 04:25:38 PM,07/10/2023 09:33:25 AM,HPD,Department of Housing Preservation and Development,PLUMBING,BATHTUB/SHOWER,CHIPPED OR RUSTED,RESIDENTIAL BUILDING,11213,1248 ST MARKS AVENUE,ST MARKS AVENUE,,,,,ADDRESS,BROOKLYN,,,Closed,,The Department of Housing Preservation and Development inspected the following conditions. Violations were previously issued for these conditions. Information about specific violations is available at www.nyc.gov/hpd.,07/10/2023 12:00:00 AM,08 BROOKLYN,36,Precinct 77,3013610043,BROOKLYN,1004091,184849,PHONE,Unspecified,BROOKLYN,,,,,,,,40.67402232211897,-73.92847224907698,POINT (-73.928472249077 40.674022322119)
57953637,06/20/2023 05:40:30 PM,06/20/2023 06:09:57 PM,NYPD,New York City Police Department,Abandoned Vehicle,With License Plate,,Street/Sidewalk,11421,87-11 92 STREET,92 STREET,JAMAICA AVENUE,88 AVENUE,JAMAICA AVENUE,88 AVENUE,ADDRESS,WOODHAVEN,92 STREET,,Closed,,The Police Department responded to the complaint and took action to fix the condition.,06/20/2023 06:10:02 PM,09 QUEENS,32,Precinct 102,4089330109,QUEENS,1024977,191796,PHONE,Unspecified,QUEENS,,,,,,,,40.693018777617,-73.85313533929096,POINT (-73.853135339291 40.693018777617)
57960189,06/20/2023 01:41:49 PM,06/30/2023 04:12:48 PM,HPD,Department of Housing Preservation and Development,PAINT/PLASTER,CEILING,CHIPPED/PEELING/FLAKING,RESIDENTIAL BUILDING,10030,2317 ADAM C POWELL BOULEVARD,ADAM C POWELL BOULEVARD,,,,,ADDRESS,NEW YORK,,,Closed,,The Department of Housing Preservation and Development inspected the following conditions. No violations were issued. The complaint has been closed.,06/30/2023 12:00:00 AM,10 MANHATTAN,09,Precinct 32,1019200060,MANHATTAN,999941,236507,PHONE,Unspecified,MANHATTAN,,,,,,,,40.81581886320504,-73.94331267637335,POINT (-73.943312676373 40.815818863205)
57952854,06/20/2023 06:22:00 AM,06/20/2023 12:37:00 PM,DSNY,Department of Sanitation,Derelict Vehicles,Derelict Vehicles,,Street,10466,1835 NEEDHAM AVENUE,NEEDHAM AVENUE,EAST 224 STREET,DEAD END,,,ADDRESS,BRONX,,,Closed,,The Department of Sanitation does NOT have jurisdiction over vehicles (abandoned or otherwise) that have license plates affixed to them. Your request will be referred to the NYPD for further action.,06/20/2023 12:00:00 PM,12 BRONX,12,Precinct 47,2048990003,BRONX,1027467,260361,PHONE,Unspecified,BRONX,,,,,,,,40.88119916902506,-73.84371510138696,POINT (-73.843715101387 40.881199169025)
57963321,06/21/2023 09:06:25 AM,08/21/2023 03:35:11 PM,DOT,Department of Transportation,Curb Condition,Broken Curb,Other,Sidewalk,10302,387 PORT RICHMOND AVENUE,PORT RICHMOND AVENUE,HATFIELD PLACE,CLINTON PLACE,HATFIELD PLACE,CLINTON PLACE,ADDRESS,STATEN ISLAND,PORT RICHMOND AVENUE,,Closed,,The Department of Transportation has completed the request or corrected the condition.,08/21/2023 03:35:17 PM,01 STATEN ISLAND,49,Precinct 121,5010460005,STATEN ISLAND,946131,169767,PHONE,Unspecified,STATEN ISLAND,,,,,,,,40.63256573882445,-74.13733548654827,POINT (-74.137335486548 40.632565738824)
57958416,06/20/2023 09:32:12 AM,06/20/2023 09:53:11 AM,NYPD,New York City Police Department,Illegal Parking,Posted Parking Sign Violation,,Street/Sidewalk,10017,227 EAST   45 STREET,EAST   45 STREET,3 AVENUE,2 AVENUE,3 AVENUE,2 AVENUE,ADDRESS,NEW YORK,EAST   45 STREET,,Closed,,The Police Department responded to the complaint and took action to fix the condition.,06/20/2023 09:53:17 AM,06 MANHATTAN,04,Precinct 17,1013190012,MANHATTAN,991928,213391,MOBILE,Unspecified,MANHATTAN,,,,,,,,40.752382202548056,-73.97228788693883,POINT (-73.972287886939 40.752382202548)
57967119,06/21/2023 01:32:32 PM,,DOHMH,Department of Health and Mental Hygiene,Standing Water,Swimming Pool - Unmaintained,N/A,1-2 Family Dwelling,11235,1014 HAMPTON AVENUE,HAMPTON AVENUE,HASTINGS STREET,IRWIN STREET,HASTINGS STREET,IRWIN STREET,ADDRESS,BROOKLYN,HAMPTON AVENUE,,In Progress,,,,15 BROOKLYN,48,Precinct 61,3087510408,BROOKLYN,999617,150669,PHONE,Unspecified,BROOKLYN,,,,,,,,40.58021433349482,-73.94467904585656,POINT (-73.944679045857 40.580214333495)
57957039,06/20/2023 02:34:36 PM,06/20/2023 02:49:50 PM,NYPD,New York City Police Department,Illegal Parking,Posted Parking Sign Violation,,Street/Sidewalk,11218,724 CONEY ISLAND AVENUE,CONEY ISLAND AVENUE,AVENUE C,CORTELYOU ROAD,AVENUE C,CORTELYOU ROAD,ADDRESS,BROOKLYN,CONEY ISLAND AVENUE,,Closed,,The Police Department responded to the complaint and determined that police action was not necessary.,06/20/2023 02:49:52 PM,12 BROOKLYN,39,Precinct 66,3053780031,BROOKLYN,992847,172480,ONLINE,Unspecified,BROOKLYN,,,,,,,,40.640090192501034,-73.96902316811077,POINT (-73.969023168111 40.640090192501)
57956868,06/20/2023 08:11:15 AM,06/20/2023 11:28:43 AM,NYPD,New York City Police Department,Blocked Driveway,No Access,,Street/Sidewalk,11358,36-43 172 STREET,172 STREET,CROCHERON AVENUE,39 AVENUE,CROCHERON AVENUE,39 AVENUE,ADDRESS,FLUSHING,172 STREET,,Closed,,The Police Department responded and upon arrival those responsible for the condition were gone.,06/20/2023 11:28:46 AM,07 QUEENS,19,Precinct 109,4053030144,QUEENS,1041257,217239,PHONE,Unspecified,QUEENS,,,,,,,,40.762763521036554,-73.79421306462314,POINT (-73.794213064623 40.762763521037)
57959433,06/20/2023 08:10:20 PM,06/24/2023 11:47:49 AM,DSNY,Department of Sanitation,Dirty Condition,Trash,Littering,Sidewalk,10026,2170 FREDERICK DOUGLASS BOULEVARD,FREDERICK DOUGLASS BOULEVARD,WEST  117 STREET,WEST  118 STREET,WEST  117 STREET,WEST  118 STREET,ADDRESS,NEW YORK,8 AVENUE,,Closed,,The Department of Sanitation cleaned the location.,06/24/2023 11:47:53 AM,10 MANHATTAN,09,Precinct 28,1019230001,MANHATTAN,996765,232632,MOBILE,Unspecified,MANHATTAN,,,,,,,,40.805188135946835,-73.95479392453541,POINT (-73.954793924535 40.805188135947)
57968514,06/21/2023 06:58:01 PM,07/03/2023 02:08:15 PM,DPR,Department of Parks and Recreation,Maintenance or Facility,Garbage or Litter,Other Litter,Park,11232,4200 5 AVENUE,5 AVENUE,42 STREET,43 STREET,42 STREET,43 STREET,ADDRESS,BROOKLYN,5 AVENUE,,Closed,,NYC Parks has completed the requested work order and corrected the problem.,07/03/2023 02:08:18 PM,07 BROOKLYN,38,Precinct 72,,BROOKLYN,982653,175907,ONLINE,Unspecified,BROOKLYN,,,,,,,,40.649500597233825,-74.00575514447839,POINT (-74.005755144478 40.649500597234)
57952890,06/20/2023 02:02:00 PM,06/21/2023 12:24:00 PM,DEP,Department of Environmental Protection,Lead,Lead Kit Request (Residential) (L10),L10,,10021,210 EAST   75 STREET,EAST   75 STREET,3 AVE,2 AVE,,,ADDRESS,NEW YORK,,N/A,Closed,,The Department of Environmental Protection (DEP) mailed you the free lead test kit you requested. The kit includes instructions for collecting a water sample and contact information for DEP's Lead Program Unit if you have any questions. Please use the included pre-paid label to mail the sample to the lab for analysis. It may take the lab up to 30 days to complete their analysis and mail you the test results. This Service Request is closed and no further status will be available from 311.,06/21/2023 12:24:00 PM,08 MANHATTAN,05,Precinct 19,1014290041,MANHATTAN,995692,220350,ONLINE,Unspecified,MANHATTAN,,,,,,,,40.77147879683726,-73.95869068393672,POINT (-73.958690683937 40.771478796837)
57968325,06/21/2023 09:39:14 PM,07/12/2023 09:42:34 AM,HPD,Department of Housing Preservation and Development,UNSANITARY CONDITION,GARBAGE/RECYCLING STORAGE,ACCUMULATION,RESIDENTIAL BUILDING,11211,360 SOUTH    1 STREET,SOUTH    1 STREET,,,,,ADDRESS,BROOKLYN,,,Closed,,The Department of Housing Preservation and Development inspected the following conditions. Violations were issued. Information about specific violations is available at www.nyc.gov/hpd,07/12/2023 12:00:00 AM,01 BROOKLYN,34,Precinct 90,3024120016,BROOKLYN,997378,198162,ONLINE,Unspecified,BROOKLYN,,,,,,,,40.710575926322676,-73.95264698377106,POINT (-73.952646983771 40.710575926323)
57965508,06/21/2023 04:39:00 PM,06/23/2023 01:05:00 PM,DSNY,Department of Sanitation,Derelict Vehicles,Derelict Vehicles,,Street,10456,1390 FRANKLIN AVENUE,FRANKLIN AVENUE,JEFFERSON PLACE,EAST 170 STREET,,,ADDRESS,BRONX,,,Closed,,"The Department of Sanitation (DSNY) tagged the vehicle to confirm it was abandoned. When DSNY returned, the vehicle wasn't in the same exact location. This indicated that the vehicle wasn't abandoned. DSNY closed your Service Request. No further action will be taken.",06/23/2023 12:00:00 PM,03 BRONX,16,Precinct 42,2029350003,BRONX,1011804,243072,PHONE,Unspecified,BRONX,,,,,,,,40.833808874861816,-73.90042794676765,POINT (-73.900427946768 40.833808874862)
57959028,06/20/2023 07:51:56 AM,06/24/2023 06:00:12 PM,HPD,Department of Housing Preservation and Development,UNSANITARY CONDITION,MOLD,N/A,RESIDENTIAL BUILDING,10453,2176 GRAND AVENUE,GRAND AVENUE,,,,,ADDRESS,BRONX,,,Closed,,The Department of Housing Preservation and Development inspected the following conditions. No violations were issued. The complaint has been closed.,06/24/2023 12:00:00 AM,05 BRONX,14,Precinct 46,2031950012,BRONX,1010058,251651,ONLINE,Unspecified,BRONX,,,,,,,,40.85736097082707,-73.90670445370186,POINT (-73.906704453702 40.857360970827)
57969693,06/21/2023 03:00:49 PM,06/22/2023 11:09:32 AM,DCWP,Department of Consumer and Worker Protection,Consumer Complaint,Pawnbroker,Lost or Stolen Property,Business,11434,115-48 SUTPHIN BOULEVARD,SUTPHIN BOULEVARD,115 ROAD,115 DRIVE,115 ROAD,115 DRIVE,ADDRESS,JAMAICA,SUTPHIN BOULEVARD,,Closed,,"The Department of Consumer and Worker Protection (DCWP) closed your NYC311 Service Request.   DCWP couldn't take action on your complaint because it didn't include important details, such as your contact information or the business's name or location.  If you would like to pursue this complaint, you can file a new NYC311 Service Request. Please provide more information about the complaint so DCWP can help you.",06/22/2023 11:09:36 AM,12 QUEENS,28,Precinct 113,4119940116,QUEENS,1041774,188364,PHONE,Unspecified,QUEENS,,,,,,,,40.68350551491424,-73.79259357572347,POINT (-73.792593575723 40.683505514914)
57961566,06/21/2023 07:06:42 AM,06/22/2023 08:42:07 PM,HPD,Department of Housing Preservation and Development,FLOORING/STAIRS,FLOOR,HOLE IN WALKING AREA,RESIDENTIAL BUILDING,10469,1043 EAST  216 STREET,EAST  216 STREET,,,,,ADDRESS,BRONX,,,Closed,,The Department of Housing Preservation and Development inspected the following conditions. No violations were issued. The complaint has been closed.,06/22/2023 12:00:00 AM,12 BRONX,12,Precinct 47,2046990006,BRONX,1024441,259380,ONLINE,Unspecified,BRONX,,,,,,,,40.878520931529636,-73.85466383855976,POINT (-73.85466383856 40.87852093153)
57964860,06/21/2023 08:55:56 PM,06/21/2023 09:22:39 PM,NYPD,New York City Police Department,Illegal Parking,Double Parked Blocking Traffic,,Street/Sidewalk,11364,220-41 UNION TURNPIKE,UNION TURNPIKE,220 PLACE,221 STREET,220 PLACE,221 STREET,ADDRESS,OAKLAND GARDENS,UNION TURNPIKE,,Closed,,The Police Department responded and upon arrival those responsible for the condition were gone.,06/21/2023 09:22:44 PM,11 QUEENS,23,Precinct 111,4077770061,QUEENS,1053480,207212,ONLINE,Unspecified,QUEENS,,,,,,,,40.735154780086155,-73.75019326209055,POINT (-73.750193262091 40.735154780086)
57957129,06/20/2023 12:12:20 PM,06/20/2023 02:02:25 PM,DSNY,Department of Sanitation,Vendor Enforcement,Food Vendor,Unlicensed,Street,10027,BROADWAY,BROADWAY,BROADWAY,WEST  116 STREET,BROADWAY,WEST  116 STREET,INTERSECTION,,,,Closed,,N/A,06/20/2023 02:02:31 PM,09 MANHATTAN,07,Precinct 26,,MANHATTAN,994244,233656,PHONE,Unspecified,MANHATTAN,,,,,,,,40.808001944384515,-73.96389863279262,POINT (-73.963898632793 40.808001944385)
55876986,11/02/2022 05:45:55 PM,,DPR,Department of Parks and Recreation,Overgrown Tree/Branches,Hitting Power Lines,Power Lines,Street,11234,1570 EAST   58 STREET,EAST   58 STREET,AVENUE O,AVENUE T,AVENUE O,AVENUE T,ADDRESS,BROOKLYN,EAST   58 STREET,,In Progress,,,,18 BROOKLYN,46,Precinct 63,3083790058,BROOKLYN,1006785,163679,ONLINE,Unspecified,BROOKLYN,,,,,,,,40.61590881497779,-73.91883097415428,POINT (-73.918830974154 40.615908814978)
57969522,06/21/2023 09:45:44 PM,06/25/2023 05:21:35 PM,HPD,Department of Housing Preservation and Development,PAINT/PLASTER,WALL,BULGING/HOLE/CRACKED,RESIDENTIAL BUILDING,11212,9407 KINGS HIGHWAY,KINGS HIGHWAY,,,,,ADDRESS,BROOKLYN,,,Closed,,The Department of Housing Preservation and Development inspected the following conditions. No violations were issued. The complaint has been closed.,06/25/2023 12:00:00 AM,17 BROOKLYN,41,Precinct 67,3046490024,BROOKLYN,1006269,179153,PHONE,Unspecified,BROOKLYN,,,,,,,,40.658382925121444,-73.920639062938,POINT (-73.920639062938 40.658382925121)
57962916,06/21/2023 08:27:01 AM,06/24/2023 06:25:34 PM,HPD,Department of Housing Preservation and Development,HEAT/HOT WATER,ENTIRE BUILDING,NO HOT WATER,RESIDENTIAL BUILDING,11221,1058 PUTNAM AVENUE,PUTNAM AVENUE,,,,,ADDRESS,BROOKLYN,,,Closed,,The complaint you filed is a duplicate of a condition already reported by another tenant for a building-wide condition. The original complaint is still open. HPD may attempt to contact you to verify the correction of the condition or may conduct an inspection of your unit if the original complainant is not available for verification.,06/24/2023 12:00:00 AM,03 BROOKLYN,41,Precinct 81,3014860017,BROOKLYN,1006491,189761,ONLINE,Unspecified,BROOKLYN,,,,,,,,40.68749893683492,-73.91980392740182,POINT (-73.919803927402 40.687498936835)
57966795,06/22/2023 12:53:23 AM,06/22/2023 01:13:45 AM,NYPD,New York City Police Department,Noise - Residential,Banging/Pounding,,Residential Building/House,10002,45 RUTGERS STREET,RUTGERS STREET,MADISON STREET,CHERRY STREET,MADISON STREET,CHERRY STREET,ADDRESS,NEW YORK,RUTGERS STREET,,Closed,,The Police Department responded to the complaint and took action to fix the condition.,06/22/2023 01:13:49 AM,03 MANHATTAN,01,Precinct 7,1002560001,MANHATTAN,987060,198705,PHONE,Unspecified,MANHATTAN,,,,,,,,40.712075625381324,-73.9898640338808,POINT (-73.989864033881 40.712075625381)
57957750,06/20/2023 09:14:00 AM,06/21/2023 11:40:00 AM,DSNY,Department of Sanitation,Electronics Waste Appointment,Ewaste appointment,,Sidewalk,10308,217A KATAN AVENUE,KATAN AVENUE,NORTH RHETT AVENUE,KATAN LOOP,,,ADDRESS,STATEN ISLAND,,,Closed,,The Department of Sanitation collected the E-waste.,06/21/2023 11:40:00 AM,03 STATEN ISLAND,51,Precinct 122,5054397501,STATEN ISLAND,941676,140702,PHONE,Unspecified,STATEN ISLAND,,,,,,,,40.55276798349037,-74.15320282895243,POINT (-74.153202828952 40.55276798349)
57959703,06/20/2023 01:16:31 PM,06/20/2023 03:36:32 PM,NYPD,New York City Police Department,Illegal Parking,Double Parked Blocking Vehicle,,Street/Sidewalk,10456,1384 GRAND CONCOURSE,GRAND CONCOURSE,ELLIOT PLACE,EAST  170 STREET,ELLIOT PLACE,EAST  170 STREET,ADDRESS,BRONX,GRAND CONCOURSE,,Closed,,The Police Department responded to the complaint and with the information available observed no evidence of the violation at that time.,06/20/2023 03:36:36 PM,04 BRONX,16,Precinct 44,2028310044,BRONX,1008018,244693,ONLINE,Unspecified,BRONX,,,,,,,,40.838269049296365,-73.91410368388398,POINT (-73.914103683884 40.838269049296)
57969387,06/21/2023 10:28:33 AM,06/24/2023 12:51:55 PM,DSNY,Department of Sanitation,Obstruction,Weeds or Grass,Sidewalk,Sidewalk,11234,AVENUE Y,AVENUE Y,AVENUE Y,EAST   69 STREET,AVENUE Y,EAST   69 STREET,INTERSECTION,,,,Closed,,"The Department of Sanitation has investigated the complaint and addressed the issue. If the problem persists, call 311 to enter a new complaint. If you are outside of New York City, please call (212) NEW-YORK (212-639-9675).",06/24/2023 12:51:55 PM,18 BROOKLYN,46,Precinct 63,,BROOKLYN,1011423,162544,PHONE,Unspecified,BROOKLYN,,,,,,,,40.61278046632427,-73.90212989918527,POINT (-73.902129899185 40.612780466324)
57955266,06/20/2023 03:18:31 PM,07/27/2023 12:18:05 PM,EDC,Economic Development Corporation,Noise - Helicopter,Other,Flying Too Low,Above Address,11414,88-12 151 AVENUE,151 AVENUE,88 STREET,89 STREET,88 STREET,89 STREET,ADDRESS,HOWARD BEACH,151 AVENUE,,Closed,,"The New York City Economic Development Corporation determined that this issue is not within its jurisdiction because the helicopter did not belong to a tour company departing from a NYC heliport.Â  Instead, it was most likely a law enforcement or news gathering helicopter not subject to the routing protocols established for tour helicopters. It may also have been a helicopter that departed as a charter or tour from another City but flew over NYC airspace. Helicopter tours originating from outside NYC are not subject to the same City regulations as tours departing from heliports managed by NYCEDC. Any City regulation of these flights is pre-empted by federal law and subject only to the jurisdiction of the Federal Aviation Administration. To file a complaint with the FAA, you can contact the New York Flight Standards District Office at the following web address:Â https://www.faa.gov/about/office_org/field_offices/fsdo/",07/27/2023 12:18:12 PM,10 QUEENS,32,Precinct 106,4114340007,QUEENS,1026729,182858,ONLINE,Unspecified,QUEENS,,,,,,,,40.6684777987759,-73.84687384879807,POINT (-73.846873848798 40.668477798776)
57962151,06/21/2023 05:02:00 PM,07/19/2023 12:30:00 PM,DEP,Department of Environmental Protection,Noise,Noise: air condition/ventilation equipment (NV1),NV1,,10018,202 WEST   39 STREET,WEST   39 STREET,7 AVE,8 AVE,,,ADDRESS,NEW YORK,,N/A,Closed,,"The Department of Environmental Protection (DEP) didn't observe a violation of the NYC Air or Noise Code at the time of inspection and couldn't issue a summons.  If the problem still exists, please go to nyc.gov/311 or call 311 to file a new Service Request. If you're outside of New York City, please call (212) NEW-YORK (212-639-9675).",07/19/2023 12:30:00 PM,05 MANHATTAN,03,Precinct 14,1007880049,MANHATTAN,987351,214096,ONLINE,Unspecified,MANHATTAN,,,,,,,,40.75432003844652,-73.98880727255205,POINT (-73.988807272552 40.754320038447)
57958344,06/20/2023 10:56:37 AM,06/20/2023 11:26:38 AM,NYPD,New York City Police Department,Illegal Parking,Blocked Sidewalk,,Street/Sidewalk,11101,41-05 34 AVENUE,34 AVENUE,41 STREET,42 STREET,41 STREET,42 STREET,ADDRESS,LONG ISLAND CITY,34 AVENUE,,Closed,,The Police Department responded to the complaint and took action to fix the condition.,06/20/2023 11:26:41 AM,01 QUEENS,22,Precinct 114,4006770001,QUEENS,1006438,214806,PHONE,Unspecified,QUEENS,,,,,,,,40.75624151187227,-73.919912468776,POINT (-73.919912468776 40.756241511872)
57967434,06/21/2023 10:41:04 AM,06/26/2023 09:33:13 AM,DOT,Department of Transportation,Street Condition,Failed Street Repair,N/A,Street,11357,162-04 POWELLS COVE BOULEVARD,POWELLS COVE BOULEVARD,162 STREET,166 STREET,162 STREET,166 STREET,ADDRESS,WHITESTONE,POWELLS COVE BOULEVARD,,Closed,,The Department of Transportation inspected the condition you reported and determined that this issue is not within its jurisdiction.,06/26/2023 09:33:20 AM,07 QUEENS,19,Precinct 109,,QUEENS,1039831,228656,ONLINE,Unspecified,QUEENS,,,,,,,,40.79410917086052,-73.79926625465558,POINT (-73.799266254656 40.794109170861)
57960990,06/21/2023 07:25:12 PM,06/22/2023 08:00:40 AM,DSNY,Department of Sanitation,Illegal Dumping,Removal Request,N/A,Sidewalk,10304,21 GEO COURT,GEO COURT,MOSEL AVENUE,DEAD END,MOSEL AVENUE,DEAD END,ADDRESS,STATEN ISLAND,GEO COURT,,Closed,,The Department of Sanitation investigated and found this complaint to be out of jurisdiction. The Department of Sanitation reviewed this and found it not to be meeting the criteria for a complaint or service request.,06/22/2023 08:00:40 AM,01 STATEN ISLAND,49,Precinct 120,5028990188,STATEN ISLAND,962727,162756,ONLINE,Unspecified,STATEN ISLAND,,,,,,,,40.613377887804525,-74.07752095345407,POINT (-74.077520953454 40.613377887805)
57962574,06/21/2023 04:20:00 PM,06/21/2023 06:40:00 PM,DOT,Department of Transportation,Traffic Signal Condition,Controller,Operating Improperly,,11104,,,,,43 AVENUE,48 STREET,INTERSECTION,QUEENS,,N/A,Closed,,Service Request status for this request is available on the Department of Transportationâs website. Please click the âLearn Moreâ link below.,06/21/2023 06:40:00 PM,02 QUEENS,26,Precinct 108,,QUEENS,1007389,210597,UNKNOWN,Unspecified,QUEENS,,,,,,,,40.74468643730609,-73.91649432141584,POINT (-73.916494321416 40.744686437306)
57965319,06/21/2023 11:41:59 PM,06/22/2023 01:14:34 AM,NYPD,New York City Police Department,Noise - Residential,Loud Music/Party,,Residential Building/House,10460,1504 VYSE AVENUE,VYSE AVENUE,JENNINGS STREET,EAST  172 STREET,JENNINGS STREET,EAST  172 STREET,ADDRESS,BRONX,VYSE AVENUE,,Closed,,The Police Department responded to the complaint but officers were unable to gain entry into the premises.,06/22/2023 01:14:39 AM,03 BRONX,17,Precinct 42,2029950122,BRONX,1015218,242849,MOBILE,Unspecified,BRONX,,,,,,,,40.83318549333037,-73.88809179690804,POINT (-73.888091796908 40.83318549333)
57953619,06/20/2023 01:05:18 PM,07/02/2023 05:39:58 PM,HPD,Department of Housing Preservation and Development,UNSANITARY CONDITION,PESTS,MICE,RESIDENTIAL BUILDING,10460,2363 SOUTHERN BOULEVARD,SOUTHERN BOULEVARD,,,,,ADDRESS,BRONX,,,Closed,,The Department of Housing Preservation and Development inspected the following conditions. Violations were issued. Information about specific violations is available at www.nyc.gov/hpd,07/02/2023 12:00:00 AM,06 BRONX,15,Precinct 48,2031140067,BRONX,1016924,249929,PHONE,Unspecified,BRONX,,,,,,,,40.85261185786046,-73.88189238323308,POINT (-73.881892383233 40.85261185786)
57954825,06/20/2023 09:47:21 AM,05/20/2024 08:14:18 AM,HPD,Department of Housing Preservation and Development,DOOR/WINDOW,WINDOW PANE,GLASS BROKEN OR MISSING,RESIDENTIAL BUILDING,11221,270 CENTRAL AVENUE,CENTRAL AVENUE,,,,,ADDRESS,BROOKLYN,,,Closed,,"The Department of Housing Preservation and Development was not able to gain access to inspect the following conditions. The complaint has been closed. If the condition still exists, please file a new complaint.",05/20/2024 12:00:00 AM,04 BROOKLYN,37,Precinct 83,3032750047,BROOKLYN,1005678,193109,PHONE,Unspecified,BROOKLYN,,,,,,,,40.69669042576718,-73.92272477243561,POINT (-73.922724772436 40.696690425767)
57961134,06/21/2023 08:26:00 AM,06/21/2023 08:28:00 AM,DEP,Department of Environmental Protection,Water System,Hydrant Locking Device Request (Use Comments) (WC5),WC5,,10463,2762 KINGSBRIDGE TERRACE,KINGSBRIDGE TERRACE,W KINGSBRIDGE RD,W 229 ST,,,ADDRESS,BRONX,,,Closed,,The Department of Environmental Protection determined that this complaint is a duplicate of a previously filed complaint. The original complaint is being addressed.,06/21/2023 08:28:00 AM,08 BRONX,14,Precinct 50,2032530090,BRONX,1010986,257066,ONLINE,Unspecified,BRONX,,,,,,,,40.872220734310865,-73.90332814679292,POINT (-73.903328146793 40.872220734311)
57960864,06/21/2023 11:14:30 AM,06/21/2023 02:16:01 PM,NYPD,New York City Police Department,Illegal Parking,Blocked Sidewalk,,Street/Sidewalk,11433,175-09 LIBERTY AVENUE,LIBERTY AVENUE,175 STREET,177 STREET,175 STREET,177 STREET,ADDRESS,JAMAICA,LIBERTY AVENUE,,Closed,,The Police Department responded to the complaint and determined that police action was not necessary.,06/21/2023 02:16:04 PM,12 QUEENS,27,Precinct 103,4102190308,QUEENS,1044100,196154,ONLINE,Unspecified,QUEENS,,,,,,,,40.7048717734595,-73.78413785442999,POINT (-73.78413785443 40.70487177346)
57968973,06/21/2023 09:10:33 AM,06/21/2023 09:43:08 AM,NYPD,New York City Police Department,Illegal Parking,Posted Parking Sign Violation,,Street/Sidewalk,11237,515 KNICKERBOCKER AVENUE,KNICKERBOCKER AVENUE,MENAHAN STREET,GROVE STREET,MENAHAN STREET,GROVE STREET,ADDRESS,BROOKLYN,KNICKERBOCKER AVENUE,,Closed,,The Police Department issued a summons in response to the complaint.,06/21/2023 09:43:12 AM,04 BROOKLYN,37,Precinct 83,3033170001,BROOKLYN,1007398,193507,MOBILE,Unspecified,BROOKLYN,,,,,,,,40.69777851080738,-73.91652061788662,POINT (-73.916520617887 40.697778510807)
57966876,06/21/2023 06:51:20 PM,06/21/2023 07:31:15 PM,NYPD,New York City Police Department,Non-Emergency Police Matter,Other (complaint details),,Street/Sidewalk,11374,98-50 67 AVENUE,67 AVENUE,WETHEROLE STREET,BOOTH STREET,WETHEROLE STREET,BOOTH STREET,ADDRESS,REGO PARK,67 AVENUE,,Closed,,The Police Department responded to the complaint and determined that police action was not necessary.,06/21/2023 07:31:20 PM,06 QUEENS,29,Precinct 112,4031680036,QUEENS,1024500,203597,ONLINE,Unspecified,QUEENS,,,,,,,,40.725411863654735,-73.8547848880341,POINT (-73.854784888034 40.725411863655)
57960081,06/20/2023 11:57:39 AM,06/20/2023 01:58:12 PM,NYPD,New York City Police Department,Noise - Residential,Banging/Pounding,,Residential Building/House,10459,923 SIMPSON STREET,SIMPSON STREET,BARRETTO STREET,EAST  163 STREET,BARRETTO STREET,EAST  163 STREET,ADDRESS,BRONX,SIMPSON STREET,,Closed,,The Police Department responded and upon arrival those responsible for the condition were gone.,06/20/2023 01:58:17 PM,02 BRONX,17,Precinct 41,2027230012,BRONX,1013849,238288,MOBILE,Unspecified,BRONX,,,,,,,,40.820671552197325,-73.89305903081899,POINT (-73.893059030819 40.820671552197)
57963510,06/21/2023 11:28:00 PM,06/22/2023 12:05:52 AM,NYPD,New York City Police Department,Illegal Parking,Commercial Overnight Parking,,Street/Sidewalk,11223,2547 WEST STREET,WEST STREET,AVENUE Y,AVENUE Z,AVENUE Y,AVENUE Z,ADDRESS,BROOKLYN,WEST STREET,,Closed,,The Police Department issued a summons in response to the complaint.,06/22/2023 12:05:58 AM,13 BROOKLYN,47,Precinct 60,3072160059,BROOKLYN,992688,153289,ONLINE,Unspecified,BROOKLYN,,,,,,,,40.58741501644483,-73.96962006104414,POINT (-73.969620061044 40.587415016445)
57966678,06/21/2023 09:47:09 PM,06/21/2023 09:59:43 PM,NYPD,New York City Police Department,Noise - Vehicle,Car/Truck Music,,Street/Sidewalk,10468,10 EAST  196 STREET,EAST  196 STREET,PARKVIEW TERRACE,MORRIS AVENUE,PARKVIEW TERRACE,MORRIS AVENUE,ADDRESS,BRONX,EAST  196 STREET,,Closed,,The Police Department reviewed your complaint and provided additional information below.,06/21/2023 09:59:47 PM,07 BRONX,14,Precinct 52,2033170030,BRONX,1013099,255919,ONLINE,Unspecified,BRONX,,,,,,,,40.86906591916177,-73.8956929206734,POINT (-73.895692920673 40.869065919162)
57956274,06/20/2023 08:11:00 AM,07/14/2023 06:17:46 PM,HPD,Department of Housing Preservation and Development,PLUMBING,WATER SUPPLY,NO HOT WATER,RESIDENTIAL BUILDING,11385,983 SENECA AVENUE,SENECA AVENUE,,,,,ADDRESS,RIDGEWOOD,,,Closed,,The Department of Housing Preservation and Development inspected the following conditions. No violations were issued. The complaint has been closed.,07/14/2023 12:00:00 AM,05 QUEENS,34,Precinct 104,4035740006,QUEENS,1011435,194112,PHONE,Unspecified,QUEENS,,,,,,,,40.69942761315355,-73.90195942334391,POINT (-73.901959423344 40.699427613154)
57954114,06/20/2023 09:32:14 AM,06/22/2023 01:37:41 PM,DSNY,Department of Sanitation,Residential Disposal Complaint,Trash or Recycling Not Secure,N/A,Sidewalk,10011,188 8 AVENUE,8 AVENUE,WEST   19 STREET,WEST   20 STREET,WEST   19 STREET,WEST   20 STREET,ADDRESS,NEW YORK,8 AVENUE,,Closed,,The Department of Sanitation investigated this complaint and found no violation at the location.,06/22/2023 01:37:45 PM,04 MANHATTAN,03,Precinct 10,1007690004,MANHATTAN,984240,210027,ONLINE,Unspecified,MANHATTAN,,,,,,,,40.74315220190254,-74.00003608787888,POINT (-74.000036087879 40.743152201903)
57962376,06/21/2023 01:55:16 PM,06/26/2023 12:00:00 AM,DSNY,Department of Sanitation,Graffiti,Graffiti,,Comercial,11434,179-15 150 ROAD,150 ROAD,,,,,ADDRESS,JAMAICA,,N/A,Closed,07/21/2023 01:55:16 PM,The City has removed the graffiti from this property.,06/28/2023 09:05:21 AM,13 QUEENS,31,Precinct 105,4134130040,QUEENS,1048934,178439,UNKNOWN,Unspecified,QUEENS,,,,,,,,40.6562142764308,-73.76687309433552,POINT (-73.766873094336 40.656214276431)
57956085,06/20/2023 08:51:52 PM,06/20/2023 09:13:36 PM,NYPD,New York City Police Department,Noise - Street/Sidewalk,Loud Music/Party,,Street/Sidewalk,10034,225 DYCKMAN STREET,DYCKMAN STREET,BROADWAY,SEAMAN AVENUE,BROADWAY,SEAMAN AVENUE,ADDRESS,NEW YORK,DYCKMAN STREET,,Closed,,The Police Department responded to the complaint and took action to fix the condition.,06/20/2023 09:13:39 PM,12 MANHATTAN,10,Precinct 34,1022370001,MANHATTAN,1004290,254713,MOBILE,Unspecified,MANHATTAN,,,,,,,,40.865780211951396,-73.9275465238366,POINT (-73.927546523837 40.865780211951)
57962790,06/22/2023 12:29:24 AM,06/22/2023 01:00:45 AM,NYPD,New York City Police Department,Noise - Residential,Loud Talking,,Residential Building/House,11213,1324 ST JOHNS PLACE,ST JOHNS PLACE,TROY AVENUE,SCHENECTADY AVENUE,TROY AVENUE,SCHENECTADY AVENUE,ADDRESS,BROOKLYN,ST JOHNS PLACE,,Closed,,The Police Department responded to the complaint and with the information available observed no evidence of the violation at that time.,06/22/2023 01:00:51 AM,08 BROOKLYN,35,Precinct 77,3013830032,BROOKLYN,1002379,183665,ONLINE,Unspecified,BROOKLYN,,,,,,,,40.67077618004501,-73.93464727275973,POINT (-73.93464727276 40.670776180045)
57962664,06/21/2023 11:54:53 PM,06/22/2023 12:27:20 AM,NYPD,New York City Police Department,Noise - Residential,Loud Talking,,Residential Building/House,11367,64-30 137 STREET,137 STREET,64 AVENUE,64 ROAD,64 AVENUE,64 ROAD,ADDRESS,FLUSHING,137 STREET,,Closed,,The Police Department responded to the complaint and took action to fix the condition.,06/22/2023 12:27:24 AM,07 QUEENS,20,Precinct 109,4064990048,QUEENS,1031513,208321,ONLINE,Unspecified,QUEENS,,,,,,,,40.73834337009265,-73.82945006030103,POINT (-73.829450060301 40.738343370093)
57953970,06/20/2023 09:28:36 AM,11/25/2024 12:17:00 PM,DPR,Department of Parks and Recreation,Maintenance or Facility,Structure - Outdoors,Flag,Park,11206,LEE AVENUE,LEE AVENUE,LEE AVENUE,LYNCH STREET,LEE AVENUE,LYNCH STREET,INTERSECTION,,,,Closed,,NYC Parks has completed the requested work order and corrected the problem.,11/25/2024 12:17:03 PM,01 BROOKLYN,33,Precinct 90,,BROOKLYN,996702,194812,PHONE,Unspecified,BROOKLYN,,,,,,,,40.701381944637866,-73.95509152668554,POINT (-73.955091526686 40.701381944638)
57954348,06/20/2023 08:05:00 PM,06/20/2023 09:10:00 PM,DOT,Department of Transportation,Traffic Signal Condition,Controller,Allout,,11104,,,,,40 STREET,43 AVENUE,INTERSECTION,QUEENS,,N/A,Closed,,Service Request status for this request is available on the Department of Transportationâs website. Please click the âLearn Moreâ link below.,06/20/2023 09:10:00 PM,02 QUEENS,26,Precinct 108,,QUEENS,1005332,210908,UNKNOWN,Unspecified,QUEENS,,,,,,,,40.74554519710836,-73.92391679142703,POINT (-73.923916791427 40.745545197108)
57959361,06/20/2023 12:05:56 PM,,EDC,Economic Development Corporation,Noise - Helicopter,Other,Flying Too Low,Above Address,11238,135 EASTERN PARKWAY,EASTERN PARKWAY,UNDERHILL AVENUE,WASHINGTON AVENUE,UNDERHILL AVENUE,WASHINGTON AVENUE,ADDRESS,BROOKLYN,EASTERN PARKWAY,,In Progress,,,,08 BROOKLYN,35,Precinct 77,3011790047,BROOKLYN,994156,184165,ONLINE,Unspecified,BROOKLYN,,,,,,,,40.67216158783738,-73.96428939702098,POINT (-73.964289397021 40.672161587837)
57966723,06/21/2023 04:13:24 AM,06/21/2023 04:26:20 AM,NYPD,New York City Police Department,Noise - Residential,Loud Talking,,Residential Building/House,10026,71 MALCOLM X BOULEVARD,MALCOLM X BOULEVARD,WEST  113 STREET,WEST  114 STREET,WEST  113 STREET,WEST  114 STREET,ADDRESS,NEW YORK,LENOX AVENUE,,Closed,,The Police Department responded to the complaint and with the information available observed no evidence of the violation at that time.,06/21/2023 04:26:26 AM,10 MANHATTAN,09,Precinct 28,1018230033,MANHATTAN,997870,230926,MOBILE,Unspecified,MANHATTAN,,,,,,,,40.800504000346805,-73.95080595870716,POINT (-73.950805958707 40.800504000347)
55877571,11/01/2022 03:58:56 PM,11/02/2022 09:20:00 AM,DOT,Department of Transportation,Street Condition,Pothole,,,10010,,,,,BROADWAY,WEST 25 STREET,INTERSECTION,MANHATTAN,,N/A,Closed,,The Department of Transportation inspected this complaint and repaired the problem.,11/02/2022 09:20:00 AM,05 MANHATTAN,02,Precinct 13,,MANHATTAN,987255,209983,UNKNOWN,Unspecified,MANHATTAN,,,,,,,,40.743030922348815,-73.9891556121082,POINT (-73.989155612108 40.743030922349)
57957786,06/20/2023 01:02:23 PM,06/20/2023 01:02:23 PM,DOHMH,Department of Health and Mental Hygiene,Rodent,Signs of Rodents,,1-2 Family Dwelling,11419,94-03 129 STREET,129 STREET,94 AVENUE,95 AVENUE,94 AVENUE,95 AVENUE,ADDRESS,SOUTH RICHMOND HILL,129 STREET,,Closed,,The Department of Health and Mental Hygiene found violations on the property you reported. Follow-up inspections will be scheduled.,06/20/2023 01:02:23 PM,09 QUEENS,28,Precinct 102,4094450058,QUEENS,1034203,192706,PHONE,Unspecified,QUEENS,,,,,,,,40.69546924596537,-73.8198590181128,POINT (-73.819859018113 40.695469245965)
57962475,06/21/2023 08:15:25 PM,06/21/2023 08:58:34 PM,NYPD,New York City Police Department,Blocked Driveway,No Access,,Street/Sidewalk,11204,2144 57 STREET,57 STREET,21 AVENUE,DEAD END,21 AVENUE,DEAD END,ADDRESS,BROOKLYN,57 STREET,,Closed,,The Police Department responded and upon arrival those responsible for the condition were gone.,06/21/2023 08:58:38 PM,12 BROOKLYN,44,Precinct 66,3055010025,BROOKLYN,990388,164852,PHONE,Unspecified,BROOKLYN,,,,,,,,40.61915498787617,-73.97789040851833,POINT (-73.977890408518 40.619154987876)
57959595,06/20/2023 01:50:00 PM,06/20/2023 09:38:00 PM,DSNY,Department of Sanitation,Derelict Vehicles,Derelict Vehicles,,Street,11219,1380 62 STREET,62 STREET,13 AVENUE,14 AVENUE,,,ADDRESS,BROOKLYN,,,Closed,,The owner claimed the vehicle.Â Your request is now closed and no further action will be taken.,06/20/2023 12:00:00 PM,10 BROOKLYN,43,Precinct 68,3057330036,BROOKLYN,984762,167614,PHONE,Unspecified,BROOKLYN,,,,,,,,40.62673821194641,-73.99815552347377,POINT (-73.998155523474 40.626738211946)
57960873,06/21/2023 02:29:58 AM,06/21/2023 03:10:09 AM,NYPD,New York City Police Department,Illegal Parking,Blocked Hydrant,,Street/Sidewalk,10454,EAST  142 STREET,EAST  142 STREET,WILLIS AVENUE,BROOK AVENUE,WILLIS AVENUE,BROOK AVENUE,BLOCKFACE,,,,Closed,,The Police Department responded to the complaint and with the information available observed no evidence of the violation at that time.,06/21/2023 03:10:11 AM,Unspecified BRONX,,Precinct 40,,BRONX,,,PHONE,Unspecified,BRONX,,,,,,,,,,
57953196,06/20/2023 07:00:10 AM,06/21/2023 04:05:04 PM,DSNY,Department of Sanitation,Dead Animal,Opossum,Street or Sidewalk,Street,11379,63-25 69 PLACE,69 PLACE,JUNIPER BOULEVARD SOUTH,PENELOPE AVENUE,JUNIPER BOULEVARD SOUTH,PENELOPE AVENUE,ADDRESS,MIDDLE VILLAGE,69 PLACE,,Closed,,The Department of Sanitation investigated this complaint and found no condition at the location.,06/20/2023 08:59:45 PM,05 QUEENS,30,Precinct 104,,QUEENS,1015704,200249,ONLINE,Unspecified,QUEENS,,,,,,,,40.716258068771744,-73.88653495628098,POINT (-73.886534956281 40.716258068772)
57960387,06/20/2023 07:31:15 AM,06/20/2023 08:21:31 AM,NYPD,New York City Police Department,Illegal Parking,Blocked Bike Lane,,Street/Sidewalk,11109,46-10 CENTER BOULEVARD,CENTER BOULEVARD,46 AVENUE,47 AVENUE,46 AVENUE,47 AVENUE,ADDRESS,LONG ISLAND CITY,CENTER BOULEVARD,,Closed,,The Police Department responded to the complaint and took action to fix the condition.,06/20/2023 08:21:35 AM,02 QUEENS,26,Precinct 108,4000210110,QUEENS,996330,211452,ONLINE,Unspecified,QUEENS,,,,,,,,40.74705521915176,-73.95640328649877,POINT (-73.956403286499 40.747055219152)
57959019,06/20/2023 01:54:55 PM,07/10/2023 10:08:42 AM,HPD,Department of Housing Preservation and Development,UNSANITARY CONDITION,MOLD,N/A,RESIDENTIAL BUILDING,10462,2187 CRUGER AVENUE,CRUGER AVENUE,,,,,ADDRESS,BRONX,,,Closed,,The Department of Housing Preservation and Development inspected the following conditions. Violations were issued. Information about specific violations is available at www.nyc.gov/hpd,07/10/2023 12:00:00 AM,11 BRONX,13,Precinct 49,2043180036,BRONX,1021137,251171,PHONE,Unspecified,BRONX,,,,,,,,40.85600417771388,-73.86665672306978,POINT (-73.86665672307 40.856004177714)
57960711,06/21/2023 06:44:00 PM,07/19/2023 04:41:00 PM,DEP,Department of Environmental Protection,Noise,Noise: air condition/ventilation equipment (NV1),NV1,,11226,135 LINDEN BOULEVARD,LINDEN BOULEVARD,BEDFORD AVE,ROGERS AVE,,,ADDRESS,BROOKLYN,,N/A,Closed,,The Department of Environmental Protection determined that this complaint is a duplicate of a previously filed complaint. The original complaint is being addressed.,07/19/2023 04:41:00 PM,17 BROOKLYN,40,Precinct 67,3050840082,BROOKLYN,997044,176979,ONLINE,Unspecified,BROOKLYN,,,,,,,,40.65243390606725,-73.95389194791827,POINT (-73.953891947918 40.652433906067)
57968784,06/21/2023 05:00:32 PM,06/21/2023 05:32:11 PM,NYPD,New York City Police Department,Traffic,Congestion/Gridlock,,Street/Sidewalk,10013,205 HUDSON STREET,HUDSON STREET,DESBROSSES STREET,HOLLAND TUNNEL EXIT,DESBROSSES STREET,HOLLAND TUNNEL EXIT,ADDRESS,NEW YORK,HUDSON STREET,,Closed,,The Police Department responded to the complaint and took action to fix the condition.,06/21/2023 05:32:15 PM,01 MANHATTAN,01,Precinct 1,1002250008,MANHATTAN,982038,202813,ONLINE,Unspecified,MANHATTAN,,,,,,,,40.72335126894835,-74.00798026706096,POINT (-74.007980267061 40.723351268948)
57957237,06/20/2023 07:20:00 AM,06/23/2023 09:30:00 AM,DEP,Department of Environmental Protection,Noise,Noise: Construction Equipment (NC1),NC1,,10075,,,,,EAST 77 STREET,2 AVENUE,INTERSECTION,MANHATTAN,,N/A,Closed,,"The Department of Environmental Protection (DEP) didn't observe a violation of the NYC Air or Noise Code at the time of inspection and couldn't issue a summons.  If the problem still exists, please go to nyc.gov/311 or call 311 to file a new Service Request. If you're outside of New York City, please call (212) NEW-YORK (212-639-9675).",06/23/2023 09:30:00 AM,08 MANHATTAN,04,Precinct 19,,MANHATTAN,996433,220548,ONLINE,Unspecified,MANHATTAN,,,,,,,,40.772021264888394,-73.95601507606814,POINT (-73.956015076068 40.772021264888)
57959541,06/20/2023 09:03:06 AM,06/20/2023 12:26:03 PM,DSNY,Department of Sanitation,Missed Collection,Bulky Trash,N/A,Street,11411,231-20 121 AVENUE,121 AVENUE,FRANCIS LEWIS BOULEVARD,232 STREET,FRANCIS LEWIS BOULEVARD,232 STREET,ADDRESS,CAMBRIA HEIGHTS,121 AVENUE,,Closed,,The Department of Sanitation investigated and found this complaint to be out of jurisdiction. The Department of Sanitation reviewed this and found it not to be meeting the criteria for a complaint or service request.,06/20/2023 12:26:03 PM,13 QUEENS,31,Precinct 105,4128570008,QUEENS,1058194,189120,ONLINE,Unspecified,QUEENS,,,,,,,,40.6854586112428,-73.73338225463233,POINT (-73.733382254632 40.685458611243)
57966957,06/21/2023 07:25:15 PM,06/24/2023 11:35:07 AM,HPD,Department of Housing Preservation and Development,HEAT/HOT WATER,APARTMENT ONLY,NO HOT WATER,RESIDENTIAL BUILDING,10024,324 WEST   84 STREET,WEST   84 STREET,,,,,ADDRESS,NEW YORK,,,Closed,,"The Department of Housing Preservation and Development contacted an occupant of the apartment and verified that the following conditions were corrected. The complaint has been closed. If the condition still exists, please file a new complaint.",06/24/2023 12:00:00 AM,07 MANHATTAN,06,Precinct 20,1012450088,MANHATTAN,989852,226352,ONLINE,Unspecified,MANHATTAN,,,,,,,,40.787958329486614,-73.97976996491103,POINT (-73.979769964911 40.787958329487)
57957489,06/20/2023 04:57:33 PM,06/20/2023 04:58:59 PM,NYPD,New York City Police Department,Non-Emergency Police Matter,Other (complaint details),,Street/Sidewalk,11374,98-50 67 AVENUE,67 AVENUE,WETHEROLE STREET,BOOTH STREET,WETHEROLE STREET,BOOTH STREET,ADDRESS,REGO PARK,67 AVENUE,,Closed,,The Police Department responded to the complaint and determined that police action was not necessary.,06/20/2023 04:59:06 PM,06 QUEENS,29,Precinct 112,4031680036,QUEENS,1024500,203597,ONLINE,Unspecified,QUEENS,,,,,,,,40.725411863654735,-73.8547848880341,POINT (-73.854784888034 40.725411863655)
57955239,06/20/2023 05:38:47 AM,07/12/2023 02:55:09 PM,EDC,Economic Development Corporation,Noise - Helicopter,Other,Flying Too Low,Above Address,11238,238 UNDERHILL AVENUE,UNDERHILL AVENUE,LINCOLN PLACE,EASTERN PARKWAY,LINCOLN PLACE,EASTERN PARKWAY,ADDRESS,BROOKLYN,UNDERHILL AVENUE,,Closed,,"The New York City Economic Development Corporation determined that this issue is not within its jurisdiction because the helicopter did not belong to a tour company departing from a NYC heliport.Â  Instead, it was most likely a law enforcement or news gathering helicopter not subject to the routing protocols established for tour helicopters. It may also have been a helicopter that departed as a charter or tour from another City but flew over NYC airspace. Helicopter tours originating from outside NYC are not subject to the same City regulations as tours departing from heliports managed by NYCEDC. Any City regulation of these flights is pre-empted by federal law and subject only to the jurisdiction of the Federal Aviation Administration. To file a complaint with the FAA, you can contact the New York Flight Standards District Office at the following web address:Â https://www.faa.gov/about/office_org/field_offices/fsdo/",07/12/2023 02:55:13 PM,08 BROOKLYN,35,Precinct 77,3011720001,BROOKLYN,993324,184634,ONLINE,Unspecified,BROOKLYN,,,,,,,,40.673449779379034,-73.9672880810902,POINT (-73.96728808109 40.673449779379)
57958641,06/20/2023 05:17:48 PM,06/20/2023 06:37:20 PM,NYPD,New York City Police Department,Encampment,N/A,,Store/Commercial,10001,26 WEST   27 STREET,WEST   27 STREET,BROADWAY,AVENUE OF THE AMERICAS,BROADWAY,AVENUE OF THE AMERICAS,ADDRESS,NEW YORK,WEST   27 STREET,,Closed,,The Police Department visited the location and no Encampment was found.,06/20/2023 06:37:27 PM,05 MANHATTAN,03,Precinct 13,1008280063,MANHATTAN,987171,210617,ONLINE,Unspecified,MANHATTAN,,,,,,,,40.74477112202199,-73.98945847440086,POINT (-73.989458474401 40.744771122022)
57961071,06/21/2023 12:50:00 PM,06/21/2023 03:21:00 PM,DEP,Department of Environmental Protection,Water Conservation,Illegal Use Of A Hydrant (CIN),CIN,,10027,,,,,WEST 121 STREET,7 AVENUE,INTERSECTION,MANHATTAN,,,Closed,,The Department of Environmental Protection researched this complaint and determined that it could be closed.,06/21/2023 03:21:00 PM,10 MANHATTAN,09,Precinct 28,,MANHATTAN,998038,233079,PHONE,Unspecified,MANHATTAN,,,,,,,,40.80641313269397,-73.95019473864491,POINT (-73.950194738645 40.806413132694)
57960369,06/20/2023 09:44:30 AM,06/27/2023 11:16:17 AM,HPD,Department of Housing Preservation and Development,UNSANITARY CONDITION,PESTS,ROACHES,RESIDENTIAL BUILDING,11230,1480 OCEAN AVENUE,OCEAN AVENUE,,,,,ADDRESS,BROOKLYN,,,Closed,,The Department of Housing Preservation and Development inspected the following conditions. No violations were issued. The complaint has been closed.,06/27/2023 12:00:00 AM,14 BROOKLYN,45,Precinct 70,3067120090,BROOKLYN,996322,167457,ONLINE,Unspecified,BROOKLYN,,,,,,,,40.62629906949887,-73.95651098626831,POINT (-73.956510986268 40.626299069499)
57959136,06/20/2023 03:01:49 PM,07/31/2023 03:39:45 PM,DPR,Department of Parks and Recreation,Root/Sewer/Sidewalk Condition,Trees and Sidewalks Program,Free Repair,Street,11236,8541 COVENTRY ROAD,COVENTRY ROAD,DORSET STREET,EAST   86 STREET,DORSET STREET,EAST   86 STREET,ADDRESS,BROOKLYN,COVENTRY ROAD,,Closed,,"NYC Parks inspected and determined this site does not rate high enough to be repaired by NYC Parks at this time.   We understand conditions may become worse over time. In three years, you may submit a service request via 311, the Parks website, or NYC Tree Map for a new inspection.   You can repair the sidewalk yourself by hiring an independent contractor. The contractor must complete a Tree Work Permit application on the NYC Parks website.",07/31/2023 03:39:50 PM,17 BROOKLYN,42,Precinct 67,3079080184,BROOKLYN,1006728,174954,PHONE,Unspecified,BROOKLYN,,,,,,,,40.64685643683297,-73.91899872934624,POINT (-73.918998729346 40.646856436833)
57957507,06/20/2023 04:28:52 AM,07/03/2023 10:11:34 AM,HPD,Department of Housing Preservation and Development,DOOR/WINDOW,DOOR,BROKEN OR MISSING,RESIDENTIAL BUILDING,11429,215-02 111 ROAD,111 ROAD,,,,,ADDRESS,QUEENS VILLAGE,,,Closed,,"The Department of Housing Preservation and Development was not able to gain access to inspect the following conditions. The complaint has been closed. If the condition still exists, please file a new complaint.",07/03/2023 12:00:00 AM,13 QUEENS,27,Precinct 105,4111420027,QUEENS,1055994,196732,PHONE,Unspecified,QUEENS,,,,,,,,40.70636979796403,-73.74123360661244,POINT (-73.741233606612 40.706369797964)
57960360,06/20/2023 11:14:40 PM,06/27/2023 04:42:30 PM,HPD,Department of Housing Preservation and Development,UNSANITARY CONDITION,GARBAGE/RECYCLING STORAGE,ACCUMULATION,RESIDENTIAL BUILDING,10019,458 WEST   52 STREET,WEST   52 STREET,,,,,ADDRESS,NEW YORK,,,Closed,,The Department of Housing Preservation and Development inspected the following conditions. No violations were issued. The complaint has been closed.,06/27/2023 12:00:00 AM,04 MANHATTAN,03,Precinct 18,1010610060,MANHATTAN,987119,218134,ONLINE,Unspecified,MANHATTAN,,,,,,,,40.765403391957406,-73.9896429284564,POINT (-73.989642928456 40.765403391957)
57963096,06/21/2023 10:17:39 PM,06/22/2023 03:05:57 AM,NYPD,New York City Police Department,Illegal Parking,Blocked Hydrant,,Street/Sidewalk,11228,1509 BATH AVENUE,BATH AVENUE,15 AVENUE,BAY   10 STREET,15 AVENUE,BAY   10 STREET,ADDRESS,BROOKLYN,BATH AVENUE,,Closed,,The Police Department responded and upon arrival those responsible for the condition were gone.,06/22/2023 03:06:02 AM,11 BROOKLYN,50,Precinct 62,3063940007,BROOKLYN,980726,160730,MOBILE,Unspecified,BROOKLYN,,,,,,,,40.60784237383194,-74.0126915928997,POINT (-74.0126915929 40.607842373832)
57966831,06/21/2023 07:59:00 PM,06/22/2023 12:35:00 PM,DSNY,Department of Sanitation,Derelict Vehicles,Derelict Vehicles,,Street,11204,2164 62 STREET,62 STREET,21 AVENUE,BAY PARKWAY,,,ADDRESS,BROOKLYN,,,Closed,,The owner claimed the vehicle.Â Your request is now closed and no further action will be taken.,06/22/2023 12:00:00 PM,11 BROOKLYN,43,Precinct 62,3055360032,BROOKLYN,989717,163688,PHONE,Unspecified,BROOKLYN,,,,,,,,40.61596048890657,-73.98030834932119,POINT (-73.980308349321 40.615960488907)
57968919,06/21/2023 09:00:36 PM,07/27/2023 12:19:05 PM,EDC,Economic Development Corporation,Noise - Helicopter,Other,Flying Too Low,Above Address,10023,20 WEST   73 STREET,WEST   73 STREET,CENTRAL PARK WEST,COLUMBUS AVENUE,CENTRAL PARK WEST,COLUMBUS AVENUE,ADDRESS,NEW YORK,WEST   73 STREET,,Closed,,"The New York City Economic Development Corporation determined that this issue is not within its jurisdiction because the helicopter did not belong to a tour company departing from a NYC heliport.Â  Instead, it was most likely a law enforcement or news gathering helicopter not subject to the routing protocols established for tour helicopters. It may also have been a helicopter that departed as a charter or tour from another City but flew over NYC airspace. Helicopter tours originating from outside NYC are not subject to the same City regulations as tours departing from heliports managed by NYCEDC. Any City regulation of these flights is pre-empted by federal law and subject only to the jurisdiction of the Federal Aviation Administration. To file a complaint with the FAA, you can contact the New York Flight Standards District Office at the following web address:Â https://www.faa.gov/about/office_org/field_offices/fsdo/",07/27/2023 12:19:09 PM,07 MANHATTAN,06,Precinct 20,,MANHATTAN,990666,222531,ONLINE,Unspecified,MANHATTAN,,,,,,,,40.77747014645242,-73.97683408390397,POINT (-73.976834083904 40.777470146452)
57958434,06/20/2023 04:18:00 AM,06/20/2023 06:22:04 AM,NYPD,New York City Police Department,Illegal Parking,Blocked Hydrant,,Street/Sidewalk,10455,737 FOX STREET,FOX STREET,LEGGETT AVENUE,EAST  156 STREET,LEGGETT AVENUE,EAST  156 STREET,ADDRESS,BRONX,FOX STREET,,Closed,,The Police Department responded and upon arrival those responsible for the condition were gone.,06/20/2023 06:22:07 AM,02 BRONX,17,Precinct 41,2027070022,BRONX,1012249,236247,ONLINE,Unspecified,BRONX,,,,,,,,40.81507480081065,-73.89884832891391,POINT (-73.898848328914 40.815074800811)
57952809,06/20/2023 11:24:23 AM,06/20/2023 12:35:32 PM,NYPD,New York City Police Department,Blocked Driveway,No Access,,Street/Sidewalk,11378,60-64 FRESH POND ROAD,FRESH POND ROAD,60 DRIVE,ELIOT AVENUE,60 DRIVE,ELIOT AVENUE,ADDRESS,MASPETH,FRESH POND ROAD,,Closed,,The Police Department responded and upon arrival those responsible for the condition were gone.,06/20/2023 12:35:37 PM,05 QUEENS,30,Precinct 104,4027460038,QUEENS,1011599,199878,ONLINE,Unspecified,QUEENS,,,,,,,,40.71525340535843,-73.9013445509482,POINT (-73.901344550948 40.715253405358)
57953997,06/19/2023 11:34:02 PM,06/20/2023 07:35:00 PM,DOT,Department of Transportation,Street Condition,Pothole,,,11223,233 AVENUE W,AVENUE W,LAKE STREET,MC DONALD AVENUE,,,ADDRESS,BROOKLYN,,N/A,Closed,,The Department of Transportation inspected this complaint and repaired the problem.,06/20/2023 07:35:00 PM,15 BROOKLYN,47,Precinct 61,3071497501,BROOKLYN,991325,155048,UNKNOWN,Unspecified,BROOKLYN,,,,,,,,40.592244312252134,-73.97452552604116,POINT (-73.974525526041 40.592244312252)
57967209,06/21/2023 04:15:42 PM,08/04/2023 12:00:00 AM,DOB,Department of Buildings,Elevator,Elevator - Single Device On Property/No Alternate Service,,,10007,278 GREENWICH STREET,GREENWICH STREET,,,,,ADDRESS,NEW YORK,,,Closed,,"The Department of Buildings reviewed this complaint and closed it. If the problem still exists, please call 311 and file a new complaint. If you are outside of New York City, please call (212) NEW-YORK (212-639-9675).",08/04/2023 12:00:00 AM,01 MANHATTAN,01,Precinct 1,1001420001,MANHATTAN,981171,200026,UNKNOWN,Unspecified,MANHATTAN,,,,,,,,40.715701365581396,-74.01110688163253,POINT (-74.011106881633 40.715701365581)
57954600,06/20/2023 12:52:50 PM,07/05/2023 12:00:00 AM,DOB,Department of Buildings,Elevator,Elevator - Single Device On Property/No Alternate Service,,,10031,412 WEST  148 STREET,WEST  148 STREET,,,,,ADDRESS,NEW YORK,,,Closed,,"The Department of Buildings determined that the conditions described in this complaint were addressed under another service request number. Click on ""Learn More"" in the ""Did You Know"" section below for more information.",07/05/2023 12:00:00 AM,09 MANHATTAN,09,Precinct 30,1020620041,MANHATTAN,999697,240324,UNKNOWN,Unspecified,MANHATTAN,,,,,,,,40.826295878127425,-73.94418539541861,POINT (-73.944185395419 40.826295878127)
57967083,06/21/2023 08:00:25 PM,01/11/2025 12:45:13 AM,DOHMH,Department of Health and Mental Hygiene,Mobile Food Vendor,Food Source/Protection,Food Not Protected,Mobile Food Vendor,10025,601 WEST  115 STREET,WEST  115 STREET,BROADWAY,RIVERSIDE DRIVE,BROADWAY,RIVERSIDE DRIVE,ADDRESS,NEW YORK,WEST  115 STREET,,Closed,,"The NYC Health Department has responded to your service request. For inspection results, please call (212) 676-1600 or email infobfscs@health.nyc.gov to request an inspection report. This service request has been closed.",01/11/2025 12:45:18 AM,09 MANHATTAN,07,Precinct 26,1018960065,MANHATTAN,994058,233445,ONLINE,Unspecified,MANHATTAN,,,,,,,,40.80742301620198,-73.96457082955617,POINT (-73.964570829556 40.807423016202)
57966003,06/21/2023 07:59:36 PM,09/25/2023 08:57:35 AM,DPR,Department of Parks and Recreation,New Tree Request,For One Address,Street Tree,Street,10467,3830 BRONX BOULEVARD,BRONX BOULEVARD,,EAST  222 STREET,,EAST  222 STREET,ADDRESS,BRONX,BRONX BOULEVARD,,Closed,,NYC Parks determined that the requested location cannot receive a new tree because of conflicts with surrounding infrastructure.,09/25/2023 08:57:44 AM,12 BRONX,12,Precinct 47,2046530041,BRONX,1021287,261965,UNKNOWN,Unspecified,BRONX,,,,,,,,40.88562974190851,-73.86605482246202,POINT (-73.866054822462 40.885629741909)
57963285,06/21/2023 09:22:57 AM,06/21/2023 09:22:57 AM,DOHMH,Department of Health and Mental Hygiene,Unsanitary Animal Pvt Property,Other Animal,,Commercial Building,11224,2015 BOARDWALK WEST,BOARDWALK WEST,WEST 16 STREET,WEST 21 STREET,WEST   16 STREET,WEST   21 STREET,ADDRESS,BROOKLYN,BOARDWALK WEST,,Closed,,The Department of Health and Mental Hygiene inspected the property you reported and did not find any violations at the time of the inspection. The property passed inspection.,06/21/2023 09:22:57 AM,13 BROOKLYN,47,Precinct 60,3070720006,BROOKLYN,988037,147861,ONLINE,Unspecified,BROOKLYN,,,,,,,,40.572519435437826,-73.98636843197433,POINT (-73.986368431974 40.572519435438)
57958452,06/20/2023 09:07:00 PM,06/23/2023 10:19:00 AM,DSNY,Department of Sanitation,Derelict Vehicles,Derelict Vehicles,,Street,10469,1177 EAST  222 STREET,EAST  222 STREET,EASTCHESTER ROAD,MICKLE AVENUE,,,ADDRESS,BRONX,,,Closed,,The Department of Sanitation (DSNY) couldn't find the condition. Please file a new Service Request with more details about the location.,06/23/2023 12:00:00 PM,12 BRONX,12,Precinct 47,2049010010,BRONX,1026176,260393,PHONE,Unspecified,BRONX,,,,,,,,40.88129322638338,-73.84838351286479,POINT (-73.848383512865 40.881293226383)
57967182,06/21/2023 03:37:42 PM,07/12/2023 10:30:08 AM,DPR,Department of Parks and Recreation,Damaged Tree,Tree Alive - in Poor Condition,Hollow,Street,10011,130 WEST   16 STREET,WEST   16 STREET,AVENUE OF THE AMERICAS,7 AVENUE,AVENUE OF THE AMERICAS,7 AVENUE,ADDRESS,NEW YORK,WEST   16 STREET,,Closed,,"NYC Parks created a work order for the tree condition.  Please note that addressing this work can take up to a year or more depending on the higher priority work identified during this period and resources available to address this work.    NYC Parks work priority categories range from Category A through D, with A being the most critical and time-sensitive. We will complete all work in Category A first and address work in lower priority categories in accordance with available resources. For more information about the Tree Risk Management Program, visit the NYC Urban Forest page on the NYC Parks website at nyc.gov/parks/trees.   Alternatively, you may choose complete the work yourself by hiring an independent contractor. The contractor must complete a Tree Work Permit application on the NYC Parks website at nyc.gov/parks/trees.",07/12/2023 10:30:14 AM,04 MANHATTAN,03,Precinct 13,1007910062,MANHATTAN,985105,208556,UNKNOWN,Unspecified,MANHATTAN,,,,,,,,40.739114631655205,-73.99691467333221,POINT (-73.996914673332 40.739114631655)
57961368,06/21/2023 10:14:28 PM,06/21/2023 10:51:12 PM,NYPD,New York City Police Department,Noise - Residential,Loud Music/Party,,Residential Building/House,10455,652 SOUTHERN BOULEVARD,SOUTHERN BOULEVARD,AVENUE ST JOHN,LEGGETT AVENUE,AVENUE ST JOHN,LEGGETT AVENUE,ADDRESS,BRONX,SOUTHERN BOULEVARD,,Closed,,The Police Department responded to the complaint and with the information available observed no evidence of the violation at that time.,06/21/2023 10:51:16 PM,02 BRONX,17,Precinct 41,2026030161,BRONX,1011752,235532,ONLINE,Unspecified,BRONX,,,,,,,,40.81311388798001,-73.90064676338008,POINT (-73.90064676338 40.81311388798)
57954789,06/20/2023 10:28:22 AM,06/21/2023 08:55:39 PM,HPD,Department of Housing Preservation and Development,DOOR/WINDOW,DOOR,NEEDS KEY FOR EXIT,RESIDENTIAL BUILDING,10473,1735 LAFAYETTE AVENUE,LAFAYETTE AVENUE,,,,,ADDRESS,BRONX,,,Closed,,The Department of Housing Preservation and Development inspected the following conditions. Violations were issued. Information about specific violations is available at www.nyc.gov/hpd,06/21/2023 12:00:00 AM,09 BRONX,18,Precinct 43,2036360001,BRONX,1021064,238362,PHONE,Unspecified,BRONX,,,,,,,,40.82084753833037,-73.86699091908964,POINT (-73.86699091909 40.82084753833)
57959964,06/19/2023 11:12:31 PM,08/24/2023 12:00:00 AM,DOB,Department of Buildings,Elevator,Elevator - Multiple Devices On Property,,,10018,555 10 AVENUE,10 AVENUE,,,,,ADDRESS,NEW YORK,,,Closed,,The Department of Buildings investigated this complaint and determined that no further action was necessary.,08/24/2023 12:00:00 AM,04 MANHATTAN,03,Precinct 10,1010697501,MANHATTAN,985344,215745,UNKNOWN,Unspecified,MANHATTAN,,,,,,,,40.75884659915633,-73.99605105581034,POINT (-73.99605105581 40.758846599156)
57962457,06/21/2023 09:06:49 PM,,DCWP,Department of Consumer and Worker Protection,Consumer Complaint,"Bodega, Deli, or Convenience Store",Box Cutter Sold to Minor,Business,11378,61-01 GRAND AVENUE,GRAND AVENUE,61 STREET,64 STREET,61 STREET,64 STREET,ADDRESS,MASPETH,GRAND AVENUE,,In Progress,,"The Department of Consumer and Worker Protection (DCWP) Enforcement Division is reviewing your NYC311 Service Request.   If the Enforcement Division needs to conduct an inspection, it may take 35 days to complete.  Please wait 35 days from the date of this update before calling DCWP for status.  You can get status by calling DCWP Consumer Services at (212) 487-4110. You must provide your NYC311 Service Request number.",06/22/2023 11:09:31 AM,05 QUEENS,30,Precinct 104,4027120001,QUEENS,1010848,202333,ONLINE,Unspecified,QUEENS,,,,,,,,40.721994075852315,-73.90404391368789,POINT (-73.904043913688 40.721994075852)
57970224,06/21/2023 10:41:14 AM,06/22/2023 09:35:19 AM,DPR,Department of Parks and Recreation,Damaged Tree,Branch or Limb Has Fallen Down,Blocking Sidewalk,Street,11411,116-25 218 STREET,218 STREET,116 AVENUE,LINDEN BOULEVARD,116 AVENUE,LINDEN BOULEVARD,ADDRESS,CAMBRIA HEIGHTS,218 STREET,,Closed,,"NYC Parks created a work order for the tree condition.  Please note that addressing this work can take up to a year or more depending on the higher priority work identified during this period and resources available to address this work.    NYC Parks work priority categories range from Category A through D, with A being the most critical and time-sensitive. We will complete all work in Category A first and address work in lower priority categories in accordance with available resources. For more information about the Tree Risk Management Program, visit the NYC Urban Forest page on the NYC Parks website at nyc.gov/parks/trees.   Alternatively, you may choose complete the work yourself by hiring an independent contractor. The contractor must complete a Tree Work Permit application on the NYC Parks website at nyc.gov/parks/trees.",06/22/2023 09:35:23 AM,13 QUEENS,27,Precinct 105,4113190021,QUEENS,1055992,193242,ONLINE,Unspecified,QUEENS,,,,,,,,40.69679062343814,-73.7412779984666,POINT (-73.741277998467 40.696790623438)
57968055,06/21/2023 10:14:57 PM,06/21/2023 10:34:17 PM,NYPD,New York City Police Department,Noise - Residential,Banging/Pounding,,Residential Building/House,10023,210 WEST   70 STREET,WEST   70 STREET,AMSTERDAM AVENUE,WEST END AVENUE,AMSTERDAM AVENUE,WEST END AVENUE,ADDRESS,NEW YORK,WEST   70 STREET,,Closed,,The Police Department responded to the complaint and with the information available observed no evidence of the violation at that time.,06/21/2023 10:34:22 PM,07 MANHATTAN,06,Precinct 20,1011580038,MANHATTAN,988793,222617,ONLINE,Unspecified,MANHATTAN,,,,,,,,40.77770735489905,-73.98359676884124,POINT (-73.983596768841 40.777707354899)
57954528,06/20/2023 05:46:39 PM,07/01/2023 01:24:02 PM,DSNY,Department of Sanitation,Obstruction,Weeds or Grass,Sidewalk,Sidewalk,11692,BARBADOES DRIVE,BARBADOES DRIVE,BARBADOES DRIVE,BURCHELL AVENUE,BARBADOES DRIVE,BURCHELL AVENUE,INTERSECTION,,,,Closed,,The Department of Sanitation collected the requested items.,06/21/2023 04:20:04 AM,14 QUEENS,31,Precinct 100,,QUEENS,1038861,156444,ONLINE,Unspecified,QUEENS,,,,,,,,40.595910625884635,-73.80335490702376,POINT (-73.803354907024 40.595910625885)
57964743,06/21/2023 05:01:02 PM,10/23/2023 12:08:20 PM,DPR,Department of Parks and Recreation,Maintenance or Facility,Structure - Outdoors,Other,Park,11365,67-10 FRESH MEADOW LANE,FRESH MEADOW LANE,67 AVENUE,68 AVENUE,67 AVENUE,68 AVENUE,ADDRESS,FRESH MEADOWS,FRESH MEADOW LANE,,Closed,,NYC Parks has completed the requested work order and corrected the problem.,10/23/2023 12:08:24 PM,08 QUEENS,24,Precinct 107,4069270022,QUEENS,1041170,206881,MOBILE,Fresh Meadows Playground,QUEENS,,,,,,,,40.7343340576824,-73.79461478923923,POINT (-73.794614789239 40.734334057682)
57960216,06/20/2023 12:05:00 PM,07/08/2023 02:25:00 PM,DEP,Department of Environmental Protection,Sewer,Catch Basin Clogged/Flooding (Use Comments) (SC),SC,,10466,1036 EAST  230 STREET,EAST  230 STREET,PAULDING AVE,GRENADA PL,,,ADDRESS,BRONX,,,Closed,,"The Department of Environmental Protection inspected your complaint and cleaned the catch basin or inlet. If the condition returns, please call 311 (or 212-639-9675 if calling from a non-New York City area code) to submit a new complaint.",07/08/2023 02:25:00 PM,12 BRONX,12,Precinct 47,2048760064,BRONX,1026038,262928,PHONE,Unspecified,BRONX,,,,,,,,40.888251652133484,-73.84886674311198,POINT (-73.848866743112 40.888251652133)
57968820,06/20/2023 08:22:01 PM,06/21/2023 12:00:00 AM,DOB,Department of Buildings,General Construction/Plumbing,Sidewalk Shed/Pipe Scafford - Inadequate Defective/None,,,10021,225 EAST   72 STREET,EAST   72 STREET,,,,,ADDRESS,NEW YORK,,,Closed,,The Department of Buildings investigated this complaint and determined that no further action was necessary.,06/21/2023 12:00:00 AM,08 MANHATTAN,04,Precinct 19,1014270011,MANHATTAN,995364,219611,UNKNOWN,Unspecified,MANHATTAN,,,,,,,,40.769450853068314,-73.95987609181154,POINT (-73.959876091812 40.769450853068)
57954879,06/20/2023 10:49:41 AM,06/27/2023 06:35:37 PM,HPD,Department of Housing Preservation and Development,DOOR/WINDOW,WINDOW FRAME,WINDOW STUCK CLOSED OR OPEN,RESIDENTIAL BUILDING,10451,1000 GRAND CONCOURSE,GRAND CONCOURSE,,,,,ADDRESS,BRONX,,,Closed,,The Department of Housing Preservation and Development inspected the following conditions. No violations were issued. The complaint has been closed.,06/27/2023 12:00:00 AM,04 BRONX,16,Precinct 44,2024610090,BRONX,1006092,241602,PHONE,Unspecified,BRONX,,,,,,,,40.829790122707635,-73.92107420870009,POINT (-73.9210742087 40.829790122708)
57957849,06/20/2023 06:18:39 PM,06/21/2023 03:32:20 AM,NYPD,New York City Police Department,Illegal Parking,Blocked Hydrant,,Street/Sidewalk,11385,78-50 64 STREET,64 STREET,78 AVENUE,80 AVENUE,78 AVENUE,80 AVENUE,ADDRESS,RIDGEWOOD,64 STREET,,Closed,,The Police Department responded and upon arrival those responsible for the condition were gone.,06/21/2023 03:32:25 AM,05 QUEENS,30,Precinct 104,4037160042,QUEENS,1014308,193185,ONLINE,Unspecified,QUEENS,,,,,,,,40.69687392389231,-73.89160232058353,POINT (-73.891602320584 40.696873923892)
57966327,06/21/2023 06:09:30 PM,07/05/2023 10:05:32 AM,DSNY,Department of Sanitation,Illegal Dumping,Removal Request,N/A,Street,11435,LOWE COURT,LOWE COURT,LOWE COURT,149 STREET,LOWE COURT,149 STREET,INTERSECTION,,,,Closed,,The Department of Sanitation investigated this complaint and found no condition at the location.,06/22/2023 03:26:08 PM,12 QUEENS,27,Precinct 103,,QUEENS,1038064,195365,PHONE,Unspecified,QUEENS,,,,,,,,40.70274492681109,-73.80591424151979,POINT (-73.80591424152 40.702744926811)
57955869,06/20/2023 09:44:00 AM,06/28/2023 08:30:00 PM,DEP,Department of Environmental Protection,Noise,Noise: Private Carting Noise (NQ1),NQ1,,11238,614 BERGEN STREET,BERGEN STREET,CARLTON AVE,VANDERBILT AVE,,,ADDRESS,BROOKLYN,,N/A,Closed,,"The Department of Environmental Protection (DEP) didn't observe a violation of the NYC Air or Noise Code at the time of inspection and couldn't issue a summons.  If the problem still exists, please go to nyc.gov/311 or call 311 to file a new Service Request. If you're outside of New York City, please call (212) NEW-YORK (212-639-9675).",06/28/2023 08:30:00 PM,08 BROOKLYN,35,Precinct 78,3011440036,BROOKLYN,992736,186896,ONLINE,Unspecified,BROOKLYN,,,,,,,,40.67965904175936,-73.96940498242898,POINT (-73.969404982429 40.679659041759)
57960819,06/21/2023 10:12:32 AM,06/21/2023 10:38:18 AM,NYPD,New York City Police Department,Illegal Parking,Double Parked Blocking Traffic,,Street/Sidewalk,10034,5000 BROADWAY,BROADWAY,WEST  212 STREET,WEST  213 STREET,WEST  212 STREET,WEST  213 STREET,ADDRESS,NEW YORK,BROADWAY,,Closed,,The Police Department issued a summons in response to the complaint.,06/21/2023 10:38:23 AM,12 MANHATTAN,10,Precinct 34,1022300001,MANHATTAN,1006817,255719,MOBILE,Unspecified,MANHATTAN,,,,,,,,40.8685352762629,-73.91840691672459,POINT (-73.918406916725 40.868535276263)
57963186,06/21/2023 02:38:54 PM,06/21/2023 05:40:46 PM,NYPD,New York City Police Department,Illegal Parking,Double Parked Blocking Traffic,,Street/Sidewalk,10309,148 BARTOW AVENUE,BARTOW AVENUE,EUGENE STREET,PAGE AVENUE,EUGENE STREET,PAGE AVENUE,ADDRESS,STATEN ISLAND,BARTOW AVENUE,,Closed,,The Police Department responded and upon arrival those responsible for the condition were gone.,06/21/2023 05:40:51 PM,03 STATEN ISLAND,51,Precinct 123,5077560013,STATEN ISLAND,920340,124915,MOBILE,Unspecified,STATEN ISLAND,,,,,,,,40.5093076672209,-74.22983122391848,POINT (-74.229831223918 40.509307667221)
57968865,06/21/2023 06:55:56 AM,06/21/2023 09:54:28 AM,NYPD,New York City Police Department,Illegal Parking,Posted Parking Sign Violation,,Street/Sidewalk,10455,564 JACKSON AVENUE,JACKSON AVENUE,EAST  149 STREET,PONTIAC PLACE,EAST  149 STREET,PONTIAC PLACE,ADDRESS,BRONX,JACKSON AVENUE,,Closed,,The Police Department responded to the complaint and with the information available observed no evidence of the violation at that time.,06/21/2023 09:54:32 AM,01 BRONX,08,Precinct 40,2026420001,BRONX,1009471,235753,MOBILE,Unspecified,BRONX,,,,,,,,40.81372727745244,-73.90888622681445,POINT (-73.908886226814 40.813727277452)
57953106,06/20/2023 07:23:17 PM,06/20/2023 10:02:11 PM,NYPD,New York City Police Department,Illegal Parking,Posted Parking Sign Violation,,Street/Sidewalk,11420,120-15 SUTTER AVENUE,SUTTER AVENUE,120 STREET,121 STREET,120 STREET,121 STREET,ADDRESS,SOUTH OZONE PARK,SUTTER AVENUE,,Closed,,The Police Department responded to the complaint and took action to fix the condition.,06/20/2023 10:02:16 PM,10 QUEENS,28,Precinct 106,4117130004,QUEENS,1034577,184874,MOBILE,Unspecified,QUEENS,,,,,,,,40.67397012199326,-73.81856879809736,POINT (-73.818568798097 40.673970121993)
57964428,06/21/2023 12:38:29 PM,07/28/2023 08:33:13 AM,DOT,Department of Transportation,Curb Condition,Defacement,Other,Curb,11368,37-25 97 STREET,97 STREET,37 AVENUE,38 AVENUE,37 AVENUE,38 AVENUE,ADDRESS,CORONA,97 STREET,,Closed,,"The Department of Transportation inspected the condition you reported and issued a summons to the responsible party. A re-inspection will be done within 10 days. If the condition still exists, a second summons will be issued. In some cases, the Department of Transportation will make the repairs and charge the responsible party for the costs.",07/28/2023 08:33:17 AM,03 QUEENS,21,Precinct 115,4017600153,QUEENS,1020386,212982,PHONE,Unspecified,QUEENS,,,,,,,,40.75118909718132,-73.86957705971395,POINT (-73.869577059714 40.751189097181)
57961908,06/21/2023 08:26:56 AM,06/21/2023 08:26:56 AM,DOHMH,Department of Health and Mental Hygiene,Rodent,Condition Attracting Rodents,,3+ Family Apt. Building,11236,759 EAST  105 STREET,EAST  105 STREET,GLENWOOD ROAD,FLATLANDS AVENUE,GLENWOOD ROAD,FLATLANDS AVENUE,ADDRESS,BROOKLYN,EAST  105 STREET,,Closed,,The Department of Health and Mental Hygiene inspected the property you reported and did not find any violations at the time of the inspection. The property passed inspection.,06/21/2023 08:26:56 AM,18 BROOKLYN,42,Precinct 69,3081930001,BROOKLYN,1013319,175397,ONLINE,Unspecified,BROOKLYN,,,,,,,,40.64805319390208,-73.89524564475568,POINT (-73.895245644756 40.648053193902)
57962259,06/21/2023 10:01:23 AM,06/24/2023 02:26:01 PM,DSNY,Department of Sanitation,Missed Collection,Trash,N/A,Street,11209,7114 5 AVENUE,5 AVENUE,OVINGTON AVENUE,72 STREET,OVINGTON AVENUE,72 STREET,ADDRESS,BROOKLYN,5 AVENUE,,Closed,,The Department of Sanitation collected the requested items.,06/24/2023 11:08:27 AM,10 BROOKLYN,47,Precinct 68,3058920050,BROOKLYN,978289,169663,ONLINE,Unspecified,BROOKLYN,,,,,,,,40.632360293838225,-74.02147627135867,POINT (-74.021476271359 40.632360293838)
57952638,06/20/2023 03:54:02 PM,06/20/2023 04:02:54 PM,NYPD,New York City Police Department,Illegal Parking,Blocked Crosswalk,,Street/Sidewalk,10019,916 7 AVENUE,7 AVENUE,WEST   57 STREET,WEST   58 STREET,WEST   57 STREET,WEST   58 STREET,ADDRESS,NEW YORK,7 AVENUE,,Closed,,The Police Department responded and upon arrival those responsible for the condition were gone.,06/20/2023 04:02:58 PM,05 MANHATTAN,06,Precinct 18,1010290036,MANHATTAN,989881,218367,MOBILE,Unspecified,MANHATTAN,,,,,,,,40.76604158889077,-73.97967193129993,POINT (-73.9796719313 40.766041588891)
57969180,06/21/2023 09:20:00 PM,06/22/2023 02:00:00 PM,DEP,Department of Environmental Protection,Air Quality,"Air: Odor/Fumes, Vehicle Idling (AD3)",AD3,,11428,93-43 215 PLACE,215 PLACE,93 AVE,94 RD,,,ADDRESS,QUEENS VILLAGE,,N/A,Closed,,"The Department of Environmental Protection (DEP) didn't observe a violation of the NYC Air or Noise Code at the time of inspection and couldn't issue a summons.  If the problem still exists, please go to nyc.gov/311 or call 311 to file a new Service Request. If you're outside of New York City, please call (212) NEW-YORK (212-639-9675).",06/22/2023 02:00:00 PM,13 QUEENS,23,Precinct 105,4106190009,QUEENS,1055923,201566,PHONE,Unspecified,QUEENS,,,,,,,,40.719638493494784,-73.74143822428483,POINT (-73.741438224285 40.719638493495)
57968505,06/21/2023 05:50:44 AM,05/13/2025 04:51:37 PM,DPR,Department of Parks and Recreation,New Tree Request,For One Address,Street Tree,Street,11222,1031 MANHATTAN AVENUE,MANHATTAN AVENUE,GREEN STREET,FREEMAN STREET,GREEN STREET,FREEMAN STREET,ADDRESS,BROOKLYN,MANHATTAN AVENUE,,Closed,,"In an effort to more fully and efficiently service each city block, NYC Parks is shifting their street tree planting program to a neighborhood approach.  If the site that you requested meets the criteria for planting, NYC Parks will plant a tree through their new Neighborhood Tree Planting Program.   NYC Parks is no longer accepting new tree planting requests. Each neighborhood will be surveyed, inspected, and planted sequentially. NYC Parks foresters will be conducting tree removal, stump removal, and planting block by block and closing all unplantable tree beds. The most heat-vulnerable neighborhoods will be prioritized first.  To learn more about this program, visit nyc.gov/parks/street-tree-planting.  To learn more about the trees in your neighborhood, visit the NYC Tree Map at nyc.gov/parks/treemap.",05/13/2025 04:51:40 PM,01 BROOKLYN,33,Precinct 94,3025120046,BROOKLYN,996745,206738,UNKNOWN,Unspecified,BROOKLYN,,,,,,,,40.73411588637895,-73.95491430836461,POINT (-73.954914308365 40.734115886379)
57957777,06/20/2023 02:53:53 PM,06/21/2023 02:16:33 PM,DPR,Department of Parks and Recreation,Damaged Tree,Branch or Limb Has Fallen Down,Park (High Traffic Area),Street,11414,163-66 87 STREET,87 STREET,163 AVENUE,164 AVENUE,163 AVENUE,164 AVENUE,ADDRESS,HOWARD BEACH,87 STREET,,Closed,,NYC Parks visited the site and inspected the condition. No work is necessary at this time.,06/21/2023 02:16:42 PM,10 QUEENS,32,Precinct 106,4140700085,QUEENS,1027650,176407,ONLINE,Unspecified,QUEENS,,,,,,,,40.650766785228996,-73.84359540188329,POINT (-73.843595401883 40.650766785229)
57958992,06/20/2023 11:21:15 AM,06/25/2023 12:37:50 PM,HPD,Department of Housing Preservation and Development,UNSANITARY CONDITION,PESTS,MICE,RESIDENTIAL BUILDING,10453,1721 GRAND AVENUE,GRAND AVENUE,,,,,ADDRESS,BRONX,,,Closed,,"The Department of Housing Preservation and Development contacted an occupant of the apartment and verified that the following conditions were corrected. The complaint has been closed. If the condition still exists, please file a new complaint.",06/25/2023 12:00:00 AM,05 BRONX,14,Precinct 46,2028670094,BRONX,1008168,248678,ONLINE,Unspecified,BRONX,,,,,,,,40.84920629675279,-73.91354737863786,POINT (-73.913547378638 40.849206296753)
57955032,06/20/2023 08:48:37 PM,06/20/2023 08:48:37 PM,DOHMH,Department of Health and Mental Hygiene,Illegal Animal Kept as Pet,Other,,Residence,11375,68-39 GROTON STREET,GROTON STREET,68 AVENUE,69 AVENUE,68 AVENUE,69 AVENUE,ADDRESS,FOREST HILLS,GROTON STREET,,Closed,,An inspection of the property was conducted and no violations were found.,06/20/2023 08:48:37 PM,06 QUEENS,29,Precinct 112,4032010046,QUEENS,1025087,200816,PHONE,Unspecified,QUEENS,,,,,,,,40.71777601057106,-73.85268396999054,POINT (-73.852683969991 40.717776010571)
57960468,06/21/2023 10:11:59 PM,06/21/2023 10:27:50 PM,NYPD,New York City Police Department,Abandoned Vehicle,With License Plate,,Street/Sidewalk,11421,93-19 92 AVENUE,92 AVENUE,WOODHAVEN BOULEVARD,95 STREET,WOODHAVEN BOULEVARD,95 STREET,ADDRESS,WOODHAVEN,92 AVENUE,,Closed,,The Police Department responded to the complaint and took action to fix the condition.,06/21/2023 10:27:53 PM,09 QUEENS,32,Precinct 102,4089890151,QUEENS,1026058,190476,MOBILE,Unspecified,QUEENS,,,,,,,,40.68939064676361,-73.84924537061725,POINT (-73.849245370617 40.689390646764)
57969630,06/21/2023 10:00:00 AM,06/21/2023 10:30:00 AM,DOT,Department of Transportation,Traffic Signal Condition,Controller,Operating Improperly,,10470,,,,,RICHARDSON AVENUE,NEREID AVENUE,INTERSECTION,BRONX,,N/A,Closed,,Service Request status for this request is available on the Department of Transportationâs website. Please click the âLearn Moreâ link below.,06/21/2023 10:30:00 AM,12 BRONX,11,Precinct 47,,BRONX,1024229,266796,UNKNOWN,Unspecified,BRONX,,,,,,,,40.89887645073258,-73.85538618574853,POINT (-73.855386185749 40.898876450733)
57969027,06/20/2023 02:42:29 PM,06/22/2023 12:18:00 PM,DOT,Department of Transportation,Street Condition,Pothole,,,11208,803 FORBELL STREET,FORBELL STREET,COZINE AVENUE,WORTMAN AVENUE,,,ADDRESS,BROOKLYN,,N/A,Closed,,The Department of Transportation inspected this complaint and repaired the problem.,06/22/2023 12:18:00 PM,05 BROOKLYN,42,Precinct 75,3045550001,BROOKLYN,1022920,181437,UNKNOWN,Unspecified,BROOKLYN,,,,,,,,40.66459493112791,-73.86061246591132,POINT (-73.860612465911 40.664594931128)
57956364,06/20/2023 04:54:00 AM,06/20/2023 04:54:00 AM,DOT,Department of Transportation,Street Light Condition,Street Light Out,Location Type: Intersection,,10012,,,,,BROADWAY,SPRING STREET,INTERSECTION,MANHATTAN,,,Closed,,Service Request status for this request is available on the Department of Transportationâs website. Please click the âLearn Moreâ link below.,06/20/2023 01:40:00 AM,02 MANHATTAN,01,Precinct 5,,MANHATTAN,984579,202693,UNKNOWN,Unspecified,MANHATTAN,,,,,,,,40.72302216843563,-73.99881306740762,POINT (-73.998813067408 40.723022168436)
57957309,06/20/2023 08:47:39 PM,06/20/2023 09:05:47 PM,NYPD,New York City Police Department,Noise - Residential,Loud Music/Party,,Residential Building/House,11249,400 KENT AVENUE,KENT AVENUE,BROADWAY,SOUTH    8 STREET,BROADWAY,SOUTH    8 STREET,ADDRESS,BROOKLYN,KENT AVENUE,,Closed,,The Police Department responded to the complaint and determined that police action was not necessary.,06/20/2023 09:05:50 PM,01 BROOKLYN,33,Precinct 90,3021280001,BROOKLYN,992973,198207,ONLINE,Unspecified,BROOKLYN,,,,,,,,40.710704880025176,-73.96853586620725,POINT (-73.968535866207 40.710704880025)
57958047,06/20/2023 06:20:00 PM,06/20/2023 11:00:00 PM,DOT,Department of Transportation,Street Light Condition,Lamppost Wire Exposed,Location Type: Intersection,,11212,,,,,DUMONT AVENUE,AMBOY STREET,INTERSECTION,BROOKLYN,,,Closed,,Service Request status for this request is available on the Department of Transportationâs website. Please click the âLearn Moreâ link below.,06/20/2023 11:00:00 PM,16 BROOKLYN,41,Precinct 73,,BROOKLYN,1008365,181030,UNKNOWN,Unspecified,BROOKLYN,,,,,,,,40.663529413395295,-73.91307794608768,POINT (-73.913077946088 40.663529413395)
57953871,06/20/2023 04:55:38 PM,06/29/2023 02:00:59 PM,DPR,Department of Parks and Recreation,Damaged Tree,Branch or Limb Has Fallen Down,Blocking Sidewalk,Street,11234,1831 EAST   48 STREET,EAST   48 STREET,AVENUE O,FLATBUSH AVENUE,AVENUE O,FLATBUSH AVENUE,ADDRESS,BROOKLYN,EAST   48 STREET,,Closed,,"NYC Parks created a work order for the tree condition.  Please note that addressing this work can take up to a year or more depending on the higher priority work identified during this period and resources available to address this work.    NYC Parks work priority categories range from Category A through D, with A being the most critical and time-sensitive. We will complete all work in Category A first and address work in lower priority categories in accordance with available resources. For more information about the Tree Risk Management Program, visit the NYC Urban Forest page on the NYC Parks website at nyc.gov/parks/trees.   Alternatively, you may choose complete the work yourself by hiring an independent contractor. The contractor must complete a Tree Work Permit application on the NYC Parks website at nyc.gov/parks/trees.",06/29/2023 02:01:05 PM,18 BROOKLYN,46,Precinct 63,3084880026,BROOKLYN,1004098,163693,MOBILE,Unspecified,BROOKLYN,,,,,,,,40.615953668667515,-73.9285092586727,POINT (-73.928509258673 40.615953668668)
57953160,06/20/2023 01:53:00 PM,06/20/2023 01:53:00 PM,DEP,Department of Environmental Protection,Water System,Hydrant Running Full (WA4),WA4,,10013,,,,,WEST BROADWAY,WORTH STREET,INTERSECTION,MANHATTAN,,,Closed,,The Department of Environmental Protection investigated this complaint and found it to be a temporary condition.,06/20/2023 01:53:00 PM,01 MANHATTAN,01,Precinct 1,,MANHATTAN,982161,200740,PHONE,Unspecified,MANHATTAN,,,,,,,,40.717661413606386,-74.00753587464497,POINT (-74.007535874645 40.717661413606)
57965400,06/21/2023 08:57:11 PM,06/21/2023 11:07:11 PM,DHS,Department of Homeless Services,Homeless Person Assistance,,,Street/Sidewalk,10468,2670 CRESTON AVENUE,CRESTON AVENUE,EAST KINGSBRIDGE ROAD,EAST 196 STREET,EAST KINGSBRIDGE ROAD,EAST  196 STREET,ADDRESS,BRONX,CRESTON AVENUE,,Closed,,The mobile outreach response team went to the location provided but could not find the individual that you reported.,06/21/2023 11:07:11 PM,07 BRONX,14,Precinct 52,2033140001,BRONX,1013254,255170,ONLINE,Unspecified,BRONX,,,,,,,,40.86700963585314,-73.895135741712,POINT (-73.895135741712 40.867009635853)
57953115,06/20/2023 10:17:06 AM,06/20/2023 02:45:13 PM,NYPD,New York City Police Department,Traffic,Congestion/Gridlock,,Street/Sidewalk,11375,104-78 QUEENS BOULEVARD,QUEENS BOULEVARD,69 ROAD,YELLOWSTONE BOULEVARD,69 ROAD,YELLOWSTONE BOULEVARD,ADDRESS,FOREST HILLS,QUEENS BOULEVARD,,Closed,,The Police Department responded to the complaint and took action to fix the condition.,06/20/2023 02:45:17 PM,06 QUEENS,29,Precinct 112,,QUEENS,1026302,202854,ONLINE,Unspecified,QUEENS,,,,,,,,40.723364128992436,-73.84828823575582,POINT (-73.848288235756 40.723364128992)
57963015,06/21/2023 08:33:26 AM,07/01/2023 02:04:15 AM,HPD,Department of Housing Preservation and Development,UNSANITARY CONDITION,PESTS,FLIES,RESIDENTIAL BUILDING,11221,680 JEFFERSON AVENUE,JEFFERSON AVENUE,,,,,ADDRESS,BROOKLYN,,,Closed,,The Department of Housing Preservation and Development inspected the following conditions. No violations were issued. The complaint has been closed.,07/01/2023 12:00:00 AM,03 BROOKLYN,36,Precinct 81,3016560030,BROOKLYN,1003508,189036,PHONE,Unspecified,BROOKLYN,,,,,,,,40.68551597167343,-73.93056202576177,POINT (-73.930562025762 40.685515971673)
57963825,06/21/2023 09:35:00 PM,06/22/2023 09:45:00 PM,DEP,Department of Environmental Protection,Noise,"Noise, Ice Cream Truck (NR4)",NR4,,10014,75 CHRISTOPHER STREET,CHRISTOPHER STREET,7 AVE S,BLEECKER ST,,,ADDRESS,NEW YORK,,N/A,Closed,,"The Department of Environmental Protection (DEP) didn't observe a violation of the NYC Air or Noise Code at the time of inspection and couldn't issue a summons.  If the problem still exists, please go to nyc.gov/311 or call 311 to file a new Service Request. If you're outside of New York City, please call (212) NEW-YORK (212-639-9675).",06/22/2023 09:45:00 PM,02 MANHATTAN,03,Precinct 6,1006190074,MANHATTAN,983343,206533,ONLINE,Unspecified,MANHATTAN,,,,,,,,40.733561991198215,-74.00327269952749,POINT (-74.003272699527 40.733561991198)
57957183,06/20/2023 03:04:22 PM,08/04/2023 12:00:00 AM,DOB,Department of Buildings,Elevator,Elevator - Multiple Devices On Property,,,11372,37-05 88 STREET,88 STREET,,,,,ADDRESS,JACKSON HEIGHTS,,,Closed,,"The Department of Buildings determined that the conditions described in this complaint were addressed under another service request number. Click on ""Learn More"" in the ""Did You Know"" section below for more information.",08/04/2023 12:00:00 AM,03 QUEENS,21,Precinct 115,4014760001,QUEENS,1017872,212530,UNKNOWN,Unspecified,QUEENS,,,,,,,,40.74995838894689,-73.87865289823546,POINT (-73.878652898235 40.749958388947)
57957525,06/20/2023 07:39:51 AM,06/23/2023 10:28:01 AM,HPD,Department of Housing Preservation and Development,GENERAL,CABINET,DAMAGED OR MISSING,RESIDENTIAL BUILDING,11226,15 WOODRUFF AVENUE,WOODRUFF AVENUE,,,,,ADDRESS,BROOKLYN,,,Closed,,The Department of Housing Preservation and Development inspected the following conditions. No violations were issued. The complaint has been closed.,06/23/2023 12:00:00 AM,14 BROOKLYN,40,Precinct 70,3050520059,BROOKLYN,993917,177090,ONLINE,Unspecified,BROOKLYN,,,,,,,,40.652742542509486,-73.96516112297573,POINT (-73.965161122976 40.652742542509)
57959478,06/20/2023 09:06:14 AM,06/21/2023 12:47:04 PM,DSNY,Department of Sanitation,Obstruction,Cone,Street,Street,11214,21 AVENUE,21 AVENUE,81 STREET,82 STREET,81 STREET,82 STREET,BLOCKFACE,,,,Closed,,The Department of Sanitation investigated this complaint and found no condition at the location.,06/21/2023 12:47:12 PM,Unspecified BROOKLYN,,Precinct 62,,BROOKLYN,,,PHONE,Unspecified,BROOKLYN,,,,,,,,,,
57963348,06/20/2023 07:03:10 AM,06/20/2023 01:24:00 PM,DOT,Department of Transportation,Street Condition,Pothole,,,10465,,,,,PELHAM PARKWAY,PELHAM SHORE ROAD,INTERSECTION,BRONX,,N/A,Closed,,The Department of Transportation inspected this complaint and repaired the problem.,06/20/2023 01:24:00 PM,28 BRONX,13,Precinct 45,,BRONX,1034559,252376,UNKNOWN,Unspecified,BRONX,,,,,,,,40.859245254139964,-73.81812844453063,POINT (-73.818128444531 40.85924525414)
57969126,06/21/2023 02:42:18 PM,06/21/2023 03:13:23 PM,NYPD,New York City Police Department,Illegal Parking,Blocked Crosswalk,,Street/Sidewalk,10032,2081 AMSTERDAM AVENUE,AMSTERDAM AVENUE,ST NICHOLAS AVENUE,WEST  163 STREET,ST NICHOLAS AVENUE,WEST  163 STREET,ADDRESS,NEW YORK,AMSTERDAM AVENUE,,Closed,,The Police Department responded to the complaint and determined that police action was not necessary.,06/21/2023 03:13:32 PM,12 MANHATTAN,10,Precinct 33,1021100007,MANHATTAN,1001007,244004,MOBILE,Unspecified,MANHATTAN,,,,,,,,40.836394030964776,-73.93944278494482,POINT (-73.939442784945 40.836394030965)
57956733,06/20/2023 08:04:13 AM,06/20/2023 10:05:07 AM,DSNY,Department of Sanitation,Dirty Condition,Trash,Littering,Sidewalk,10011,308 WEST   22 STREET,WEST   22 STREET,8 AVENUE,9 AVENUE,8 AVENUE,9 AVENUE,ADDRESS,NEW YORK,WEST   22 STREET,,Closed,,The Department of Sanitation investigated this complaint and issued a Notice of Violation.,06/20/2023 10:05:12 AM,04 MANHATTAN,03,Precinct 10,1007450043,MANHATTAN,984371,210653,MOBILE,Unspecified,MANHATTAN,,,,,,,,40.744870414594935,-73.99956332540383,POINT (-73.999563325404 40.744870414595)
57956130,06/20/2023 06:12:07 PM,06/20/2023 06:16:17 PM,NYPD,New York City Police Department,Noise - Residential,Banging/Pounding,,Residential Building/House,11201,177 SANDS STREET,SANDS STREET,BQE WESTBOUND ENTRANCE SANDS ST,BIKE PATH,BQE WESTBOUND ENTRANCE SANDS ST,BIKE PATH,ADDRESS,BROOKLYN,SANDS STREET,,Closed,,The Police Department responded to the complaint and with the information available observed no evidence of the violation at that time.,06/20/2023 06:16:21 PM,02 BROOKLYN,35,Precinct 84,3000680001,BROOKLYN,988793,194233,ONLINE,Unspecified,BROOKLYN,,,,,,,,40.699800319891985,-73.98361593748928,POINT (-73.983615937489 40.699800319892)
57959532,06/20/2023 09:29:49 AM,06/21/2023 08:52:37 PM,DSNY,Department of Sanitation,Commercial Disposal Complaint,Private Carter Decal Not Posted,N/A,Street,10017,688 3 AVENUE,3 AVENUE,EAST   43 STREET,EAST   44 STREET,EAST   43 STREET,EAST   44 STREET,ADDRESS,NEW YORK,3 AVENUE,,Closed,,"The Department of Sanitation has investigated the complaint and addressed the issue. If the problem persists, call 311 to enter a new complaint. If you are outside of New York City, please call (212) NEW-YORK (212-639-9675).",06/21/2023 08:52:37 PM,06 MANHATTAN,04,Precinct 17,1012980034,MANHATTAN,991521,213156,ONLINE,Unspecified,MANHATTAN,,,,,,,,40.751737531104126,-73.97375712115712,POINT (-73.973757121157 40.751737531104)
57958101,06/20/2023 06:30:27 AM,06/20/2023 01:54:13 PM,NYPD,New York City Police Department,Illegal Parking,Paper License Plates,,Street/Sidewalk,10452,1460 MACOMBS ROAD,MACOMBS ROAD,PLAZA DRIVE,INWOOD AVENUE,PLAZA DRIVE,INWOOD AVENUE,ADDRESS,BRONX,MACOMBS ROAD,,Closed,,The Police Department issued a summons in response to the complaint.,06/20/2023 01:54:18 PM,04 BRONX,16,Precinct 44,2028580001,BRONX,1007012,245876,ONLINE,Unspecified,BRONX,,,,,,,,40.84151868876199,-73.91773529835133,POINT (-73.917735298351 40.841518688762)
57964311,06/21/2023 04:25:37 PM,06/26/2023 08:47:02 PM,HPD,Department of Housing Preservation and Development,UNSANITARY CONDITION,GARBAGE/RECYCLING STORAGE,ACCUMULATION,RESIDENTIAL BUILDING,10026,45 ST NICHOLAS AVENUE,ST NICHOLAS AVENUE,,,,,ADDRESS,NEW YORK,,,Closed,,The Department of Housing Preservation and Development inspected the following conditions. No violations were issued. The complaint has been closed.,06/26/2023 12:00:00 AM,10 MANHATTAN,09,Precinct 28,1018220015,MANHATTAN,997404,230817,ONLINE,Unspecified,MANHATTAN,,,,,,,,40.80020553118457,-73.9524893160472,POINT (-73.952489316047 40.800205531185)
57969342,06/22/2023 12:41:17 AM,06/22/2023 12:42:04 AM,NYPD,New York City Police Department,Noise - Street/Sidewalk,Loud Music/Party,,Street/Sidewalk,10456,1465 WASHINGTON AVENUE,WASHINGTON AVENUE,ST PAULS PLACE,EAST  171 STREET,ST PAULS PLACE,EAST  171 STREET,ADDRESS,BRONX,WASHINGTON AVENUE,,Closed,,The Police Department responded to the complaint and with the information available observed no evidence of the violation at that time.,06/22/2023 12:42:09 AM,03 BRONX,16,Precinct 42,2029020036,BRONX,1010885,244212,ONLINE,Unspecified,BRONX,,,,,,,,40.83694066292417,-73.90374441298103,POINT (-73.903744412981 40.836940662924)
57957138,06/20/2023 08:32:35 AM,06/20/2023 09:05:30 AM,NYPD,New York City Police Department,Illegal Parking,Posted Parking Sign Violation,,Street/Sidewalk,11220,214 WAKEMAN PLACE,WAKEMAN PLACE,RIDGE BOULEVARD,3 AVENUE,RIDGE BOULEVARD,3 AVENUE,ADDRESS,BROOKLYN,WAKEMAN PLACE,,Closed,,The Police Department responded to the complaint and with the information available observed no evidence of the violation at that time.,06/20/2023 09:05:39 AM,10 BROOKLYN,47,Precinct 68,3058410021,BROOKLYN,976931,172114,MOBILE,Unspecified,BROOKLYN,,,,,,,,40.639086749108294,-74.02637152750827,POINT (-74.026371527508 40.639086749108)
57967911,06/21/2023 10:39:18 AM,06/21/2023 01:03:29 PM,NYPD,New York City Police Department,Encampment,N/A,,Street/Sidewalk,11216,111 HERKIMER STREET,HERKIMER STREET,BEDFORD AVENUE,NOSTRAND AVENUE,BEDFORD AVENUE,NOSTRAND AVENUE,ADDRESS,BROOKLYN,HERKIMER STREET,,Closed,,The Police Department visited the location and no Encampment was found.,06/21/2023 01:03:35 PM,03 BROOKLYN,36,Precinct 79,3018600056,BROOKLYN,998083,186904,MOBILE,Unspecified,BROOKLYN,,,,,,,,40.67967425903002,-73.95012715190991,POINT (-73.95012715191 40.67967425903)
57967839,06/21/2023 08:23:00 AM,06/21/2023 10:40:00 AM,DEP,Department of Environmental Protection,Sewer,Sewer Backup (Use Comments) (SA),SA,,11214,7915 NEW UTRECHT AVENUE,NEW UTRECHT AVENUE,17 AVE,80 ST,,,ADDRESS,BROOKLYN,,,Closed,,"The Department of Environmental Protection has investigated this complaint. Upon investigation, there was no indication of a city sewer issue and there is a suspected sewer backup due to an internal plumbing issue.",06/21/2023 10:40:00 AM,11 BROOKLYN,43,Precinct 62,3062720006,BROOKLYN,983989,162335,PHONE,Unspecified,BROOKLYN,,,,,,,,40.612248466088616,-74.000940046643,POINT (-74.000940046643 40.612248466089)
57953574,06/20/2023 10:49:36 AM,06/24/2023 05:28:24 PM,HPD,Department of Housing Preservation and Development,PLUMBING,TOILET,BOWL STOPPED UP,RESIDENTIAL BUILDING,10024,488 AMSTERDAM AVENUE,AMSTERDAM AVENUE,,,,,ADDRESS,NEW YORK,,,Closed,,The Department of Housing Preservation and Development inspected the following conditions. No violations were issued. The complaint has been closed.,06/24/2023 12:00:00 AM,07 MANHATTAN,06,Precinct 20,1012310033,MANHATTAN,990836,225659,PHONE,Unspecified,MANHATTAN,,,,,,,,40.78605555139345,-73.97621720744435,POINT (-73.976217207444 40.786055551393)
57959721,06/20/2023 03:01:00 PM,06/20/2023 08:45:00 PM,DOT,Department of Transportation,Traffic Signal Condition,Controller,Allout,,10308,,,,,AMBOY ROAD,LINDENWOOD ROAD,INTERSECTION,STATEN ISLAND,,N/A,Closed,,Service Request status for this request is available on the Department of Transportationâs website. Please click the âLearn Moreâ link below.,06/20/2023 08:45:00 PM,03 STATEN ISLAND,51,Precinct 122,,STATEN ISLAND,941826,139465,UNKNOWN,Unspecified,STATEN ISLAND,,,,,,,,40.54937337806321,-74.15265529668093,POINT (-74.152655296681 40.549373378063)
57954015,06/20/2023 09:23:00 PM,06/22/2023 06:18:00 PM,DEP,Department of Environmental Protection,Noise,Noise: air condition/ventilation equipment (NV1),NV1,,11238,285 GRAND AVENUE,GRAND AVENUE,LAFAYETTE AVE,CLIFTON PL,,,ADDRESS,BROOKLYN,,N/A,Closed,,The Department of Environmental Protection closed or canceled this complaint at the complainant's request.,06/22/2023 06:18:00 PM,02 BROOKLYN,35,Precinct 88,3019480067,BROOKLYN,994593,189910,ONLINE,Unspecified,BROOKLYN,,,,,,,,40.68792980856054,-73.96270521793436,POINT (-73.962705217934 40.687929808561)
57966255,06/20/2023 10:45:39 PM,06/21/2023 07:20:00 PM,DOT,Department of Transportation,Street Condition,Pothole,,,11214,7820 NEW UTRECHT AVENUE,NEW UTRECHT AVENUE,78 STREET,79 STREET,,,ADDRESS,BROOKLYN,,N/A,Closed,,The Department of Transportation inspected this complaint and repaired the problem.,06/21/2023 07:20:00 PM,11 BROOKLYN,43,Precinct 62,3062590044,BROOKLYN,984056,162671,UNKNOWN,Unspecified,BROOKLYN,,,,,,,,40.61317071855648,-74.00069874164079,POINT (-74.000698741641 40.613170718556)
57954645,06/20/2023 06:55:00 PM,06/29/2023 11:29:00 AM,DOT,Department of Transportation,Street Light Condition,Street Light Lamp Missing,Location Type: Residential Address,,10027,11 HANCOCK PLACE,HANCOCK PLACE,124 ST W,MORNINGSIDE AVE,,,ADDRESS,NEW YORK,,,Closed,,Service Request status for this request is available on the Department of Transportationâs website. Please click the âLearn Moreâ link below.,10/10/2023 09:21:00 AM,09 MANHATTAN,09,Precinct 26,1019517501,MANHATTAN,997007,234597,UNKNOWN,Unspecified,MANHATTAN,,,,,,,,40.81058117075014,-73.95391604992707,POINT (-73.953916049927 40.81058117075)
57958785,06/20/2023 09:16:58 PM,06/20/2023 09:44:56 PM,NYPD,New York City Police Department,Non-Emergency Police Matter,Other (complaint details),,Street/Sidewalk,11213,1155 PARK PLACE,PARK PLACE,VIRGINIA PLACE,ALBANY AVENUE,VIRGINIA PLACE,ALBANY AVENUE,ADDRESS,BROOKLYN,PARK PLACE,,Closed,,The Police Department responded to the complaint and took action to fix the condition.,06/20/2023 09:45:01 PM,08 BROOKLYN,36,Precinct 77,3012370056,BROOKLYN,1001072,184418,PHONE,Unspecified,BROOKLYN,,,,,,,,40.672845575771696,-73.9393569598881,POINT (-73.939356959888 40.672845575772)
57955320,06/20/2023 05:17:05 PM,07/25/2023 01:42:40 PM,DPR,Department of Parks and Recreation,Overgrown Tree/Branches,Blocking Street,N/A,Street,10308,16 TRENT STREET,TRENT STREET,KEEGANS LANE,FIELDWAY AVENUE,KEEGANS LANE,FIELDWAY AVENUE,ADDRESS,STATEN ISLAND,TRENT STREET,,Closed,,NYC Parks visited the site and inspected the condition. No work is necessary at this time.,07/25/2023 01:42:44 PM,03 STATEN ISLAND,51,Precinct 122,5051150027,STATEN ISLAND,945137,140101,PHONE,Unspecified,STATEN ISLAND,,,,,,,,40.55113429448415,-74.14074494439234,POINT (-74.140744944392 40.551134294484)
57961152,06/21/2023 11:29:00 AM,06/21/2023 11:40:00 AM,DEP,Department of Environmental Protection,Water System,Leak (Use Comments) (WA2),WA2,,11373,,,,,WHITNEY AVENUE,JUDGE STREET,INTERSECTION,QUEENS,,,Closed,,"The status of this Service Request is currently not available online. Please call 311 for further assistance. If you are outside of New York City, please call (212) NEW-YORK (212-639-9675).",06/21/2023 11:40:00 AM,04 QUEENS,25,Precinct 110,,QUEENS,1018144,210017,ONLINE,Unspecified,QUEENS,,,,,,,,40.74305980291726,-73.87768387319761,POINT (-73.877683873198 40.743059802917)
57965769,06/21/2023 12:19:36 PM,09/25/2023 08:30:34 AM,DPR,Department of Parks and Recreation,New Tree Request,For One Address,Street Tree,Street,10314,57 SANFORD PLACE,SANFORD PLACE,BRENTON PLACE,SLOSSON AVENUE,BRENTON PLACE,SLOSSON AVENUE,ADDRESS,STATEN ISLAND,SANFORD PLACE,,Closed,,No action was taken because NYC Parks determined that the issue is out of its jurisdiction. The condition may be on private property or in an area serviced by another organization.,09/25/2023 08:30:40 AM,01 STATEN ISLAND,50,Precinct 120,5003290005,STATEN ISLAND,951961,163357,UNKNOWN,Unspecified,STATEN ISLAND,,,,,,,,40.61499481542238,-74.1163004741538,POINT (-74.116300474154 40.614994815422)
55879650,11/02/2022 01:26:04 PM,,DSNY,Department of Sanitation,Lot Condition,Trash,N/A,Lot,10306,CEDARGROVE AVENUE,CEDARGROVE AVENUE,CEDARGROVE AVENUE,TOPPING STREET,CEDARGROVE AVENUE,TOPPING STREET,INTERSECTION,,,,In Progress,,,,02 STATEN ISLAND,50,Precinct 122,,STATEN ISLAND,956564,144135,PHONE,Unspecified,STATEN ISLAND,,,,,,,,40.56224987711769,-74.09964237055996,POINT (-74.09964237056 40.562249877118)
57965139,06/21/2023 10:19:13 AM,06/21/2023 09:46:45 PM,NYPD,New York City Police Department,Blocked Driveway,Partial Access,,Street/Sidewalk,11379,69-20 62 ROAD,62 ROAD,69 STREET,69 PLACE,69 STREET,69 PLACE,ADDRESS,MIDDLE VILLAGE,62 ROAD,,Closed,,The Police Department responded and upon arrival those responsible for the condition were gone.,06/21/2023 09:46:51 PM,05 QUEENS,30,Precinct 104,4029520016,QUEENS,1015183,200620,PHONE,Unspecified,QUEENS,,,,,,,,40.71727821098892,-73.88841266974048,POINT (-73.88841266974 40.717278210989)
57952728,06/20/2023 02:43:46 PM,06/20/2023 05:33:08 PM,NYPD,New York City Police Department,Illegal Parking,Blocked Crosswalk,,Street/Sidewalk,10458,CROTONA AVENUE,CROTONA AVENUE,CROTONA AVENUE,EAST  189 STREET,CROTONA AVENUE,EAST  189 STREET,INTERSECTION,,,,Closed,,The Police Department responded to the complaint and with the information available observed no evidence of the violation at that time.,06/20/2023 05:33:18 PM,06 BRONX,15,Precinct 48,,BRONX,1016749,251204,PHONE,Unspecified,BRONX,,,,,,,,40.856111995694185,-73.88251877877171,POINT (-73.882518778772 40.856111995694)
57955905,06/20/2023 01:14:00 PM,06/20/2023 08:10:00 PM,DEP,Department of Environmental Protection,Water System,Hydrant Leaking (WC1),WC1,,10303,47 UNION AVENUE,UNION AVENUE,SYLVAN PL,FOREST CT,,,ADDRESS,STATEN ISLAND,,,Closed,,"The Department of Environment Protection inspected your complaint but could not find the problem you reported. If the condition persists, please call 311 (or 212-639-9675 if calling from a non-New York City area code) with more detailed information to submit a new complaint.",06/20/2023 08:10:00 PM,01 STATEN ISLAND,49,Precinct 121,5012130052,STATEN ISLAND,940395,170818,ONLINE,Unspecified,STATEN ISLAND,,,,,,,,40.635423965221946,-74.15800798880606,POINT (-74.158007988806 40.635423965222)
57964140,06/21/2023 09:59:38 PM,06/21/2023 10:07:12 PM,NYPD,New York City Police Department,Noise - Street/Sidewalk,Loud Music/Party,,Street/Sidewalk,10456,1465 WASHINGTON AVENUE,WASHINGTON AVENUE,ST PAULS PLACE,EAST  171 STREET,ST PAULS PLACE,EAST  171 STREET,ADDRESS,BRONX,WASHINGTON AVENUE,,Closed,,The Police Department responded to the complaint and determined that police action was not necessary.,06/21/2023 10:07:17 PM,03 BRONX,16,Precinct 42,2029020036,BRONX,1010885,244212,ONLINE,Unspecified,BRONX,,,,,,,,40.83694066292417,-73.90374441298103,POINT (-73.903744412981 40.836940662924)
57959343,06/20/2023 08:59:58 AM,06/22/2023 03:13:03 PM,DOT,Department of Transportation,Street Condition,Plate Condition - Shifted,N/A,Street,11362,54-27 LITTLE NECK PARKWAY,LITTLE NECK PARKWAY,LEEDS ROAD,NASSAU BOULEVARD,LEEDS ROAD,NASSAU BOULEVARD,ADDRESS,LITTLE NECK,LITTLE NECK PARKWAY,,Closed,,The condition was inspected and determined not to be under Department of Transportation's jurisdiction. The Department of Transportation notified the appropriate responsible party of the complaint.,06/22/2023 03:13:06 PM,11 QUEENS,19,Precinct 111,4082740146,QUEENS,1060296,218563,ONLINE,Unspecified,QUEENS,,,,,,,,40.76625427690338,-73.7254704731377,POINT (-73.725470473138 40.766254276903)
57964095,06/21/2023 11:27:54 AM,06/21/2023 11:45:33 AM,NYPD,New York City Police Department,Noise - Street/Sidewalk,Loud Talking,,Street/Sidewalk,10014,414 WEST   14 STREET,WEST   14 STREET,9 AVENUE,WASHINGTON STREET,9 AVENUE,WASHINGTON STREET,ADDRESS,NEW YORK,WEST   14 STREET,,Closed,,The Police Department responded to the complaint and took action to fix the condition.,06/21/2023 11:45:37 AM,02 MANHATTAN,03,Precinct 6,1006460032,MANHATTAN,982555,209336,PHONE,Unspecified,MANHATTAN,,,,,,,,40.7412554167257,-74.00611672133329,POINT (-74.006116721333 40.741255416726)
57953241,06/20/2023 06:13:46 PM,11/15/2023 12:00:00 AM,DOB,Department of Buildings,General Construction/Plumbing,Building Permit - None,,,10306,270 GREELEY AVENUE,GREELEY AVENUE,,,,,ADDRESS,STATEN ISLAND,,,Closed,,The Department of Buildings investigated this complaint and issued an Office of Administrative Trials and Hearings (OATH) summons.,11/15/2023 12:00:00 AM,02 STATEN ISLAND,50,Precinct 122,5036150055,STATEN ISLAND,954924,149175,UNKNOWN,Unspecified,STATEN ISLAND,,,,,,,,40.57607841348523,-74.10556661206147,POINT (-74.105566612061 40.576078413485)
57955617,06/20/2023 09:07:17 AM,06/20/2023 10:20:10 AM,NYPD,New York City Police Department,Blocked Driveway,Partial Access,,Street/Sidewalk,11226,240 CLARKSON AVENUE,CLARKSON AVENUE,ROGERS AVENUE,NOSTRAND AVENUE,ROGERS AVENUE,NOSTRAND AVENUE,ADDRESS,BROOKLYN,CLARKSON AVENUE,,Closed,,The Police Department issued a summons in response to the complaint.,06/20/2023 10:20:14 AM,17 BROOKLYN,40,Precinct 67,3050660023,BROOKLYN,997632,178028,PHONE,Unspecified,BROOKLYN,,,,,,,,40.655312312580406,-73.95177078492631,POINT (-73.951770784926 40.65531231258)
57970071,06/21/2023 06:52:00 AM,06/21/2023 08:37:15 AM,NYPD,New York City Police Department,Illegal Parking,Blocked Sidewalk,,Street/Sidewalk,11230,1033 EAST   18 STREET,EAST   18 STREET,AVENUE J,AVENUE K,AVENUE J,AVENUE K,ADDRESS,BROOKLYN,EAST   18 STREET,,Closed,,The Police Department responded to the complaint and took action to fix the condition.,06/21/2023 08:37:20 AM,14 BROOKLYN,44,Precinct 70,3067200041,BROOKLYN,995781,167033,MOBILE,Unspecified,BROOKLYN,,,,,,,,40.62513599928895,-73.95846064638356,POINT (-73.958460646384 40.625135999289)
57957030,06/20/2023 08:41:19 AM,09/18/2023 11:18:01 AM,TLC,Taxi and Limousine Commission,For Hire Vehicle Complaint,Driver Complaint - Non Passenger,Unsafe Driving,Street,11355,132-01 AVERY AVENUE,AVERY AVENUE,COLLEGE POINT BOULEVARD,SAULL STREET,COLLEGE POINT BOULEVARD,SAULL STREET,ADDRESS,FLUSHING,AVERY AVENUE,,Closed,,"Based on the information provided by the customer, the Taxi and Limousine Commission has determined that a hearing is not necessary or not possible.",09/18/2023 11:18:03 AM,07 QUEENS,20,Precinct 109,4051040001,QUEENS,1030754,213447,ONLINE,Unspecified,QUEENS,,,"132-01 AVERY AVENUE, QUEENS (FLUSHING), NY, 11355",,,,,40.75241695362324,-73.83215348460739,POINT (-73.832153484607 40.752416953623)
57967452,06/21/2023 05:50:46 AM,05/13/2025 04:51:48 PM,DPR,Department of Parks and Recreation,New Tree Request,For One Address,Street Tree,Street,11385,363 GRANDVIEW AVENUE,GRANDVIEW AVENUE,RENE COURT,AMORY COURT,RENE COURT,AMORY COURT,ADDRESS,RIDGEWOOD,GRANDVIEW AVENUE,,Closed,,"In an effort to more fully and efficiently service each city block, NYC Parks is shifting their street tree planting program to a neighborhood approach.  If the site that you requested meets the criteria for planting, NYC Parks will plant a tree through their new Neighborhood Tree Planting Program.   NYC Parks is no longer accepting new tree planting requests. Each neighborhood will be surveyed, inspected, and planted sequentially. NYC Parks foresters will be conducting tree removal, stump removal, and planting block by block and closing all unplantable tree beds. The most heat-vulnerable neighborhoods will be prioritized first.  To learn more about this program, visit nyc.gov/parks/street-tree-planting.  To learn more about the trees in your neighborhood, visit the NYC Tree Map at nyc.gov/parks/treemap.",05/13/2025 04:52:26 PM,05 QUEENS,30,Precinct 104,4033620048,QUEENS,1009017,198666,UNKNOWN,Unspecified,QUEENS,,,,,,,,40.71193436105191,-73.91066299508738,POINT (-73.910662995087 40.711934361052)
57966021,06/21/2023 06:59:56 PM,06/21/2023 07:50:13 PM,NYPD,New York City Police Department,Illegal Parking,Posted Parking Sign Violation,,Street/Sidewalk,10304,17 SUSAN COURT,SUSAN COURT,TOMPKINS AVENUE,THELMA COURT,TOMPKINS AVENUE,THELMA COURT,ADDRESS,STATEN ISLAND,SUSAN COURT,,Closed,,The Police Department responded to the complaint and took action to fix the condition.,06/21/2023 07:50:17 PM,01 STATEN ISLAND,49,Precinct 120,5005560150,STATEN ISLAND,962536,165722,PHONE,Unspecified,STATEN ISLAND,,,,,,,,40.621518473272076,-74.07821843074294,POINT (-74.078218430743 40.621518473272)
55883196,11/03/2022 10:10:57 AM,11/09/2022 03:21:21 PM,DSNY,Department of Sanitation,Missed Collection,Recycling - Paper/Metal/Glass/Rigid Plastic,N/A,Street,11229,2072 COYLE STREET,COYLE STREET,AVENUE T,AVENUE U,AVENUE T,AVENUE U,ADDRESS,BROOKLYN,COYLE STREET,,Closed,,The Department of Sanitation collected the requested items.,11/05/2022 11:56:38 AM,15 BROOKLYN,46,Precinct 61,3073390137,BROOKLYN,1001664,158472,ONLINE,Unspecified,BROOKLYN,,,,,,,,40.601628215891,-73.93728977106608,POINT (-73.937289771066 40.601628215891)
57967263,06/21/2023 06:04:30 PM,06/27/2023 04:50:14 PM,DPR,Department of Parks and Recreation,Illegal Tree Damage,Trunk Damaged,N/A,Street,11225,254 WINTHROP STREET,WINTHROP STREET,ROGERS AVENUE,NOSTRAND AVENUE,ROGERS AVENUE,NOSTRAND AVENUE,ADDRESS,BROOKLYN,WINTHROP STREET,,Closed,,NYC Parks visited the site and inspected the condition. No work is necessary at this time.,06/27/2023 04:50:17 PM,09 BROOKLYN,40,Precinct 71,3050500024,BROOKLYN,997647,178641,PHONE,Unspecified,BROOKLYN,,,,,,,,40.65699484037658,-73.95171550661671,POINT (-73.951715506617 40.656994840377)
57969306,06/21/2023 10:57:47 PM,09/07/2023 07:58:33 AM,TLC,Taxi and Limousine Commission,Taxi Complaint,Driver Complaint - Non Passenger,Unauthorized Pick-Up Location,Street,10019,731 9 AVENUE,9 AVENUE,WEST   49 STREET,WEST   50 STREET,WEST   49 STREET,WEST   50 STREET,ADDRESS,NEW YORK,9 AVENUE,,Closed,,The Taxi and Limousine Commission reviewed your complaint. The driver or owner pled guilty to a violation and paid a fine. TLC has sent you a written confirmation of this outcome.,09/07/2023 07:58:37 AM,04 MANHATTAN,03,Precinct 18,1010590032,MANHATTAN,987250,217331,PHONE,Unspecified,MANHATTAN,,,"731 9 AVENUE, MANHATTAN (NEW YORK), NY, 10019",,,,,40.7631993206953,-73.98917037768479,POINT (-73.989170377685 40.763199320695)
57959829,06/20/2023 07:08:18 PM,06/20/2023 07:21:22 PM,NYPD,New York City Police Department,Noise - Commercial,Loud Music/Party,,Store/Commercial,11203,575 UTICA AVENUE,UTICA AVENUE,RUTLAND ROAD,WINTHROP STREET,RUTLAND ROAD,WINTHROP STREET,ADDRESS,BROOKLYN,UTICA AVENUE,,Closed,,The Police Department responded to the complaint and with the information available observed no evidence of the violation at that time.,06/20/2023 07:21:25 PM,17 BROOKLYN,41,Precinct 67,3046040056,BROOKLYN,1003340,179538,ONLINE,Unspecified,BROOKLYN,,,,,,,,40.65944646424986,-73.93119467774268,POINT (-73.931194677743 40.65944646425)
57959820,06/20/2023 10:08:58 AM,06/20/2023 10:49:57 AM,NYPD,New York City Police Department,Illegal Parking,Blocked Hydrant,,Street/Sidewalk,11412,ELMIRA AVENUE,ELMIRA AVENUE,ELMIRA AVENUE,LIBERTY AVENUE,ELMIRA AVENUE,LIBERTY AVENUE,INTERSECTION,,,,Closed,,The Police Department responded to the complaint and with the information available observed no evidence of the violation at that time.,06/20/2023 10:50:00 AM,12 QUEENS,27,Precinct 103,,QUEENS,1048352,195796,PHONE,Unspecified,QUEENS,,,,,,,,40.70385936980984,-73.76880556100227,POINT (-73.768805561002 40.70385936981)
57956634,06/20/2023 02:25:31 PM,03/13/2025 10:54:16 AM,DPR,Department of Parks and Recreation,Overgrown Tree/Branches,Blocking Street,N/A,Street,11226,2289 BEDFORD AVENUE,BEDFORD AVENUE,SNYDER AVENUE,ALBEMARLE ROAD,SNYDER AVENUE,ALBEMARLE ROAD,ADDRESS,BROOKLYN,BEDFORD AVENUE,,Closed,,"Under NYC Parksâ Tree Risk Management Program, work is prioritized to address the conditions with the highest risk first.  NYC Parks determined that the issue will be addressed in the next pruning cycle through the routine block pruning program.  For more information about the Tree Risk Management Program, visit the NYC Urban Forest page on the NYC Parks website at nyc.gov/parks/trees.   To learn more about the trees in your neighborhood, visit the NYC Tree Map at nyc.gov/parks/treemap.",03/13/2025 10:54:20 AM,17 BROOKLYN,40,Precinct 67,3051100001,BROOKLYN,996535,175374,PHONE,Unspecified,BROOKLYN,,,,,,,,40.64802925095482,-73.95572924626191,POINT (-73.955729246262 40.648029250955)
57961494,06/21/2023 10:54:18 AM,07/03/2023 02:03:54 AM,HPD,Department of Housing Preservation and Development,DOOR/WINDOW,DOOR,NOT SELF-CLOSING,RESIDENTIAL BUILDING,11218,3813 18 AVENUE,18 AVENUE,,,,,ADDRESS,BROOKLYN,,,Closed,,The Department of Housing Preservation and Development inspected the following conditions. No violations were issued. The complaint has been closed.,07/03/2023 12:00:00 AM,14 BROOKLYN,40,Precinct 70,3054170029,BROOKLYN,992499,170258,PHONE,Unspecified,BROOKLYN,,,,,,,,40.63399160742514,-73.97027980294092,POINT (-73.970279802941 40.633991607425)
57961557,06/21/2023 10:51:59 AM,06/26/2023 12:18:46 PM,HPD,Department of Housing Preservation and Development,ELECTRIC,OUTLET/SWITCH,OUTLET SEALED OR DEFECTIVE,RESIDENTIAL BUILDING,10468,2290 DAVIDSON AVENUE,DAVIDSON AVENUE,,,,,ADDRESS,BRONX,,,Closed,,The Department of Housing Preservation and Development inspected the following conditions. Violations were issued. Information about specific violations is available at www.nyc.gov/hpd,06/26/2023 12:00:00 AM,07 BRONX,14,Precinct 52,2031970023,BRONX,1010639,252289,PHONE,Unspecified,BRONX,,,,,,,,40.85911037097102,-73.9046016370002,POINT (-73.904601637 40.859110370971)
57965571,06/21/2023 12:12:00 PM,06/24/2023 10:18:00 AM,DSNY,Department of Sanitation,Derelict Vehicles,Derelict Vehicles,,Street,10466,711 EAST  230 STREET,EAST  230 STREET,WHITE PLAINS ROAD,BARNES AVENUE,,,ADDRESS,BRONX,,,Closed,,The owner claimed the vehicle.Â Your request is now closed and no further action will be taken.,06/24/2023 12:00:00 PM,12 BRONX,11,Precinct 47,2048440031,BRONX,1023546,263977,PHONE,Unspecified,BRONX,,,,,,,,40.8911422712993,-73.85787330396577,POINT (-73.857873303966 40.891142271299)
57959640,06/20/2023 03:18:07 PM,06/20/2023 07:00:21 PM,NYPD,New York City Police Department,Blocked Driveway,No Access,,Street/Sidewalk,10301,144 BENZIGER AVENUE,BENZIGER AVENUE,WESTERVELT AVENUE,BISMARK AVENUE,WESTERVELT AVENUE,BISMARK AVENUE,ADDRESS,STATEN ISLAND,BENZIGER AVENUE,,Closed,,The Police Department responded to the complaint and with the information available observed no evidence of the violation at that time.,06/20/2023 07:00:24 PM,01 STATEN ISLAND,49,Precinct 120,5000380023,STATEN ISLAND,961103,172355,PHONE,Unspecified,STATEN ISLAND,,,,,,,,40.63972102070389,-74.08340314694078,POINT (-74.083403146941 40.639721020704)
57954411,06/20/2023 07:05:22 PM,06/20/2023 07:21:10 PM,NYPD,New York City Police Department,Illegal Parking,Blocked Hydrant,,Street/Sidewalk,11230,964 EAST   15 STREET,EAST   15 STREET,AVENUE I,AVENUE J,AVENUE I,AVENUE J,ADDRESS,BROOKLYN,EAST   15 STREET,,Closed,,The Police Department issued a summons in response to the complaint.,06/20/2023 07:21:15 PM,14 BROOKLYN,44,Precinct 70,3067070033,BROOKLYN,994914,167391,ONLINE,Unspecified,BROOKLYN,,,,,,,,40.62611972015556,-73.96158336712912,POINT (-73.961583367129 40.626119720156)
57965976,06/21/2023 12:50:57 PM,08/03/2023 12:00:00 AM,DOB,Department of Buildings,Elevator,Elevator - Single Device On Property/No Alternate Service,,,11226,80 LENOX ROAD,LENOX ROAD,,,,,ADDRESS,BROOKLYN,,,Closed,,The Department of Buildings investigated this complaint and issued an Office of Administrative Trials and Hearings (OATH) summons.,08/03/2023 12:00:00 AM,14 BROOKLYN,40,Precinct 70,3050830044,BROOKLYN,996146,177443,UNKNOWN,Unspecified,BROOKLYN,,,,,,,,40.65370873659166,-73.9571274139967,POINT (-73.957127413997 40.653708736592)
57956877,06/20/2023 08:46:22 AM,06/20/2023 09:37:17 AM,NYPD,New York City Police Department,Blocked Driveway,Partial Access,,Street/Sidewalk,11203,79 EAST   54 STREET,EAST   54 STREET,WINTHROP STREET,CLARKSON AVENUE,WINTHROP STREET,CLARKSON AVENUE,ADDRESS,BROOKLYN,EAST   54 STREET,,Closed,,The Police Department responded to the complaint and with the information available observed no evidence of the violation at that time.,06/20/2023 09:37:21 AM,17 BROOKLYN,41,Precinct 67,3046240046,BROOKLYN,1004487,178772,MOBILE,Unspecified,BROOKLYN,,,,,,,,40.657341416133725,-73.92706289225724,POINT (-73.927062892257 40.657341416134)
57956112,06/20/2023 11:04:07 PM,06/20/2023 11:29:55 PM,NYPD,New York City Police Department,Noise - Vehicle,Car/Truck Music,,Street/Sidewalk,10026,40 WEST  115 STREET,WEST  115 STREET,5 AVENUE,LENOX AVENUE,5 AVENUE,LENOX AVENUE,ADDRESS,NEW YORK,WEST  115 STREET,,Closed,,The Police Department responded and upon arrival those responsible for the condition were gone.,06/20/2023 11:30:00 PM,10 MANHATTAN,09,Precinct 28,1015960001,MANHATTAN,998465,230987,MOBILE,Unspecified,MANHATTAN,,,,,,,,40.800670491467685,-73.94865675115344,POINT (-73.948656751153 40.800670491468)
57957300,06/20/2023 02:47:00 PM,06/20/2023 05:46:42 PM,DHS,Department of Homeless Services,Homeless Person Assistance,,,Street/Sidewalk,10036,1500 BROADWAY,BROADWAY,WEST 43 STREET,WEST 44 STREET,WEST   43 STREET,WEST   44 STREET,ADDRESS,NEW YORK,BROADWAY,,Closed,,The mobile outreach response team went to the location provided but could not find the individual that you reported.,06/20/2023 05:46:42 PM,05 MANHATTAN,04,Precinct 14,1009960001,MANHATTAN,988136,215020,ONLINE,Unspecified,MANHATTAN,,,,,,,,40.7568558730713,-73.98597336511823,POINT (-73.985973365118 40.756855873071)
57960117,06/20/2023 01:23:51 PM,06/27/2023 08:27:33 PM,HPD,Department of Housing Preservation and Development,DOOR/WINDOW,DOOR,NOT SELF-CLOSING,RESIDENTIAL BUILDING,10456,1175 MORRIS AVENUE,MORRIS AVENUE,,,,,ADDRESS,BRONX,,,Closed,,The Department of Housing Preservation and Development inspected the following conditions. No violations were issued. The complaint has been closed.,06/27/2023 12:00:00 AM,04 BRONX,16,Precinct 44,2024490068,BRONX,1007903,242609,PHONE,Unspecified,BRONX,,,,,,,,40.83254938306124,-73.9145266364985,POINT (-73.914526636498 40.832549383061)
57961746,06/21/2023 10:43:03 PM,06/21/2023 11:30:37 PM,NYPD,New York City Police Department,Abandoned Vehicle,With License Plate,,Street/Sidewalk,11206,86 CENTRAL AVENUE,CENTRAL AVENUE,MELROSE STREET,JEFFERSON STREET,MELROSE STREET,JEFFERSON STREET,ADDRESS,BROOKLYN,CENTRAL AVENUE,,Closed,,The Police Department responded to the complaint and with the information available observed no evidence of the violation at that time.,06/21/2023 11:30:42 PM,04 BROOKLYN,34,Precinct 83,3031630035,BROOKLYN,1003685,194596,ONLINE,Unspecified,BROOKLYN,,,,,,,,40.700776493959715,-73.92990778129811,POINT (-73.929907781298 40.70077649396)
57957156,06/20/2023 04:45:13 PM,06/20/2023 06:27:28 PM,NYPD,New York City Police Department,Illegal Parking,Posted Parking Sign Violation,,Street/Sidewalk,11218,724 CONEY ISLAND AVENUE,CONEY ISLAND AVENUE,AVENUE C,CORTELYOU ROAD,AVENUE C,CORTELYOU ROAD,ADDRESS,BROOKLYN,CONEY ISLAND AVENUE,,Closed,,The Police Department responded and upon arrival those responsible for the condition were gone.,06/20/2023 06:27:31 PM,12 BROOKLYN,39,Precinct 66,3053780031,BROOKLYN,992847,172480,ONLINE,Unspecified,BROOKLYN,,,,,,,,40.640090192501034,-73.96902316811077,POINT (-73.969023168111 40.640090192501)
57968739,06/21/2023 08:27:39 AM,,EDC,Economic Development Corporation,Noise - Helicopter,Other,Flying Too Low,Above Address,10011,333 WEST   16 STREET,WEST   16 STREET,8 AVENUE,9 AVENUE,8 AVENUE,9 AVENUE,ADDRESS,NEW YORK,WEST   16 STREET,,In Progress,,,,04 MANHATTAN,03,Precinct 10,1007400017,MANHATTAN,983520,209441,ONLINE,Unspecified,MANHATTAN,,,,,,,,40.74154374788763,-74.00263435155993,POINT (-74.00263435156 40.741543747888)
57959694,06/21/2023 01:49:48 AM,06/21/2023 01:51:15 AM,NYPD,New York City Police Department,Noise - Vehicle,Car/Truck Horn,,Street/Sidewalk,11366,78-15 PARSONS BOULEVARD,PARSONS BOULEVARD,78 AVENUE,78 ROAD,78 AVENUE,78 ROAD,ADDRESS,FRESH MEADOWS,PARSONS BOULEVARD,,Closed,,The Police Department responded to the complaint and determined that police action was not necessary.,06/21/2023 01:51:20 AM,08 QUEENS,24,Precinct 107,4068290001,QUEENS,1037000,202363,ONLINE,Unspecified,QUEENS,,,,,,,,40.72195913199264,-73.80969682426189,POINT (-73.809696824262 40.721959131993)
57963708,06/21/2023 06:08:00 PM,06/21/2023 07:00:00 PM,DEP,Department of Environmental Protection,Air Quality,"Air: Odor/Fumes, Vehicle Idling (AD3)",AD3,,10036,640 8 AVENUE,8 AVENUE,W 41 ST,W 42 ST,,,ADDRESS,NEW YORK,,N/A,Closed,,The Department of Environmental Protection will keep the location under observation for idling commercial vehicles.Â Summonses will be issued when warranted.,06/21/2023 07:00:00 PM,05 MANHATTAN,03,Precinct 14,1010137501,MANHATTAN,986967,214950,ONLINE,Unspecified,MANHATTAN,,,,,,,,40.75666417742652,-73.99019293432467,POINT (-73.990192934325 40.756664177427)
57958812,06/20/2023 10:49:56 PM,06/20/2023 11:27:48 PM,NYPD,New York City Police Department,Noise - Street/Sidewalk,Loud Music/Party,,Street/Sidewalk,10457,EAST TREMONT AVENUE,EAST TREMONT AVENUE,EAST TREMONT AVENUE,MONTEREY AVENUE,EAST TREMONT AVENUE,MONTEREY AVENUE,INTERSECTION,,,,Closed,,The Police Department responded to the complaint and with the information available observed no evidence of the violation at that time.,06/20/2023 11:27:54 PM,06 BRONX,15,Precinct 48,,BRONX,1013201,247704,ONLINE,Unspecified,BRONX,,,,,,,,40.846517887818436,-73.8953596088657,POINT (-73.895359608866 40.846517887818)
57958137,06/20/2023 11:50:02 PM,06/21/2023 12:19:47 AM,NYPD,New York City Police Department,Noise - Vehicle,Engine Idling,,Street/Sidewalk,11206,109 GRAHAM AVENUE,GRAHAM AVENUE,MC KIBBIN STREET,BOERUM STREET,MC KIBBIN STREET,BOERUM STREET,ADDRESS,BROOKLYN,GRAHAM AVENUE,,Closed,,The Police Department responded to the complaint and with the information available observed no evidence of the violation at that time.,06/21/2023 12:19:52 AM,01 BROOKLYN,34,Precinct 90,3030790025,BROOKLYN,1000079,196304,ONLINE,Unspecified,BROOKLYN,,,,,,,,40.70547173697579,-73.94290878131963,POINT (-73.94290878132 40.705471736976)
57965625,06/21/2023 08:31:39 PM,06/25/2023 08:29:19 AM,HPD,Department of Housing Preservation and Development,HEAT/HOT WATER,ENTIRE BUILDING,NO HOT WATER,RESIDENTIAL BUILDING,10027,1423 AMSTERDAM AVENUE,AMSTERDAM AVENUE,,,,,ADDRESS,NEW YORK,,,Closed,,The complaint you filed is a duplicate of a condition already reported by another tenant for a building-wide condition. The original complaint is still open. HPD may attempt to contact you to verify the correction of the condition or may conduct an inspection of your unit if the original complainant is not available for verification.,06/25/2023 12:00:00 AM,09 MANHATTAN,07,Precinct 26,1019700002,MANHATTAN,996854,236510,ONLINE,Unspecified,MANHATTAN,,,,,,,,40.81583204114581,-73.95446516150811,POINT (-73.954465161508 40.815832041146)
57953466,06/20/2023 01:48:10 PM,06/22/2023 12:00:42 PM,HPD,Department of Housing Preservation and Development,ELECTRIC,OUTLET/SWITCH,OUTLET SEALED OR DEFECTIVE,RESIDENTIAL BUILDING,10030,2518 FREDERICK DOUGLASS BOULEVARD,FREDERICK DOUGLASS BOULEVARD,,,,,ADDRESS,NEW YORK,,,Closed,,The Department of Housing Preservation and Development inspected the following conditions. No violations were issued. The complaint has been closed.,06/22/2023 12:00:00 AM,10 MANHATTAN,09,Precinct 32,1019400003,MANHATTAN,998965,236603,ONLINE,Unspecified,MANHATTAN,,,,,,,,40.81608403592885,-73.94683848805919,POINT (-73.946838488059 40.816084035929)
57963969,06/21/2023 12:05:42 PM,06/22/2023 07:39:34 AM,DHS,Department of Homeless Services,Homeless Person Assistance,,,Store/Commercial,10005,45 WALL STREET,WALL STREET,BROAD STREET,WILLIAM STREET,BROAD STREET,WILLIAM STREET,ADDRESS,NEW YORK,WALL STREET,,Closed,,The mobile outreach response team went to the location provided but could not find the individual that you reported.,06/22/2023 07:39:34 AM,01 MANHATTAN,01,Precinct 1,1000260021,MANHATTAN,981567,196666,PHONE,Unspecified,MANHATTAN,,,,,,,,40.706479093031774,-74.00967705122967,POINT (-74.00967705123 40.706479093032)
57968487,06/21/2023 06:04:00 AM,06/25/2023 07:18:11 AM,DPR,Department of Parks and Recreation,Damaged Tree,Branch or Limb Has Fallen Down,Blocking Sidewalk,Street,11237,818 HART STREET,HART STREET,KNICKERBOCKER AVENUE,IRVING AVENUE,KNICKERBOCKER AVENUE,IRVING AVENUE,ADDRESS,BROOKLYN,HART STREET,,Closed,,"NYC Parks created a work order for the tree condition.  Please note that addressing this work can take up to a year or more depending on the higher priority work identified during this period and resources available to address this work.    NYC Parks work priority categories range from Category A through D, with A being the most critical and time-sensitive. We will complete all work in Category A first and address work in lower priority categories in accordance with available resources. For more information about the Tree Risk Management Program, visit the NYC Urban Forest page on the NYC Parks website at nyc.gov/parks/trees.   Alternatively, you may choose complete the work yourself by hiring an independent contractor. The contractor must complete a Tree Work Permit application on the NYC Parks website at nyc.gov/parks/trees.",06/25/2023 07:18:18 AM,04 BROOKLYN,37,Precinct 83,3032360008,BROOKLYN,1005654,194989,UNKNOWN,Unspecified,BROOKLYN,,,,,,,,40.70185064302153,-73.92280534829321,POINT (-73.922805348293 40.701850643022)
57957930,06/20/2023 06:59:50 AM,07/12/2023 02:55:55 PM,EDC,Economic Development Corporation,Noise - Helicopter,Other,Hovering,Above Address,10128,50 EAST   96 STREET,EAST   96 STREET,MADISON AVENUE,PARK AVENUE,MADISON AVENUE,PARK AVENUE,ADDRESS,NEW YORK,EAST   96 STREET,,Closed,,"The New York City Economic Development Corporation determined that this issue is not within its jurisdiction because the helicopter did not belong to a tour company departing from a NYC heliport.Â  Instead, it was most likely a law enforcement or news gathering helicopter not subject to the routing protocols established for tour helicopters. It may also have been a helicopter that departed as a charter or tour from another City but flew over NYC airspace. Helicopter tours originating from outside NYC are not subject to the same City regulations as tours departing from heliports managed by NYCEDC. Any City regulation of these flights is pre-empted by federal law and subject only to the jurisdiction of the Federal Aviation Administration. To file a complaint with the FAA, you can contact the New York Flight Standards District Office at the following web address:Â https://www.faa.gov/about/office_org/field_offices/fsdo/",07/12/2023 02:55:59 PM,08 MANHATTAN,05,Precinct 19,1015070050,MANHATTAN,997019,226043,ONLINE,Unspecified,MANHATTAN,,,,,,,,40.78710275822787,-73.95388896675728,POINT (-73.953888966757 40.787102758228)
57965859,06/21/2023 05:48:23 AM,,EDC,Economic Development Corporation,Noise - Helicopter,Other,Flying Too Low,Above Address,11238,840 WASHINGTON AVENUE,WASHINGTON AVENUE,ST JOHNS PLACE,LINCOLN PLACE,ST JOHNS PLACE,LINCOLN PLACE,ADDRESS,BROOKLYN,WASHINGTON AVENUE,,In Progress,,,,08 BROOKLYN,35,Precinct 77,3011760098,BROOKLYN,994554,184484,ONLINE,Unspecified,BROOKLYN,,,,,,,,40.673036716903944,-73.96285414071265,POINT (-73.962854140713 40.673036716904)
57954240,06/20/2023 06:01:23 PM,06/20/2023 07:23:01 PM,NYPD,New York City Police Department,Blocked Driveway,No Access,,Street/Sidewalk,10301,30 CASTLETON AVENUE,CASTLETON AVENUE,JERSEY STREET,PINE STREET,JERSEY STREET,PINE STREET,ADDRESS,STATEN ISLAND,CASTLETON AVENUE,,Closed,,The Police Department responded to the complaint and took action to fix the condition.,06/20/2023 07:23:06 PM,01 STATEN ISLAND,49,Precinct 120,5001090025,STATEN ISLAND,960474,170858,ONLINE,Unspecified,STATEN ISLAND,,,,,,,,40.635610410897414,-74.08566428000464,POINT (-74.085664280005 40.635610410897)
57958191,06/20/2023 08:49:26 PM,06/21/2023 06:45:05 AM,DSNY,Department of Sanitation,Missed Collection,Bulky Trash,N/A,Street,11103,31-18 47 STREET,47 STREET,31 AVENUE,NEWTOWN ROAD,31 AVENUE,NEWTOWN ROAD,ADDRESS,ASTORIA,47 STREET,,Closed,,The Department of Sanitation investigated and found this complaint to be out of jurisdiction. The Department of Sanitation reviewed this and found it not to be meeting the criteria for a complaint or service request.,06/21/2023 06:45:04 AM,01 QUEENS,22,Precinct 114,4007250136,QUEENS,1008662,215531,ONLINE,Unspecified,QUEENS,,,,,,,,40.75822559015909,-73.91188231900226,POINT (-73.911882319002 40.758225590159)
57969234,06/21/2023 07:05:00 PM,06/26/2023 10:21:00 AM,DEP,Department of Environmental Protection,Noise,"Noise, Barking Dog (NR5)",NR5,,11355,130-38 60 AVENUE,60 AVENUE,COLLEGE POINT BLVD,LAWRENCE ST,,,ADDRESS,FLUSHING,,N/A,Closed,,The Department of Environmental Protection determined that this complaint is a duplicate of a previously filed complaint. The original complaint is being addressed.,06/26/2023 10:21:00 AM,07 QUEENS,20,Precinct 109,4063560019,QUEENS,1029841,210426,PHONE,Unspecified,QUEENS,,,,,,,,40.74412983803224,-73.83546924033233,POINT (-73.835469240332 40.744129838032)
57961359,06/21/2023 08:13:54 PM,06/21/2023 09:26:26 PM,NYPD,New York City Police Department,Noise - Street/Sidewalk,Loud Music/Party,,Street/Sidewalk,11691,REGINA AVENUE,REGINA AVENUE,MCBRIDE STREET,REGINA AVENUE,MCBRIDE STREET,REGINA AVENUE,INTERSECTION,,,,Closed,,The Police Department responded to the complaint and with the information available observed no evidence of the violation at that time.,06/21/2023 09:26:30 PM,14 QUEENS,31,Precinct 101,,QUEENS,1051495,159499,MOBILE,Unspecified,QUEENS,,,,,,,,40.604209097727605,-73.7578317807888,POINT (-73.757831780789 40.604209097728)
57954492,06/20/2023 11:54:00 AM,07/17/2023 12:00:00 AM,DOB,Department of Buildings,Elevator,Elevator - Single Device On Property/No Alternate Service,,,10462,1563 METROPOLITAN AVENUE,METROPOLITAN AVENUE,,,,,ADDRESS,BRONX,,,Closed,,"The Department of Buildings reviewed this complaint and closed it. If the problem still exists, please call 311 and file a new complaint. If you are outside of New York City, please call (212) NEW-YORK (212-639-9675).",07/17/2023 12:00:00 AM,09 BRONX,18,Precinct 43,2039447501,BRONX,1023525,245233,UNKNOWN,Unspecified,BRONX,,,,,,,,40.83969583979503,-73.85805910872033,POINT (-73.85805910872 40.839695839795)
57962781,06/21/2023 11:15:41 PM,06/21/2023 11:36:57 PM,NYPD,New York City Police Department,Noise - Residential,Banging/Pounding,,Residential Building/House,10468,2333 GRAND AVENUE,GRAND AVENUE,NORTH STREET,WEST  184 STREET,NORTH STREET,WEST  184 STREET,ADDRESS,BRONX,GRAND AVENUE,,Closed,,The Police Department responded to the complaint and determined that police action was not necessary.,06/21/2023 11:37:02 PM,07 BRONX,14,Precinct 52,2032090045,BRONX,1010625,252894,PHONE,Unspecified,BRONX,,,,,,,,40.86077095492432,-73.9046498673922,POINT (-73.904649867392 40.860770954924)
57969279,06/21/2023 02:08:00 PM,07/12/2023 11:06:00 AM,DEP,Department of Environmental Protection,Water Quality,unknown odor/taste in drinking water (QA6),QA6,,10028,347 EAST   85 STREET,EAST   85 STREET,2 AVE,1 AVE,,,ADDRESS,NEW YORK,,N/A,Closed,,"The status of this Service Request is currently not available online. Please call 311 for further assistance. If you are outside of New York City, please call (212) NEW-YORK (212-639-9675).",07/12/2023 11:06:00 AM,08 MANHATTAN,05,Precinct 19,1015480019,MANHATTAN,997793,222262,ONLINE,Unspecified,MANHATTAN,,,,,,,,40.77672376582169,-73.95110154336058,POINT (-73.951101543361 40.776723765822)
57968946,06/21/2023 09:59:34 AM,07/17/2024 12:00:00 AM,DOB,Department of Buildings,General Construction/Plumbing,Curb Cut/Driveway/Carport - Illegal,,,11204,1765 45 STREET,45 STREET,,,,,ADDRESS,BROOKLYN,,,Closed,,The Department of Buildings investigated this complaint and determined that no further action was necessary.,07/17/2024 12:00:00 AM,12 BROOKLYN,44,Precinct 66,3054040052,BROOKLYN,990036,169124,UNKNOWN,Unspecified,BROOKLYN,,,,,,,,40.63088096893696,-73.97915468015786,POINT (-73.979154680158 40.630880968937)
57955023,06/20/2023 05:12:34 PM,06/20/2023 05:13:52 PM,NYPD,New York City Police Department,Drug Activity,Use Outside,,Street/Sidewalk,11366,78-15 PARSONS BOULEVARD,PARSONS BOULEVARD,78 AVENUE,78 ROAD,78 AVENUE,78 ROAD,ADDRESS,FRESH MEADOWS,PARSONS BOULEVARD,,Closed,,The Police Department responded to the complaint and determined that police action was not necessary.,06/20/2023 05:13:56 PM,08 QUEENS,24,Precinct 107,4068290001,QUEENS,1037000,202363,ONLINE,Unspecified,QUEENS,,,,,,,,40.72195913199264,-73.80969682426189,POINT (-73.809696824262 40.721959131993)
57955599,06/20/2023 02:43:54 PM,06/20/2023 04:54:57 PM,NYPD,New York City Police Department,Blocked Driveway,No Access,,Street/Sidewalk,11229,1835 EAST   15 STREET,EAST   15 STREET,AVENUE R,DEAD END,AVENUE R,DEAD END,ADDRESS,BROOKLYN,EAST   15 STREET,,Closed,,The Police Department issued a summons in response to the complaint.,06/20/2023 04:55:03 PM,15 BROOKLYN,48,Precinct 61,3068210074,BROOKLYN,996036,159700,PHONE,Unspecified,BROOKLYN,,,,,,,,40.605008097424864,-73.95755483284233,POINT (-73.957554832842 40.605008097425)
57962844,06/21/2023 09:34:22 PM,06/21/2023 10:19:12 PM,NYPD,New York City Police Department,Noise - Street/Sidewalk,Loud Talking,,Street/Sidewalk,11432,161-20 89 AVENUE,89 AVENUE,161 STREET,162 STREET,161 STREET,162 STREET,ADDRESS,JAMAICA,89 AVENUE,,Closed,,The Police Department responded to the complaint and took action to fix the condition.,06/21/2023 10:19:17 PM,12 QUEENS,27,Precinct 103,4097600045,QUEENS,1039777,196723,MOBILE,Unspecified,QUEENS,,,,,,,,40.70646172417981,-73.79972495316272,POINT (-73.799724953163 40.70646172418)
57963258,06/21/2023 04:33:00 PM,12/06/2023 01:00:37 PM,DPR,Department of Parks and Recreation,Overgrown Tree/Branches,Blocking Street,N/A,Street,11235,741 AVENUE Y,AVENUE Y,EAST    7 STREET,CONEY ISLAND AVENUE,EAST    7 STREET,CONEY ISLAND AVENUE,ADDRESS,BROOKLYN,AVENUE Y,,Closed,,NYC Parks visited the site and inspected the condition. No work is necessary at this time.,12/06/2023 01:00:43 PM,15 BROOKLYN,48,Precinct 61,3072040116,BROOKLYN,994811,153976,PHONE,Unspecified,BROOKLYN,,,,,,,,40.589298418981656,-73.9619753984581,POINT (-73.961975398458 40.589298418982)
57958200,06/20/2023 11:52:31 AM,06/22/2023 12:58:18 PM,DSNY,Department of Sanitation,Commercial Disposal Complaint,Private Carter Decal Not Posted,N/A,Street,10003,176 2 AVENUE,2 AVENUE,EAST   11 STREET,EAST   12 STREET,EAST   11 STREET,EAST   12 STREET,ADDRESS,NEW YORK,2 AVENUE,,Closed,,The Department of Sanitation investigated this complaint and found no violation at the location.,06/22/2023 12:58:22 PM,03 MANHATTAN,02,Precinct 9,1004530002,MANHATTAN,988059,205428,ONLINE,Unspecified,MANHATTAN,,,,,,,,40.730528263719364,-73.9862567309466,POINT (-73.986256730947 40.730528263719)
57964383,06/21/2023 11:57:58 AM,06/21/2023 12:49:03 PM,NYPD,New York City Police Department,Abandoned Vehicle,With License Plate,,Street/Sidewalk,11234,1788 EAST   51 STREET,EAST   51 STREET,AVENUE N,AVENUE O,AVENUE N,AVENUE O,ADDRESS,BROOKLYN,EAST   51 STREET,,Closed,,The Police Department responded to the complaint and a report was prepared.,06/21/2023 12:49:08 PM,18 BROOKLYN,46,Precinct 63,3078950001,BROOKLYN,1004885,164084,MOBILE,Unspecified,BROOKLYN,,,,,,,,40.61702508436073,-73.92567336059368,POINT (-73.925673360594 40.617025084361)
57964707,06/21/2023 06:16:25 AM,08/07/2023 12:00:00 AM,DOB,Department of Buildings,Elevator,Elevator - Single Device On Property/No Alternate Service,,,10453,2205 DAVIDSON AVENUE,DAVIDSON AVENUE,,,,,ADDRESS,BRONX,,,Closed,,"The Department of Buildings reviewed this complaint and closed it. If the problem still exists, please call 311 and file a new complaint. If you are outside of New York City, please call (212) NEW-YORK (212-639-9675).",08/07/2023 12:00:00 AM,05 BRONX,14,Precinct 46,2031960018,BRONX,1010360,251701,UNKNOWN,Unspecified,BRONX,,,,,,,,40.85749731778948,-73.90561253415471,POINT (-73.905612534155 40.857497317789)
57954690,06/20/2023 03:29:40 PM,06/20/2023 04:14:54 PM,NYPD,New York City Police Department,Noise - Street/Sidewalk,Loud Music/Party,,Street/Sidewalk,11355,42-13 BOWNE STREET,BOWNE STREET,FRANKLIN AVENUE,ASH AVENUE,FRANKLIN AVENUE,ASH AVENUE,ADDRESS,FLUSHING,BOWNE STREET,,Closed,,The Police Department responded to the complaint and took action to fix the condition.,06/20/2023 04:14:59 PM,07 QUEENS,20,Precinct 109,4051840066,QUEENS,1033620,215079,ONLINE,Unspecified,QUEENS,,,,,,,,40.756880832087305,-73.82179729843338,POINT (-73.821797298433 40.756880832087)
57953097,06/20/2023 10:06:25 AM,06/20/2023 11:57:31 AM,NYPD,New York City Police Department,Illegal Parking,Posted Parking Sign Violation,,Street/Sidewalk,10460,1606 MELVILLE STREET,MELVILLE STREET,DEAD END,VAN NEST AVENUE,DEAD END,VAN NEST AVENUE,ADDRESS,BRONX,MELVILLE STREET,,Closed,,The Police Department responded and upon arrival those responsible for the condition were gone.,06/20/2023 11:57:35 AM,11 BRONX,13,Precinct 49,2040230141,BRONX,1020647,245616,MOBILE,Unspecified,BRONX,,,,,,,,40.84075939291282,-73.86845818220576,POINT (-73.868458182206 40.840759392913)
57957291,06/21/2023 12:21:53 AM,06/21/2023 01:39:06 AM,NYPD,New York City Police Department,Noise - Residential,Banging/Pounding,,Residential Building/House,11103,37-15 30 AVENUE,30 AVENUE,37 STREET,38 STREET,37 STREET,38 STREET,ADDRESS,ASTORIA,30 AVENUE,,Closed,,The Police Department responded to the complaint but officers were unable to gain entry into the premises.,06/21/2023 01:39:09 AM,01 QUEENS,22,Precinct 114,4006610042,QUEENS,1007413,217836,ONLINE,Unspecified,QUEENS,,,,,,,,40.76455558054324,-73.91638277091631,POINT (-73.916382770916 40.764555580543)
57956391,06/20/2023 08:54:33 PM,06/20/2023 09:14:21 PM,NYPD,New York City Police Department,Drug Activity,Use Outside,,Street/Sidewalk,11366,78-15 PARSONS BOULEVARD,PARSONS BOULEVARD,78 AVENUE,78 ROAD,78 AVENUE,78 ROAD,ADDRESS,FRESH MEADOWS,PARSONS BOULEVARD,,Closed,,The Police Department responded to the complaint and determined that police action was not necessary.,06/20/2023 09:14:26 PM,08 QUEENS,24,Precinct 107,4068290001,QUEENS,1037000,202363,ONLINE,Unspecified,QUEENS,,,,,,,,40.72195913199264,-73.80969682426189,POINT (-73.809696824262 40.721959131993)
57957399,06/20/2023 08:58:15 PM,06/20/2023 09:55:04 PM,NYPD,New York City Police Department,Noise - Street/Sidewalk,Loud Music/Party,,Street/Sidewalk,10469,BOSTON ROAD,BOSTON ROAD,BOSTON ROAD,YATES AVENUE,BOSTON ROAD,YATES AVENUE,INTERSECTION,,,,Closed,,This complaint does not fall under the Police Department's jurisdiction.,06/20/2023 09:55:07 PM,11 BRONX,12,Precinct 49,,BRONX,1024478,257224,ONLINE,Unspecified,BRONX,,,,,,,,40.87260321592093,-73.8545429877944,POINT (-73.854542987794 40.872603215921)
57962637,06/21/2023 10:31:41 AM,06/21/2023 10:58:57 AM,NYPD,New York City Police Department,Encampment,N/A,,Store/Commercial,10002,HENRY STREET,HENRY STREET,HENRY STREET,MARKET STREET,HENRY STREET,MARKET STREET,INTERSECTION,,,,Closed,,The Police Department visited the location and has referred the complaint to the Department of Homeless Services (DHS) for further action. DHS will inspect the condition and update your Service Request with more information.,06/21/2023 10:59:02 AM,03 MANHATTAN,01,Precinct 5,,MANHATTAN,985786,199049,PHONE,Unspecified,MANHATTAN,,,,,,,,40.71302013635152,-73.99445940763387,POINT (-73.994459407634 40.713020136352)
57957453,06/20/2023 09:12:42 PM,06/20/2023 09:40:55 PM,NYPD,New York City Police Department,Non-Emergency Police Matter,Other (complaint details),,Street/Sidewalk,11208,913 BELMONT AVENUE,BELMONT AVENUE,LOGAN STREET,FOUNTAIN AVENUE,LOGAN STREET,FOUNTAIN AVENUE,ADDRESS,BROOKLYN,BELMONT AVENUE,,Closed,,The Police Department responded to the complaint and took action to fix the condition.,06/20/2023 09:41:01 PM,05 BROOKLYN,42,Precinct 75,3042280036,BROOKLYN,1018896,184725,ONLINE,Unspecified,BROOKLYN,,,,,,,,40.67363640877716,-73.87510021251693,POINT (-73.875100212517 40.673636408777)
57956967,06/20/2023 06:52:33 PM,06/20/2023 07:49:30 PM,NYPD,New York City Police Department,Illegal Parking,Blocked Hydrant,,Street/Sidewalk,11428,92-64 SPRINGFIELD BOULEVARD,SPRINGFIELD BOULEVARD,DAVENPORT AVENUE,93 AVENUE,DAVENPORT AVENUE,93 AVENUE,ADDRESS,QUEENS VILLAGE,SPRINGFIELD BOULEVARD,,Closed,,The Police Department responded to the complaint and with the information available observed no evidence of the violation at that time.,06/20/2023 07:49:34 PM,13 QUEENS,23,Precinct 105,4107030038,QUEENS,1056979,202844,ONLINE,Unspecified,QUEENS,,,,,,,,40.72313766081125,-73.73761489607138,POINT (-73.737614896071 40.723137660811)
57960153,06/20/2023 09:56:00 PM,,DEP,Department of Environmental Protection,Hazardous Materials,Chemical Odor (HD1),HD1,,10037,10 EAST  130 STREET,EAST  130 STREET,5 AVE,MADISON AVE,,,ADDRESS,NEW YORK,,N/A,Open,,,,11 MANHATTAN,09,Precinct 25,1017540065,MANHATTAN,1001009,234157,PHONE,Unspecified,MANHATTAN,,,,,,,,40.809366807921876,-73.93946015098832,POINT (-73.939460150988 40.809366807922)
57960108,06/20/2023 03:37:47 PM,07/10/2023 12:04:38 PM,HPD,Department of Housing Preservation and Development,APPLIANCE,ELECTRIC/GAS RANGE,PILOT LIGHT OUT,RESIDENTIAL BUILDING,10465,3266 WATERBURY AVENUE,WATERBURY AVENUE,,,,,ADDRESS,BRONX,,,Closed,,"The Department of Housing Preservation and Development was not able to gain access to inspect the following conditions. The complaint has been closed. If the condition still exists, please file a new complaint.",07/10/2023 12:00:00 AM,10 BRONX,13,Precinct 45,2053300035,BRONX,1034135,244307,PHONE,Unspecified,BRONX,,,,,,,,40.837100682617674,-73.8197212715937,POINT (-73.819721271594 40.837100682618)
57970107,06/21/2023 07:17:15 AM,06/21/2023 07:37:59 AM,NYPD,New York City Police Department,Noise - Residential,Loud Television,,Residential Building/House,10021,341 EAST   70 STREET,EAST   70 STREET,2 AVENUE,1 AVENUE,2 AVENUE,1 AVENUE,ADDRESS,NEW YORK,EAST   70 STREET,,Closed,,The Police Department responded to the complaint and determined that police action was not necessary.,06/21/2023 07:38:03 AM,08 MANHATTAN,05,Precinct 19,1014450023,MANHATTAN,996024,218620,ONLINE,Unspecified,MANHATTAN,,,,,,,,40.76672996122525,-73.95749508756319,POINT (-73.957495087563 40.766729961225)
57957435,06/20/2023 09:58:38 PM,06/20/2023 10:53:44 PM,NYPD,New York City Police Department,Noise - Street/Sidewalk,Loud Music/Party,,Street/Sidewalk,10473,1820 HARDING PARK,HARDING PARK,UNDERHILL AVENUE,BOLTON AVENUE,UNDERHILL AVENUE,BOLTON AVENUE,ADDRESS,BRONX,HARDING PARK,,Closed,,The Police Department responded to the complaint and with the information available observed no evidence of the violation at that time.,06/20/2023 10:53:48 PM,09 BRONX,18,Precinct 43,2034420058,BRONX,1023981,234111,MOBILE,Unspecified,BRONX,,,,,,,,40.809167109350305,-73.85647697303509,POINT (-73.856476973035 40.80916710935)
57958947,06/20/2023 10:13:08 AM,07/13/2023 06:54:53 AM,HPD,Department of Housing Preservation and Development,PLUMBING,BASIN/SINK,DRAIN PIPE BLOCKED OR BROKEN,RESIDENTIAL BUILDING,10467,3551 HOLLAND AVENUE,HOLLAND AVENUE,,,,,ADDRESS,BRONX,,,Closed,,The Department of Housing Preservation and Development inspected the following conditions. Violations were issued. Information about specific violations is available at www.nyc.gov/hpd,07/13/2023 12:00:00 AM,12 BRONX,12,Precinct 47,2046577501,BRONX,1021826,259281,PHONE,Unspecified,BRONX,,,,,,,,40.87826072837822,-73.86412057639042,POINT (-73.86412057639 40.878260728378)
57959316,06/20/2023 08:33:29 PM,06/21/2023 10:43:40 AM,DOHMH,Department of Health and Mental Hygiene,Rodent,Signs of Rodents,,3+ Family Mixed Use Building,10472,1143 WHEELER AVENUE,WHEELER AVENUE,WATSON AVENUE,WESTCHESTER AVENUE,WATSON AVENUE,WESTCHESTER AVENUE,ADDRESS,BRONX,WHEELER AVENUE,,Closed,,This service request was closed because the Department of Health and Mental Hygiene received an earlier complaint about the same location.  You can find inspection results for this address by going to the online Rat Portal at www.nyc.gov/rats.,06/20/2023 08:33:29 PM,09 BRONX,17,Precinct 43,2037380062,BRONX,1017519,240627,ONLINE,Unspecified,BRONX,,,,,,,,40.827078377700744,-73.87978776629662,POINT (-73.879787766297 40.827078377701)
57966237,06/21/2023 04:19:19 PM,06/21/2023 04:39:20 PM,NYPD,New York City Police Department,Noise - Vehicle,Car/Truck Horn,,Street/Sidewalk,11213,1335 UNION STREET,UNION STREET,NEW YORK AVENUE,BROOKLYN AVENUE,NEW YORK AVENUE,BROOKLYN AVENUE,ADDRESS,BROOKLYN,UNION STREET,,Closed,,The Police Department responded to the complaint and with the information available observed no evidence of the violation at that time.,06/21/2023 04:39:29 PM,09 BROOKLYN,35,Precinct 71,3012707501,BROOKLYN,998842,182931,ONLINE,Unspecified,BROOKLYN,,,,,,,,40.668768050782155,-73.94739929098945,POINT (-73.947399290989 40.668768050782)
57964086,06/21/2023 12:10:27 PM,06/21/2023 12:12:38 PM,NYPD,New York City Police Department,Noise - Residential,Banging/Pounding,,Residential Building/House,10454,600 EAST  137 STREET,EAST  137 STREET,ST ANNS AVENUE,CYPRESS AVENUE,ST ANNS AVENUE,CYPRESS AVENUE,ADDRESS,BRONX,EAST  137 STREET,,Closed,,The Police Department responded to the complaint and with the information available observed no evidence of the violation at that time.,06/21/2023 12:12:45 PM,01 BRONX,08,Precinct 40,2025480001,BRONX,1007288,232796,MOBILE,Unspecified,BRONX,,,,,,,,40.80561709866251,-73.91678270964402,POINT (-73.916782709644 40.805617098663)
57965886,06/21/2023 10:42:22 PM,06/22/2023 04:26:29 AM,NYPD,New York City Police Department,Blocked Driveway,No Access,,Street/Sidewalk,11355,133-14 SANFORD AVENUE,SANFORD AVENUE,FRAME PLACE,MAIN STREET,FRAME PLACE,MAIN STREET,ADDRESS,FLUSHING,SANFORD AVENUE,,Closed,,The Police Department issued a summons in response to the complaint.,06/22/2023 04:26:34 AM,07 QUEENS,20,Precinct 109,4051210016,QUEENS,1031226,214710,MOBILE,Unspecified,QUEENS,,,,,,,,40.755881066411746,-73.83044107922618,POINT (-73.830441079226 40.755881066412)
57969144,06/21/2023 04:09:29 PM,12/08/2023 12:00:00 AM,DOB,Department of Buildings,Building/Use,Illegal Conversion Of Residential Building/Space,,,11354,143-27A ROOSEVELT AVENUE,ROOSEVELT AVENUE,,,,,ADDRESS,FLUSHING,,,Closed,,The Department of Buildings has made a second attempt to conduct an inspection of this premises and was denied access. No further attempts will be made.,12/08/2023 12:00:00 AM,07 QUEENS,20,Precinct 109,4050227501,QUEENS,1033233,216701,UNKNOWN,Unspecified,QUEENS,,,,,,,,40.76133495031904,-73.82318236654541,POINT (-73.823182366545 40.761334950319)
57956211,06/20/2023 05:39:16 PM,06/22/2023 07:36:52 PM,HPD,Department of Housing Preservation and Development,FLOORING/STAIRS,FLOOR,SAGGING OR SLOPING,RESIDENTIAL BUILDING,11372,35-64 93 STREET,93 STREET,,,,,ADDRESS,JACKSON HEIGHTS,,,Closed,,The Department of Housing Preservation and Development inspected the following conditions. Violations were issued. Information about specific violations is available at www.nyc.gov/hpd,06/22/2023 12:00:00 AM,03 QUEENS,25,Precinct 115,4014660034,QUEENS,1019051,213447,PHONE,Unspecified,QUEENS,,,,,,,,40.752470758085174,-73.87439296130508,POINT (-73.874392961305 40.752470758085)
57961125,06/21/2023 06:50:00 PM,06/21/2023 09:40:00 PM,DEP,Department of Environmental Protection,Sewer,Sewer Backup (Use Comments) (SA),SA,,11217,169 BERGEN STREET,BERGEN STREET,HOYT ST,BOND ST,,,ADDRESS,BROOKLYN,,,Closed,,The Department of Environmental Protection investigated this complaint and found there was no sewer back up in the city system at the time of the inspection.,06/21/2023 09:40:00 PM,02 BROOKLYN,33,Precinct 84,3001950050,BROOKLYN,987872,188970,PHONE,Unspecified,BROOKLYN,,,,,,,,40.685355026162675,-73.9869402996028,POINT (-73.986940299603 40.685355026163)
57956697,06/20/2023 02:45:56 PM,06/21/2023 09:30:00 AM,DOT,Department of Transportation,Street Condition,Pothole,,,10018,WEST   39 STREET,WEST   39 STREET,8 AVENUE,9 AVENUE,,,BLOCKFACE,MANHATTAN,,N/A,Closed,,The Department of Transportation inspected this complaint and repaired the problem.,06/21/2023 09:30:00 AM,04 MANHATTAN,,Precinct 14,,MANHATTAN,,,UNKNOWN,Unspecified,MANHATTAN,,,,,,,,,,
57962961,06/21/2023 01:41:34 PM,10/02/2023 08:17:50 AM,HPD,Department of Housing Preservation and Development,PLUMBING,RADIATOR,BROKEN OR MISSING,RESIDENTIAL BUILDING,10457,225 EAST  179 STREET,EAST  179 STREET,,,,,ADDRESS,BRONX,,,Closed,,"The Department of Housing Preservation and Development was not able to gain access to inspect the following conditions. The complaint has been closed. If the condition still exists, please file a new complaint.",10/02/2023 12:00:00 AM,05 BRONX,15,Precinct 46,2028120001,BRONX,1010907,249300,ONLINE,Unspecified,BRONX,,,,,,,,40.85090565733129,-73.90364468198356,POINT (-73.903644681984 40.850905657331)
57966849,06/21/2023 08:04:00 AM,06/27/2023 12:52:00 AM,DSNY,Department of Sanitation,Derelict Vehicles,Derelict Vehicles,,Street,10026,117 WEST  116 STREET,WEST  116 STREET,LENOX AVENUE,ADAM CLAYTON POWELL JR BOULEVARD,,,ADDRESS,NEW YORK,,,Closed,,The Department of Sanitation (DSNY) couldn't find the condition. Please file a new Service Request with more details about the location.,06/27/2023 12:00:00 PM,10 MANHATTAN,09,Precinct 28,1019010023,MANHATTAN,997968,231601,PHONE,Unspecified,MANHATTAN,,,,,,,,40.80235653871506,-73.95045061377425,POINT (-73.950450613774 40.802356538715)
57969459,06/21/2023 09:50:35 PM,06/21/2023 10:44:59 PM,NYPD,New York City Police Department,Noise - Residential,Loud Music/Party,,Residential Building/House,10460,1631 VAN BUREN STREET,VAN BUREN STREET,DEAD END,VAN NEST AVENUE,DEAD END,VAN NEST AVENUE,ADDRESS,BRONX,VAN BUREN STREET,,Closed,,The Police Department responded to the complaint and with the information available observed no evidence of the violation at that time.,06/21/2023 10:45:03 PM,11 BRONX,13,Precinct 49,2040180011,BRONX,1020380,245536,ONLINE,Unspecified,BRONX,,,,,,,,40.840540912912815,-73.86942357220214,POINT (-73.869423572202 40.840540912913)
57968451,06/21/2023 10:44:35 AM,06/24/2023 11:50:21 AM,DPR,Department of Parks and Recreation,Damaged Tree,Entire Tree Has Fallen Down,Blocking Street,Street,11213,178 ALBANY AVENUE,ALBANY AVENUE,ST MARKS AVENUE,PROSPECT PLACE,ST MARKS AVENUE,PROSPECT PLACE,ADDRESS,BROOKLYN,ALBANY AVENUE,,Closed,,NYC Parks performed the work necessary to correct the condition.,06/24/2023 11:50:26 AM,08 BROOKLYN,36,Precinct 77,3012300041,BROOKLYN,1001193,185003,PHONE,Unspecified,BROOKLYN,,,,,,,,40.674451038192466,-73.93891928644376,POINT (-73.938919286444 40.674451038192)
57960396,06/20/2023 09:24:07 AM,06/20/2023 09:24:43 AM,NYPD,New York City Police Department,Drug Activity,Use Outside,,Street/Sidewalk,11432,82-68 164 STREET,164 STREET,82 ROAD,GRAND CENTRAL PARKWAY,82 ROAD,GRAND CENTRAL PARKWAY,ADDRESS,JAMAICA,164 STREET,,Closed,,The Police Department responded to the complaint and determined that police action was not necessary.,06/20/2023 09:24:48 AM,08 QUEENS,24,Precinct 107,4068580001,QUEENS,1038740,200651,ONLINE,Unspecified,QUEENS,,,,,,,,40.71724956934783,-73.80343340538089,POINT (-73.803433405381 40.717249569348)
57953133,06/20/2023 08:39:34 AM,06/20/2023 11:12:15 AM,NYPD,New York City Police Department,Traffic,Congestion/Gridlock,,Street/Sidewalk,11222,MEEKER STREET,MEEKER STREET,MEEKER STREET,RUSSELL STREET,MEEKER STREET,RUSSELL STREET,INTERSECTION,,,,Closed,,The Police Department responded and upon arrival those responsible for the condition were gone.,06/20/2023 11:12:19 AM,01 BROOKLYN,33,Precinct 94,,BROOKLYN,999863,201837,PHONE,Unspecified,BROOKLYN,,,,,,,,40.72065888380269,-73.94367500694484,POINT (-73.943675006945 40.720658883803)
57964716,06/21/2023 04:52:04 AM,07/27/2023 12:04:41 PM,EDC,Economic Development Corporation,Noise - Helicopter,Other,Flying Too Low,Above Address,11201,1 PIERREPONT STREET,PIERREPONT STREET,CLARK STREET,PIERREPONT STREET,CLARK STREET,PIERREPONT STREET,ADDRESS,BROOKLYN,PIERREPONT STREET,,Closed,,The New York City Economic Development Corporation determined that the helicopter tour operator was operating within the limits of the New York City Helicopter Sightseeing Plan which establishes specific over water routing for tour flights.,07/27/2023 12:04:44 PM,02 BROOKLYN,33,Precinct 84,3002340008,BROOKLYN,985073,193057,ONLINE,Unspecified,BROOKLYN,,,,,,,,40.696573601808964,-73.99703204253264,POINT (-73.997032042533 40.696573601809)
57966057,06/21/2023 01:23:18 PM,,TLC,Taxi and Limousine Commission,Taxi Complaint,Driver Complaint - Passenger,Unsafe Driving - Passenger,Street,10001,7 AVENUE,7 AVENUE,7 AVENUE,WEST   34 STREET,7 AVENUE,WEST   34 STREET,INTERSECTION,,,,In Progress,,"The Taxi and Limousine Commission has issued a notice to the driver, asking the driver to plead guilty to an appropriate charge. If a hearing is needed, you will be notified by mail or email of your hearing date.",07/27/2023 02:52:00 PM,05 MANHATTAN,03,Precinct 14,,MANHATTAN,986848,212883,PHONE,Unspecified,MANHATTAN,,,"7 AVENUE AND WEST   34 STREET, MANHATTAN, NY, 10001",,,,,40.75099082290243,-73.99062326583427,POINT (-73.990623265834 40.750990822902)
57953259,06/20/2023 11:53:59 AM,06/20/2023 11:53:59 AM,DOB,Department of Buildings,Boilers,Boiler - Defective/Inoperative/No Permit,,,11223,507 KINGS HIGHWAY,KINGS HIGHWAY,,,,,ADDRESS,BROOKLYN,,N/A,Closed,,The Department of Buildings investigated this complaint and issued an Office of Administrative Trials and Hearings (OATH) summons.,06/20/2023 12:00:00 AM,15 BROOKLYN,44,Precinct 61,3066590054,BROOKLYN,992396,159466,UNKNOWN,Unspecified,BROOKLYN,,,,,,,,40.60436990875684,-73.97066392164069,POINT (-73.970663921641 40.604369908757)
57952620,06/20/2023 09:10:11 PM,06/21/2023 04:09:42 PM,DSNY,Department of Sanitation,Illegal Dumping,Removal Request,N/A,Street,11369,25-57 89 STREET,89 STREET,25 AVENUE,30 AVENUE,25 AVENUE,30 AVENUE,ADDRESS,EAST ELMHURST,89 STREET,,Closed,,The Department of Sanitation removed the items.,06/21/2023 05:28:58 AM,03 QUEENS,22,Precinct 115,4013630037,QUEENS,1017498,217086,MOBILE,Unspecified,QUEENS,,,,,,,,40.762464850530556,-73.8799801920183,POINT (-73.879980192018 40.762464850531)
57962979,06/21/2023 11:06:17 AM,07/21/2023 04:07:47 PM,HPD,Department of Housing Preservation and Development,UNSANITARY CONDITION,GARBAGE/RECYCLING STORAGE,ACCUMULATION,RESIDENTIAL BUILDING,10456,1162 SHERIDAN AVENUE,SHERIDAN AVENUE,,,,,ADDRESS,BRONX,,,Closed,,The Department of Housing Preservation and Development inspected the following conditions. No violations were issued. The complaint has been closed.,07/21/2023 12:00:00 AM,04 BRONX,16,Precinct 44,2024560214,BRONX,1007114,242767,PHONE,Unspecified,BRONX,,,,,,,,40.83298512522835,-73.91737725609177,POINT (-73.917377256092 40.832985125228)
57958839,06/20/2023 03:53:00 PM,06/26/2023 08:30:00 AM,DEP,Department of Environmental Protection,Water System,Hydrant Running Full (WA4),WA4,,10467,3055 PERRY AVENUE,PERRY AVENUE,E MOSHOLU PKWY N,E 204 ST,,,ADDRESS,BRONX,,,Closed,,"The Department of Environment Protection inspected your complaint but could not find the problem you reported. If the condition persists, please call 311 (or 212-639-9675 if calling from a non-New York City area code) with more detailed information to submit a new complaint.",06/26/2023 08:30:00 AM,07 BRONX,11,Precinct 52,2033340045,BRONX,1017486,257161,ONLINE,Unspecified,BRONX,,,,,,,,40.87245939790531,-73.87982504483965,POINT (-73.87982504484 40.872459397905)
57957597,06/20/2023 07:57:57 AM,06/29/2023 05:52:30 PM,HPD,Department of Housing Preservation and Development,PLUMBING,TOILET,BOWL STOPPED UP,RESIDENTIAL BUILDING,10465,3151 PARSIFAL PLACE,PARSIFAL PLACE,,,,,ADDRESS,BRONX,,,Closed,,The Department of Housing Preservation and Development inspected the following conditions. No violations were issued. The complaint has been closed.,06/29/2023 12:00:00 AM,10 BRONX,13,Precinct 45,2054080260,BRONX,1033187,245367,PHONE,Unspecified,BRONX,,,,,,,,40.840015372897476,-73.82313949231528,POINT (-73.823139492315 40.840015372897)
57955842,06/20/2023 11:32:00 AM,06/27/2023 03:45:00 PM,DEP,Department of Environmental Protection,Noise,Noise: Construction Equipment (NC1),NC1,,11215,,,,,5 AVENUE,17 STREET,INTERSECTION,BROOKLYN,,N/A,Closed,,"The Department of Environmental Protection (DEP) didn't observe a violation of the NYC Air or Noise Code at the time of inspection and couldn't issue a summons.  If the problem still exists, please go to nyc.gov/311 or call 311 to file a new Service Request. If you're outside of New York City, please call (212) NEW-YORK (212-639-9675).",06/27/2023 03:45:00 PM,07 BROOKLYN,38,Precinct 72,,BROOKLYN,986722,181040,ONLINE,Unspecified,BROOKLYN,,,,,,,,40.66358935617766,-73.99108971696164,POINT (-73.991089716962 40.663589356178)
57960909,06/21/2023 07:31:25 AM,06/22/2023 12:57:44 PM,DSNY,Department of Sanitation,Illegal Dumping,Removal Request,N/A,Street,10001,26 WEST   27 STREET,WEST   27 STREET,BROADWAY,AVENUE OF THE AMERICAS,BROADWAY,AVENUE OF THE AMERICAS,ADDRESS,NEW YORK,WEST   27 STREET,,Closed,,"The Department of Sanitation has investigated the complaint and addressed the issue. If the problem persists, call 311 to enter a new complaint. If you are outside of New York City, please call (212) NEW-YORK (212-639-9675).",06/22/2023 12:57:44 PM,05 MANHATTAN,03,Precinct 13,1008280063,MANHATTAN,987171,210617,PHONE,Unspecified,MANHATTAN,,,,,,,,40.74477112202199,-73.98945847440086,POINT (-73.989458474401 40.744771122022)
57962628,06/21/2023 10:53:12 PM,06/21/2023 11:15:48 PM,NYPD,New York City Police Department,Noise - Residential,Banging/Pounding,,Residential Building/House,10027,20 WEST  129 STREET,WEST  129 STREET,5 AVENUE,LENOX AVENUE,5 AVENUE,LENOX AVENUE,ADDRESS,NEW YORK,WEST  129 STREET,,Closed,,The Police Department responded to the complaint but officers were unable to gain entry into the premises.,06/21/2023 11:15:53 PM,10 MANHATTAN,09,Precinct 32,1017260049,MANHATTAN,1000389,234204,ONLINE,Unspecified,MANHATTAN,,,,,,,,40.809496964201664,-73.94169971190213,POINT (-73.941699711902 40.809496964202)
57966624,06/21/2023 04:26:43 PM,06/21/2023 04:56:24 PM,NYPD,New York City Police Department,Noise - Residential,Banging/Pounding,,Residential Building/House,11232,849 42 STREET,42 STREET,8 AVENUE,9 AVENUE,8 AVENUE,9 AVENUE,ADDRESS,BROOKLYN,42 STREET,,Closed,,The Police Department responded to the complaint and determined that police action was not necessary.,06/21/2023 04:56:30 PM,12 BROOKLYN,38,Precinct 66,3009230056,BROOKLYN,984818,174248,ONLINE,Unspecified,BROOKLYN,,,,,,,,40.6449471267718,-73.99795322543724,POINT (-73.997953225437 40.644947126772)
57955572,06/20/2023 11:05:23 AM,06/20/2023 04:03:06 PM,NYPD,New York City Police Department,Blocked Driveway,No Access,,Street/Sidewalk,11223,54 VILLAGE ROAD EAST,VILLAGE ROAD EAST,GRAVESEND NECK ROAD,WEST    1 STREET,GRAVESEND NECK ROAD,WEST    1 STREET,ADDRESS,BROOKLYN,VILLAGE ROAD EAST,,Closed,,The Police Department issued a summons in response to the complaint.,06/20/2023 04:03:10 PM,15 BROOKLYN,44,Precinct 61,3071470034,BROOKLYN,992079,156024,PHONE,Unspecified,BROOKLYN,,,,,,,,40.59492260208628,-73.97180951847591,POINT (-73.971809518476 40.594922602086)
57962439,06/21/2023 07:17:00 PM,06/28/2023 05:30:00 AM,DEP,Department of Environmental Protection,Noise,Noise: Construction Before/After Hours (NM1),NM1,,11373,94-25 57 AVENUE,57 AVENUE,94 ST,JUNCTION BLVD,,,ADDRESS,ELMHURST,,N/A,Closed,,"The Department of Environmental Protection (DEP) didn't observe a violation of the NYC Air or Noise Code at the time of inspection and couldn't issue a summons.  If the problem still exists, please go to nyc.gov/311 or call 311 to file a new Service Request. If you're outside of New York City, please call (212) NEW-YORK (212-639-9675).",06/28/2023 05:30:00 AM,04 QUEENS,25,Precinct 110,4019020010,QUEENS,1021109,207565,ONLINE,Unspecified,QUEENS,,,,,,,,40.73631781874827,-73.86699727967387,POINT (-73.866997279674 40.736317818748)
57961971,06/22/2023 12:40:28 AM,06/22/2023 04:01:10 AM,NYPD,New York City Police Department,Illegal Parking,Blocked Hydrant,,Street/Sidewalk,11356,23-02 124 STREET,124 STREET,23 AVENUE,25 AVENUE,23 AVENUE,25 AVENUE,ADDRESS,COLLEGE POINT,124 STREET,,Closed,,The Police Department responded to the complaint and took action to fix the condition.,06/22/2023 04:01:13 AM,07 QUEENS,19,Precinct 109,4042270028,QUEENS,1027367,222872,MOBILE,Unspecified,QUEENS,,,,,,,,40.77830326587577,-73.84431767215119,POINT (-73.844317672151 40.778303265876)
57959280,06/20/2023 10:25:31 PM,06/20/2023 10:25:31 PM,DOHMH,Department of Health and Mental Hygiene,Rodent,Rat Sighting,,3+ Family Apt. Building,10026,215 WEST  116 STREET,WEST  116 STREET,ST NICHOLAS AVENUE,FREDERICK DOUGLASS BOULEVARD,ST NICHOLAS AVENUE,FREDERICK DOUGLASS BOULEVARD,ADDRESS,NEW YORK,WEST  116 STREET,,Closed,,The Department of Health and Mental Hygiene found violations on the property you reported. Follow-up inspections will be scheduled.,06/20/2023 10:25:31 PM,10 MANHATTAN,09,Precinct 28,1019220020,MANHATTAN,997130,232065,MOBILE,Unspecified,MANHATTAN,,,,,,,,40.80363135253337,-73.95347657725151,POINT (-73.953476577251 40.803631352533)
57965481,06/21/2023 09:18:46 PM,06/21/2023 10:19:09 PM,NYPD,New York City Police Department,Noise - Street/Sidewalk,Loud Talking,,Street/Sidewalk,11432,161-20 89 AVENUE,89 AVENUE,161 STREET,162 STREET,161 STREET,162 STREET,ADDRESS,JAMAICA,89 AVENUE,,Closed,,The Police Department responded to the complaint and took action to fix the condition.,06/21/2023 10:19:17 PM,12 QUEENS,27,Precinct 103,4097600045,QUEENS,1039777,196723,MOBILE,Unspecified,QUEENS,,,,,,,,40.70646172417981,-73.79972495316272,POINT (-73.799724953163 40.70646172418)
57961080,06/21/2023 01:38:00 PM,06/23/2023 10:39:00 AM,DEP,Department of Environmental Protection,Noise,"Noise, Barking Dog (NR5)",NR5,,11361,42-19 215 PLACE,215 PLACE,42 AVE,43 AVE,,,ADDRESS,BAYSIDE,,N/A,Closed,,The Department of Environmental Protection determined that this complaint is a duplicate of a previously filed complaint. The original complaint is being addressed.,06/23/2023 10:39:00 AM,11 QUEENS,19,Precinct 111,4063060031,QUEENS,1048745,217235,PHONE,Unspecified,QUEENS,,,,,,,,40.76270108805533,-73.76718263767827,POINT (-73.767182637678 40.762701088055)
57960297,06/20/2023 10:28:17 AM,07/10/2023 11:10:55 AM,HPD,Department of Housing Preservation and Development,UNSANITARY CONDITION,GARBAGE/RECYCLING STORAGE,MISSING OR INADEQUATE CANS/LID,RESIDENTIAL BUILDING,10014,39 GREENWICH AVENUE,GREENWICH AVENUE,,,,,ADDRESS,NEW YORK,,,Closed,,The Department of Housing Preservation and Development inspected the following conditions. Violations were issued. Information about specific violations is available at www.nyc.gov/hpd,07/10/2023 12:00:00 AM,02 MANHATTAN,03,Precinct 6,1006120065,MANHATTAN,984133,207202,PHONE,Unspecified,MANHATTAN,,,,,,,,40.7353982771485,-74.0004221790485,POINT (-74.000422179048 40.735398277149)
57956778,06/20/2023 10:21:28 AM,06/20/2023 12:04:05 PM,DSNY,Department of Sanitation,Dirty Condition,Trash,Not Cleaned by Property Owner,Sidewalk,10012,SPRING STREET,SPRING STREET,KENMARE STREET,CLEVELAND PLACE,KENMARE STREET,CLEVELAND PLACE,BLOCKFACE,,,,Closed,,The Department of Sanitation investigated this complaint and found no condition at the location.,06/20/2023 12:04:10 PM,Unspecified MANHATTAN,,Precinct 5,,MANHATTAN,,,PHONE,Unspecified,MANHATTAN,,,,,,,,,,
57956589,06/20/2023 04:48:37 PM,07/11/2023 07:49:03 AM,DOT,Department of Transportation,Street Sign - Damaged,Other/Unknown,N/A,Street,10022,991 FIRST AVENUE,FIRST AVENUE,EAST   54 STREET,EAST   55 STREET,EAST   54 STREET,EAST   55 STREET,ADDRESS,NEW YORK,1 AVENUE,,Closed,,This request required re-assignment to a new DOT unit.,07/11/2023 07:49:13 AM,06 MANHATTAN,04,Precinct 17,1013470030,MANHATTAN,994179,214938,MOBILE,Unspecified,MANHATTAN,,,,,,,,40.75662608298011,-73.96416109609297,POINT (-73.964161096093 40.75662608298)
57954105,06/20/2023 08:45:13 AM,06/22/2023 12:23:35 PM,DSNY,Department of Sanitation,Missed Collection,Trash,N/A,Street,11211,193 POWERS STREET,POWERS STREET,GRAHAM AVENUE,HUMBOLDT STREET,GRAHAM AVENUE,HUMBOLDT STREET,ADDRESS,BROOKLYN,POWERS STREET,,Closed,,The Department of Sanitation investigated this complaint and found no condition at the location.,06/21/2023 04:43:54 PM,01 BROOKLYN,34,Precinct 90,3027770029,BROOKLYN,1000121,198867,ONLINE,Unspecified,BROOKLYN,,,,,,,,40.71250648813694,-73.94275125650152,POINT (-73.942751256502 40.712506488137)
57956598,06/20/2023 02:44:39 PM,06/21/2023 02:51:20 AM,NYPD,New York City Police Department,Non-Emergency Police Matter,Other (complaint details),,Store/Commercial,11385,616 SENECA AVENUE,SENECA AVENUE,GROVE STREET,LINDEN STREET,GROVE STREET,LINDEN STREET,ADDRESS,RIDGEWOOD,SENECA AVENUE,,Closed,,The Police Department responded to the complaint and with the information available observed no evidence of the violation at that time.,06/21/2023 02:51:26 AM,05 QUEENS,34,Precinct 104,4034410033,QUEENS,1009302,195759,PHONE,Unspecified,QUEENS,,,,,,,,40.70395453541115,-73.9096457886376,POINT (-73.909645788638 40.703954535411)
57962538,06/21/2023 09:58:46 AM,,DSNY,Department of Sanitation,Lot Condition,Construction Debris,N/A,Lot,11208,210 MONTAUK AVENUE,MONTAUK AVENUE,PITKIN AVENUE,BELMONT AVENUE,PITKIN AVENUE,BELMONT AVENUE,ADDRESS,BROOKLYN,MONTAUK AVENUE,,In Progress,,,,05 BROOKLYN,42,Precinct 75,3040230027,BROOKLYN,1018116,184847,ONLINE,Unspecified,BROOKLYN,,,,,,,,40.67397428929083,-73.87791151740103,POINT (-73.877911517401 40.673974289291)
57968406,06/21/2023 12:23:42 PM,06/28/2023 04:07:40 PM,HPD,Department of Housing Preservation and Development,UNSANITARY CONDITION,PESTS,MICE,RESIDENTIAL BUILDING,11207,240 NEW JERSEY AVENUE,NEW JERSEY AVENUE,,,,,ADDRESS,BROOKLYN,,,Closed,,The Department of Housing Preservation and Development inspected the following conditions. Violations were issued. Information about specific violations is available at www.nyc.gov/hpd,06/28/2023 12:00:00 AM,05 BROOKLYN,37,Precinct 75,3037040031,BROOKLYN,1013286,184787,PHONE,Unspecified,BROOKLYN,,,,,,,,40.67382676255554,-73.89532412935415,POINT (-73.895324129354 40.673826762556)
57955104,06/20/2023 07:25:32 AM,06/20/2023 07:35:24 AM,NYPD,New York City Police Department,Abandoned Vehicle,With License Plate,,Street/Sidewalk,11210,1444 EAST   22 STREET,EAST   22 STREET,AVENUE M,AVENUE N,AVENUE M,AVENUE N,ADDRESS,BROOKLYN,EAST   22 STREET,,Closed,,The Police Department responded to the complaint and determined that police action was not necessary.,06/20/2023 07:35:30 AM,14 BROOKLYN,44,Precinct 70,3076570001,BROOKLYN,997369,164053,PHONE,Unspecified,BROOKLYN,,,,,,,,40.61695431244338,-73.95274581638779,POINT (-73.952745816388 40.616954312443)
57963843,06/21/2023 01:08:00 PM,06/22/2023 03:00:00 PM,DEP,Department of Environmental Protection,Noise,Noise: Construction Before/After Hours (NM1),NM1,,11434,179-27 ZOLLER ROAD,ZOLLER ROAD,SIDWAY PL,180 ST,,,ADDRESS,JAMAICA,,N/A,Closed,,"The Department of Environmental Protection (DEP) didn't observe a violation of the NYC Air or Noise Code at the time of inspection and couldn't issue a summons.  If the problem still exists, please go to nyc.gov/311 or call 311 to file a new Service Request. If you're outside of New York City, please call (212) NEW-YORK (212-639-9675).",06/22/2023 03:00:00 PM,12 QUEENS,27,Precinct 113,4124760082,QUEENS,1050056,188032,ONLINE,Unspecified,QUEENS,,,,,,,,40.68253655566954,-73.76273567948154,POINT (-73.762735679482 40.68253655567)
57958983,06/20/2023 01:20:46 PM,06/22/2023 12:01:26 PM,HPD,Department of Housing Preservation and Development,UNSANITARY CONDITION,MOLD,N/A,RESIDENTIAL BUILDING,10030,2518 FREDERICK DOUGLASS BOULEVARD,FREDERICK DOUGLASS BOULEVARD,,,,,ADDRESS,NEW YORK,,,Closed,,The Department of Housing Preservation and Development inspected the following conditions. No violations were issued. The complaint has been closed.,06/22/2023 12:00:00 AM,10 MANHATTAN,09,Precinct 32,1019400003,MANHATTAN,998965,236603,ONLINE,Unspecified,MANHATTAN,,,,,,,,40.81608403592885,-73.94683848805919,POINT (-73.946838488059 40.816084035929)
57967785,06/21/2023 07:17:52 AM,06/21/2023 08:02:29 AM,NYPD,New York City Police Department,Blocked Driveway,Partial Access,,Street/Sidewalk,11236,1347 EAST   80 STREET,EAST   80 STREET,PAERDEGAT   11 STREET,PAERDEGAT   12 STREET,PAERDEGAT   11 STREET,PAERDEGAT   12 STREET,ADDRESS,BROOKLYN,EAST   80 STREET,,Closed,,The Police Department responded to the complaint and took action to fix the condition.,06/21/2023 08:02:50 AM,18 BROOKLYN,46,Precinct 69,3080730020,BROOKLYN,1011023,168499,PHONE,Unspecified,BROOKLYN,,,,,,,,40.6291269077478,-73.90354697758792,POINT (-73.903546977588 40.629126907748)
57961476,06/21/2023 07:34:58 PM,06/21/2023 08:09:02 PM,NYPD,New York City Police Department,Noise - Vehicle,Car/Truck Music,,Street/Sidewalk,11208,1157 GLENMORE AVENUE,GLENMORE AVENUE,SHERIDAN AVENUE,GRANT AVENUE,SHERIDAN AVENUE,GRANT AVENUE,ADDRESS,BROOKLYN,GLENMORE AVENUE,,Closed,,The Police Department responded to the complaint and with the information available observed no evidence of the violation at that time.,06/21/2023 08:09:08 PM,05 BROOKLYN,37,Precinct 75,3042030041,BROOKLYN,1021359,186154,ONLINE,Unspecified,BROOKLYN,,,,,,,,40.67754870535581,-73.86621317481398,POINT (-73.866213174814 40.677548705356)
57955050,06/20/2023 01:59:49 PM,06/22/2023 10:39:17 AM,DCWP,Department of Consumer and Worker Protection,Consumer Complaint,Other Store (Non-Food),"Refund, Return, or Exchange Refused",Business,10026,110 WEST  116 STREET,WEST  116 STREET,LENOX AVENUE,ADAM CLAYTON POWELL JR BOULEVARD,LENOX AVENUE,ADAM CLAYTON POWELL JR BOULEVARD,ADDRESS,NEW YORK,WEST  116 STREET,,Closed,,"The Department of Consumer and Worker Protection (DCWP) determined this issue isn't within its jurisdiction.  Unfortunately, DCWP doesn't know of any agency that can act on the complaint and can't provide further assistance.",06/22/2023 10:39:23 AM,10 MANHATTAN,09,Precinct 28,1018250040,MANHATTAN,997954,231602,PHONE,Unspecified,MANHATTAN,,,,,,,,40.802359305165226,-73.95050117969204,POINT (-73.950501179692 40.802359305165)
57953817,06/20/2023 02:46:01 PM,06/21/2023 01:53:22 PM,DOHMH,Department of Health and Mental Hygiene,Unsanitary Animal Pvt Property,Dog,,3+ Family Apartment Building,11231,45 CHEEVER PLACE,CHEEVER PLACE,KANE STREET,DEGRAW STREET,KANE STREET,DEGRAW STREET,ADDRESS,BROOKLYN,CHEEVER PLACE,,Closed,,This service request was closed because the Department of Health and Mental Hygiene received an earlier complaint about the same location.  You can find inspection results for this address by going to the online Rat Portal at www.nyc.gov/rats.,06/20/2023 02:46:01 PM,06 BROOKLYN,39,Precinct 76,3003220007,BROOKLYN,984393,189129,PHONE,Unspecified,BROOKLYN,,,,,,,,40.685792184731675,-73.99948438724648,POINT (-73.999484387246 40.685792184732)
57958110,06/20/2023 11:12:54 AM,06/21/2023 02:10:54 PM,DSNY,Department of Sanitation,Illegal Dumping,Removal Request,N/A,Street,11237,408 JEFFERSON STREET,JEFFERSON STREET,IRVING AVENUE,WYCKOFF AVENUE,IRVING AVENUE,WYCKOFF AVENUE,ADDRESS,BROOKLYN,JEFFERSON STREET,,Closed,,The Department of Sanitation investigated this complaint and found no condition at the location.,06/21/2023 07:34:03 AM,04 BROOKLYN,34,Precinct 83,3031760034,BROOKLYN,1005326,196724,ONLINE,Unspecified,BROOKLYN,,,,,,,,40.70661359549959,-73.92398286678373,POINT (-73.923982866784 40.7066135955)
57954375,06/20/2023 09:37:50 PM,06/20/2023 09:58:27 PM,NYPD,New York City Police Department,Illegal Parking,Commercial Overnight Parking,,Street/Sidewalk,11377,33-16 58 STREET,58 STREET,NORTHERN BOULEVARD,34 AVENUE,NORTHERN BOULEVARD,34 AVENUE,ADDRESS,WOODSIDE,58 STREET,,Closed,,The Police Department responded to the complaint and took action to fix the condition.,06/20/2023 09:58:31 PM,02 QUEENS,25,Precinct 108,4011810045,QUEENS,1011110,213662,PHONE,Unspecified,QUEENS,,,,,,,,40.75308856612738,-73.90305347886473,POINT (-73.903053478865 40.753088566127)
57958758,06/20/2023 05:15:25 PM,06/20/2023 07:44:28 PM,NYPD,New York City Police Department,Noise - Residential,Loud Music/Party,,Residential Building/House,10453,140 WEST  174 STREET,WEST  174 STREET,FEATHERBED LANE,MONTGOMERY AVENUE,FEATHERBED LANE,MONTGOMERY AVENUE,ADDRESS,BRONX,WEST  174 STREET,,Closed,,The Police Department responded to the complaint and took action to fix the condition.,06/20/2023 07:44:32 PM,05 BRONX,14,Precinct 46,2028770001,BRONX,1006140,247874,MOBILE,Unspecified,BRONX,,,,,,,,40.84700481544166,-73.92088029097887,POINT (-73.920880290979 40.847004815442)
57961548,06/21/2023 02:54:43 PM,06/28/2023 05:54:11 PM,HPD,Department of Housing Preservation and Development,FLOORING/STAIRS,FLOOR,SAGGING OR SLOPING,RESIDENTIAL BUILDING,10031,556 WEST  149 STREET,WEST  149 STREET,,,,,ADDRESS,NEW YORK,,,Closed,,The Department of Housing Preservation and Development inspected the following conditions. No violations were issued. The complaint has been closed.,06/28/2023 12:00:00 AM,09 MANHATTAN,07,Precinct 30,1020800054,MANHATTAN,998845,241092,PHONE,Unspecified,MANHATTAN,,,,,,,,40.828405267586454,-73.94726225332741,POINT (-73.947262253327 40.828405267586)
57964212,06/21/2023 02:24:53 AM,06/26/2023 06:43:34 PM,HPD,Department of Housing Preservation and Development,APPLIANCE,ELECTRIC/GAS RANGE,CONTROL KNOB BROKEN OR MISSING,RESIDENTIAL BUILDING,11203,792 CLARKSON AVENUE,CLARKSON AVENUE,,,,,ADDRESS,BROOKLYN,,,Closed,,The Department of Housing Preservation and Development inspected the following conditions. No violations were issued. The complaint has been closed.,06/26/2023 12:00:00 AM,17 BROOKLYN,41,Precinct 67,3046350006,BROOKLYN,1003005,178463,PHONE,Unspecified,BROOKLYN,,,,,,,,40.656496542114304,-73.9324050941799,POINT (-73.93240509418 40.656496542114)
57965652,06/21/2023 12:02:08 PM,06/25/2023 05:33:01 PM,HPD,Department of Housing Preservation and Development,PAINT/PLASTER,WALL,CHIPPED/PEELING/FLAKING,RESIDENTIAL BUILDING,10462,941 BRADY AVENUE,BRADY AVENUE,,,,,ADDRESS,BRONX,,,Closed,,The Department of Housing Preservation and Development inspected the following conditions. No violations were issued. The complaint has been closed.,06/25/2023 12:00:00 AM,11 BRONX,13,Precinct 49,2042980002,BRONX,1022601,249825,PHONE,Unspecified,BRONX,,,,,,,,40.852303575189254,-73.86137220006374,POINT (-73.861372200064 40.852303575189)
57964923,06/21/2023 10:18:39 AM,06/24/2023 01:31:11 PM,DSNY,Department of Sanitation,Illegal Dumping,Removal Request,N/A,Sidewalk,11229,1229 AVENUE U,AVENUE U,HOMECREST AVENUE,EAST   13 STREET,HOMECREST AVENUE,EAST   13 STREET,ADDRESS,BROOKLYN,AVENUE U,,Closed,,The Department of Sanitation cleaned the location.,06/24/2023 11:01:42 AM,15 BROOKLYN,48,Precinct 61,3073170048,BROOKLYN,995628,157347,ONLINE,Unspecified,BROOKLYN,,,,,,,,40.598550124280976,-73.95902813501965,POINT (-73.95902813502 40.598550124281)
57955257,06/21/2023 12:45:08 AM,06/21/2023 03:03:47 AM,NYPD,New York City Police Department,Noise - Street/Sidewalk,Loud Talking,,Street/Sidewalk,11377,68-15 NORTHERN BOULEVARD,NORTHERN BOULEVARD,I  278 EB ENTRANCE NORTHERN BLVD,69 STREET,I  278 EB ENTRANCE NORTHERN BLVD,69 STREET,ADDRESS,WOODSIDE,NORTHERN BOULEVARD,,Closed,,The Police Department responded to the complaint and with the information available observed no evidence of the violation at that time.,06/21/2023 03:03:54 AM,03 QUEENS,25,Precinct 115,4011640045,QUEENS,1012560,214090,ONLINE,Unspecified,QUEENS,,,,,,,,40.75425879316829,-73.89781815745995,POINT (-73.89781815746 40.754258793168)
57965067,06/21/2023 04:43:13 PM,06/21/2023 05:04:30 PM,NYPD,New York City Police Department,Blocked Driveway,Partial Access,,Street/Sidewalk,11203,435 LINDEN BOULEVARD,LINDEN BOULEVARD,EAST   37 STREET,EAST   38 STREET,EAST   37 STREET,EAST   38 STREET,ADDRESS,BROOKLYN,LINDEN BOULEVARD,,Closed,,The Police Department responded and upon arrival those responsible for the condition were gone.,06/21/2023 05:04:35 PM,17 BROOKLYN,40,Precinct 67,3048580035,BROOKLYN,1000096,177205,PHONE,Unspecified,BROOKLYN,,,,,,,,40.65304929135498,-73.94289237527897,POINT (-73.942892375279 40.653049291355)
57955653,06/20/2023 10:23:02 AM,06/20/2023 10:35:27 AM,NYPD,New York City Police Department,Blocked Driveway,No Access,,Street/Sidewalk,11218,1620 41 STREET,41 STREET,16 AVENUE,DAHILL ROAD,16 AVENUE,DAHILL ROAD,ADDRESS,BROOKLYN,41 STREET,,Closed,,The Police Department responded to the complaint and took action to fix the condition.,06/20/2023 10:35:33 AM,12 BROOKLYN,39,Precinct 66,3053810014,BROOKLYN,989752,170662,MOBILE,Unspecified,BROOKLYN,,,,,,,,40.63510263380216,-73.98017659778185,POINT (-73.980176597782 40.635102633802)
57958173,06/20/2023 02:02:33 PM,07/08/2023 03:45:47 PM,DSNY,Department of Sanitation,Abandoned Bike,Chained to Public Property,N/A,Street,10016,225 EAST   27 STREET,EAST   27 STREET,3 AVENUE,2 AVENUE,3 AVENUE,2 AVENUE,ADDRESS,NEW YORK,EAST   27 STREET,,Closed,,The Department of Sanitation investigated and found that the bike did not meet the criteria to be classified as derelict.,06/20/2023 10:38:37 PM,06 MANHATTAN,02,Precinct 13,1009080017,MANHATTAN,989760,209189,ONLINE,Unspecified,MANHATTAN,,,,,,,,40.7408503842815,-73.98011626553267,POINT (-73.980116265533 40.740850384282)
57966705,06/21/2023 01:48:59 PM,06/21/2023 01:48:59 PM,DOB,Department of Buildings,General Construction/Plumbing,Egress - Doors Locked/Blocked/Improper/No Secondary Means,,,10462,912 RHINELANDER AVENUE,RHINELANDER AVENUE,,,,,ADDRESS,BRONX,,N/A,Closed,,The Department of Buildings investigated this complaint and determined that no further action was necessary.,06/21/2023 12:00:00 AM,11 BRONX,13,Precinct 49,2041230005,BRONX,1022823,248545,UNKNOWN,Unspecified,BRONX,,,,,,,,40.848789391611575,-73.86057709969062,POINT (-73.860577099691 40.848789391612)
57962808,06/21/2023 09:11:02 PM,06/21/2023 09:47:49 PM,NYPD,New York City Police Department,Noise - Residential,Loud Music/Party,,Residential Building/House,11433,108-26 159 STREET,159 STREET,108 AVENUE,109 AVENUE,108 AVENUE,109 AVENUE,ADDRESS,JAMAICA,159 STREET,,Closed,,The Police Department responded to the complaint and with the information available observed no evidence of the violation at that time.,06/21/2023 09:47:52 PM,12 QUEENS,28,Precinct 103,4101460051,QUEENS,1041463,192497,ONLINE,Unspecified,QUEENS,,,,,,,,40.694851633900804,-73.79367980321378,POINT (-73.793679803214 40.694851633901)
57953340,06/20/2023 11:22:30 PM,06/20/2023 11:56:57 PM,NYPD,New York City Police Department,Noise - Residential,Banging/Pounding,,Residential Building/House,10031,541 WEST  150 STREET,WEST  150 STREET,AMSTERDAM AVENUE,BROADWAY,AMSTERDAM AVENUE,BROADWAY,ADDRESS,NEW YORK,WEST  150 STREET,,Closed,,The Police Department responded to the complaint and took action to fix the condition.,06/20/2023 11:57:01 PM,09 MANHATTAN,07,Precinct 30,1020820011,MANHATTAN,999031,241292,PHONE,Unspecified,MANHATTAN,,,,,,,,40.82895390099254,-73.94658971824167,POINT (-73.946589718242 40.828953900993)
57965841,06/21/2023 02:54:19 PM,06/21/2023 04:43:13 PM,NYPD,New York City Police Department,Drug Activity,Use Outside,,Street/Sidewalk,10473,700 HAVEMEYER AVENUE,HAVEMEYER AVENUE,SEWARD AVENUE,HOMER AVENUE,SEWARD AVENUE,HOMER AVENUE,ADDRESS,BRONX,HAVEMEYER AVENUE,,Closed,,The Police Department responded to the complaint and determined that police action was not necessary.,06/21/2023 04:43:19 PM,09 BRONX,18,Precinct 43,2036160030,BRONX,1027019,238662,ONLINE,Unspecified,BRONX,,,,,,,,40.82164412682761,-73.84547361755851,POINT (-73.845473617559 40.821644126828)
57967164,06/21/2023 10:14:45 AM,06/22/2023 01:56:42 PM,DPR,Department of Parks and Recreation,Damaged Tree,Branch Cracked and Will Fall,Hanging from Other Branches,Street,10033,BEA FULLER RODGERS SCHOOL,BEA FULLER RODGERS SCHOOL,WEST  182 STREET,WEST  183 STREET,WEST  182 STREET,WEST  183 STREET,UNRECOGNIZED,NEW YORK,IS  528,,Closed,,NYC Parks visited the location but could not find the tree condition you reported.,06/22/2023 01:56:45 PM,12 MANHATTAN,10,Precinct 34,1021640032,MANHATTAN,1002332,249191,PHONE,Unspecified,MANHATTAN,,,,,,,,40.85062820971106,-73.93464045454208,POINT (-73.934640454542 40.850628209711)
57968280,06/21/2023 12:14:26 PM,06/30/2023 12:04:58 PM,HPD,Department of Housing Preservation and Development,FLOORING/STAIRS,FLOOR,TILE BROKEN OR MISSING,RESIDENTIAL BUILDING,10469,2750 COLDEN AVENUE,COLDEN AVENUE,,,,,ADDRESS,BRONX,,,Closed,,The Department of Housing Preservation and Development inspected the following conditions. No violations were issued. The complaint has been closed.,06/30/2023 12:00:00 AM,11 BRONX,13,Precinct 49,2045170025,BRONX,1023089,254904,ONLINE,Unspecified,BRONX,,,,,,,,40.86624175365222,-73.85957879362418,POINT (-73.859578793624 40.866241753652)
57966444,06/21/2023 01:38:55 PM,06/21/2023 02:17:10 PM,NYPD,New York City Police Department,Blocked Driveway,No Access,,Street/Sidewalk,10004,26 SOUTH WILLIAM STREET,SOUTH WILLIAM STREET,MILL LANE,COENTIES ALLEY,MILL LANE,COENTIES ALLEY,ADDRESS,NEW YORK,SOUTH WILLIAM STREET,,Closed,,The Police Department responded to the complaint and took action to fix the condition.,06/21/2023 02:17:14 PM,01 MANHATTAN,01,Precinct 1,1000290086,MANHATTAN,981253,195944,MOBILE,Unspecified,MANHATTAN,,,,,,,,40.70449727237969,-74.01080926587764,POINT (-74.010809265878 40.70449727238)
57953538,06/20/2023 03:16:22 PM,06/26/2023 10:17:10 AM,HPD,Department of Housing Preservation and Development,UNSANITARY CONDITION,PESTS,MICE,RESIDENTIAL BUILDING,11225,335 LEFFERTS AVENUE,LEFFERTS AVENUE,,,,,ADDRESS,BROOKLYN,,,Closed,,The Department of Housing Preservation and Development inspected the following conditions. Violations were issued. Information about specific violations is available at www.nyc.gov/hpd,06/26/2023 12:00:00 AM,09 BROOKLYN,40,Precinct 71,3013210067,BROOKLYN,998048,180608,ONLINE,Unspecified,BROOKLYN,,,,,,,,40.66239320568563,-73.95026622688094,POINT (-73.950266226881 40.662393205686)
57966867,06/21/2023 08:52:20 AM,06/22/2023 05:47:46 PM,HPD,Department of Housing Preservation and Development,ELECTRIC,OUTLET/SWITCH,OUTLET SEALED OR DEFECTIVE,RESIDENTIAL BUILDING,10457,410 EAST  173 STREET,EAST  173 STREET,,,,,ADDRESS,BRONX,,,Closed,,The Department of Housing Preservation and Development inspected the following conditions. No violations were issued. The complaint has been closed.,06/22/2023 12:00:00 AM,03 BRONX,15,Precinct 42,2028970052,BRONX,1011066,246369,PHONE,Unspecified,BRONX,,,,,,,,40.84286044865053,-73.90308167736325,POINT (-73.903081677363 40.842860448651)
57968874,06/21/2023 06:03:00 AM,08/15/2023 05:41:34 PM,DPR,Department of Parks and Recreation,Overgrown Tree/Branches,Blocking Street,N/A,Street,10304,148 WILSON STREET,WILSON STREET,WHITAKER PLACE,NEWBERRY AVENUE,WHITAKER PLACE,NEWBERRY AVENUE,ADDRESS,STATEN ISLAND,WILSON STREET,,Closed,,"NYC Parks created a work order for the tree condition.  Please note that addressing this work can take up to a year or more depending on the higher priority work identified during this period and resources available to address this work.    NYC Parks work priority categories range from Category A through D, with A being the most critical and time-sensitive. We will complete all work in Category A first and address work in lower priority categories in accordance with available resources. For more information about the Tree Risk Management Program, visit the NYC Urban Forest page on the NYC Parks website at nyc.gov/parks/trees.   Alternatively, you may choose complete the work yourself by hiring an independent contractor. The contractor must complete a Tree Work Permit application on the NYC Parks website at nyc.gov/parks/trees.",08/15/2023 05:41:40 PM,02 STATEN ISLAND,50,Precinct 122,5033100007,STATEN ISLAND,958464,155917,UNKNOWN,Unspecified,STATEN ISLAND,,,,,,,,40.59459485595937,-74.09284919047275,POINT (-74.092849190473 40.594594855959)
57960945,06/21/2023 01:15:00 PM,06/21/2023 01:15:00 PM,DOB,Department of Buildings,General Construction/Plumbing,Building Permit - None,,,11222,243 MONITOR STREET,MONITOR STREET,,,,,ADDRESS,BROOKLYN,,,Closed,,The Department of Buildings reviewed this complaint and determined that no further action was necessary.,06/21/2023 12:00:00 AM,01 BROOKLYN,33,Precinct 94,3026560004,BROOKLYN,1000076,204270,UNKNOWN,Unspecified,BROOKLYN,,,,,,,,40.7273364992306,-73.94290087339907,POINT (-73.942900873399 40.727336499231)
57963870,06/21/2023 03:41:00 PM,06/21/2023 06:40:00 PM,DEP,Department of Environmental Protection,Sewer,Sewer Backup (Use Comments) (SA),SA,,10462,1276 HAVEMEYER AVENUE,HAVEMEYER AVENUE,NEWBOLD AVE,WATERBURY AVE,,,ADDRESS,BRONX,,,Closed,,The Department of Environmental Protection investigated this complaint and found there was no sewer back up in the city system at the time of the inspection.,06/21/2023 06:40:00 PM,09 BRONX,18,Precinct 43,2038320009,BRONX,1026207,243203,PHONE,Unspecified,BRONX,,,,,,,,40.83411175082871,-73.84837900695783,POINT (-73.848379006958 40.834111750829)
57955878,06/20/2023 05:02:23 PM,06/21/2023 12:13:32 PM,DSNY,Department of Sanitation,Missed Collection,Trash and Bulky Trash,N/A,Street,11422,137-32 250 STREET,250 STREET,NASSAU CNTY BOUNDARY,HOOK CREEK BOULEVARD,NASSAU CNTY BOUNDARY,HOOK CREEK BOULEVARD,ADDRESS,ROSEDALE,250 STREET,,Closed,,The Department of Sanitation investigated and found this complaint to be out of jurisdiction. The Department of Sanitation reviewed this and found it not to be meeting the criteria for a complaint or service request.,06/21/2023 12:13:32 PM,13 QUEENS,31,Precinct 105,4136240047,QUEENS,1059570,181301,ONLINE,Unspecified,QUEENS,,,,,,,,40.66398571670757,-73.72850826067784,POINT (-73.728508260678 40.663985716708)
57952665,06/20/2023 02:24:41 PM,06/22/2023 12:19:48 PM,DSNY,Department of Sanitation,Illegal Dumping,Removal Request,N/A,Sidewalk,11221,LEXINGTON AVENUE,LEXINGTON AVENUE,LEXINGTON AVENUE,MALCOLM X BOULEVARD,LEXINGTON AVENUE,MALCOLM X BOULEVARD,INTERSECTION,,,,Closed,,The Department of Sanitation cleaned the location.,06/21/2023 11:17:01 PM,03 BROOKLYN,36,Precinct 81,,BROOKLYN,1003532,190681,ONLINE,Unspecified,BROOKLYN,,,,,,,,40.69003106558922,-73.93047078182599,POINT (-73.930470781826 40.690031065589)
57962160,06/21/2023 03:58:05 PM,06/21/2023 04:41:27 PM,NYPD,New York City Police Department,Illegal Parking,Posted Parking Sign Violation,,Street/Sidewalk,11203,366 EAST   59 STREET,EAST   59 STREET,BEVERLEY ROAD,CLARENDON ROAD,BEVERLEY ROAD,CLARENDON ROAD,ADDRESS,BROOKLYN,EAST   59 STREET,,Closed,,The Police Department responded to the complaint and took action to fix the condition.,06/21/2023 04:41:34 PM,17 BROOKLYN,45,Precinct 67,3079060001,BROOKLYN,1006168,174351,ONLINE,Unspecified,BROOKLYN,,,,,,,,40.6452027363155,-73.92101869225341,POINT (-73.921018692253 40.645202736316)
57961116,06/21/2023 02:52:53 PM,01/09/2025 11:49:40 PM,DOHMH,Department of Health and Mental Hygiene,Day Care,Day Care Facility,Other,Other,10002,112 RIDGE STREET,RIDGE STREET,RIVINGTON STREET,STANTON STREET,RIVINGTON STREET,STANTON STREET,ADDRESS,NEW YORK,RIDGE STREET,,Closed,,The NYC Health Department has investigated your complaint. You can get the status by calling 311 or (646) 632-6101 on weekdays between 9 AM and 5 PM. This service request has been closed.,01/09/2025 11:49:43 PM,03 MANHATTAN,02,Precinct 7,1003440041,MANHATTAN,988912,201215,PHONE,Unspecified,MANHATTAN,,,,,,,,40.71896419274021,-73.98318193657398,POINT (-73.983181936574 40.71896419274)
57963537,06/21/2023 07:51:56 AM,06/21/2023 08:52:21 AM,NYPD,New York City Police Department,Illegal Parking,Double Parked Blocking Traffic,,Street/Sidewalk,11220,65 STREET,65 STREET,2 AVENUE,65 STREET,2 AVENUE,65 STREET,INTERSECTION,,,,Closed,,The Police Department responded and upon arrival those responsible for the condition were gone.,06/21/2023 08:52:26 AM,07 BROOKLYN,38,Precinct 72,,BROOKLYN,977111,172676,MOBILE,Unspecified,BROOKLYN,,,,,,,,40.64062946568371,-74.02572355340773,POINT (-74.025723553408 40.640629465684)
57962205,06/21/2023 04:57:29 PM,06/21/2023 08:48:01 PM,NYPD,New York City Police Department,Noise - Residential,Loud Television,,Residential Building/House,10467,3830 BRONX BOULEVARD,BRONX BOULEVARD,,EAST  222 STREET,,EAST  222 STREET,ADDRESS,BRONX,BRONX BOULEVARD,,Closed,,The Police Department responded to the complaint and determined that police action was not necessary.,06/21/2023 08:48:05 PM,12 BRONX,12,Precinct 47,2046530041,BRONX,1021287,261965,ONLINE,Unspecified,BRONX,,,,,,,,40.88562974190851,-73.86605482246202,POINT (-73.866054822462 40.885629741909)
57962673,06/21/2023 02:07:29 AM,06/21/2023 02:28:44 AM,NYPD,New York City Police Department,Noise - Street/Sidewalk,Loud Music/Party,,Street/Sidewalk,11102,24-59 32 STREET,32 STREET,24 ROAD,33 STREET,24 ROAD,33 STREET,ADDRESS,ASTORIA,32 STREET,,Closed,,The Police Department responded and upon arrival those responsible for the condition were gone.,06/21/2023 02:28:51 AM,01 QUEENS,22,Precinct 114,4008370095,QUEENS,1007446,220062,ONLINE,Unspecified,QUEENS,,,,,,,,40.77066528383508,-73.91625596043052,POINT (-73.916255960431 40.770665283835)
57959181,06/20/2023 01:33:38 PM,06/20/2023 01:42:07 PM,NYPD,New York City Police Department,Illegal Parking,Blocked Bike Lane,,Street/Sidewalk,11238,644 VANDERBILT AVENUE,VANDERBILT AVENUE,PROSPECT PLACE,PARK PLACE,PROSPECT PLACE,PARK PLACE,ADDRESS,BROOKLYN,VANDERBILT AVENUE,,Closed,,The Police Department responded to the complaint and determined that police action was not necessary.,06/20/2023 01:42:11 PM,08 BROOKLYN,35,Precinct 78,3011580047,BROOKLYN,992819,185932,ONLINE,Unspecified,BROOKLYN,,,,,,,,40.677013000059794,-73.96910696396306,POINT (-73.969106963963 40.67701300006)
57967902,06/21/2023 06:14:00 AM,06/21/2023 08:05:00 AM,DEP,Department of Environmental Protection,Noise,Noise: Construction Before/After Hours (NM1),NM1,,11220,4519 8 AVENUE,8 AVENUE,45 ST,46 ST,,,ADDRESS,BROOKLYN,,N/A,Closed,,The Department of Environmental Protection determined that this complaint is a duplicate of a previously filed complaint. The original complaint is being addressed.,06/21/2023 08:05:00 AM,12 BROOKLYN,38,Precinct 66,3007510001,BROOKLYN,983986,173814,ONLINE,Unspecified,BROOKLYN,,,,,,,,40.643755904520106,-74.0009513007707,POINT (-74.000951300771 40.64375590452)
57956706,06/20/2023 06:22:00 AM,06/20/2023 08:30:00 AM,DOT,Department of Transportation,Traffic Signal Condition,Pedestrian Signal,Hanging,,,,,,,BROADWAY,ROEBLING ST,INTERSECTION,,,N/A,Closed,,Service Request status for this request is available on the Department of Transportationâs website. Please click the âLearn Moreâ link below.,06/20/2023 08:30:00 AM,Unspecified BROOKLYN,,Unspecified,,BROOKLYN,,,UNKNOWN,Unspecified,BROOKLYN,,,,,,,,,,
57953016,06/20/2023 05:55:24 AM,06/20/2023 06:14:09 AM,NYPD,New York City Police Department,Illegal Parking,Blocked Hydrant,,Street/Sidewalk,11104,50-69 42 STREET,42 STREET,50 AVENUE,51 AVENUE,50 AVENUE,51 AVENUE,ADDRESS,SUNNYSIDE,42 STREET,,Closed,,The Police Department responded to the complaint and with the information available observed no evidence of the violation at that time.,06/20/2023 06:14:14 AM,02 QUEENS,26,Precinct 108,4001800014,QUEENS,1005362,207610,MOBILE,Unspecified,QUEENS,,,,,,,,40.736492939569665,-73.92381887499624,POINT (-73.923818874996 40.73649293957)
57967038,06/21/2023 08:23:56 AM,09/08/2023 06:30:27 AM,HPD,Department of Housing Preservation and Development,PLUMBING,BASIN/SINK,DRAIN PIPE BLOCKED OR BROKEN,RESIDENTIAL BUILDING,10304,175 CEBRA AVENUE,CEBRA AVENUE,,,,,ADDRESS,STATEN ISLAND,,,Closed,,"The Department of Housing Preservation and Development was not able to gain access to inspect the following conditions. The complaint has been closed. If the condition still exists, please file a new complaint.",09/08/2023 12:00:00 AM,01 STATEN ISLAND,49,Precinct 120,5005720001,STATEN ISLAND,961444,169196,PHONE,Unspecified,STATEN ISLAND,,,,,,,,40.63105112590921,-74.08216378182586,POINT (-74.082163781826 40.631051125909)
57960576,06/21/2023 07:34:25 PM,06/21/2023 07:34:25 PM,DOHMH,Department of Health and Mental Hygiene,Rodent,Rat Sighting,,Construction Site,11232,193 23 STREET,23 STREET,4 AVENUE,5 AVENUE,4 AVENUE,5 AVENUE,ADDRESS,BROOKLYN,23 STREET,,Closed,,The Department of Health and Mental Hygiene found violations on the property you reported. Follow-up inspections will be scheduled.,06/21/2023 07:34:25 PM,07 BROOKLYN,38,Precinct 72,3006460068,BROOKLYN,985331,180152,ONLINE,Unspecified,BROOKLYN,,,,,,,,40.66115227153334,-73.99610369577157,POINT (-73.996103695772 40.661152271533)
57968109,06/21/2023 01:19:40 PM,06/21/2023 01:42:46 PM,NYPD,New York City Police Department,Noise - Street/Sidewalk,Loud Talking,,Street/Sidewalk,10031,3381 BROADWAY,BROADWAY,WEST  137 STREET,WEST  138 STREET,WEST  137 STREET,WEST  138 STREET,ADDRESS,NEW YORK,BROADWAY,,Closed,,The Police Department responded to the complaint and took action to fix the condition.,06/21/2023 01:42:52 PM,09 MANHATTAN,07,Precinct 30,1020860029,MANHATTAN,996962,238568,ONLINE,Unspecified,MANHATTAN,,,,,,,,40.821480516649956,-73.95407108851738,POINT (-73.954071088517 40.82148051665)
57960054,06/20/2023 09:53:00 PM,06/30/2023 05:15:00 AM,DEP,Department of Environmental Protection,Noise,Noise: Construction Equipment (NC1),NC1,,11426,81-36 252 STREET,252 STREET,81 AVE,82 AVE,,,ADDRESS,BELLEROSE,,N/A,Closed,,"The Department of Environmental Protection (DEP) didn't observe a violation of the NYC Air or Noise Code at the time of inspection and couldn't issue a summons.  If the problem still exists, please go to nyc.gov/311 or call 311 to file a new Service Request. If you're outside of New York City, please call (212) NEW-YORK (212-639-9675).",06/30/2023 05:15:00 AM,13 QUEENS,23,Precinct 105,4085740094,QUEENS,1062542,209249,ONLINE,Unspecified,QUEENS,,,,,,,,40.7406702375632,-73.71747081389353,POINT (-73.717470813894 40.740670237563)
57969711,06/21/2023 01:54:15 PM,06/24/2023 06:00:52 PM,HPD,Department of Housing Preservation and Development,WATER LEAK,DAMP SPOT,FROM WALL OR CEILING,RESIDENTIAL BUILDING,10468,2844 WEBB AVENUE,WEBB AVENUE,,,,,ADDRESS,BRONX,,,Closed,,The Department of Housing Preservation and Development inspected the following conditions. No violations were issued. The complaint has been closed.,06/24/2023 12:00:00 AM,08 BRONX,14,Precinct 50,2032500065,BRONX,1011716,257402,ONLINE,Unspecified,BRONX,,,,,,,,40.873140709216734,-73.90068724242765,POINT (-73.900687242428 40.873140709217)
57967272,06/21/2023 08:23:34 PM,07/07/2023 09:05:11 AM,DOT,Department of Transportation,Curb Condition,Defacement,Other,Curb,11219,1538 59 STREET,59 STREET,15 AVENUE,16 AVENUE,15 AVENUE,16 AVENUE,ADDRESS,BROOKLYN,59 STREET,,Closed,,"The Department of Transportation inspected the location for the condition you reported and could not find the problem. It you would like to pursue the complaint, please call 311 or (212) 639-9675 with additional information.",07/07/2023 09:05:15 AM,12 BROOKLYN,44,Precinct 66,3055090022,BROOKLYN,986293,167423,PHONE,Unspecified,BROOKLYN,,,,,,,,40.62621373628553,-73.9926401641889,POINT (-73.992640164189 40.626213736286)
57958848,06/20/2023 08:41:46 AM,06/23/2023 11:44:04 AM,HPD,Department of Housing Preservation and Development,ELECTRIC,OUTLET/SWITCH,OUTLET SEALED OR DEFECTIVE,RESIDENTIAL BUILDING,10003,113 EAST   19 STREET,EAST   19 STREET,,,,,ADDRESS,NEW YORK,,,Closed,,The Department of Housing Preservation and Development inspected the following conditions. No violations were issued. The complaint has been closed.,06/23/2023 12:00:00 AM,06 MANHATTAN,02,Precinct 13,1008750012,MANHATTAN,987823,207894,PHONE,Unspecified,MANHATTAN,,,,,,,,40.73729692525792,-73.98710693393681,POINT (-73.987106933937 40.737296925258)
57970197,06/21/2023 11:34:35 AM,06/21/2023 12:14:49 PM,NYPD,New York City Police Department,Illegal Parking,Blocked Bike Lane,,Street/Sidewalk,11222,1126 MANHATTAN AVENUE,MANHATTAN AVENUE,CLAY STREET,BOX STREET,CLAY STREET,BOX STREET,ADDRESS,BROOKLYN,MANHATTAN AVENUE,,Closed,,The Police Department responded to the complaint and determined that police action was not necessary.,06/21/2023 12:14:57 PM,01 BROOKLYN,33,Precinct 94,3024830004,BROOKLYN,996624,207756,ONLINE,Unspecified,BROOKLYN,,,,,,,,40.73691021498231,-73.95534904005974,POINT (-73.95534904006 40.736910214982)
57964788,06/21/2023 03:01:10 AM,06/21/2023 05:40:38 AM,NYPD,New York City Police Department,Illegal Parking,Commercial Overnight Parking,,Street/Sidewalk,11364,69-36 215 STREET,215 STREET,69 AVENUE,73 AVENUE,69 AVENUE,73 AVENUE,ADDRESS,OAKLAND GARDENS,215 STREET,,Closed,,The Police Department responded to the complaint and determined that police action was not necessary.,06/21/2023 05:40:43 AM,11 QUEENS,23,Precinct 111,4076360007,QUEENS,1050818,209581,PHONE,Unspecified,QUEENS,,,,,,,,40.7416775094493,-73.75977522398242,POINT (-73.759775223982 40.741677509449)
57956067,06/20/2023 11:50:14 PM,06/20/2023 11:58:08 PM,NYPD,New York City Police Department,Noise - Residential,Loud Music/Party,,Residential Building/House,11249,400 KENT AVENUE,KENT AVENUE,BROADWAY,SOUTH    8 STREET,BROADWAY,SOUTH    8 STREET,ADDRESS,BROOKLYN,KENT AVENUE,,Closed,,The Police Department responded to the complaint and with the information available observed no evidence of the violation at that time.,06/20/2023 11:58:15 PM,01 BROOKLYN,33,Precinct 90,3021280001,BROOKLYN,992973,198207,ONLINE,Unspecified,BROOKLYN,,,,,,,,40.710704880025176,-73.96853586620725,POINT (-73.968535866207 40.710704880025)
57953790,06/20/2023 09:30:46 PM,05/13/2025 04:51:41 PM,DPR,Department of Parks and Recreation,New Tree Request,For One Address,Street Tree,Street,11223,259 AVENUE S,AVENUE S,WEST    4 STREET,WEST    3 STREET,WEST    4 STREET,WEST    3 STREET,ADDRESS,BROOKLYN,AVENUE S,,Closed,,"In an effort to more fully and efficiently service each city block, NYC Parks is shifting their street tree planting program to a neighborhood approach.  If the site that you requested meets the criteria for planting, NYC Parks will plant a tree through their new Neighborhood Tree Planting Program.   NYC Parks is no longer accepting new tree planting requests. Each neighborhood will be surveyed, inspected, and planted sequentially. NYC Parks foresters will be conducting tree removal, stump removal, and planting block by block and closing all unplantable tree beds. The most heat-vulnerable neighborhoods will be prioritized first.  To learn more about this program, visit nyc.gov/parks/street-tree-planting.  To learn more about the trees in your neighborhood, visit the NYC Tree Map at nyc.gov/parks/treemap.",05/13/2025 04:51:46 PM,11 BROOKLYN,44,Precinct 62,3066770040,BROOKLYN,990958,158398,MOBILE,Unspecified,BROOKLYN,,,,,,,,40.60143967128283,-73.97584363172281,POINT (-73.975843631723 40.601439671283)
57967929,06/21/2023 09:57:06 PM,06/21/2023 10:20:05 PM,NYPD,New York City Police Department,Noise - Commercial,Loud Music/Party,,Club/Bar/Restaurant,11249,55 WYTHE AVENUE,WYTHE AVENUE,NORTH   13 STREET,NORTH   12 STREET,NORTH   13 STREET,NORTH   12 STREET,ADDRESS,BROOKLYN,WYTHE AVENUE,,Closed,,The Police Department responded to the complaint and took action to fix the condition.,06/21/2023 10:20:08 PM,01 BROOKLYN,33,Precinct 94,3022830001,BROOKLYN,996101,202496,ONLINE,Unspecified,BROOKLYN,,,,,,,,40.72247351903894,-73.95724552306841,POINT (-73.957245523068 40.722473519039)
57961458,06/21/2023 08:41:01 PM,06/21/2023 08:49:05 PM,NYPD,New York City Police Department,Noise - Street/Sidewalk,Loud Music/Party,,Street/Sidewalk,11354,38-08 UNION STREET,UNION STREET,38 AVENUE,39 AVENUE,38 AVENUE,39 AVENUE,ADDRESS,FLUSHING,UNION STREET,,Closed,,The Police Department responded to the complaint and determined that police action was not necessary.,06/21/2023 08:49:10 PM,07 QUEENS,20,Precinct 109,4049787502,QUEENS,1032150,216771,MOBILE,Unspecified,QUEENS,,,,,,,,40.761533015823204,-73.82709124437086,POINT (-73.827091244371 40.761533015823)
57969432,06/21/2023 01:01:32 PM,06/22/2023 07:38:05 PM,HPD,Department of Housing Preservation and Development,ELECTRIC,NO LIGHTING,ONE ROOM OR AREA,RESIDENTIAL BUILDING,11226,25 TENNIS COURT,TENNIS COURT,,,,,ADDRESS,BROOKLYN,,,Closed,,The Department of Housing Preservation and Development inspected the following conditions. Violations were issued. Information about specific violations is available at www.nyc.gov/hpd,06/22/2023 12:00:00 AM,14 BROOKLYN,40,Precinct 70,3050990021,BROOKLYN,994862,175559,PHONE,Unspecified,BROOKLYN,,,,,,,,40.648539198578376,-73.96175784905559,POINT (-73.961757849056 40.648539198578)
57955005,06/20/2023 12:18:17 PM,06/20/2023 06:51:31 PM,NYPD,New York City Police Department,Abandoned Vehicle,With License Plate,,Street/Sidewalk,10462,1561 UNIONPORT ROAD,UNIONPORT ROAD,METROPOLITAN OVAL,LAUREL DRIVE,METROPOLITAN OVAL,LAUREL DRIVE,ADDRESS,BRONX,UNIONPORT ROAD,,Closed,,The Police Department responded to the complaint and took action to fix the condition.,06/20/2023 06:51:37 PM,09 BRONX,18,Precinct 43,2039377501,BRONX,1022590,245075,MOBILE,Unspecified,BRONX,,,,,,,,40.83926628518858,-73.86143912103417,POINT (-73.861439121034 40.839266285189)
57970017,06/21/2023 07:31:40 AM,06/21/2023 08:15:40 AM,NYPD,New York City Police Department,Illegal Parking,Blocked Bike Lane,,Street/Sidewalk,11109,46-15 CENTER BOULEVARD,CENTER BOULEVARD,46 AVENUE,47 AVENUE,46 AVENUE,47 AVENUE,ADDRESS,LONG ISLAND CITY,CENTER BOULEVARD,,Closed,,The Police Department responded to the complaint and took action to fix the condition.,06/21/2023 08:15:47 AM,02 QUEENS,26,Precinct 108,4000210035,QUEENS,996337,211519,ONLINE,Unspecified,QUEENS,,,,,,,,40.74723910773346,-73.9563779030925,POINT (-73.956377903092 40.747239107733)
57965094,06/21/2023 06:59:24 AM,06/21/2023 08:56:52 AM,NYPD,New York City Police Department,Blocked Driveway,No Access,,Street/Sidewalk,10466,4256 BARNES AVENUE,BARNES AVENUE,EAST  235 STREET,EAST  236 STREET,EAST  235 STREET,EAST  236 STREET,ADDRESS,BRONX,BARNES AVENUE,,Closed,,The Police Department issued a summons in response to the complaint.,06/21/2023 08:56:56 AM,12 BRONX,11,Precinct 47,2050010048,BRONX,1024734,265065,PHONE,Unspecified,BRONX,,,,,,,,40.89412311181602,-73.85356994751416,POINT (-73.853569947514 40.894123111816)
57953205,06/20/2023 03:28:32 AM,05/16/2024 10:35:21 AM,DSNY,Department of Sanitation,Lot Condition,Trash,N/A,Lot,11212,140 EAST   91 STREET,EAST   91 STREET,RUTLAND ROAD,WINTHROP STREET,RUTLAND ROAD,WINTHROP STREET,ADDRESS,BROOKLYN,EAST   91 STREET,,Closed,,"The Department of Sanitation has investigated the complaint and addressed the issue. If the problem persists, call 311 to enter a new complaint. If you are outside of New York City, please call (212) NEW-YORK (212-639-9675).",05/16/2024 10:35:21 AM,17 BROOKLYN,41,Precinct 67,3046090013,BROOKLYN,1004315,180065,ONLINE,Unspecified,BROOKLYN,,,,,,,,40.66089080692194,-73.92767895766102,POINT (-73.927678957661 40.660890806922)
57968154,06/22/2023 12:36:03 AM,06/22/2023 12:56:38 AM,NYPD,New York City Police Department,Noise - Residential,Banging/Pounding,,Residential Building/House,10458,3042 GRAND CONCOURSE,GRAND CONCOURSE,EAST  203 STREET,EAST  204 STREET,EAST  203 STREET,EAST  204 STREET,ADDRESS,BRONX,GRAND CONCOURSE,,Closed,,The Police Department responded to the complaint and determined that police action was not necessary.,06/22/2023 12:56:44 AM,07 BRONX,14,Precinct 52,2033090042,BRONX,1015574,257772,ONLINE,Unspecified,BRONX,,,,,,,,40.87414339624837,-73.88673560292244,POINT (-73.886735602922 40.874143396248)
57968460,06/21/2023 08:01:27 AM,06/21/2023 08:08:50 AM,NYPD,New York City Police Department,Abandoned Vehicle,With License Plate,,Street/Sidewalk,11434,118 AVENUE,118 AVENUE,118 AVENUE,SUTPHIN BOULEVARD,118 AVENUE,SUTPHIN BOULEVARD,INTERSECTION,,,,Closed,,This complaint does not fall under the Police Department's jurisdiction.,06/21/2023 08:09:39 AM,12 QUEENS,28,Precinct 113,,QUEENS,1041978,186995,PHONE,Unspecified,QUEENS,,,,,,,,40.67974660363321,-73.79186977147805,POINT (-73.791869771478 40.679746603633)
57964617,06/21/2023 10:38:03 PM,06/21/2023 10:54:02 PM,NYPD,New York City Police Department,Noise - Commercial,Car/Truck Horn,,Store/Commercial,11235,1501 SHEEPSHEAD BAY ROAD,SHEEPSHEAD BAY ROAD,BRIGHTON LINE,EAST   16 STREET,BRIGHTON LINE,EAST   16 STREET,ADDRESS,BROOKLYN,SHEEPSHEAD BAY ROAD,,Closed,,The Police Department responded to the complaint and determined that police action was not necessary.,06/21/2023 10:54:04 PM,15 BROOKLYN,48,Precinct 61,3074600012,BROOKLYN,997028,153262,MOBILE,Unspecified,BROOKLYN,,,,,,,,40.58733571296654,-73.95399449999337,POINT (-73.953994499993 40.587335712967)
57958686,06/20/2023 07:04:05 PM,06/20/2023 07:08:28 PM,NYPD,New York City Police Department,Noise - Street/Sidewalk,Loud Music/Party,,Street/Sidewalk,11217,2 HANSON PLACE,HANSON PLACE,ASHLAND PLACE,ST FELIX STREET,ASHLAND PLACE,ST FELIX STREET,ADDRESS,BROOKLYN,HANSON PLACE,,Closed,,The Police Department responded to the complaint and determined that police action was not necessary.,06/20/2023 07:08:33 PM,02 BROOKLYN,35,Precinct 78,3020017501,BROOKLYN,990427,188875,ONLINE,Unspecified,BROOKLYN,,,,,,,,40.6850928585787,-73.97772792579639,POINT (-73.977727925796 40.685092858579)
57967551,06/21/2023 10:52:54 PM,07/27/2023 12:19:23 PM,EDC,Economic Development Corporation,Noise - Helicopter,Other,Flying Too Low,Above Address,10023,103 WEST   75 STREET,WEST   75 STREET,COLUMBUS AVENUE,AMSTERDAM AVENUE,COLUMBUS AVENUE,AMSTERDAM AVENUE,ADDRESS,NEW YORK,WEST   75 STREET,,Closed,,"The New York City Economic Development Corporation determined that this issue is not within its jurisdiction because the helicopter did not belong to a tour company departing from a NYC heliport.Â  Instead, it was most likely a law enforcement or news gathering helicopter not subject to the routing protocols established for tour helicopters. It may also have been a helicopter that departed as a charter or tour from another City but flew over NYC airspace. Helicopter tours originating from outside NYC are not subject to the same City regulations as tours departing from heliports managed by NYCEDC. Any City regulation of these flights is pre-empted by federal law and subject only to the jurisdiction of the Federal Aviation Administration. To file a complaint with the FAA, you can contact the New York Flight Standards District Office at the following web address:Â https://www.faa.gov/about/office_org/field_offices/fsdo/",07/27/2023 12:19:28 PM,07 MANHATTAN,06,Precinct 20,1011470128,MANHATTAN,990407,223286,ONLINE,Unspecified,MANHATTAN,,,,,,,,40.779542606358085,-73.97776854978946,POINT (-73.977768549789 40.779542606358)
57958155,06/20/2023 08:48:54 AM,06/23/2023 11:44:09 AM,HPD,Department of Housing Preservation and Development,APPLIANCE,REFRIGERATOR,BROKEN DOOR SEAL,RESIDENTIAL BUILDING,10003,113 EAST   19 STREET,EAST   19 STREET,,,,,ADDRESS,NEW YORK,,,Closed,,The Department of Housing Preservation and Development inspected the following conditions. No violations were issued. The complaint has been closed.,06/23/2023 12:00:00 AM,06 MANHATTAN,02,Precinct 13,1008750012,MANHATTAN,987823,207894,PHONE,Unspecified,MANHATTAN,,,,,,,,40.73729692525792,-73.98710693393681,POINT (-73.987106933937 40.737296925258)
57966426,06/21/2023 08:55:34 AM,08/01/2023 06:02:30 PM,HPD,Department of Housing Preservation and Development,DOOR/WINDOW,WINDOW FRAME,LOOSE OR DEFECTIVE,RESIDENTIAL BUILDING,10457,1702 CLAY AVENUE,CLAY AVENUE,,,,,ADDRESS,BRONX,,,Closed,,The Department of Housing Preservation and Development inspected the following conditions. No violations were issued. The complaint has been closed.,08/01/2023 12:00:00 AM,04 BRONX,15,Precinct 44,2028890015,BRONX,1010573,246882,PHONE,Unspecified,BRONX,,,,,,,,40.84426996596706,-73.90486146166008,POINT (-73.90486146166 40.844269965967)
57954177,06/20/2023 11:31:07 AM,07/04/2023 07:24:22 AM,HPD,Department of Housing Preservation and Development,DOOR/WINDOW,WINDOW FRAME,LOOSE OR DEFECTIVE,RESIDENTIAL BUILDING,11233,431 DECATUR STREET,DECATUR STREET,,,,,ADDRESS,BROOKLYN,,,Closed,,The Department of Housing Preservation and Development was unable to access the rooms where the following  conditions were reported. No violations were issued. The complaint has been closed.,07/04/2023 12:00:00 AM,03 BROOKLYN,36,Precinct 81,3016770047,BROOKLYN,1004667,187852,PHONE,Unspecified,BROOKLYN,,,,,,,,40.682263565301106,-73.9263866448616,POINT (-73.926386644862 40.682263565301)
57956013,06/20/2023 02:13:37 PM,06/20/2023 09:48:01 PM,NYPD,New York City Police Department,Noise - Residential,Banging/Pounding,,Residential Building/House,10304,280 PARK HILL AVENUE,PARK HILL AVENUE,SOBEL COURT,PALMA DRIVE,SOBEL COURT,PALMA DRIVE,ADDRESS,STATEN ISLAND,PARK HILL AVENUE,,Closed,,The Police Department responded to the complaint and with the information available observed no evidence of the violation at that time.,06/20/2023 09:48:06 PM,01 STATEN ISLAND,49,Precinct 120,5029220001,STATEN ISLAND,961157,162425,ONLINE,Unspecified,STATEN ISLAND,,,,,,,,40.61246540873713,-74.08317460128792,POINT (-74.083174601288 40.612465408737)
57959127,06/20/2023 03:04:31 PM,07/13/2023 11:15:50 AM,DPR,Department of Parks and Recreation,Root/Sewer/Sidewalk Condition,Trees and Sidewalks Program,Free Repair,Street,11236,8547 COVENTRY ROAD,COVENTRY ROAD,DORSET STREET,EAST   86 STREET,DORSET STREET,EAST   86 STREET,ADDRESS,BROOKLYN,COVENTRY ROAD,,Closed,,"NYC Parks inspected the requested repair site. This site meets the criteria for repair under the Trees & Sidewalks Program. The timeframe for repair work depends on available funding for the program, the severity of damage, and the other sidewalk requests in the surrounding district.",07/13/2023 11:15:55 AM,17 BROOKLYN,42,Precinct 67,3079080182,BROOKLYN,1006759,174981,PHONE,Unspecified,BROOKLYN,,,,,,,,40.64693046722977,-73.91888692833636,POINT (-73.918886928336 40.64693046723)
57954033,06/20/2023 12:45:10 PM,06/21/2023 11:55:18 AM,DSNY,Department of Sanitation,Dirty Condition,Trash,Littering,Sidewalk,10036,691 10 AVENUE,10 AVENUE,WEST   47 STREET,WEST   48 STREET,WEST   47 STREET,WEST   48 STREET,ADDRESS,NEW YORK,10 AVENUE,,Closed,,The Department of Sanitation investigated this complaint and found no condition at the location.,06/21/2023 11:55:22 AM,04 MANHATTAN,03,Precinct 18,1010760030,MANHATTAN,986205,217303,MOBILE,Unspecified,MANHATTAN,,,,,,,,40.76312276074958,-73.99294270424717,POINT (-73.992942704247 40.76312276075)
58075704,07/02/2023 11:21:10 AM,07/02/2023 11:44:10 AM,NYPD,New York City Police Department,Blocked Driveway,No Access,,Street/Sidewalk,11103,32-88 46 STREET,46 STREET,BROADWAY,34 AVENUE,BROADWAY,34 AVENUE,ADDRESS,ASTORIA,46 STREET,,Closed,,The Police Department responded and upon arrival those responsible for the condition were gone.,07/02/2023 11:44:19 AM,01 QUEENS,22,Precinct 114,4007080001,QUEENS,1007908,214811,PHONE,Unspecified,QUEENS,,,,,,,,40.75625142452,-73.91460649306869,POINT (-73.914606493069 40.75625142452)
57998376,06/24/2023 05:33:04 PM,06/28/2023 12:00:00 AM,DOT,Department of Transportation,Street Condition,Pothole,,,11412,196 STREET,196 STREET,110 AVENUE,HOLLIS AVENUE,,,BLOCKFACE,QUEENS,,N/A,Closed,,The Department of Transportation inspected this complaint and repaired the problem.,06/28/2023 12:00:00 AM,12 QUEENS,,Precinct 113,,QUEENS,,,UNKNOWN,Unspecified,QUEENS,,,,,,,,,,
57968073,06/21/2023 12:25:37 PM,06/21/2023 12:29:44 PM,NYPD,New York City Police Department,Noise - Vehicle,Car/Truck Music,,Street/Sidewalk,10032,535 WEST  163 STREET,WEST  163 STREET,ST NICHOLAS AVENUE,BROADWAY,ST NICHOLAS AVENUE,BROADWAY,ADDRESS,NEW YORK,WEST  163 STREET,,Closed,,The Police Department responded to the complaint and took action to fix the condition.,06/21/2023 12:29:52 PM,12 MANHATTAN,10,Precinct 33,1021220127,MANHATTAN,1000663,244298,MOBILE,Unspecified,MANHATTAN,,,,,,,,40.83720162164926,-73.94068522810484,POINT (-73.940685228105 40.837201621649)
57956832,06/20/2023 08:54:13 AM,06/21/2023 08:57:22 PM,DSNY,Department of Sanitation,Residential Disposal Complaint,Trash or Recycling Not Secure,N/A,Sidewalk,10002,183 EAST HOUSTON STREET,EAST HOUSTON STREET,1 AVENUE,ORCHARD STREET,1 AVENUE,ORCHARD STREET,ADDRESS,NEW YORK,EAST HOUSTON STREET,,Closed,,The Department of Sanitation investigated this complaint and found no violation at the location.,06/21/2023 08:57:26 PM,03 MANHATTAN,01,Precinct 7,1004170056,MANHATTAN,987569,202590,ONLINE,Unspecified,MANHATTAN,,,,,,,,40.72273884184913,-73.98802610170642,POINT (-73.988026101706 40.722738841849)
57962817,06/21/2023 09:04:23 PM,06/21/2023 09:28:44 PM,NYPD,New York City Police Department,Noise - Vehicle,Car/Truck Music,,Street/Sidewalk,10473,PATTERSON AVENUE,PATTERSON AVENUE,PATTERSON AVENUE,SAINT LAWRENCE AVENUE,PATTERSON AVENUE,SAINT LAWRENCE AVENUE,INTERSECTION,,,,Closed,,The Police Department responded to the complaint and took action to fix the condition.,06/21/2023 09:28:50 PM,09 BRONX,18,Precinct 43,,BRONX,1022216,235386,ONLINE,Unspecified,BRONX,,,,,,,,40.8126743868101,-73.86284558197228,POINT (-73.862845581972 40.81267438681)
57958713,06/20/2023 11:41:00 PM,06/27/2023 08:30:00 PM,DEP,Department of Environmental Protection,Noise,Noise: Construction Before/After Hours (NM1),NM1,,10021,150 EAST   69 STREET,EAST   69 STREET,LEXINGTON AVE,3 AVE,,,ADDRESS,NEW YORK,,N/A,Closed,,"The Department of Environmental Protection (DEP) didn't observe a violation of the NYC Air or Noise Code at the time of inspection and couldn't issue a summons.  If the problem still exists, please go to nyc.gov/311 or call 311 to file a new Service Request. If you're outside of New York City, please call (212) NEW-YORK (212-639-9675).",06/27/2023 08:30:00 PM,08 MANHATTAN,04,Precinct 19,1014030033,MANHATTAN,994497,219162,ONLINE,Unspecified,MANHATTAN,,,,,,,,40.76821951236779,-73.96300683072344,POINT (-73.963006830723 40.768219512368)
57970179,06/21/2023 06:21:50 AM,06/21/2023 06:35:14 AM,NYPD,New York City Police Department,Illegal Parking,Posted Parking Sign Violation,,Street/Sidewalk,11206,913 FLUSHING AVENUE,FLUSHING AVENUE,BUSHWICK AVENUE,STANWIX STREET,BUSHWICK AVENUE,STANWIX STREET,ADDRESS,BROOKLYN,FLUSHING AVENUE,,Closed,,The Police Department responded and upon arrival those responsible for the condition were gone.,06/21/2023 06:35:22 AM,01 BROOKLYN,34,Precinct 90,3031230066,BROOKLYN,1001942,195081,MOBILE,Unspecified,BROOKLYN,,,,,,,,40.70211136146,-73.93619262459616,POINT (-73.936192624596 40.70211136146)
57957966,06/20/2023 04:41:22 PM,06/04/2024 12:04:28 AM,DOHMH,Department of Health and Mental Hygiene,Smoking,Smoking Violation,Smoking Ban Not Enforced,Residential Building,11217,38 6 AVENUE,6 AVENUE,PACIFIC STREET,DEAN STREET,PACIFIC STREET,DEAN STREET,ADDRESS,BROOKLYN,6 AVENUE,,Closed,,This SR was administratively closed. The issue you reported was addressed.,06/04/2024 12:04:32 AM,06 BROOKLYN,35,Precinct 78,3011187501,BROOKLYN,991422,187669,ONLINE,Unspecified,BROOKLYN,,,,,,,,40.68178191332537,-73.97414159203936,POINT (-73.974141592039 40.681781913325)
57953556,06/20/2023 05:48:54 PM,06/23/2023 01:11:16 PM,HPD,Department of Housing Preservation and Development,PLUMBING,BATHTUB/SHOWER,BROKEN OR MISSING,RESIDENTIAL BUILDING,10456,780 ST ANNS AVENUE,ST ANNS AVENUE,,,,,ADDRESS,BRONX,,,Closed,,"The Department of Housing Preservation and Development contacted an occupant of the apartment and verified that the following conditions were corrected. The complaint has been closed. If the condition still exists, please file a new complaint.",06/23/2023 12:00:00 AM,01 BRONX,17,Precinct 40,2026187501,BRONX,1009088,238102,PHONE,Unspecified,BRONX,,,,,,,,40.82017570516344,-73.9102611640401,POINT (-73.91026116404 40.820175705163)
57963240,06/21/2023 06:03:05 AM,09/25/2023 07:49:57 AM,DPR,Department of Parks and Recreation,New Tree Request,For One Address,Street Tree,Street,11232,833 39 STREET,39 STREET,8 AVENUE,9 AVENUE,8 AVENUE,9 AVENUE,ADDRESS,BROOKLYN,39 STREET,,Closed,,NYC Parks determined that the requested location cannot receive a new tree because of conflicts with surrounding infrastructure.,09/25/2023 07:50:02 AM,12 BROOKLYN,38,Precinct 66,3009080162,BROOKLYN,985232,174915,UNKNOWN,Unspecified,BROOKLYN,,,,,,,,40.64677786158437,-73.99646128913635,POINT (-73.996461289136 40.646777861584)
57967416,06/21/2023 04:01:56 PM,06/26/2023 12:34:51 PM,DOT,Department of Transportation,Street Condition,Blocked - Construction,N/A,Street,10012,196 ELIZABETH STREET,ELIZABETH STREET,SPRING STREET,PRINCE STREET,SPRING STREET,PRINCE STREET,ADDRESS,NEW YORK,ELIZABETH STREET,,Closed,,The Department of Transportation inspected the condition you reported and found that the condition meets its standards and/or there is a valid permit to conduct work.,06/26/2023 12:34:54 PM,02 MANHATTAN,01,Precinct 5,1004920004,MANHATTAN,985779,202265,PHONE,Unspecified,MANHATTAN,,,,,,,,40.72184728589998,-73.99448392722852,POINT (-73.994483927229 40.7218472859)
57962745,06/21/2023 07:56:59 PM,06/21/2023 08:06:16 PM,NYPD,New York City Police Department,Noise - Residential,Banging/Pounding,,Residential Building/House,11210,3220 AVENUE H,AVENUE H,EAST   32 STREET,NEW YORK AVENUE,EAST   32 STREET,NEW YORK AVENUE,ADDRESS,BROOKLYN,AVENUE H,,Closed,,The Police Department responded to the complaint and took action to fix the condition.,06/21/2023 08:06:23 PM,17 BROOKLYN,45,Precinct 67,3075780062,BROOKLYN,999426,169458,ONLINE,Unspecified,BROOKLYN,,,,,,,,40.631786618058584,-73.94532442369567,POINT (-73.945324423696 40.631786618059)
57961530,06/21/2023 04:22:45 AM,06/21/2023 05:33:53 AM,NYPD,New York City Police Department,Blocked Driveway,No Access,,Street/Sidewalk,10456,1120 FOREST AVENUE,FOREST AVENUE,EAST  166 STREET,HOME STREET,EAST  166 STREET,HOME STREET,ADDRESS,BRONX,FOREST AVENUE,,Closed,,The Police Department responded to the complaint and with the information available observed no evidence of the violation at that time.,06/21/2023 05:33:57 AM,03 BRONX,17,Precinct 42,2026610114,BRONX,1011262,240721,PHONE,Unspecified,BRONX,,,,,,,,40.82735773242268,-73.90239604008977,POINT (-73.90239604009 40.827357732423)
57955374,06/19/2023 04:01:34 PM,06/20/2023 01:55:00 PM,DOT,Department of Transportation,Street Condition,Pothole,,,11228,,,,,10 AVENUE,86 STREET,INTERSECTION,BROOKLYN,,N/A,Closed,,The Department of Transportation inspected this complaint and repaired the problem.,06/20/2023 01:55:00 PM,10 BROOKLYN,43,Precinct 68,,BROOKLYN,978552,164452,UNKNOWN,Unspecified,BROOKLYN,,,,,,,,40.61805736491508,-74.02052433699748,POINT (-74.020524336997 40.618057364915)
57953844,06/20/2023 05:51:39 PM,06/20/2023 06:23:58 PM,NYPD,New York City Police Department,Abandoned Vehicle,With License Plate,,Street/Sidewalk,11208,38 PINE STREET,PINE STREET,ETNA STREET,RIDGEWOOD AVENUE,ETNA STREET,RIDGEWOOD AVENUE,ADDRESS,BROOKLYN,PINE STREET,,Closed,,The Police Department responded to the complaint and determined that police action was not necessary.,06/20/2023 06:24:06 PM,05 BROOKLYN,37,Precinct 75,3041170037,BROOKLYN,1019243,189166,ONLINE,Unspecified,BROOKLYN,,,,,,,,40.685824569490165,-73.87382620919476,POINT (-73.873826209195 40.68582456949)
57953565,06/20/2023 11:14:56 AM,06/22/2023 08:22:45 AM,HPD,Department of Housing Preservation and Development,PLUMBING,WATER SUPPLY,NO WATER,RESIDENTIAL BUILDING,10455,2787 3 AVENUE,3 AVENUE,,,,,ADDRESS,BRONX,,,Closed,,The Department of Housing Preservation and Development inspected the following conditions. No violations were issued. The complaint has been closed.,06/22/2023 12:00:00 AM,01 BRONX,08,Precinct 40,2023270033,BRONX,1006425,236167,ONLINE,Unspecified,BRONX,,,,,,,,40.81487176224071,-73.9198888789822,POINT (-73.919888878982 40.814871762241)
57954123,06/20/2023 07:44:45 AM,06/20/2023 09:11:00 AM,NYPD,New York City Police Department,Illegal Parking,Blocked Crosswalk,,Street/Sidewalk,11104,50 STREET,50 STREET,50 STREET,BARNETT AVENUE,50 STREET,BARNETT AVENUE,INTERSECTION,,,,Closed,,The Police Department responded to the complaint and took action to fix the condition.,06/20/2023 09:11:04 AM,02 QUEENS,26,Precinct 108,,QUEENS,1008221,212606,PHONE,Unspecified,QUEENS,,,,,,,,40.75019841861824,-73.91348458153087,POINT (-73.913484581531 40.750198418618)
57965706,06/21/2023 02:15:53 AM,06/29/2023 06:29:29 AM,HPD,Department of Housing Preservation and Development,WATER LEAK,DAMP SPOT,FROM WALL OR CEILING,RESIDENTIAL BUILDING,10460,1864 GUERLAIN STREET,GUERLAIN STREET,,,,,ADDRESS,BRONX,,,Closed,,The Department of Housing Preservation and Development inspected the following conditions. No violations were issued. The complaint has been closed.,06/29/2023 12:00:00 AM,09 BRONX,18,Precinct 43,2039230004,BRONX,1021717,245285,PHONE,Unspecified,BRONX,,,,,,,,40.83984642043935,-73.86459296749572,POINT (-73.864592967496 40.839846420439)
57966012,06/21/2023 12:50:55 PM,02/12/2024 09:38:50 AM,DPR,Department of Parks and Recreation,Root/Sewer/Sidewalk Condition,Affecting Sewer or Foundation,Roots Affecting Sewer,Street,10470,4623 MATILDA AVENUE,MATILDA AVENUE,EAST  240 STREET,EAST  241 STREET,EAST  240 STREET,EAST  241 STREET,ADDRESS,BRONX,MATILDA AVENUE,,Closed,,NYC Parks visited the location but could not find the tree condition you reported.,02/12/2024 09:38:53 AM,12 BRONX,11,Precinct 47,2050790059,BRONX,1024902,268399,PHONE,Unspecified,BRONX,,,,,,,,40.903273089273576,-73.8529420503987,POINT (-73.852942050399 40.903273089274)
57963744,06/21/2023 01:00:50 PM,06/21/2023 04:58:46 PM,NYPD,New York City Police Department,Blocked Driveway,Partial Access,,Street/Sidewalk,10454,383 CONCORD AVENUE,CONCORD AVENUE,EAST  142 STREET,ST MARYS STREET,EAST  142 STREET,ST MARYS STREET,ADDRESS,BRONX,CONCORD AVENUE,,Closed,,The Police Department responded to the complaint and with the information available observed no evidence of the violation at that time.,06/21/2023 04:58:49 PM,01 BRONX,08,Precinct 40,2025730056,BRONX,1009188,233792,ONLINE,Unspecified,BRONX,,,,,,,,40.80834568369169,-73.90991588171056,POINT (-73.909915881711 40.808345683692)
57953034,06/20/2023 07:58:43 PM,06/20/2023 08:40:39 PM,NYPD,New York City Police Department,Illegal Parking,Blocked Hydrant,,Street/Sidewalk,11204,1514 WEST    8 STREET,WEST    8 STREET,AVENUE O,AVENUE P,AVENUE O,AVENUE P,ADDRESS,BROOKLYN,WEST    8 STREET,,Closed,,The Police Department responded to the complaint and took action to fix the condition.,06/20/2023 08:40:45 PM,11 BROOKLYN,43,Precinct 62,3065980012,BROOKLYN,989241,161486,MOBILE,Unspecified,BROOKLYN,,,,,,,,40.609916733944615,-73.98202448676501,POINT (-73.982024486765 40.609916733945)
57958740,06/20/2023 09:39:34 PM,06/20/2023 09:54:27 PM,NYPD,New York City Police Department,Noise - Street/Sidewalk,Loud Music/Party,,Street/Sidewalk,10035,20 PALADINO AVENUE,PALADINO AVENUE,1 AVENUE,EAST  120 STREET,1 AVENUE,EAST  120 STREET,ADDRESS,NEW YORK,PALADINO AVENUE,,Closed,,The Police Department responded to the complaint and took action to fix the condition.,06/20/2023 09:54:32 PM,11 MANHATTAN,08,Precinct 25,1018080001,MANHATTAN,1003295,230879,ONLINE,Unspecified,MANHATTAN,,,,,,,,40.80036497064086,-73.9312115560449,POINT (-73.931211556045 40.800364970641)
57953430,06/20/2023 08:24:07 AM,06/20/2023 08:27:44 AM,DPR,Department of Parks and Recreation,Animal in a Park,Dog Off Leash,N/A,Park,11226,305 PARKSIDE AVENUE,PARKSIDE AVENUE,FLATBUSH AVENUE,BEDFORD AVENUE,FLATBUSH AVENUE,BEDFORD AVENUE,ADDRESS,BROOKLYN,PARKSIDE AVENUE,,Closed,,NYC Parks couldn't respond to your complaint because they had to devote resources to other critical services at the time. The agency will use your complaint for future planning.,06/20/2023 08:27:50 AM,09 BROOKLYN,40,Precinct 71,3050510001,BROOKLYN,995693,178175,ONLINE,Unspecified,BROOKLYN,,,,,,,,40.65571851333065,-73.95875876095177,POINT (-73.958758760952 40.655718513331)
57957939,06/20/2023 05:45:51 AM,10/24/2024 02:01:05 PM,EDC,Economic Development Corporation,Noise - Helicopter,Other,Flying Too Low,Above Address,10128,57 EAST   95 STREET,EAST   95 STREET,MADISON AVENUE,PARK AVENUE,MADISON AVENUE,PARK AVENUE,ADDRESS,NEW YORK,EAST   95 STREET,,Closed,,"The New York City Economic Development Corporation determined that this issue is not within its jurisdiction because the helicopter did not belong to a tour company departing from a NYC heliport.Â  Instead, it was most likely a law enforcement or news gathering helicopter not subject to the routing protocols established for tour helicopters. It may also have been a helicopter that departed as a charter or tour from another City but flew over NYC airspace. Helicopter tours originating from outside NYC are not subject to the same City regulations as tours departing from heliports managed by NYCEDC. Any City regulation of these flights is pre-empted by federal law and subject only to the jurisdiction of the Federal Aviation Administration. To file a complaint with the FAA, you can contact the New York Flight Standards District Office at the following web address:Â https://www.faa.gov/about/office_org/field_offices/fsdo/",10/24/2024 02:01:08 PM,08 MANHATTAN,05,Precinct 19,1015070027,MANHATTAN,996966,225758,ONLINE,Unspecified,MANHATTAN,,,,,,,,40.78632058594399,-73.9540808982521,POINT (-73.954080898252 40.786320585944)
57958074,06/20/2023 08:44:00 AM,06/22/2023 10:05:00 AM,DEP,Department of Environmental Protection,Water System,LOW WATER PRESSURE - WLWP,WLWP,,11411,114-86 230 STREET,230 STREET,114 TER,115 AVE,,,ADDRESS,CAMBRIA HEIGHTS,,,Closed,,"The status of this Service Request is currently not available online. Please call 311 for further assistance. If you are outside of New York City, please call (212) NEW-YORK (212-639-9675).",06/22/2023 10:05:00 AM,13 QUEENS,27,Precinct 105,4112750037,QUEENS,1059567,193799,PHONE,Unspecified,QUEENS,,,,,,,,40.6982897476185,-73.72837938656177,POINT (-73.728379386562 40.698289747619)
57955095,06/20/2023 11:34:02 AM,06/21/2023 05:36:43 AM,DOT,Department of Transportation,Broken Parking Meter,No Receipt,Payment by Card,Street,10025,2901 BROADWAY,BROADWAY,WEST  113 STREET,WEST  114 STREET,WEST  113 STREET,WEST  114 STREET,ADDRESS,NEW YORK,BROADWAY,,Closed,,"The Department of Transportation inspected the condition you reported. You can find additional information in the ""Notes to Customer"" field.",06/21/2023 05:36:47 AM,09 MANHATTAN,07,Precinct 26,1018950055,MANHATTAN,993870,232992,PHONE,Unspecified,MANHATTAN,,,,,,,,40.80617986304609,-73.96525058588422,POINT (-73.965250585884 40.806179863046)
59453496,10/04/2023 06:22:31 PM,10/14/2023 12:00:00 AM,HPD,Department of Housing Preservation and Development,Door/Window,Window Frame,Loose or Defective,Apartment,11230,1620 AVENUE I,AVENUE I,EAST   16 STREET,EAST   17 STREET,EAST   16 STREET,EAST   17 STREET,ADDRESS,BROOKLYN,AVENUE I,,Closed,,,10/14/2023 12:00:00 AM,14 BROOKLYN,44,Precinct 70,3067090001,BROOKLYN,995178,167966,ONLINE,Unspecified,BROOKLYN,,,,,,,,40.627697652429525,-73.96063138687896,POINT (-73.960631386879 40.62769765243)
57963465,06/21/2023 10:27:58 AM,06/21/2023 09:28:54 PM,NYPD,New York City Police Department,Illegal Parking,Posted Parking Sign Violation,,Street/Sidewalk,11378,54-49 64 STREET,64 STREET,53 DRIVE,55 AVENUE,53 DRIVE,55 AVENUE,ADDRESS,MASPETH,64 STREET,,Closed,,The Police Department responded to the complaint and determined that police action was not necessary.,06/21/2023 09:29:00 PM,05 QUEENS,30,Precinct 104,4023700012,QUEENS,1011621,204455,MOBILE,Unspecified,QUEENS,,,,,,,,40.72781608920984,-73.90124657765017,POINT (-73.90124657765 40.72781608921)
57958263,06/20/2023 02:50:14 PM,06/20/2023 05:59:21 PM,NYPD,New York City Police Department,Blocked Driveway,No Access,,Street/Sidewalk,10469,3322 EASTCHESTER ROAD,EASTCHESTER ROAD,GIVAN AVENUE,TILLOTSON AVENUE,GIVAN AVENUE,TILLOTSON AVENUE,ADDRESS,BRONX,EASTCHESTER ROAD,,Closed,,The Police Department responded to the complaint and took action to fix the condition.,06/20/2023 05:59:26 PM,12 BRONX,12,Precinct 47,2047440042,BRONX,1027011,258185,ONLINE,Unspecified,BRONX,,,,,,,,40.875228953380976,-73.84537801293405,POINT (-73.845378012934 40.875228953381)
57967848,06/21/2023 12:48:00 PM,06/21/2023 02:18:01 PM,NYPD,New York City Police Department,Blocked Driveway,No Access,,Street/Sidewalk,10462,1377 WHITE PLAINS ROAD,WHITE PLAINS ROAD,MCGRAW AVENUE,WOOD AVENUE,MCGRAW AVENUE,WOOD AVENUE,ADDRESS,BRONX,WHITE PLAINS ROAD,,Closed,,The Police Department responded and upon arrival those responsible for the condition were gone.,06/21/2023 02:18:09 PM,09 BRONX,18,Precinct 43,2038840024,BRONX,1022140,243523,PHONE,Unspecified,BRONX,,,,,,,,40.83500844241095,-73.86307418724654,POINT (-73.863074187247 40.835008442411)
57962997,06/21/2023 01:57:28 PM,06/22/2023 07:25:17 PM,HPD,Department of Housing Preservation and Development,UNSANITARY CONDITION,PESTS,ROACHES,RESIDENTIAL BUILDING,11415,118-65 METROPOLITAN AVENUE,METROPOLITAN AVENUE,,,,,ADDRESS,KEW GARDENS,,,Closed,,The Department of Housing Preservation and Development inspected the following conditions. Violations were issued. Information about specific violations is available at www.nyc.gov/hpd,06/22/2023 12:00:00 AM,09 QUEENS,29,Precinct 102,4033290057,QUEENS,1030509,196740,PHONE,Unspecified,QUEENS,,,,,,,,40.706561691702966,-73.83315261376306,POINT (-73.833152613763 40.706561691703)
57969081,06/21/2023 03:44:37 PM,06/23/2023 12:23:26 PM,DSNY,Department of Sanitation,Missed Collection,Trash,N/A,Street,11230,1814 CONEY ISLAND AVENUE,CONEY ISLAND AVENUE,AVENUE N,AVENUE O,AVENUE N,AVENUE O,ADDRESS,BROOKLYN,CONEY ISLAND AVENUE,,Closed,,The Department of Sanitation collected the requested items.,06/23/2023 05:15:10 AM,12 BROOKLYN,44,Precinct 66,3065920041,BROOKLYN,994516,162745,ONLINE,Unspecified,BROOKLYN,,,,,,,,40.613367888278034,-73.96302421090444,POINT (-73.963024210904 40.613367888278)
57952899,06/20/2023 11:31:04 AM,06/20/2023 01:46:08 PM,DPR,Department of Parks and Recreation,Overgrown Tree/Branches,Hitting Building,N/A,Street,10314,385 GOWER STREET,GOWER STREET,QUEEN STREET,HAROLD STREET,QUEEN STREET,HAROLD STREET,ADDRESS,STATEN ISLAND,GOWER STREET,,Closed,,"NYC Parks created a work order for the tree condition.  Please note that addressing this work can take up to a year or more depending on the higher priority work identified during this period and resources available to address this work.    NYC Parks work priority categories range from Category A through D, with A being the most critical and time-sensitive. We will complete all work in Category A first and address work in lower priority categories in accordance with available resources. For more information about the Tree Risk Management Program, visit the NYC Urban Forest page on the NYC Parks website at nyc.gov/parks/trees.   Alternatively, you may choose complete the work yourself by hiring an independent contractor. The contractor must complete a Tree Work Permit application on the NYC Parks website at nyc.gov/parks/trees.",06/20/2023 01:46:12 PM,02 STATEN ISLAND,50,Precinct 121,5007980001,STATEN ISLAND,949990,158878,PHONE,Unspecified,STATEN ISLAND,,,,,,,,40.6026934890698,-74.12337700984719,POINT (-74.123377009847 40.60269348907)
57963069,06/21/2023 10:07:49 AM,06/21/2023 12:10:39 PM,DOHMH,Department of Health and Mental Hygiene,Rodent,Rat Sighting,,1-2 Family Dwelling,11234,1799 EAST   51 STREET,EAST   51 STREET,AVENUE O,FILLMORE AVENUE,AVENUE O,FILLMORE AVENUE,ADDRESS,BROOKLYN,EAST   51 STREET,,Closed,,This service request was closed because the Department of Health and Mental Hygiene received an earlier complaint about the same location.  You can find inspection results for this address by going to the online Rat Portal at www.nyc.gov/rats.,06/21/2023 10:07:49 AM,18 BROOKLYN,46,Precinct 63,3084910034,BROOKLYN,1004916,163785,PHONE,Unspecified,BROOKLYN,,,,,,,,40.61620431935926,-73.92556261478595,POINT (-73.925562614786 40.616204319359)
57963168,06/21/2023 12:49:01 PM,06/21/2023 08:17:29 PM,NYPD,New York City Police Department,Abandoned Vehicle,With License Plate,,Street/Sidewalk,11422,148 ROAD,148 ROAD,148 ROAD,253 STREET,148 ROAD,253 STREET,INTERSECTION,,,,Closed,,The Police Department responded to the complaint and a report was prepared.,06/21/2023 08:17:34 PM,13 QUEENS,31,Precinct 105,,QUEENS,1057289,177821,PHONE,Unspecified,QUEENS,,,,,,,,40.65445303596635,-73.73676779316587,POINT (-73.736767793166 40.654453035966)
57967479,06/22/2023 01:26:18 AM,06/22/2023 01:39:53 AM,NYPD,New York City Police Department,Illegal Parking,Overnight Commercial Storage,,Street/Sidewalk,11234,1421 EAST   49 STREET,EAST   49 STREET,AVENUE J,AVENUE K,AVENUE J,AVENUE K,ADDRESS,BROOKLYN,EAST   49 STREET,,Closed,,The Police Department responded to the complaint and determined that police action was not necessary.,06/22/2023 01:39:56 AM,18 BROOKLYN,45,Precinct 63,3077970016,BROOKLYN,1004044,167552,ONLINE,Unspecified,BROOKLYN,,,,,,,,40.62654593624778,-73.92869244685619,POINT (-73.928692446856 40.626545936248)
57968730,06/21/2023 09:24:25 PM,06/21/2023 10:40:25 PM,NYPD,New York City Police Department,Illegal Parking,Commercial Overnight Parking,,Street/Sidewalk,11209,6925 SHORE ROAD,SHORE ROAD,BAY RIDGE AVENUE,MACKAY PLACE,BAY RIDGE AVENUE,MACKAY PLACE,ADDRESS,BROOKLYN,SHORE ROAD,,Closed,,The Police Department issued a summons in response to the complaint.,06/21/2023 10:40:30 PM,10 BROOKLYN,47,Precinct 68,3058680060,BROOKLYN,974233,171791,PHONE,Unspecified,BROOKLYN,,,,,,,,40.638197542831,-74.03609237251534,POINT (-74.036092372515 40.638197542831)
57966147,06/21/2023 12:59:41 PM,06/04/2024 12:04:14 AM,DOHMH,Department of Health and Mental Hygiene,Smoking,Smoking Violation,Smoking Ban Not Enforced,Residential Building,11209,152 72 STREET,72 STREET,COLONIAL ROAD,RIDGE BOULEVARD,COLONIAL ROAD,RIDGE BOULEVARD,ADDRESS,BROOKLYN,72 STREET,,Closed,,This SR was administratively closed. The issue you reported was addressed.,06/04/2024 12:04:17 AM,10 BROOKLYN,47,Precinct 68,3059060001,BROOKLYN,975559,170459,PHONE,Unspecified,BROOKLYN,,,,,,,,40.634542887068804,-74.03131293089574,POINT (-74.031312930896 40.634542887069)
57953502,06/20/2023 04:10:09 PM,06/27/2023 04:37:51 PM,HPD,Department of Housing Preservation and Development,PLUMBING,RADIATOR,CRACKED OR LEAKING,RESIDENTIAL BUILDING,11231,151 CONOVER STREET,CONOVER STREET,,,,,ADDRESS,BROOKLYN,,,Closed,,The Department of Housing Preservation and Development inspected the following conditions. No violations were issued. The complaint has been closed.,06/27/2023 12:00:00 AM,06 BROOKLYN,38,Precinct 76,3005650001,BROOKLYN,980474,186512,ONLINE,Unspecified,BROOKLYN,,,,,,,,40.67860831099112,-74.01361359465812,POINT (-74.013613594658 40.678608310991)
57955860,06/20/2023 10:06:09 PM,06/20/2023 10:58:14 PM,NYPD,New York City Police Department,Illegal Parking,Commercial Overnight Parking,,Street/Sidewalk,11358,45 ROAD,45 ROAD,45 ROAD,196 STREET,45 ROAD,196 STREET,INTERSECTION,,,,Closed,,The Police Department responded to the complaint and took action to fix the condition.,06/20/2023 10:58:16 PM,11 QUEENS,19,Precinct 111,,QUEENS,1043710,214494,ONLINE,Unspecified,QUEENS,,,,,,,,40.7552130637004,-73.78538240558554,POINT (-73.785382405586 40.7552130637)
57959757,06/20/2023 08:31:00 AM,06/21/2023 12:47:00 AM,DSNY,Department of Sanitation,Derelict Vehicles,Derelict Vehicles,,Street,,,,,,ADAM CLAYTON POWELL BOULEVARD,ADAM CLAYTON POWELL BOULEVARD,INTERSECTION,,,,Closed,,The owner claimed the vehicle.Â Your request is now closed and no further action will be taken.,06/21/2023 12:00:00 PM,10 MANHATTAN,,Unspecified,,MANHATTAN,,,PHONE,Unspecified,MANHATTAN,,,,,,,,,,
57963087,06/21/2023 06:03:03 PM,06/21/2023 06:20:10 PM,NYPD,New York City Police Department,Illegal Parking,Blocked Bike Lane,,Street/Sidewalk,10462,MORRIS PARK AVENUE,MORRIS PARK AVENUE,MORRIS PARK AVENUE,WHITE PLAINS ROAD,MORRIS PARK AVENUE,WHITE PLAINS ROAD,INTERSECTION,,,,Closed,,The Police Department responded to the complaint and took action to fix the condition.,06/21/2023 06:20:15 PM,11 BRONX,13,Precinct 49,,BRONX,1021292,247243,MOBILE,Unspecified,BRONX,,,,,,,,40.84522234470851,-73.86611811453585,POINT (-73.866118114536 40.845222344709)
57952755,06/20/2023 09:07:32 PM,06/20/2023 09:37:11 PM,NYPD,New York City Police Department,Noise - Vehicle,Engine Idling,,Street/Sidewalk,11218,572 OCEAN PARKWAY,OCEAN PARKWAY,DITMAS AVENUE,AVENUE F,DITMAS AVENUE,AVENUE F,ADDRESS,BROOKLYN,OCEAN PARKWAY,,Closed,,The Police Department responded to the complaint and with the information available observed no evidence of the violation at that time.,06/20/2023 09:37:16 PM,12 BROOKLYN,40,Precinct 66,3053990045,BROOKLYN,991898,170459,ONLINE,Unspecified,BROOKLYN,,,,,,,,40.63454384901796,-73.97244490878012,POINT (-73.97244490878 40.634543849018)
57966903,06/21/2023 03:49:04 PM,06/25/2023 02:56:43 PM,HPD,Department of Housing Preservation and Development,HEAT/HOT WATER,ENTIRE BUILDING,NO HOT WATER,RESIDENTIAL BUILDING,11221,25 LAWTON STREET,LAWTON STREET,,,,,ADDRESS,BROOKLYN,,,Closed,,"The Department of Housing Preservation and Development was not able to gain access to your apartment or others in the building to inspect for a lack of heat or hot water. The complaint has been closed. If the condition still exists, please file a new complaint.",06/25/2023 12:00:00 AM,04 BROOKLYN,34,Precinct 83,3032250028,BROOKLYN,1003532,192641,PHONE,Unspecified,BROOKLYN,,,,,,,,40.69541081087682,-73.93046517156246,POINT (-73.930465171562 40.695410810877)
57960891,06/21/2023 04:37:32 PM,06/21/2023 06:41:09 PM,NYPD,New York City Police Department,Illegal Parking,Blocked Hydrant,,Street/Sidewalk,10463,3977 SAXON AVENUE,SAXON AVENUE,SEDGWICK AVENUE,VAN CORTLANDT PARK SOUTH,SEDGWICK AVENUE,VAN CORTLANDT PARK SOUTH,ADDRESS,BRONX,SAXON AVENUE,,Closed,,The Police Department responded to the complaint and with the information available observed no evidence of the violation at that time.,06/21/2023 06:41:12 PM,08 BRONX,11,Precinct 50,2032520164,BRONX,1014776,261214,PHONE,Unspecified,BRONX,,,,,,,,40.88359340767561,-73.88960540164723,POINT (-73.889605401647 40.883593407676)
57957066,06/20/2023 06:41:24 AM,06/20/2023 10:10:32 AM,NYPD,New York City Police Department,Illegal Parking,Blocked Hydrant,,Street/Sidewalk,11229,1652 EAST   12 STREET,EAST   12 STREET,AVENUE P,QUENTIN ROAD,AVENUE P,QUENTIN ROAD,ADDRESS,BROOKLYN,EAST   12 STREET,,Closed,,The Police Department responded and upon arrival those responsible for the condition were gone.,06/20/2023 10:10:39 AM,15 BROOKLYN,48,Precinct 61,3067740030,BROOKLYN,995031,161151,PHONE,Unspecified,BROOKLYN,,,,,,,,40.608992074915456,-73.96117184351715,POINT (-73.961171843517 40.608992074915)
57957714,06/20/2023 05:48:36 PM,06/20/2023 06:12:18 PM,NYPD,New York City Police Department,Illegal Parking,Parking Permit Improper Use,Parked At Bus Stop,Street/Sidewalk,11206,2 TOMPKINS AVENUE,TOMPKINS AVENUE,FLUSHING AVENUE,HOPKINS STREET,FLUSHING AVENUE,HOPKINS STREET,ADDRESS,BROOKLYN,TOMPKINS AVENUE,,Closed,,The Police Department responded to the complaint and determined that police action was not necessary.,06/20/2023 06:12:22 PM,03 BROOKLYN,36,Precinct 79,3017200001,BROOKLYN,998880,194308,ONLINE,Unspecified,BROOKLYN,,,,,,,,40.69999524995495,-73.94723760764145,POINT (-73.947237607641 40.699995249955)
57959793,06/20/2023 12:58:26 PM,06/21/2023 06:45:28 AM,DHS,Department of Homeless Services,Encampment,N/A,,Street/Sidewalk,10036,515 WEST   41 STREET,WEST   41 STREET,GALVIN AVENUE,11 AVENUE,GALVIN AVENUE,11 AVENUE,ADDRESS,NEW YORK,WEST   41 STREET,,Closed,,The Department of Homeless Services (DHS) visited the location and is coordinating with their agency partners to address the condition. No further information will be available with 311.,06/21/2023 06:45:33 AM,04 MANHATTAN,03,Precinct 10,1010700020,MANHATTAN,985090,215945,PHONE,Unspecified,MANHATTAN,,,,,,,,40.75939557574681,-73.99696787892297,POINT (-73.996967878923 40.759395575747)
57962754,06/22/2023 12:00:13 AM,06/22/2023 12:18:17 AM,NYPD,New York City Police Department,Noise - Commercial,Loud Music/Party,,Club/Bar/Restaurant,10032,2145 AMSTERDAM AVENUE,AMSTERDAM AVENUE,WEST  166 STREET,WEST  167 STREET,WEST  166 STREET,WEST  167 STREET,ADDRESS,NEW YORK,AMSTERDAM AVENUE,,Closed,,The Police Department responded to the complaint and determined that police action was not necessary.,06/22/2023 12:18:19 AM,12 MANHATTAN,10,Precinct 33,1021110083,MANHATTAN,1001495,244885,ONLINE,Unspecified,MANHATTAN,,,,,,,,40.8388111804014,-73.93767696356736,POINT (-73.937676963567 40.838811180401)
57953655,06/20/2023 04:26:32 PM,07/09/2023 02:31:31 PM,DPR,Department of Parks and Recreation,Damaged Tree,Branch or Limb Has Fallen Down,Blocking Street,Street,11230,1342 EAST    5 STREET,EAST    5 STREET,AVENUE L,AVENUE M,AVENUE L,AVENUE M,ADDRESS,BROOKLYN,EAST    5 STREET,,Closed,,NYC Parks visited the site and inspected the condition. No work is necessary at this time.,07/09/2023 02:31:39 PM,12 BROOKLYN,44,Precinct 66,3065400026,BROOKLYN,992378,164458,ONLINE,Unspecified,BROOKLYN,,,,,,,,40.61807193766713,-73.97072273620303,POINT (-73.970722736203 40.618071937667)
57955293,06/21/2023 12:21:25 AM,06/21/2023 02:48:48 AM,DOT,Department of Transportation,Street Condition,Plate Condition - Noisy,N/A,Street,11228,1184 72 STREET,72 STREET,11 AVENUE,12 AVENUE,11 AVENUE,12 AVENUE,ADDRESS,BROOKLYN,72 STREET,,Closed,,This request required re-assignment to a new DOT unit.,06/21/2023 02:48:56 AM,10 BROOKLYN,38,Precinct 68,3061870039,BROOKLYN,981919,166501,PHONE,Unspecified,BROOKLYN,,,,,,,,40.623682968441116,-74.0083970273045,POINT (-74.008397027304 40.623682968441)
57964941,06/21/2023 04:58:31 PM,06/21/2023 04:58:31 PM,DOB,Department of Buildings,Real Time Enforcement,Work Without A Permit - Occupied Multiple Dwelling,,,11237,152 WYCKOFF AVENUE,WYCKOFF AVENUE,,,,,ADDRESS,BROOKLYN,,,Closed,,"The Department of Buildings reviewed this complaint and closed it. If the problem still exists, please call 311 and file a new complaint. If you are outside of New York City, please call (212) NEW-YORK (212-639-9675).",06/21/2023 12:00:00 AM,04 BROOKLYN,37,Precinct 83,3032800034,BROOKLYN,1007338,195316,UNKNOWN,Unspecified,BROOKLYN,,,,,,,,40.702743947425255,-73.91673079617827,POINT (-73.916730796178 40.702743947425)
57965994,06/21/2023 10:54:09 PM,06/21/2023 11:08:45 PM,NYPD,New York City Police Department,Illegal Parking,Posted Parking Sign Violation,,Street/Sidewalk,10468,2531 DAVIDSON AVENUE,DAVIDSON AVENUE,WEST  190 STREET,WEST  192 STREET,WEST  190 STREET,WEST  192 STREET,ADDRESS,BRONX,DAVIDSON AVENUE,,Closed,,The Police Department issued a summons in response to the complaint.,06/21/2023 11:08:51 PM,07 BRONX,14,Precinct 52,2032040040,BRONX,1011729,254397,MOBILE,Unspecified,BRONX,,,,,,,,40.86489286589889,-73.90065255960958,POINT (-73.90065255961 40.864892865899)
57956787,06/20/2023 10:37:33 AM,06/22/2023 01:10:00 PM,DOT,Department of Transportation,Street Condition,Pothole,,,11365,,,,,UNDERHILL AVENUE,UTOPIA PARKWAY,INTERSECTION,QUEENS,,N/A,Closed,,The Department of Transportation inspected this complaint and repaired the problem.,06/22/2023 01:10:00 PM,11 QUEENS,20,Precinct 111,,QUEENS,1041769,211415,UNKNOWN,Unspecified,QUEENS,,,,,,,,40.74677485025849,-73.79241464783514,POINT (-73.792414647835 40.746774850258)
57963546,06/21/2023 10:09:35 AM,06/21/2023 11:00:50 AM,NYPD,New York City Police Department,Illegal Parking,Posted Parking Sign Violation,,Street/Sidewalk,11419,94-13 116 STREET,116 STREET,ATLANTIC AVENUE,95 AVENUE,ATLANTIC AVENUE,95 AVENUE,ADDRESS,SOUTH RICHMOND HILL,116 STREET,,Closed,,The Police Department responded to the complaint and determined that police action was not necessary.,06/21/2023 11:00:55 AM,09 QUEENS,29,Precinct 102,4094340056,QUEENS,1031311,191767,MOBILE,Unspecified,QUEENS,,,,,,,,40.692907764751794,-73.83029470927433,POINT (-73.830294709274 40.692907764752)
57953376,06/21/2023 12:22:02 AM,06/21/2023 12:43:39 AM,NYPD,New York City Police Department,Noise - Residential,Loud Music/Party,,Residential Building/House,11235,3033 BRIGHTON    7 STREET,BRIGHTON    7 STREET,OCEAN VIEW AVENUE,BRIGHTON    8 STREET,OCEAN VIEW AVENUE,BRIGHTON    8 STREET,ADDRESS,BROOKLYN,BRIGHTON    7 STREET,,Closed,,The Police Department responded to the complaint and took action to fix the condition.,06/21/2023 12:43:44 AM,13 BROOKLYN,48,Precinct 60,3086770093,BROOKLYN,995078,150226,ONLINE,Unspecified,BROOKLYN,,,,,,,,40.57900509212418,-73.96102008029521,POINT (-73.961020080295 40.579005092124)
57969594,06/21/2023 09:46:14 AM,06/27/2023 01:34:47 PM,HPD,Department of Housing Preservation and Development,UNSANITARY CONDITION,PESTS,MICE,RESIDENTIAL BUILDING,10031,349 CONVENT AVENUE,CONVENT AVENUE,,,,,ADDRESS,NEW YORK,,,Closed,,The Department of Housing Preservation and Development inspected the following conditions. Violations were issued. Information about specific violations is available at www.nyc.gov/hpd,06/27/2023 12:00:00 AM,09 MANHATTAN,07,Precinct 30,1020500041,MANHATTAN,999075,239613,PHONE,Unspecified,MANHATTAN,,,,,,,,40.82434545155466,-73.94643443678743,POINT (-73.946434436787 40.824345451555)
57960846,06/21/2023 01:17:00 PM,06/23/2023 12:00:00 PM,DEP,Department of Environmental Protection,Air Quality,"Air: Dust, Construction/Demolition (AE4)",AE4,,11104,47-19 39 STREET,39 STREET,47 AVE,48 AVE,,,ADDRESS,SUNNYSIDE,,N/A,Closed,,"The Department of Environmental Protection (DEP) didn't observe a violation of the NYC Air or Noise Code at the time of inspection and couldn't issue a summons.  If the problem still exists, please go to nyc.gov/311 or call 311 to file a new Service Request. If you're outside of New York City, please call (212) NEW-YORK (212-639-9675).",06/23/2023 12:00:00 PM,02 QUEENS,26,Precinct 108,4002000023,QUEENS,1004574,209405,ONLINE,Unspecified,QUEENS,,,,,,,,40.74142161352693,-73.92665689150095,POINT (-73.926656891501 40.741421613527)
57962268,06/21/2023 07:19:46 PM,07/01/2023 01:19:50 PM,DSNY,Department of Sanitation,Missed Collection,Recycling - Metal/Glass/Rigid Plastic,N/A,Street,11694,145-15 ROCKAWAY BEACH BOULEVARD,ROCKAWAY BEACH BOULEVARD,BEACH  145 STREET,BEACH  146 STREET,BEACH  145 STREET,BEACH  146 STREET,ADDRESS,FAR ROCKAWAY,ROCKAWAY BEACH BOULEVARD,,Closed,,The Department of Sanitation investigated this complaint and found no condition at the location.,06/23/2023 05:04:29 AM,14 QUEENS,32,Precinct 100,4163190001,QUEENS,1022861,147195,ONLINE,Unspecified,QUEENS,,,,,,,,40.57060813227222,-73.86102095806709,POINT (-73.861020958067 40.570608132272)
57955644,06/20/2023 08:03:50 PM,06/20/2023 08:31:49 PM,DPR,Department of Parks and Recreation,Animal in a Park,Wildlife Sighting,Other,Park,10472,1585 EAST  174 STREET,EAST  174 STREET,EAST  173 STREET,STRATFORD AVENUE,EAST  173 STREET,STRATFORD AVENUE,ADDRESS,BRONX,EAST  174 STREET,,Closed,,"NYC Parks couldnât respond to your complaint because they didn't have enough information about the condition or location.  If the problem still exists and you would like to pursue this complaint, please submit a new Service Request with a more detailed description of the condition and/or location.",06/20/2023 08:31:54 PM,09 BRONX,17,Precinct 43,2038860002,BRONX,1018190,243071,PHONE,Unspecified,BRONX,,,,,,,,40.833783897531376,-73.87735085307287,POINT (-73.877350853073 40.833783897531)
57958776,06/20/2023 06:51:24 AM,06/20/2023 07:20:03 AM,NYPD,New York City Police Department,Noise - Residential,Banging/Pounding,,Residential Building/House,10009,298 EAST    3 STREET,EAST    3 STREET,AVENUE C,AVENUE D,AVENUE C,AVENUE D,ADDRESS,NEW YORK,EAST    3 STREET,,Closed,,The Police Department responded to the complaint and took action to fix the condition.,06/20/2023 07:20:08 AM,03 MANHATTAN,02,Precinct 9,1003720022,MANHATTAN,989835,202084,PHONE,Unspecified,MANHATTAN,,,,,,,,40.72134885375417,-73.97985151322482,POINT (-73.979851513225 40.721348853754)
57963591,06/21/2023 11:13:15 AM,06/21/2023 12:23:43 PM,DSNY,Department of Sanitation,Dirty Condition,Trash,Littering,Sidewalk,11201,93 ATLANTIC AVENUE,ATLANTIC AVENUE,HICKS STREET,HENRY STREET,HICKS STREET,HENRY STREET,ADDRESS,BROOKLYN,ATLANTIC AVENUE,,Closed,,The Department of Sanitation investigated this complaint and found no condition at the location.,06/21/2023 12:23:52 PM,02 BROOKLYN,33,Precinct 84,3002740013,BROOKLYN,985048,191034,MOBILE,Unspecified,BROOKLYN,,,,,,,,40.69102093743508,-73.99712243885504,POINT (-73.997122438855 40.691020937435)
57966498,06/21/2023 08:56:24 PM,06/22/2023 09:50:00 AM,DOT,Department of Transportation,Street Condition,Pothole,,,10028,,,,,3 AVENUE,EAST 86 STREET,INTERSECTION,MANHATTAN,,N/A,Closed,,The Department of Transportation inspected this complaint and repaired the problem.,06/22/2023 09:50:00 AM,08 MANHATTAN,05,Precinct 19,,MANHATTAN,996994,223026,UNKNOWN,Unspecified,MANHATTAN,,,,,,,,40.77882193224481,-73.95398496911395,POINT (-73.953984969114 40.778821932245)
57968811,06/21/2023 08:14:39 AM,06/21/2023 08:34:40 AM,NYPD,New York City Police Department,Illegal Parking,Blocked Hydrant,,Street/Sidewalk,10032,621 WEST  172 STREET,WEST  172 STREET,BROADWAY,FORT WASHINGTON AVENUE,BROADWAY,FORT WASHINGTON AVENUE,ADDRESS,NEW YORK,WEST  172 STREET,,Closed,,The Police Department responded to the complaint and with the information available observed no evidence of the violation at that time.,06/21/2023 08:34:45 AM,12 MANHATTAN,10,Precinct 33,1021420100,MANHATTAN,1001040,246802,PHONE,Unspecified,MANHATTAN,,,,,,,,40.84407366151191,-73.93931652324368,POINT (-73.939316523244 40.844073661512)
57953907,06/20/2023 07:35:48 AM,07/12/2023 02:56:20 PM,EDC,Economic Development Corporation,Noise - Helicopter,Other,Hovering,Above Address,10025,214 WEST  102 STREET,WEST  102 STREET,AMSTERDAM AVENUE,BROADWAY,AMSTERDAM AVENUE,BROADWAY,ADDRESS,NEW YORK,WEST  102 STREET,,Closed,,"The New York City Economic Development Corporation determined that this issue is not within its jurisdiction because the helicopter did not belong to a tour company departing from a NYC heliport.Â  Instead, it was most likely a law enforcement or news gathering helicopter not subject to the routing protocols established for tour helicopters. It may also have been a helicopter that departed as a charter or tour from another City but flew over NYC airspace. Helicopter tours originating from outside NYC are not subject to the same City regulations as tours departing from heliports managed by NYCEDC. Any City regulation of these flights is pre-empted by federal law and subject only to the jurisdiction of the Federal Aviation Administration. To file a complaint with the FAA, you can contact the New York Flight Standards District Office at the following web address:Â https://www.faa.gov/about/office_org/field_offices/fsdo/",07/12/2023 02:56:25 PM,07 MANHATTAN,07,Precinct 24,1018730041,MANHATTAN,993042,230062,ONLINE,Unspecified,MANHATTAN,,,,,,,,40.798138679135754,-73.96824532821826,POINT (-73.968245328218 40.798138679136)
57957651,06/20/2023 06:39:55 PM,07/10/2023 12:05:20 PM,HPD,Department of Housing Preservation and Development,UNSANITARY CONDITION,PESTS,MICE,RESIDENTIAL BUILDING,10301,275 WESTERVELT AVENUE,WESTERVELT AVENUE,,,,,ADDRESS,STATEN ISLAND,,,Closed,,"The Department of Housing Preservation and Development was not able to gain access to inspect the following conditions. The complaint has been closed. If the condition still exists, please file a new complaint.",07/10/2023 12:00:00 AM,01 STATEN ISLAND,49,Precinct 120,5000280012,STATEN ISLAND,961271,172866,ONLINE,Unspecified,STATEN ISLAND,,,,,,,,40.641124043088176,-74.08279955098682,POINT (-74.082799550987 40.641124043088)
57959208,06/20/2023 05:28:27 PM,06/20/2023 05:59:14 PM,NYPD,New York City Police Department,Illegal Parking,Blocked Bike Lane,,Street/Sidewalk,10009,410 EAST   13 STREET,EAST   13 STREET,1 AVENUE,AVENUE A,1 AVENUE,AVENUE A,ADDRESS,NEW YORK,EAST   13 STREET,,Closed,,The Police Department responded to the complaint and with the information available observed no evidence of the violation at that time.,06/20/2023 05:59:19 PM,03 MANHATTAN,02,Precinct 9,1004400014,MANHATTAN,989077,205396,ONLINE,Unspecified,MANHATTAN,,,,,,,,40.73043993459301,-73.98258370387192,POINT (-73.982583703872 40.730439934593)
57963663,06/21/2023 10:26:57 AM,06/22/2023 11:53:24 AM,DSNY,Department of Sanitation,Obstruction,Cone,Street,Street,11358,189-41 45 AVENUE,45 AVENUE,189 STREET,192 STREET,189 STREET,192 STREET,ADDRESS,FLUSHING,45 AVENUE,,Closed,,The Department of Sanitation investigated this complaint and found no violation at the location.,06/22/2023 11:53:27 AM,11 QUEENS,19,Precinct 111,4055150067,QUEENS,1042078,214632,ONLINE,Unspecified,QUEENS,,,,,,,,40.75560266170096,-73.79127181018164,POINT (-73.791271810182 40.755602661701)
57969099,06/21/2023 09:10:38 AM,07/12/2023 07:31:00 AM,DSNY,Department of Sanitation,Sanitation Worker or Vehicle Complaint,Unsafe Driving,Garbage Truck,Street,10024,COLUMBUS AVENUE,COLUMBUS AVENUE,COLUMBUS AVENUE,WEST   83 STREET,COLUMBUS AVENUE,WEST   83 STREET,INTERSECTION,,,,Closed,,This Service Request is not within the Department of Sanitationâs jurisdiction and/or was found to be unsubstantiated.,06/22/2023 10:22:58 AM,07 MANHATTAN,06,Precinct 20,,MANHATTAN,991562,225106,PHONE,Unspecified,MANHATTAN,,,,,,,,40.784537143135864,-73.97359614122578,POINT (-73.973596141226 40.784537143136)
57964059,06/21/2023 06:28:38 PM,06/21/2023 07:11:51 PM,NYPD,New York City Police Department,Panhandling,N/A,,Street/Sidewalk,11377,67-03 ROOSEVELT AVENUE,ROOSEVELT AVENUE,67 STREET,68 STREET,67 STREET,68 STREET,ADDRESS,WOODSIDE,ROOSEVELT AVENUE,,Closed,,The Police Department responded to the complaint and with the information available observed no evidence of the violation at that time.,06/21/2023 07:11:54 PM,02 QUEENS,26,Precinct 108,4012230021,QUEENS,1012690,211166,MOBILE,Unspecified,QUEENS,,,,,,,,40.746232739570594,-73.89736130320743,POINT (-73.897361303207 40.746232739571)
57968289,06/21/2023 11:55:02 AM,06/26/2023 08:36:49 PM,HPD,Department of Housing Preservation and Development,PLUMBING,BATHTUB/SHOWER,CHIPPED OR RUSTED,RESIDENTIAL BUILDING,11354,35-30 153 STREET,153 STREET,,,,,ADDRESS,FLUSHING,,,Closed,,The Department of Housing Preservation and Development inspected the following conditions. No violations were issued. The complaint has been closed.,06/26/2023 12:00:00 AM,07 QUEENS,20,Precinct 109,4052630026,QUEENS,1036366,218281,PHONE,Unspecified,QUEENS,,,,,,,,40.765653720134736,-73.81186072392012,POINT (-73.81186072392 40.765653720135)
57953457,06/20/2023 02:28:47 PM,07/16/2023 09:15:47 AM,HPD,Department of Housing Preservation and Development,DOOR/WINDOW,DOOR,BROKEN OR MISSING,RESIDENTIAL BUILDING,11213,1515 ST JOHNS PLACE,ST JOHNS PLACE,,,,,ADDRESS,BROOKLYN,,,Closed,,The Department of Housing Preservation and Development inspected the following conditions. No violations were issued. The complaint has been closed.,07/16/2023 12:00:00 AM,08 BROOKLYN,36,Precinct 77,3013800074,BROOKLYN,1004370,183529,ONLINE,Unspecified,BROOKLYN,,,,,,,,40.67039858960956,-73.92747038135592,POINT (-73.927470381356 40.67039858961)
57960405,06/20/2023 10:57:41 PM,06/20/2023 11:00:02 PM,NYPD,New York City Police Department,Drug Activity,Use Outside,,Street/Sidewalk,11366,159-06 UNION TURNPIKE,UNION TURNPIKE,159 STREET,160 STREET,159 STREET,160 STREET,ADDRESS,FRESH MEADOWS,UNION TURNPIKE,,Closed,,The Police Department responded to the complaint and determined that police action was not necessary.,06/20/2023 11:00:07 PM,08 QUEENS,24,Precinct 107,4068540028,QUEENS,1037538,201770,ONLINE,Unspecified,QUEENS,,,,,,,,40.720328269590894,-73.80776061338688,POINT (-73.807760613387 40.720328269591)
57958299,06/20/2023 06:47:30 AM,06/20/2023 09:45:48 AM,NYPD,New York City Police Department,Blocked Driveway,No Access,,Street/Sidewalk,10460,1525 BRYANT AVENUE,BRYANT AVENUE,EAST  172 STREET,EAST  173 STREET,EAST  172 STREET,EAST  173 STREET,ADDRESS,BRONX,BRYANT AVENUE,,Closed,,The Police Department responded and upon arrival those responsible for the condition were gone.,06/20/2023 09:45:54 AM,03 BRONX,17,Precinct 42,2029960043,BRONX,1015545,242958,PHONE,Unspecified,BRONX,,,,,,,,40.833483514020756,-73.88690961885676,POINT (-73.886909618857 40.833483514021)
57968388,06/21/2023 02:23:00 PM,06/21/2023 11:15:00 PM,DEP,Department of Environmental Protection,Noise,Noise: Construction Equipment (NC1),NC1,,11222,211 NASSAU AVENUE,NASSAU AVENUE,RUSSELL ST,N HENRY ST,,,ADDRESS,BROOKLYN,,N/A,Closed,,"The Department of Environmental Protection (DEP) didn't observe a violation of the NYC Air or Noise Code at the time of inspection and couldn't issue a summons.  If the problem still exists, please go to nyc.gov/311 or call 311 to file a new Service Request. If you're outside of New York City, please call (212) NEW-YORK (212-639-9675).",06/21/2023 11:15:00 PM,01 BROOKLYN,33,Precinct 94,3026550038,BROOKLYN,999724,203658,ONLINE,Unspecified,BROOKLYN,,,,,,,,40.72565733123963,-73.94417227224238,POINT (-73.944172272242 40.72565733124)
57964464,06/21/2023 01:43:18 PM,06/21/2023 02:05:43 PM,NYPD,New York City Police Department,Abandoned Vehicle,With License Plate,,Street/Sidewalk,11368,58-51 WALDRON STREET,WALDRON STREET,108 STREET,SAULTELL AVENUE,108 STREET,SAULTELL AVENUE,ADDRESS,CORONA,WALDRON STREET,,Closed,,The Police Department responded to the complaint and determined that police action was not necessary.,06/21/2023 02:05:49 PM,04 QUEENS,21,Precinct 110,4019660043,QUEENS,1025307,208538,PHONE,Unspecified,QUEENS,,,,,,,,40.738969967742285,-73.85184322534275,POINT (-73.851843225343 40.738969967742)
57968262,06/21/2023 07:43:00 PM,06/23/2023 10:01:00 AM,DSNY,Department of Sanitation,Derelict Vehicles,Derelict Vehicles,,Street,11434,173-05 116 AVENUE,116 AVENUE,173 STREET,174 STREET,,,ADDRESS,JAMAICA,,,Closed,,The Department of Sanitation does NOT have jurisdiction over vehicles (abandoned or otherwise) that have license plates affixed to them. Your request will be referred to the NYPD for further action.,06/23/2023 12:00:00 PM,12 QUEENS,27,Precinct 113,4124040036,QUEENS,1046585,190320,PHONE,Unspecified,QUEENS,,,,,,,,40.68884169604815,-73.77522918746689,POINT (-73.775229187467 40.688841696048)
57955410,06/20/2023 09:13:27 AM,06/21/2023 08:46:00 AM,DOT,Department of Transportation,Street Condition,Pothole,,,10465,QUINCY AVENUE,QUINCY AVENUE,MILES AVENUE,SAMPSON AVENUE,,,BLOCKFACE,BRONX,,N/A,Closed,,The Department of Transportation inspected this complaint and repaired the problem.,06/21/2023 08:46:00 AM,10 BRONX,,Precinct 45,,BRONX,,,UNKNOWN,Unspecified,BRONX,,,,,,,,,,
57956103,06/20/2023 11:38:03 PM,06/21/2023 12:09:30 AM,NYPD,New York City Police Department,Noise - Street/Sidewalk,Loud Music/Party,,Street/Sidewalk,11214,7601 20 AVENUE,20 AVENUE,76 STREET,77 STREET,76 STREET,77 STREET,ADDRESS,BROOKLYN,20 AVENUE,,Closed,,The Police Department responded to the complaint and determined that police action was not necessary.,06/21/2023 12:09:36 AM,11 BROOKLYN,43,Precinct 62,3062400010,BROOKLYN,986340,161572,ONLINE,Unspecified,BROOKLYN,,,,,,,,40.61015394539482,-73.99247265959997,POINT (-73.9924726596 40.610153945395)
58007709,06/25/2023 05:15:40 AM,07/27/2023 12:16:56 PM,EDC,Economic Development Corporation,Noise - Helicopter,Other,Hovering,Above Address,10128,50 EAST   96 STREET,EAST   96 STREET,MADISON AVENUE,PARK AVENUE,MADISON AVENUE,PARK AVENUE,ADDRESS,NEW YORK,EAST   96 STREET,,Closed,,"The New York City Economic Development Corporation determined that this issue is not within its jurisdiction because the helicopter did not belong to a tour company departing from a NYC heliport.Â  Instead, it was most likely a law enforcement or news gathering helicopter not subject to the routing protocols established for tour helicopters. It may also have been a helicopter that departed as a charter or tour from another City but flew over NYC airspace. Helicopter tours originating from outside NYC are not subject to the same City regulations as tours departing from heliports managed by NYCEDC. Any City regulation of these flights is pre-empted by federal law and subject only to the jurisdiction of the Federal Aviation Administration. To file a complaint with the FAA, you can contact the New York Flight Standards District Office at the following web address:Â https://www.faa.gov/about/office_org/field_offices/fsdo/",07/27/2023 12:16:59 PM,08 MANHATTAN,05,Precinct 19,1015070050,MANHATTAN,997019,226043,ONLINE,Unspecified,MANHATTAN,,,,,,,,40.78710275822787,-73.95388896675728,POINT (-73.953888966757 40.787102758228)
57963024,06/21/2023 07:05:50 PM,06/21/2023 07:22:56 PM,NYPD,New York City Police Department,Illegal Parking,Blocked Bike Lane,,Street/Sidewalk,10023,1 COLUMBUS AVENUE,COLUMBUS AVENUE,9 AVENUE,WEST   60 STREET,9 AVENUE,WEST   60 STREET,ADDRESS,NEW YORK,COLUMBUS AVENUE,,Closed,,The Police Department responded to the complaint and determined that police action was not necessary.,06/21/2023 07:23:00 PM,04 MANHATTAN,06,Precinct 18,1010490001,MANHATTAN,988491,219559,ONLINE,Unspecified,MANHATTAN,,,,,,,,40.7693140957096,-73.98468911821924,POINT (-73.984689118219 40.76931409571)
57961413,06/21/2023 05:20:17 PM,06/21/2023 05:24:07 PM,NYPD,New York City Police Department,Non-Emergency Police Matter,Other (complaint details),,Street/Sidewalk,10035,252 EAST  122 STREET,EAST  122 STREET,3 AVENUE,2 AVENUE,3 AVENUE,2 AVENUE,ADDRESS,NEW YORK,EAST  122 STREET,,Closed,,The Police Department responded to the complaint and took action to fix the condition.,06/21/2023 05:24:10 PM,11 MANHATTAN,08,Precinct 25,1017860028,MANHATTAN,1001952,231206,ONLINE,Unspecified,MANHATTAN,,,,,,,,40.80126528861207,-73.93606146035563,POINT (-73.936061460356 40.801265288612)
57969108,06/21/2023 08:27:44 AM,06/22/2023 02:26:50 PM,DSNY,Department of Sanitation,Dirty Condition,Trash,Not Cleaned by Property Owner,Sidewalk,11206,5 PULASKI STREET,PULASKI STREET,NOSTRAND AVENUE,MARCY AVENUE,NOSTRAND AVENUE,MARCY AVENUE,ADDRESS,BROOKLYN,PULASKI STREET,,Closed,,The Department of Sanitation investigated this complaint and found no condition at the location.,06/22/2023 02:26:53 PM,03 BROOKLYN,36,Precinct 79,3017700095,BROOKLYN,997760,191446,ONLINE,Unspecified,BROOKLYN,,,,,,,,40.69214150676865,-73.95128257340366,POINT (-73.951282573404 40.692141506769)
57954249,06/20/2023 12:17:00 PM,06/20/2023 12:34:00 PM,DEP,Department of Environmental Protection,Water System,Excessive Water In Basement (WEFB),WEFB,,11385,1660 STEPHEN STREET,STEPHEN STREET,WYCKOFF AVE,CYPRESS AVE,,,ADDRESS,RIDGEWOOD,,,Closed,,The Department of Environmental Protection determined that this complaint is a duplicate of a previously filed complaint. The original complaint is being addressed.,06/20/2023 12:34:00 PM,05 QUEENS,34,Precinct 104,4035530041,QUEENS,1011211,193124,PHONE,Unspecified,QUEENS,,,,,,,,40.69671647031503,-73.90277121608158,POINT (-73.902771216082 40.696716470315)
57956193,06/20/2023 10:22:40 AM,06/21/2023 03:05:50 PM,HPD,Department of Housing Preservation and Development,ELECTRIC,OUTLET/SWITCH,OUTLET SEALED OR DEFECTIVE,RESIDENTIAL BUILDING,10027,49 ST NICHOLAS TERRACE,ST NICHOLAS TERRACE,,,,,ADDRESS,NEW YORK,,,Closed,,The Department of Housing Preservation and Development inspected the following conditions. Violations were issued. Information about specific violations is available at www.nyc.gov/hpd,06/21/2023 12:00:00 AM,09 MANHATTAN,09,Precinct 26,1019690048,MANHATTAN,997781,235791,PHONE,Unspecified,MANHATTAN,,,,,,,,40.813857216247925,-73.95111761176348,POINT (-73.951117611763 40.813857216248)
57962988,06/21/2023 05:18:20 PM,06/30/2023 07:48:52 PM,HPD,Department of Housing Preservation and Development,UNSANITARY CONDITION,PESTS,MICE,RESIDENTIAL BUILDING,11237,246 STANHOPE STREET,STANHOPE STREET,,,,,ADDRESS,BROOKLYN,,,Closed,,The Department of Housing Preservation and Development inspected the following conditions. No violations were issued. The complaint has been closed.,06/30/2023 12:00:00 AM,04 BROOKLYN,37,Precinct 83,3032690025,BROOKLYN,1006425,194717,PHONE,Unspecified,BROOKLYN,,,,,,,,40.701102168541,-73.92002559337783,POINT (-73.920025593378 40.701102168541)
57958650,06/20/2023 10:13:44 PM,06/20/2023 10:37:33 PM,NYPD,New York City Police Department,Noise - Residential,Loud Music/Party,,Residential Building/House,11373,42-25 LAYTON STREET,LAYTON STREET,BAXTER AVENUE,PETTIT AVENUE,BAXTER AVENUE,PETTIT AVENUE,ADDRESS,ELMHURST,LAYTON STREET,,Closed,,The Police Department responded to the complaint and took action to fix the condition.,06/20/2023 10:37:38 PM,04 QUEENS,25,Precinct 110,4015080022,QUEENS,1016406,210460,ONLINE,Unspecified,QUEENS,,,,,,,,40.744282216484834,-73.88395381445368,POINT (-73.883953814454 40.744282216485)
57961395,06/21/2023 10:33:07 PM,06/21/2023 11:12:19 PM,NYPD,New York City Police Department,Noise - Vehicle,Car/Truck Music,,Street/Sidewalk,10303,166 LAKE AVENUE,LAKE AVENUE,STATEN ISLAND RAILWAY LINE,WALKER STREET,STATEN ISLAND RAILWAY LINE,WALKER STREET,ADDRESS,STATEN ISLAND,LAKE AVENUE,,Closed,,The Police Department responded to the complaint and took action to fix the condition.,06/21/2023 11:12:22 PM,01 STATEN ISLAND,49,Precinct 121,5011650073,STATEN ISLAND,942311,169803,ONLINE,Unspecified,STATEN ISLAND,,,,,,,,40.63264728879363,-74.1510984156263,POINT (-74.151098415626 40.632647288794)
57961737,06/21/2023 08:31:00 AM,06/22/2023 09:50:00 AM,DSNY,Department of Sanitation,Electronics Waste Appointment,Ewaste appointment,,Sidewalk,10306,20 PETER AVENUE,PETER AVENUE,SOUTH RAILROAD AVENUE,8 STREET,,,ADDRESS,STATEN ISLAND,,,Closed,,The Department of Sanitation collected the E-waste.,06/22/2023 09:50:00 AM,03 STATEN ISLAND,50,Precinct 122,5042670047,STATEN ISLAND,949904,145665,PHONE,Unspecified,STATEN ISLAND,,,,,,,,40.566426131654914,-74.12361956255927,POINT (-74.123619562559 40.566426131655)
57965148,06/21/2023 10:35:58 PM,06/21/2023 11:14:34 PM,NYPD,New York City Police Department,Non-Emergency Police Matter,Trespassing,,Residential Building/House,11212,365 THATFORD AVENUE,THATFORD AVENUE,THATFORD AVENUE,OSBORN STREET,THATFORD AVENUE,OSBORN STREET,ADDRESS,BROOKLYN,THATFORD AVENUE,,Closed,,The Police Department responded to the complaint and took action to fix the condition.,06/21/2023 11:14:38 PM,16 BROOKLYN,41,Precinct 73,3035900011,BROOKLYN,1010017,180240,ONLINE,Unspecified,BROOKLYN,,,,,,,,40.661356385690354,-73.90712636722496,POINT (-73.907126367225 40.66135638569)
57955608,06/20/2023 10:31:43 PM,06/20/2023 11:47:12 PM,NYPD,New York City Police Department,Blocked Driveway,No Access,,Street/Sidewalk,11355,133-20 AVERY AVENUE,AVERY AVENUE,COLLEGE POINT BOULEVARD,SAULL STREET,COLLEGE POINT BOULEVARD,SAULL STREET,ADDRESS,FLUSHING,AVERY AVENUE,,Closed,,The Police Department responded and upon arrival those responsible for the condition were gone.,06/20/2023 11:47:16 PM,07 QUEENS,20,Precinct 109,,QUEENS,1031020,213570,PHONE,Unspecified,QUEENS,,,,,,,,40.752753153873506,-73.8311925597889,POINT (-73.831192559789 40.752753153874)
57958533,06/20/2023 05:10:11 AM,06/20/2023 05:35:33 AM,NYPD,New York City Police Department,Illegal Parking,Blocked Hydrant,,Street/Sidewalk,11421,88-62 77 STREET,77 STREET,88 AVENUE,90 AVENUE,88 AVENUE,90 AVENUE,ADDRESS,WOODHAVEN,77 STREET,,Closed,,The Police Department responded to the complaint and with the information available observed no evidence of the violation at that time.,06/20/2023 05:35:38 AM,09 QUEENS,32,Precinct 102,4089020039,QUEENS,1021916,190409,MOBILE,Unspecified,QUEENS,,,,,,,,40.689225343919816,-73.86418127474892,POINT (-73.864181274749 40.68922534392)
57952845,06/20/2023 07:31:21 AM,06/21/2023 12:26:18 AM,NYPD,New York City Police Department,Blocked Driveway,Partial Access,,Street/Sidewalk,10461,1741 PARKVIEW AVENUE,PARKVIEW AVENUE,ROBERTS AVENUE,BUHRE AVENUE,ROBERTS AVENUE,BUHRE AVENUE,ADDRESS,BRONX,PARKVIEW AVENUE,,Closed,,The Police Department responded to the complaint and determined that police action was not necessary.,06/21/2023 12:26:22 AM,10 BRONX,13,Precinct 45,2041770014,BRONX,1031774,248029,ONLINE,Unspecified,BRONX,,,,,,,,40.84732948647713,-73.8282272589047,POINT (-73.828227258905 40.847329486477)
57962043,06/21/2023 10:08:08 AM,06/27/2023 12:18:38 PM,DOT,Department of Transportation,Sidewalk Condition,Broken Sidewalk,City-Owned,Sidewalk,11223,228 AVENUE S,AVENUE S,WEST    5 STREET,WEST    4 STREET,WEST    5 STREET,WEST    4 STREET,ADDRESS,BROOKLYN,AVENUE S,,Closed,,"The Department of Transportation inspected the condition you reported. You can find additional information in the ""Notes to Customer"" field.",06/27/2023 12:18:48 PM,11 BROOKLYN,44,Precinct 62,3070840001,BROOKLYN,990650,158347,PHONE,Unspecified,BROOKLYN,,,,,,,,40.60129991442034,-73.97695282749133,POINT (-73.976952827491 40.60129991442)
57955500,06/20/2023 02:17:27 PM,07/11/2023 04:26:37 PM,DSNY,Department of Sanitation,Street Sweeping Complaint,Street Not Swept,N/A,Street,10031,471 WEST  144 STREET,WEST  144 STREET,CONVENT AVENUE,AMSTERDAM AVENUE,CONVENT AVENUE,AMSTERDAM AVENUE,ADDRESS,NEW YORK,WEST  144 STREET,,Closed,,The Department of Sanitation investigated this complaint and issued a Notice of Violation.,06/22/2023 01:14:26 PM,09 MANHATTAN,07,Precinct 30,1020590035,MANHATTAN,998818,239583,PHONE,Unspecified,MANHATTAN,,,,,,,,40.82426353769336,-73.94736309189864,POINT (-73.947363091899 40.824263537693)
57969333,06/21/2023 12:44:53 PM,06/21/2023 01:24:13 PM,NYPD,New York City Police Department,Noise - Residential,Banging/Pounding,,Residential Building/House,10029,112 EAST  103 STREET,EAST  103 STREET,PARK AVENUE,LEXINGTON AVENUE,PARK AVENUE,LEXINGTON AVENUE,ADDRESS,NEW YORK,EAST  103 STREET,,Closed,,The Police Department responded to the complaint and took action to fix the condition.,06/21/2023 01:24:16 PM,11 MANHATTAN,08,Precinct 23,1016300069,MANHATTAN,998462,227362,MOBILE,Unspecified,MANHATTAN,,,,,,,,40.79072085606751,-73.94867525837975,POINT (-73.94867525838 40.790720856068)
57960198,06/20/2023 10:27:50 AM,01/23/2024 12:00:00 AM,DOB,Department of Buildings,Building/Use,No Certificate Of Occupancy/Illegal/Contrary To CO,,,11691,2918 MARTIN COURT,MARTIN COURT,,,,,ADDRESS,FAR ROCKAWAY,,,Closed,,"The Department of Buildings determined that the conditions described in this complaint were addressed under another service request number. Click on ""Learn More"" in the ""Did You Know"" section below for more information.",01/23/2024 12:00:00 AM,14 QUEENS,31,Precinct 101,4157380104,QUEENS,1049073,159051,UNKNOWN,Unspecified,QUEENS,,,,,,,,40.60299748085235,-73.76655834366564,POINT (-73.766558343666 40.602997480852)
57968172,06/21/2023 08:36:18 AM,06/27/2023 08:23:38 PM,HPD,Department of Housing Preservation and Development,GENERAL,BELL/BUZZER/INTERCOM,BROKEN OR MISSING,RESIDENTIAL BUILDING,10473,955 EVERGREEN AVENUE,EVERGREEN AVENUE,,,,,ADDRESS,BRONX,,,Closed,,The Department of Housing Preservation and Development inspected the following conditions. No violations were issued. The complaint has been closed.,06/27/2023 12:00:00 AM,09 BRONX,18,Precinct 43,2036490001,BRONX,1017562,238916,PHONE,Unspecified,BRONX,,,,,,,,40.82238201112621,-73.87964088752405,POINT (-73.879640887524 40.822382011126)
57969423,06/21/2023 10:19:09 AM,08/10/2023 06:39:28 AM,HPD,Department of Housing Preservation and Development,DOOR/WINDOW,DOOR,BROKEN OR MISSING,RESIDENTIAL BUILDING,10451,404 EAST  158 STREET,EAST  158 STREET,,,,,ADDRESS,BRONX,,,Closed,,"The Department of Housing Preservation and Development was not able to gain access to inspect the following conditions. The complaint has been closed. If the condition still exists, please file a new complaint.",08/10/2023 12:00:00 AM,01 BRONX,17,Precinct 40,2023790007,BRONX,1007902,238840,PHONE,Unspecified,BRONX,,,,,,,,40.82220456093776,-73.91454353707742,POINT (-73.914543537077 40.822204560938)
57966219,06/21/2023 08:35:26 PM,06/21/2023 09:58:56 PM,NYPD,New York City Police Department,Noise - Residential,Loud Television,,Residential Building/House,10472,1106 BOYNTON AVENUE,BOYNTON AVENUE,WATSON AVENUE,WESTCHESTER AVENUE,WATSON AVENUE,WESTCHESTER AVENUE,ADDRESS,BRONX,BOYNTON AVENUE,,Closed,,The Police Department responded to the complaint and with the information available observed no evidence of the violation at that time.,06/21/2023 09:59:01 PM,09 BRONX,18,Precinct 43,2037410005,BRONX,1018104,240342,ONLINE,Unspecified,BRONX,,,,,,,,40.82629391181716,-73.87767540273677,POINT (-73.877675402737 40.826293911817)
58008915,06/25/2023 04:00:13 PM,06/25/2023 04:00:13 PM,DOHMH,Department of Health and Mental Hygiene,Rodent,Rat Sighting,,3+ Family Mixed Use Building,10456,1131 GRANT AVENUE,GRANT AVENUE,EAST 166 STREET,MCCLELLAN STREET,EAST  166 STREET,MCCLELLAN STREET,ADDRESS,BRONX,GRANT AVENUE,,Closed,,The Department of Health and Mental Hygiene inspected the property you reported and did not find any violations at the time of the inspection. The property passed inspection.,06/25/2023 04:00:13 PM,04 BRONX,16,Precinct 44,2024520022,BRONX,1007469,242300,PHONE,Unspecified,BRONX,,,,,,,,40.83170241894053,-73.91609602366181,POINT (-73.916096023662 40.831702418941)
57972654,06/22/2023 11:32:29 PM,06/23/2023 01:03:09 AM,NYPD,New York City Police Department,Illegal Parking,Paper License Plates,,Street/Sidewalk,11420,135-16 116 AVENUE,116 AVENUE,135 STREET,VAN WYCK EXPRESSWAY,135 STREET,VAN WYCK EXPRESSWAY,ADDRESS,SOUTH OZONE PARK,116 AVENUE,,Closed,,The Police Department responded and upon arrival those responsible for the condition were gone.,06/23/2023 01:03:14 AM,10 QUEENS,28,Precinct 106,4116910001,QUEENS,1038287,186753,ONLINE,Unspecified,QUEENS,,,,,,,,40.67910567163714,-73.80517905074561,POINT (-73.805179050746 40.679105671637)
57961701,06/21/2023 12:02:49 AM,06/21/2023 06:41:14 PM,HPD,Department of Housing Preservation and Development,ELECTRIC,POWER OUTAGE,ENTIRE APARTMENT,RESIDENTIAL BUILDING,11234,5216 GLENWOOD ROAD,GLENWOOD ROAD,,,,,ADDRESS,BROOKLYN,,,Closed,,The Department of Housing Preservation and Development inspected the following conditions. No violations were issued. The complaint has been closed.,06/21/2023 12:00:00 AM,18 BROOKLYN,45,Precinct 63,3077360045,BROOKLYN,1004673,170747,PHONE,Unspecified,BROOKLYN,,,,,,,,40.63531410517719,-73.92641681741054,POINT (-73.926416817411 40.635314105177)
57967200,06/21/2023 01:12:04 PM,07/12/2023 02:35:51 PM,DPR,Department of Parks and Recreation,Dead/Dying Tree,Planted More Than 2 Years Ago,N/A,Street,11204,2060 60 STREET,60 STREET,20 AVENUE,21 AVENUE,20 AVENUE,21 AVENUE,ADDRESS,BROOKLYN,60 STREET,,Closed,,NYC Parks visited the site and inspected the condition. No work is necessary at this time.,07/12/2023 02:35:58 PM,12 BROOKLYN,44,Precinct 66,3055210032,BROOKLYN,989394,164620,ONLINE,Unspecified,BROOKLYN,,,,,,,,40.61851882897965,-73.98147105664671,POINT (-73.981471056647 40.61851882898)
57977118,06/22/2023 06:57:50 PM,06/22/2023 10:49:17 PM,DOT,Department of Transportation,Street Condition,Plate Condition - Noisy,N/A,Street,10016,241 5 AVENUE,5 AVENUE,EAST   27 STREET,EAST   28 STREET,EAST   27 STREET,EAST   28 STREET,ADDRESS,NEW YORK,5 AVENUE,,Closed,,The condition was inspected and determined not to be under Department of Transportation's jurisdiction. The Department of Transportation notified the appropriate responsible party of the complaint.,06/22/2023 10:49:20 PM,05 MANHATTAN,03,Precinct 13,1008577502,MANHATTAN,987710,210471,ONLINE,Unspecified,MANHATTAN,,,,,,,,40.74437019409376,-73.9875133655889,POINT (-73.987513365589 40.744370194094)
57973896,06/22/2023 11:04:03 PM,,DOHMH,Department of Health and Mental Hygiene,Unleashed Dog,Unleashed Dog in Public,N/A,Public/Unfenced Area,10304,7 YOUNG STREET,YOUNG STREET,VAN DUZER STREET,TARGEE STREET,VAN DUZER STREET,TARGEE STREET,ADDRESS,STATEN ISLAND,YOUNG STREET,,In Progress,,"The Department of Health and Mental Hygiene has sent official written documentation to the Owner or Landlord warning them of potential violations and instructing them to correct the situation. If the situation persists 21 days after the initial complaint, please submit a new Service Request.",06/26/2023 01:13:33 PM,01 STATEN ISLAND,49,Precinct 120,5005650007,STATEN ISLAND,960548,165580,PHONE,Unspecified,STATEN ISLAND,,,,,,,,40.621123617610166,-74.08537912523491,POINT (-74.085379125235 40.62112361761)
55899369,11/04/2022 09:02:03 PM,11/07/2022 02:16:21 PM,DSNY,Department of Sanitation,Illegal Dumping,Removal Request,N/A,Sidewalk,10452,985 WOODYCREST AVENUE,WOODYCREST AVENUE,WEST  163 STREET,WEST  164 STREET,WEST  163 STREET,WEST  164 STREET,ADDRESS,BRONX,WOODYCREST AVENUE,,Closed,,The Department of Sanitation cleaned the location.,11/04/2022 09:02:12 PM,04 BRONX,08,Precinct 44,2025110095,BRONX,1004088,242493,MOBILE,Unspecified,BRONX,,,,,,,,40.832240389759164,-73.92831299916863,POINT (-73.928312999169 40.832240389759)
57968991,06/21/2023 08:12:59 PM,06/23/2023 11:21:50 AM,DSNY,Department of Sanitation,Dirty Condition,Trash,Not Cleaned by Property Owner,Sidewalk,11433,168 STREET,168 STREET,168 STREET,DOUGLAS AVENUE,168 STREET,DOUGLAS AVENUE,INTERSECTION,,,,Closed,,"The Department of Sanitation has investigated the complaint and addressed the issue. If the problem persists, call 311 to enter a new complaint. If you are outside of New York City, please call (212) NEW-YORK (212-639-9675).",06/23/2023 11:21:50 AM,12 QUEENS,27,Precinct 103,,QUEENS,1042236,195714,PHONE,Unspecified,QUEENS,,,,,,,,40.70367649177774,-73.79086454190406,POINT (-73.790864541904 40.703676491778)
57971268,06/21/2023 02:36:19 PM,06/22/2023 12:35:00 PM,DOT,Department of Transportation,Street Condition,Pothole,,,10028,135 EAST   83 STREET,EAST   83 STREET,3 AVENUE,LEXINGTON AVENUE,,,ADDRESS,NEW YORK,,N/A,Closed,,The Department of Transportation inspected this complaint and repaired the problem.,06/22/2023 12:35:00 PM,08 MANHATTAN,05,Precinct 19,1015120123,MANHATTAN,996225,222526,UNKNOWN,Unspecified,MANHATTAN,,,,,,,,40.77745063958198,-73.95676250436172,POINT (-73.956762504362 40.777450639582)
57963717,06/21/2023 11:14:00 AM,06/27/2023 12:00:00 PM,DEP,Department of Environmental Protection,Noise,Noise: Construction Equipment (NC1),NC1,,10027,510 WEST  123 STREET,WEST  123 STREET,AMSTERDAM AVE,BROADWAY,,,ADDRESS,NEW YORK,,N/A,Closed,,"The Department of Environmental Protection (DEP) didn't observe a violation of the NYC Air or Noise Code at the time of inspection and couldn't issue a summons.  If the problem still exists, please go to nyc.gov/311 or call 311 to file a new Service Request. If you're outside of New York City, please call (212) NEW-YORK (212-639-9675).",06/27/2023 12:00:00 PM,09 MANHATTAN,07,Precinct 26,1019770037,MANHATTAN,995751,234940,ONLINE,Unspecified,MANHATTAN,,,,,,,,40.811524334661435,-73.95845269137766,POINT (-73.958452691378 40.811524334661)
57972969,06/22/2023 10:09:35 PM,07/10/2023 01:41:58 PM,DPR,Department of Parks and Recreation,Root/Sewer/Sidewalk Condition,Trees and Sidewalks Program,Free Repair,Street,10314,290 LANDER AVENUE,LANDER AVENUE,HIRSCH LANE,GRAHAM AVENUE,HIRSCH LANE,GRAHAM AVENUE,ADDRESS,STATEN ISLAND,LANDER AVENUE,,Closed,,"NYC Parks inspected and determined this site does not rate high enough to be repaired by NYC Parks at this time.   We understand conditions may become worse over time. In three years, you may submit a service request via 311, the Parks website, or NYC Tree Map for a new inspection.   You can repair the sidewalk yourself by hiring an independent contractor. The contractor must complete a Tree Work Permit application on the NYC Parks website.",07/10/2023 01:42:04 PM,02 STATEN ISLAND,50,Precinct 121,5015900021,STATEN ISLAND,937435,163199,PHONE,Unspecified,STATEN ISLAND,,,,,,,,40.61449629629685,-74.16861989531893,POINT (-74.168619895319 40.614496296297)
57964950,06/21/2023 01:30:40 PM,06/27/2023 12:00:00 AM,DOB,Department of Buildings,Electrical,Electrical Wiring Defective/Exposed,,,11237,412 TROUTMAN STREET,TROUTMAN STREET,,,,,ADDRESS,BROOKLYN,,,Closed,,The Department of Buildings investigated this complaint and determined that no further action was necessary.,06/27/2023 12:00:00 AM,04 BROOKLYN,34,Precinct 83,3031890005,BROOKLYN,1005737,196836,UNKNOWN,Unspecified,BROOKLYN,,,,,,,,40.70692002042713,-73.92250011113177,POINT (-73.922500111132 40.706920020427)
57965310,06/22/2023 01:11:51 AM,06/22/2023 01:35:01 AM,NYPD,New York City Police Department,Noise - Residential,Loud Music/Party,,Residential Building/House,10463,140 VAN CORTLANDT AVENUE WEST,VAN CORTLANDT AVENUE WEST,ORLOFF AVENUE,BAILEY AVENUE,ORLOFF AVENUE,BAILEY AVENUE,ADDRESS,BRONX,VAN CORTLANDT AVENUE WEST,,Closed,,The Police Department responded to the complaint and took action to fix the condition.,06/22/2023 01:35:05 AM,08 BRONX,11,Precinct 50,2032630050,BRONX,1013477,261848,ONLINE,Unspecified,BRONX,,,,,,,,40.88533793571508,-73.89430034979004,POINT (-73.89430034979 40.885337935715)
57977676,06/22/2023 08:37:08 PM,05/13/2025 04:52:07 PM,DPR,Department of Parks and Recreation,New Tree Request,For One Address,Street Tree,Street,10036,543 WEST   42 STREET,WEST   42 STREET,AMTRAK-NORTHEAST LINE,11 AVENUE,AMTRAK-NORTHEAST LINE,11 AVENUE,ADDRESS,NEW YORK,WEST   42 STREET,,Closed,,"In an effort to more fully and efficiently service each city block, NYC Parks is shifting their street tree planting program to a neighborhood approach.  If the site that you requested meets the criteria for planting, NYC Parks will plant a tree through their new Neighborhood Tree Planting Program.   NYC Parks is no longer accepting new tree planting requests. Each neighborhood will be surveyed, inspected, and planted sequentially. NYC Parks foresters will be conducting tree removal, stump removal, and planting block by block and closing all unplantable tree beds. The most heat-vulnerable neighborhoods will be prioritized first.  To learn more about this program, visit nyc.gov/parks/street-tree-planting.  To learn more about the trees in your neighborhood, visit the NYC Tree Map at nyc.gov/parks/treemap.",05/13/2025 04:52:51 PM,04 MANHATTAN,03,Precinct 10,1010717502,MANHATTAN,985042,216289,PHONE,Unspecified,MANHATTAN,,,,,,,,40.76033977202743,-73.99714110245839,POINT (-73.997141102458 40.760339772027)
57969567,06/21/2023 07:30:29 PM,06/21/2023 09:47:31 PM,NYPD,New York City Police Department,Noise - Residential,Loud Music/Party,,Residential Building/House,11433,108-26 159 STREET,159 STREET,108 AVENUE,109 AVENUE,108 AVENUE,109 AVENUE,ADDRESS,JAMAICA,159 STREET,,Closed,,The Police Department responded to the complaint and with the information available observed no evidence of the violation at that time.,06/21/2023 09:47:36 PM,12 QUEENS,28,Precinct 103,4101460051,QUEENS,1041463,192497,ONLINE,Unspecified,QUEENS,,,,,,,,40.694851633900804,-73.79367980321378,POINT (-73.793679803214 40.694851633901)
57973257,06/22/2023 02:30:22 AM,06/22/2023 03:01:50 AM,NYPD,New York City Police Department,Noise - Residential,Banging/Pounding,,Residential Building/House,10013,139 MULBERRY STREET,MULBERRY STREET,HESTER STREET,GRAND STREET,HESTER STREET,GRAND STREET,ADDRESS,NEW YORK,MULBERRY STREET,,Closed,,The Police Department responded to the complaint and with the information available observed no evidence of the violation at that time.,06/22/2023 03:01:57 AM,02 MANHATTAN,01,Precinct 5,1002360026,MANHATTAN,984900,201097,ONLINE,Unspecified,MANHATTAN,,,,,,,,40.718641515611786,-73.9976551505286,POINT (-73.997655150529 40.718641515612)
57978828,06/22/2023 01:32:30 PM,06/27/2023 11:32:28 AM,DOT,Department of Transportation,Curb Condition,Broken Curb,1-3 Residential Units,Sidewalk,10309,766 BLOOMINGDALE ROAD,BLOOMINGDALE ROAD,LORRAINE LOOP,SHIEL AVENUE,LORRAINE LOOP,SHIEL AVENUE,ADDRESS,STATEN ISLAND,BLOOMINGDALE ROAD,,Closed,,"The Department of Transportation will inspect the condition to determine if the location can be added to a curb contract (3-5 years). The property owner will be notified if there are sidewalk defects. Property owners are responsible for repairing and installing sidewalks adjoining their property, according to Section 19-152 of the NYC Administrative Code. Community Boards and elected officials may contribute funding for curb, affecting timeframe for construction.",06/27/2023 11:32:36 AM,03 STATEN ISLAND,51,Precinct 123,5071060153,STATEN ISLAND,923394,137625,PHONE,Unspecified,STATEN ISLAND,,,,,,,,40.54421562259065,-74.2189628199243,POINT (-74.218962819924 40.544215622591)
57962025,06/21/2023 08:36:44 PM,06/22/2023 07:59:50 AM,DOHMH,Department of Health and Mental Hygiene,Rodent,Condition Attracting Rodents,,3+ Family Apt. Building,10028,426 EAST   85 STREET,EAST   85 STREET,1 AVENUE,YORK AVENUE,1 AVENUE,YORK AVENUE,ADDRESS,NEW YORK,EAST   85 STREET,,Closed,,This service request was closed because the Department of Health and Mental Hygiene received an earlier complaint about the same location.  You can find inspection results for this address by going to the online Rat Portal at www.nyc.gov/rats.,06/21/2023 08:36:44 PM,08 MANHATTAN,05,Precinct 19,1015640037,MANHATTAN,998405,221916,MOBILE,Unspecified,MANHATTAN,,,,,,,,40.77577312809063,-73.94889258096401,POINT (-73.948892580964 40.775773128091)
57972141,06/23/2023 12:30:04 AM,06/23/2023 12:55:33 AM,NYPD,New York City Police Department,Noise - Residential,Loud Music/Party,,Residential Building/House,11212,243 EAST   93 STREET,EAST   93 STREET,WINTHROP STREET,CLARKSON AVENUE,WINTHROP STREET,CLARKSON AVENUE,ADDRESS,BROOKLYN,EAST   93 STREET,,Closed,,The Police Department responded to the complaint and took action to fix the condition.,06/23/2023 12:55:40 AM,17 BROOKLYN,41,Precinct 67,3046290053,BROOKLYN,1005360,179649,ONLINE,Unspecified,BROOKLYN,,,,,,,,40.65974654926527,-73.92391372865022,POINT (-73.92391372865 40.659746549265)
57967398,06/21/2023 05:05:31 PM,06/21/2023 05:35:21 PM,NYPD,New York City Police Department,Abandoned Vehicle,With License Plate,,Street/Sidewalk,11201,120 NASSAU STREET,NASSAU STREET,JAY STREET,BRIDGE PLAZA COURT,JAY STREET,BRIDGE PLAZA COURT,ADDRESS,BROOKLYN,NASSAU STREET,,Closed,,The Police Department reviewed your complaint and provided additional information below.,06/21/2023 05:35:25 PM,02 BROOKLYN,33,Precinct 84,3001077501,BROOKLYN,987949,193754,MOBILE,Unspecified,BROOKLYN,,,,,,,,40.69848596973355,-73.98666003690991,POINT (-73.98666003691 40.698485969734)
57961872,06/21/2023 05:50:46 AM,01/12/2024 12:10:57 PM,DPR,Department of Parks and Recreation,New Tree Request,For One Address,Street Tree,Street,11225,495 FLATBUSH AVENUE,FLATBUSH AVENUE,EMPIRE BOULEVARD,LEFFERTS AVENUE,EMPIRE BOULEVARD,LEFFERTS AVENUE,ADDRESS,BROOKLYN,FLATBUSH AVENUE,,Closed,,NYC Parks determined that the requested location cannot receive a new tree because of conflicts with surrounding infrastructure.,01/12/2024 12:11:01 PM,09 BROOKLYN,40,Precinct 71,3011970006,BROOKLYN,994865,180522,UNKNOWN,Unspecified,BROOKLYN,,,,,,,,40.662161542848395,-73.9617392262172,POINT (-73.961739226217 40.662161542848)
57963456,06/21/2023 05:23:45 PM,06/21/2023 06:10:41 PM,NYPD,New York City Police Department,Illegal Parking,Unauthorized Bus Layover,,Street/Sidewalk,11204,1677 50 STREET,50 STREET,16 AVENUE,17 AVENUE,16 AVENUE,17 AVENUE,ADDRESS,BROOKLYN,50 STREET,,Closed,,The Police Department responded and upon arrival those responsible for the condition were gone.,06/21/2023 06:10:45 PM,12 BROOKLYN,44,Precinct 66,3054547502,BROOKLYN,988584,168605,MOBILE,Unspecified,BROOKLYN,,,,,,,,40.62945725293097,-73.9843861582177,POINT (-73.984386158218 40.629457252931)
57964185,06/21/2023 05:45:00 AM,06/23/2023 01:52:00 PM,DSNY,Department of Sanitation,Derelict Vehicles,Derelict Vehicles,,Street,11207,2149 PITKIN AVENUE,PITKIN AVENUE,VERMONT STREET,WYONA STREET,,,ADDRESS,BROOKLYN,,DSNY Garage,Closed,,The Department of Sanitation does NOT have jurisdiction over vehicles (abandoned or otherwise) that have license plates affixed to them. Your request will be referred to the NYPD for further action.,06/23/2023 12:00:00 PM,05 BROOKLYN,37,Precinct 75,3037230031,BROOKLYN,1013869,184229,PHONE,Unspecified,BROOKLYN,,,,,,,,40.67229324756852,-73.89322484653474,POINT (-73.893224846535 40.672293247569)
57977253,06/22/2023 06:15:17 PM,06/22/2023 06:59:58 PM,NYPD,New York City Police Department,Illegal Parking,Double Parked Blocking Traffic,,Street/Sidewalk,10462,1665 METROPOLITAN AVENUE,METROPOLITAN AVENUE,RED OAK DRIVE,LINDEN DRIVE,RED OAK DRIVE,LINDEN DRIVE,ADDRESS,BRONX,METROPOLITAN AVENUE,,Closed,,The Police Department responded to the complaint and took action to fix the condition.,06/22/2023 07:00:03 PM,09 BRONX,18,Precinct 43,2039447501,BRONX,1024230,245517,MOBILE,Unspecified,BRONX,,,,,,,,40.84047217242943,-73.85550953160525,POINT (-73.855509531605 40.840472172429)
57974220,06/22/2023 05:45:00 PM,06/26/2023 01:06:00 PM,DSNY,Department of Sanitation,Derelict Vehicles,Derelict Vehicles,,Street,11203,662 EAST   37 STREET,EAST   37 STREET,AVENUE D,FOSTER AVENUE,,,ADDRESS,BROOKLYN,,,Closed,,The Department of Sanitation does NOT have jurisdiction over vehicles (abandoned or otherwise) that have license plates affixed to them. Your request will be referred to the NYPD for further action.,06/26/2023 12:00:00 PM,17 BROOKLYN,45,Precinct 67,3049700015,BROOKLYN,1000425,172690,PHONE,Unspecified,BROOKLYN,,,,,,,,40.64065600013558,-73.94171751414152,POINT (-73.941717514142 40.640656000136)
57971052,06/21/2023 04:10:15 PM,06/26/2023 07:39:37 PM,HPD,Department of Housing Preservation and Development,PLUMBING,TOILET,BOWL CRACKED OR LEAKING,RESIDENTIAL BUILDING,11226,284 EAST   31 STREET,EAST   31 STREET,,,,,ADDRESS,BROOKLYN,,,Closed,,The Department of Housing Preservation and Development inspected the following conditions. Violations were issued. Information about specific violations is available at www.nyc.gov/hpd,06/26/2023 12:00:00 AM,17 BROOKLYN,45,Precinct 67,3049300031,BROOKLYN,998723,173811,PHONE,Unspecified,BROOKLYN,,,,,,,,40.643735848617325,-73.9478478305718,POINT (-73.947847830572 40.643735848617)
57966192,06/21/2023 07:45:04 PM,06/21/2023 08:57:01 PM,NYPD,New York City Police Department,Illegal Parking,Blocked Sidewalk,,Street/Sidewalk,11101,37-02 36 AVENUE,36 AVENUE,37 STREET,38 STREET,37 STREET,38 STREET,ADDRESS,LONG ISLAND CITY,36 AVENUE,,Closed,,The Police Department responded and upon arrival those responsible for the condition were gone.,06/21/2023 08:57:05 PM,01 QUEENS,26,Precinct 114,4006370030,QUEENS,1005077,214086,MOBILE,Unspecified,QUEENS,,,,,,,,40.75426860636721,-73.92482722265383,POINT (-73.924827222654 40.754268606367)
57967668,06/21/2023 10:15:15 PM,06/22/2023 08:36:35 AM,DSNY,Department of Sanitation,Illegal Dumping,Removal Request,N/A,Sidewalk,11417,101-11 103 AVENUE,103 AVENUE,101 STREET,102 STREET,101 STREET,102 STREET,ADDRESS,OZONE PARK,103 AVENUE,,Closed,,The Department of Sanitation investigated this complaint and found no condition at the location.,06/22/2023 04:21:50 AM,09 QUEENS,29,Precinct 102,4094190132,QUEENS,1028502,188361,MOBILE,Unspecified,QUEENS,,,,,,,,40.68357358343861,-73.84044651006383,POINT (-73.840446510064 40.683573583439)
57977127,06/22/2023 11:07:10 AM,06/25/2023 02:55:05 PM,HPD,Department of Housing Preservation and Development,UNSANITARY CONDITION,PESTS,MICE,RESIDENTIAL BUILDING,11213,1593 FULTON STREET,FULTON STREET,,,,,ADDRESS,BROOKLYN,,,Closed,,The Department of Housing Preservation and Development inspected the following conditions. No violations were issued. The complaint has been closed.,06/25/2023 12:00:00 AM,03 BROOKLYN,36,Precinct 81,3016840001,BROOKLYN,1001719,186922,PHONE,Unspecified,BROOKLYN,,,,,,,,40.67971723613814,-73.93701804577863,POINT (-73.937018045779 40.679717236138)
57977190,06/22/2023 08:59:43 AM,06/22/2023 09:01:44 AM,DOT,Department of Transportation,Street Sign - Missing,Other/Unknown,N/A,Street,11211,202 MEEKER AVENUE,MEEKER AVENUE,SKILLMAN AVENUE,JACKSON STREET,SKILLMAN AVENUE,JACKSON STREET,ADDRESS,BROOKLYN,MEEKER AVENUE,,Closed,,"The Department of Transportation inspected the condition you reported. You can find additional information in the ""Notes to Customer"" field.",06/22/2023 09:01:48 AM,01 BROOKLYN,34,Precinct 94,,BROOKLYN,997762,199921,ONLINE,Unspecified,BROOKLYN,,,,,,,,40.71540338328182,-73.95125835627987,POINT (-73.95125835628 40.715403383282)
57963627,06/21/2023 07:54:29 PM,06/22/2023 08:06:53 AM,DSNY,Department of Sanitation,Illegal Dumping,Removal Request,N/A,Street,10304,47 GEO COURT,GEO COURT,MOSEL AVENUE,DEAD END,MOSEL AVENUE,DEAD END,ADDRESS,STATEN ISLAND,GEO COURT,,Closed,,The Department of Sanitation investigated and found this complaint to be out of jurisdiction. The Department of Sanitation reviewed this and found it not to be meeting the criteria for a complaint or service request.,06/22/2023 08:06:53 AM,01 STATEN ISLAND,49,Precinct 120,5028990202,STATEN ISLAND,962809,162872,ONLINE,Unspecified,STATEN ISLAND,,,,,,,,40.61369648254895,-74.07722597658599,POINT (-74.077225976586 40.613696482549)
57969792,06/21/2023 12:30:30 PM,06/04/2024 12:52:50 AM,DOHMH,Department of Health and Mental Hygiene,Food Establishment,Bare Hands in Contact w/ Food,N/A,Other (Explain Below),11221,53 PATCHEN AVENUE,PATCHEN AVENUE,GREENE AVENUE,LEXINGTON AVENUE,GREENE AVENUE,LEXINGTON AVENUE,ADDRESS,BROOKLYN,PATCHEN AVENUE,,Closed,,This SR was administratively closed. The issue you reported was addressed.,06/04/2024 12:52:53 AM,03 BROOKLYN,41,Precinct 81,3016230001,BROOKLYN,1004333,190887,PHONE,Unspecified,BROOKLYN,,,,,,,,40.690594706627806,-73.92758183254811,POINT (-73.927581832548 40.690594706628)
57966606,06/21/2023 08:55:13 PM,06/21/2023 09:27:06 PM,NYPD,New York City Police Department,Noise - Commercial,Loud Music/Party,,Club/Bar/Restaurant,11377,67-03 WOODSIDE AVENUE,WOODSIDE AVENUE,67 STREET,67 STREET,67 STREET,67 STREET,ADDRESS,WOODSIDE,WOODSIDE AVENUE,,Closed,,The Police Department responded to the complaint and took action to fix the condition.,06/21/2023 09:27:10 PM,02 QUEENS,26,Precinct 108,4013070052,QUEENS,1012677,210025,ONLINE,Unspecified,QUEENS,,,,,,,,40.743101024032335,-73.89741304204851,POINT (-73.897413042049 40.743101024032)
57973014,06/22/2023 08:02:21 PM,07/27/2023 12:20:12 PM,EDC,Economic Development Corporation,Noise - Helicopter,Other,Flying Too Low,Above Address,10023,17 WEST   75 STREET,WEST   75 STREET,CENTRAL PARK WEST,COLUMBUS AVENUE,CENTRAL PARK WEST,COLUMBUS AVENUE,ADDRESS,NEW YORK,WEST   75 STREET,,Closed,,"The New York City Economic Development Corporation determined that this issue is not within its jurisdiction because the helicopter did not belong to a tour company departing from a NYC heliport.Â  Instead, it was most likely a law enforcement or news gathering helicopter not subject to the routing protocols established for tour helicopters. It may also have been a helicopter that departed as a charter or tour from another City but flew over NYC airspace. Helicopter tours originating from outside NYC are not subject to the same City regulations as tours departing from heliports managed by NYCEDC. Any City regulation of these flights is pre-empted by federal law and subject only to the jurisdiction of the Federal Aviation Administration. To file a complaint with the FAA, you can contact the New York Flight Standards District Office at the following web address:Â https://www.faa.gov/about/office_org/field_offices/fsdo/",07/27/2023 12:20:17 PM,07 MANHATTAN,06,Precinct 20,1011280021,MANHATTAN,991097,222903,ONLINE,Unspecified,MANHATTAN,,,,,,,,40.77849086496936,-73.97527751571583,POINT (-73.975277515716 40.778490864969)
57976632,06/22/2023 11:05:37 PM,06/22/2023 11:27:07 PM,NYPD,New York City Police Department,Noise - Street/Sidewalk,Loud Music/Party,,Street/Sidewalk,10030,2275 7 AVENUE,7 AVENUE,WEST  133 STREET,WEST  134 STREET,WEST  133 STREET,WEST  134 STREET,ADDRESS,NEW YORK,7 AVENUE,,Closed,,The Police Department responded to the complaint and with the information available observed no evidence of the violation at that time.,06/22/2023 11:27:11 PM,10 MANHATTAN,09,Precinct 32,1019180060,MANHATTAN,999671,236020,MOBILE,Unspecified,MANHATTAN,,,,,,,,40.8144826601629,-73.94428923177162,POINT (-73.944289231772 40.814482660163)
57963429,06/21/2023 04:23:06 PM,06/26/2023 02:05:49 PM,DOT,Department of Transportation,Street Condition,Failed Street Repair,N/A,Street,11235,187 PEMBROKE STREET,PEMBROKE STREET,SHORE BOULEVARD,DEAD END,SHORE BOULEVARD,DEAD END,ADDRESS,BROOKLYN,PEMBROKE STREET,,Closed,,"The Department of Transportation inspected the condition and issued a Corrective Action Repair (CAR) to the contractor or utility company. The responsible party has a maximum of 30 days to correct the condition. If the condition still exists, a summons will be issued. In some cases, the Department of Transportation will make the repairs and charge the responsible party for the costs.",06/26/2023 02:05:51 PM,15 BROOKLYN,48,Precinct 61,3087600009,BROOKLYN,1001749,150255,PHONE,Unspecified,BROOKLYN,,,,,,,,40.579074033404396,-73.93700495425914,POINT (-73.937004954259 40.579074033404)
57963141,06/21/2023 07:17:56 AM,06/26/2023 10:52:00 AM,DOT,Department of Transportation,Street Condition,Pothole,,,11356,128 STREET,128 STREET,11 AVENUE,14 AVENUE,,,BLOCKFACE,QUEENS,,N/A,Closed,,The Department of Transportation inspected this complaint and repaired the problem.,06/26/2023 10:52:00 AM,07 QUEENS,,Precinct 109,,QUEENS,,,UNKNOWN,Unspecified,QUEENS,,,,,,,,,,
57971979,06/22/2023 04:19:05 AM,06/22/2023 04:35:18 AM,NYPD,New York City Police Department,Noise - Street/Sidewalk,Loud Music/Party,,Street/Sidewalk,10459,1080 EAST  165 STREET,EAST  165 STREET,HOE AVENUE,FAILE STREET,HOE AVENUE,FAILE STREET,ADDRESS,BRONX,EAST  165 STREET,,Closed,,The Police Department responded to the complaint and with the information available observed no evidence of the violation at that time.,06/22/2023 04:35:26 AM,02 BRONX,17,Precinct 41,2027490025,BRONX,1014549,239896,ONLINE,Unspecified,BRONX,,,,,,,,40.82508267999522,-73.89052267773624,POINT (-73.890522677736 40.825082679995)
57965688,06/21/2023 11:43:47 AM,07/10/2023 06:14:28 PM,HPD,Department of Housing Preservation and Development,UNSANITARY CONDITION,PESTS,ROACHES,RESIDENTIAL BUILDING,11209,315 OVINGTON AVENUE,OVINGTON AVENUE,,,,,ADDRESS,BROOKLYN,,,Closed,,The Department of Housing Preservation and Development inspected the following conditions. Violations were issued. Information about specific violations is available at www.nyc.gov/hpd,07/10/2023 12:00:00 AM,10 BROOKLYN,43,Precinct 68,3058720007,BROOKLYN,977046,170509,PHONE,Unspecified,BROOKLYN,,,,,,,,40.63468146061957,-74.02595545059114,POINT (-74.025955450591 40.63468146062)
57968928,06/21/2023 10:30:16 PM,06/22/2023 05:55:35 AM,NYPD,New York City Police Department,Noise - Street/Sidewalk,Loud Music/Party,,Street/Sidewalk,10452,1520 JEROME AVENUE,JEROME AVENUE,EAST  172 STREET,GOBLE PLACE,EAST  172 STREET,GOBLE PLACE,ADDRESS,BRONX,JEROME AVENUE,,Closed,,The Police Department responded to the complaint and with the information available observed no evidence of the violation at that time.,06/22/2023 05:55:42 AM,04 BRONX,16,Precinct 44,,BRONX,1007539,246349,ONLINE,Unspecified,BRONX,,,,,,,,40.842815560838005,-73.9158290132876,POINT (-73.915829013288 40.842815560838)
57963042,06/21/2023 11:59:21 PM,06/22/2023 02:44:38 AM,NYPD,New York City Police Department,Traffic,Congestion/Gridlock,,Street/Sidewalk,11430,JFK,JFK,BEND,AIRTRAIN-HOWARD BCH/JAMAICA LINE,BEND,AIRTRAIN-HOWARD BCH/JAMAICA LINE,UNRECOGNIZED,JAMAICA,JOHN F KENNEDY AIRPORT,,Closed,,This complaint does not fall under the Police Department's jurisdiction.,06/22/2023 02:44:43 AM,83 QUEENS,31,Precinct 113,4142600001,QUEENS,1043001,175548,PHONE,Unspecified,QUEENS,,,,,,,,40.64832048620134,-73.78828125130184,POINT (-73.788281251302 40.648320486201)
57969720,06/21/2023 04:04:10 PM,06/21/2023 04:45:19 PM,NYPD,New York City Police Department,Panhandling,N/A,,Subway,,,,,,,,,,,,Closed,,The Police Department responded and upon arrival those responsible for the condition were gone.,06/21/2023 04:45:24 PM,Unspecified MANHATTAN,,Unspecified,,MANHATTAN,983444,206482,MOBILE,Unspecified,MANHATTAN,,,,1,,,Mezzanine,40.733422018521374,-74.00290825829991,POINT (-74.0029082583 40.733422018521)
57976029,06/22/2023 04:56:51 PM,06/22/2023 05:07:20 PM,NYPD,New York City Police Department,Illegal Parking,Blocked Sidewalk,,Street/Sidewalk,11206,429 BUSHWICK AVENUE,BUSHWICK AVENUE,COOK STREET,FLUSHING AVENUE,COOK STREET,FLUSHING AVENUE,ADDRESS,BROOKLYN,BUSHWICK AVENUE,,Closed,,The Police Department responded to the complaint and determined that police action was not necessary.,06/22/2023 05:07:25 PM,01 BROOKLYN,34,Precinct 90,3031230009,BROOKLYN,1001656,195228,MOBILE,Unspecified,BROOKLYN,,,,,,,,40.70251540907483,-73.93722372233223,POINT (-73.937223722332 40.702515409075)
57971826,06/22/2023 03:13:28 PM,06/23/2023 03:41:47 PM,DOT,Department of Transportation,Outdoor Dining,Site Setup Condition,Abandoned,Street,10024,211 WEST   79 STREET,WEST   79 STREET,AMSTERDAM AVENUE,BROADWAY,AMSTERDAM AVENUE,BROADWAY,ADDRESS,NEW YORK,WEST   79 STREET,,Closed,,The Department of Transportation inspected the condition and determined that it is in compliance with its standards.,06/23/2023 03:41:51 PM,07 MANHATTAN,06,Precinct 20,1012270026,MANHATTAN,990120,224675,ONLINE,Unspecified,MANHATTAN,,,,,,,,40.78335523825895,-73.9788036243192,POINT (-73.978803624319 40.783355238259)
57977136,06/22/2023 11:54:44 AM,06/30/2023 05:38:29 PM,HPD,Department of Housing Preservation and Development,UNSANITARY CONDITION,PESTS,MICE,RESIDENTIAL BUILDING,10456,786 CAULDWELL AVENUE,CAULDWELL AVENUE,,,,,ADDRESS,BRONX,,,Closed,,The Department of Housing Preservation and Development inspected the following conditions. Violations were issued. Information about specific violations is available at www.nyc.gov/hpd,06/30/2023 12:00:00 AM,01 BRONX,17,Precinct 40,2026290046,BRONX,1009619,237933,ONLINE,Unspecified,BRONX,,,,,,,,40.81971033902248,-73.90834331965644,POINT (-73.908343319656 40.819710339022)
57978684,06/22/2023 07:13:01 PM,06/22/2023 07:31:56 PM,NYPD,New York City Police Department,Illegal Parking,Double Parked Blocking Vehicle,,Street/Sidewalk,10468,2535 GRAND CONCOURSE,GRAND CONCOURSE,EAST FORDHAM ROAD,EAST  192 STREET,EAST FORDHAM ROAD,EAST  192 STREET,ADDRESS,BRONX,GRAND CONCOURSE,,Closed,,The Police Department responded and upon arrival those responsible for the condition were gone.,06/22/2023 07:32:00 PM,07 BRONX,14,Precinct 52,2031670068,BRONX,1012874,253812,PHONE,Unspecified,BRONX,,,,,,,,40.86328358059725,-73.89651543465922,POINT (-73.896515434659 40.863283580597)
57977532,06/22/2023 11:32:05 AM,06/24/2023 02:16:30 PM,DSNY,Department of Sanitation,Missed Collection,Trash,N/A,Street,11218,525 DAHILL ROAD,DAHILL ROAD,40 STREET,41 STREET,40 STREET,41 STREET,ADDRESS,BROOKLYN,DAHILL ROAD,,Closed,,The Department of Sanitation collected the requested items.,06/24/2023 10:08:14 AM,12 BROOKLYN,39,Precinct 66,3053940082,BROOKLYN,990084,170551,ONLINE,Unspecified,BROOKLYN,,,,,,,,40.634797749957876,-73.97898051612202,POINT (-73.978980516122 40.634797749958)
57974121,06/22/2023 01:42:34 PM,06/22/2023 03:03:48 PM,NYPD,New York City Police Department,Noise - Residential,Banging/Pounding,,Residential Building/House,10456,1105 TINTON AVENUE,TINTON AVENUE,EAST  166 STREET,HOME STREET,EAST  166 STREET,HOME STREET,ADDRESS,BRONX,TINTON AVENUE,,Closed,,The Police Department responded to the complaint and took action to fix the condition.,06/22/2023 03:03:53 PM,03 BRONX,17,Precinct 42,2026610052,BRONX,1011522,240495,ONLINE,Unspecified,BRONX,,,,,,,,40.82673662828274,-73.9014574870921,POINT (-73.901457487092 40.826736628283)
57971916,06/22/2023 08:24:57 PM,06/22/2023 08:51:51 PM,NYPD,New York City Police Department,Noise - Residential,Banging/Pounding,,Residential Building/House,11235,3060 OCEAN AVENUE,OCEAN AVENUE,JEROME AVENUE,VOORHIES AVENUE,JEROME AVENUE,VOORHIES AVENUE,ADDRESS,BROOKLYN,OCEAN AVENUE,,Closed,,The Police Department responded to the complaint and took action to fix the condition.,06/22/2023 08:51:56 PM,15 BROOKLYN,48,Precinct 61,3074640035,BROOKLYN,998409,153043,ONLINE,Unspecified,BROOKLYN,,,,,,,,40.586732503333934,-73.94902285195718,POINT (-73.949022851957 40.586732503334)
57979071,06/22/2023 11:38:00 AM,06/22/2023 12:00:00 PM,DEP,Department of Environmental Protection,Water Conservation,Water Meter Broken/Leaking - Private Residence (CMR),CMR,,10472,1938 GLEASON AVENUE,GLEASON AVENUE,VIRGINIA AVE,PUGSLEY AVE,,,ADDRESS,BRONX,,,Closed,,The Department of Environmental Protection scheduled an inspection.,06/22/2023 12:00:00 PM,09 BRONX,18,Precinct 43,2037920012,BRONX,1023130,241984,PHONE,Unspecified,BRONX,,,,,,,,40.83078003289536,-73.85950547930602,POINT (-73.859505479306 40.830780032895)
57975777,06/22/2023 03:50:00 PM,06/22/2023 03:50:00 PM,DEP,Department of Environmental Protection,Water System,Possible Water Main Break (Use Comments) (WA1),WA1,,10003,234 EAST   13 STREET,EAST   13 STREET,3 AVE,2 AVE,,,ADDRESS,NEW YORK,,,Closed,,The Department of Environmental Protection determined that this complaint is a duplicate of a previously filed complaint. The original complaint is being addressed.,06/22/2023 03:50:00 PM,03 MANHATTAN,02,Precinct 9,1004680025,MANHATTAN,987906,206046,PHONE,Unspecified,MANHATTAN,,,,,,,,40.7322245867724,-73.98680843509248,POINT (-73.986808435092 40.732224586772)
57965517,06/21/2023 10:53:06 PM,06/22/2023 08:29:48 PM,HPD,Department of Housing Preservation and Development,ELECTRIC,NO LIGHTING,ONE ROOM OR AREA,RESIDENTIAL BUILDING,10458,2886 BRIGGS AVENUE,BRIGGS AVENUE,,,,,ADDRESS,BRONX,,,Closed,,The Department of Housing Preservation and Development inspected the following conditions. Violations were issued. Information about specific violations is available at www.nyc.gov/hpd,06/22/2023 12:00:00 AM,07 BRONX,15,Precinct 52,2032960027,BRONX,1015216,256152,ONLINE,Unspecified,BRONX,,,,,,,,40.86969825972811,-73.88803758016827,POINT (-73.888037580168 40.869698259728)
57965778,06/21/2023 10:42:34 AM,05/13/2025 04:51:47 PM,DPR,Department of Parks and Recreation,New Tree Request,For One Address,Street Tree,Street,11385,655 WOODWARD AVENUE,WOODWARD AVENUE,LINDEN STREET,GATES AVENUE,LINDEN STREET,GATES AVENUE,ADDRESS,RIDGEWOOD,WOODWARD AVENUE,,Closed,,"In an effort to more fully and efficiently service each city block, NYC Parks is shifting their street tree planting program to a neighborhood approach.  If the site that you requested meets the criteria for planting, NYC Parks will plant a tree through their new Neighborhood Tree Planting Program.   NYC Parks is no longer accepting new tree planting requests. Each neighborhood will be surveyed, inspected, and planted sequentially. NYC Parks foresters will be conducting tree removal, stump removal, and planting block by block and closing all unplantable tree beds. The most heat-vulnerable neighborhoods will be prioritized first.  To learn more about this program, visit nyc.gov/parks/street-tree-planting.  To learn more about the trees in your neighborhood, visit the NYC Tree Map at nyc.gov/parks/treemap.",05/13/2025 04:52:28 PM,05 QUEENS,30,Precinct 104,4034770010,QUEENS,1010068,196362,MOBILE,Unspecified,QUEENS,,,,,,,,40.70560742573443,-73.90688077216514,POINT (-73.906880772165 40.705607425734)
57975291,06/22/2023 05:45:48 PM,06/22/2023 06:32:25 PM,NYPD,New York City Police Department,Blocked Driveway,Partial Access,,Street/Sidewalk,11235,1223 AVENUE X,AVENUE X,EAST   12 STREET,SHEEPSHEAD BAY ROAD,EAST   12 STREET,SHEEPSHEAD BAY ROAD,ADDRESS,BROOKLYN,AVENUE X,,Closed,,The Police Department issued a summons in response to the complaint.,06/22/2023 06:32:28 PM,15 BROOKLYN,48,Precinct 61,3073960041,BROOKLYN,995859,154917,ONLINE,Unspecified,BROOKLYN,,,,,,,,40.591879964743846,-73.95820048598446,POINT (-73.958200485984 40.591879964744)
57968532,06/21/2023 02:16:43 PM,07/05/2023 11:13:40 AM,DOHMH,Department of Health and Mental Hygiene,Rodent,Rat Sighting,,1-2 Family Dwelling,11235,3066 BRIGHTON   14 STREET,BRIGHTON   14 STREET,OCEAN VIEW AVENUE,BRIGHTON BEACH AVENUE,OCEAN VIEW AVENUE,BRIGHTON BEACH AVENUE,ADDRESS,BROOKLYN,BRIGHTON   14 STREET,,Closed,,This service request was closed because the Department of Health and Mental Hygiene received an earlier complaint about the same location.  You can find inspection results for this address by going to the online Rat Portal at www.nyc.gov/rats.,06/21/2023 02:16:43 PM,13 BROOKLYN,48,Precinct 60,3087160053,BROOKLYN,996583,150010,MOBILE,Unspecified,BROOKLYN,,,,,,,,40.578410248799706,-73.9556025976265,POINT (-73.955602597626 40.5784102488)
57971142,06/21/2023 10:28:37 AM,06/24/2023 06:37:21 PM,HPD,Department of Housing Preservation and Development,UNSANITARY CONDITION,MOLD,N/A,RESIDENTIAL BUILDING,10463,3115 SEDGWICK AVENUE,SEDGWICK AVENUE,,,,,ADDRESS,BRONX,,,Closed,,The Department of Housing Preservation and Development inspected the following conditions. No violations were issued. The complaint has been closed.,06/24/2023 12:00:00 AM,08 BRONX,14,Precinct 50,2032540065,BRONX,1012134,258803,PHONE,Unspecified,BRONX,,,,,,,,40.87698470940194,-73.89916999011639,POINT (-73.899169990116 40.876984709402)
57967110,06/21/2023 11:45:37 AM,06/21/2023 12:16:41 PM,NYPD,New York City Police Department,Illegal Parking,Blocked Bike Lane,,Street/Sidewalk,10003,119 EAST   10 STREET,EAST   10 STREET,3 AVENUE,STUYVESANT STREET,3 AVENUE,STUYVESANT STREET,ADDRESS,NEW YORK,EAST   10 STREET,,Closed,,The Police Department responded and upon arrival those responsible for the condition were gone.,06/21/2023 12:16:47 PM,03 MANHATTAN,02,Precinct 9,1004660048,MANHATTAN,987416,205429,ONLINE,Unspecified,MANHATTAN,,,,,,,,40.73053126199761,-73.98857674147398,POINT (-73.988576741474 40.730531261998)
57966030,06/21/2023 02:51:31 AM,11/13/2024 09:52:03 AM,DPR,Department of Parks and Recreation,Overgrown Tree/Branches,Hitting Building,N/A,Street,11385,73-26 71 STREET,71 STREET,MYRTLE AVENUE,DEAD END,MYRTLE AVENUE,DEAD END,ADDRESS,RIDGEWOOD,71 STREET,,Closed,,NYC Parks performed the work necessary to correct the condition.,11/13/2024 09:52:07 AM,05 QUEENS,32,Precinct 104,4037080043,QUEENS,1017559,194859,ONLINE,Unspecified,QUEENS,,,,,,,,40.70145701964791,-73.87987002686181,POINT (-73.879870026862 40.701457019648)
57962340,06/21/2023 12:15:42 PM,07/15/2023 12:02:41 PM,DSNY,Department of Sanitation,Missed Collection,Trash,N/A,Street,11413,224-12 139 AVENUE,139 AVENUE,224 STREET,225 STREET,224 STREET,225 STREET,ADDRESS,SPRINGFIELD GARDENS,139 AVENUE,,Closed,,The Department of Sanitation collected the requested items.,06/22/2023 12:22:29 PM,13 QUEENS,31,Precinct 105,4131500035,QUEENS,1053707,183935,ONLINE,Unspecified,QUEENS,,,,,,,,40.671263365475674,-73.74961424829941,POINT (-73.749614248299 40.671263365476)
57970269,06/22/2023 12:32:32 AM,06/22/2023 12:52:16 PM,NYPD,New York City Police Department,Illegal Parking,Posted Parking Sign Violation,,Street/Sidewalk,11379,61-58 76 STREET,76 STREET,ELIOT AVENUE,JUNIPER BOULEVARD NORTH,ELIOT AVENUE,JUNIPER BOULEVARD NORTH,ADDRESS,MIDDLE VILLAGE,76 STREET,,Closed,,The Police Department responded and upon arrival those responsible for the condition were gone.,06/22/2023 12:52:19 PM,05 QUEENS,30,Precinct 104,4029320032,QUEENS,1016831,202393,ONLINE,Unspecified,QUEENS,,,,,,,,40.722138749054714,-73.88245911919294,POINT (-73.882459119193 40.722138749055)
57972447,06/22/2023 04:04:14 PM,06/22/2023 04:25:56 PM,NYPD,New York City Police Department,Illegal Parking,Blocked Hydrant,,Street/Sidewalk,11373,90-49 53 AVENUE,53 AVENUE,90 STREET,92 STREET,90 STREET,92 STREET,ADDRESS,ELMHURST,53 AVENUE,,Closed,,The Police Department responded and upon arrival those responsible for the condition were gone.,06/22/2023 04:26:00 PM,04 QUEENS,25,Precinct 110,4018540049,QUEENS,1019418,208260,ONLINE,Unspecified,QUEENS,,,,,,,,40.73823230536929,-73.87309547447138,POINT (-73.873095474471 40.738232305369)
57965436,06/21/2023 09:09:40 PM,06/21/2023 09:51:54 PM,NYPD,New York City Police Department,Noise - Residential,Loud Music/Party,,Residential Building/House,10027,230 WEST  129 STREET,WEST  129 STREET,ADAM CLAYTON POWELL JR BOULEVARD,FREDERICK DOUGLASS BOULEVARD,ADAM CLAYTON POWELL JR BOULEVARD,FREDERICK DOUGLASS BOULEVARD,ADDRESS,NEW YORK,WEST  129 STREET,,Closed,,The Police Department responded to the complaint and with the information available observed no evidence of the violation at that time.,06/21/2023 09:52:01 PM,10 MANHATTAN,09,Precinct 32,1019330001,MANHATTAN,998910,235019,ONLINE,Unspecified,MANHATTAN,,,,,,,,40.81173649041086,-73.94704064861878,POINT (-73.947040648619 40.811736490411)
57968523,06/21/2023 05:08:00 PM,06/22/2023 04:05:00 PM,DOT,Department of Transportation,Street Light Condition,Street Light Out,Location Type: Intersection,,10033,,,,,WADSWORTH AVENUE,WEST 174 STREET,INTERSECTION,MANHATTAN,,,Closed,,Service Request status for this request is available on the Department of Transportationâs website. Please click the âLearn Moreâ link below.,06/22/2023 04:05:00 PM,12 MANHATTAN,10,Precinct 33,,MANHATTAN,1001332,247249,UNKNOWN,Unspecified,MANHATTAN,,,,,,,,40.8452999850395,-73.93826002009277,POINT (-73.938260020093 40.84529998504)
57975795,06/22/2023 08:30:19 AM,06/26/2023 09:26:45 AM,DSNY,Department of Sanitation,Dirty Condition,Broken Glass,N/A,Sidewalk,11223,1684 WEST    2 STREET,WEST    2 STREET,AVENUE P,QUENTIN ROAD,AVENUE P,QUENTIN ROAD,ADDRESS,BROOKLYN,WEST    2 STREET,,Closed,,The Department of Sanitation investigated this complaint and found no condition at the location.,06/26/2023 09:26:49 AM,11 BROOKLYN,44,Precinct 62,3066290038,BROOKLYN,991019,160382,PHONE,Unspecified,BROOKLYN,,,,,,,,40.60688530044715,-73.9756219745814,POINT (-73.975621974581 40.606885300447)
57961674,06/21/2023 10:50:59 AM,07/06/2023 11:12:22 AM,HPD,Department of Housing Preservation and Development,WATER LEAK,SLOW LEAK,AT WALL OR CEILING,RESIDENTIAL BUILDING,10026,385 MANHATTAN AVENUE,MANHATTAN AVENUE,,,,,ADDRESS,NEW YORK,,,Closed,,"The Department of Housing Preservation and Development was not able to gain access to inspect the following conditions. The complaint has been closed. If the condition still exists, please file a new complaint.",07/06/2023 12:00:00 AM,10 MANHATTAN,09,Precinct 28,1019430013,MANHATTAN,996230,232628,PHONE,Unspecified,MANHATTAN,,,,,,,,40.805177898659466,-73.95672643238032,POINT (-73.95672643238 40.805177898659)
57970449,06/21/2023 06:31:02 PM,06/21/2023 08:43:30 PM,NYPD,New York City Police Department,Illegal Parking,Paper License Plates,,Street/Sidewalk,11374,63-01 97 STREET,97 STREET,63 ROAD,63 DRIVE,63 ROAD,63 DRIVE,ADDRESS,REGO PARK,97 STREET,,Closed,,The Police Department responded to the complaint and determined that police action was not necessary.,06/21/2023 08:43:35 PM,06 QUEENS,24,Precinct 112,4020890001,QUEENS,1022833,205573,MOBILE,Unspecified,QUEENS,,,,,,,,40.73084292286171,-73.86078779868711,POINT (-73.860787798687 40.730842922862)
57971754,06/22/2023 12:03:52 PM,06/23/2023 06:24:01 AM,DPR,Department of Parks and Recreation,Illegal Tree Damage,Branches Damaged,N/A,Street,10308,195 LINDENWOOD ROAD,LINDENWOOD ROAD,HIGHMOUNT ROAD,EDGEWOOD ROAD,HIGHMOUNT ROAD,EDGEWOOD ROAD,ADDRESS,STATEN ISLAND,LINDENWOOD ROAD,,Closed,,"The Service Request submitted did not have sufficient location or complaint information for NYC Parks to respond.  Please submit a new Service Request with adequate site details, including a full street address and descriptive location information.",06/23/2023 06:24:05 AM,03 STATEN ISLAND,51,Precinct 122,5052440080,STATEN ISLAND,942485,138046,MOBILE,Unspecified,STATEN ISLAND,,,,,,,,40.54548162565108,-74.15027524636544,POINT (-74.150275246365 40.545481625651)
57970152,06/21/2023 03:11:04 PM,08/10/2023 12:00:00 AM,DOB,Department of Buildings,Elevator,Elevator - Multiple Devices On Property,,,11378,69-99 QUEENS MIDTOWN EXPRESSWAY,QUEENS MIDTOWN EXPRESSWAY,,,,,ADDRESS,MASPETH,,,Closed,,The Department of Buildings investigated this complaint and determined that no further action was necessary.,08/10/2023 12:00:00 AM,05 QUEENS,30,Precinct 104,4027990152,QUEENS,1014368,203799,UNKNOWN,Unspecified,QUEENS,,,,,,,,40.726006603653694,-73.89133846229633,POINT (-73.891338462296 40.726006603654)
57963960,06/21/2023 08:17:34 PM,06/21/2023 08:40:32 PM,NYPD,New York City Police Department,Noise - Street/Sidewalk,Loud Music/Party,,Street/Sidewalk,10013,11 MERCER STREET,MERCER STREET,HOWARD STREET,GRAND STREET,HOWARD STREET,GRAND STREET,ADDRESS,NEW YORK,MERCER STREET,,Closed,,The Police Department responded to the complaint and with the information available observed no evidence of the violation at that time.,06/21/2023 08:40:35 PM,02 MANHATTAN,01,Precinct 1,1002307501,MANHATTAN,983684,201798,MOBILE,Unspecified,MANHATTAN,,,,,,,,40.72056559762908,-74.00204188171735,POINT (-74.002041881717 40.720565597629)
57967326,06/21/2023 01:49:45 PM,,DOHMH,Department of Health and Mental Hygiene,Mobile Food Vendor,Food Worker Activity,Bare Hands in Contact w/Food,Mobile Food Vendor,10019,640 5 AVENUE,5 AVENUE,5 AVENUE,ROCKEFELLER PLAZA,5 AVENUE,ROCKEFELLER PLAZA,ADDRESS,NEW YORK,5 AVENUE,,In Progress,,The Department of Health and Mental Hygiene has received and processed your complaint. All restaurants and mobile food vendors are inspected annually. Restaurant inspection results can be found on WWW.NYC.GOV or a copy of the inspection can be requested from 311.,06/23/2023 09:55:01 AM,05 MANHATTAN,04,Precinct 18,1012670034,MANHATTAN,990588,215959,MOBILE,Unspecified,MANHATTAN,,,,,,,,40.759431770352215,-73.97712191185279,POINT (-73.977121911853 40.759431770352)
57975138,06/22/2023 10:08:08 AM,06/26/2023 11:48:17 AM,DPR,Department of Parks and Recreation,Illegal Tree Damage,Unauthorized Tree Removal,N/A,Street,11217,252 SCHERMERHORN STREET,SCHERMERHORN STREET,BOND STREET,NEVINS STREET,BOND STREET,NEVINS STREET,ADDRESS,BROOKLYN,SCHERMERHORN STREET,,Closed,,"The Service Request submitted did not have sufficient location or complaint information for NYC Parks to respond.  Please submit a new Service Request with adequate site details, including a full street address and descriptive location information.",06/26/2023 11:48:23 AM,02 BROOKLYN,33,Precinct 84,3001720005,BROOKLYN,988780,189948,ONLINE,Unspecified,BROOKLYN,,,,,,,,40.688038993955374,-73.98366570286443,POINT (-73.983665702864 40.688038993955)
57968163,06/21/2023 03:22:06 AM,06/26/2023 03:03:50 PM,HPD,Department of Housing Preservation and Development,FLOORING/STAIRS,FLOOR,TILE BROKEN OR MISSING,RESIDENTIAL BUILDING,10468,2407 MORRIS AVENUE,MORRIS AVENUE,,,,,ADDRESS,BRONX,,,Closed,,The Department of Housing Preservation and Development inspected the following conditions. No violations were issued. The complaint has been closed.,06/26/2023 12:00:00 AM,05 BRONX,14,Precinct 46,2031840066,BRONX,1011799,252885,ONLINE,Unspecified,BRONX,,,,,,,,40.86074266712049,-73.90040569732251,POINT (-73.900405697323 40.86074266712)
57971043,06/21/2023 04:16:37 PM,06/23/2023 07:45:52 PM,HPD,Department of Housing Preservation and Development,WATER LEAK,HEAVY FLOW,AT WALL OR CEILING,RESIDENTIAL BUILDING,11692,67-03 BEACH CHANNEL DRIVE,BEACH CHANNEL DRIVE,,,,,ADDRESS,ARVERNE,,,Closed,,The Department of Housing Preservation and Development inspected the following conditions. No violations were issued. The complaint has been closed.,06/23/2023 12:00:00 AM,14 QUEENS,31,Precinct 100,4159150054,QUEENS,1040820,155326,PHONE,Unspecified,QUEENS,,,,,,,,40.59282966170153,-73.7963102611045,POINT (-73.796310261104 40.592829661702)
57982752,06/23/2023 10:32:56 AM,07/06/2023 12:00:00 AM,DSNY,Department of Sanitation,Graffiti,Graffiti,,Comercial,11219,4924 NEW UTRECHT AVENUE,NEW UTRECHT AVENUE,,,,,ADDRESS,BROOKLYN,,N/A,Closed,07/23/2023 10:32:56 AM,The City has removed the graffiti from this property.,07/11/2023 05:56:52 AM,12 BROOKLYN,44,Precinct 66,3056400044,BROOKLYN,985700,171117,UNKNOWN,Unspecified,BROOKLYN,,,,,,,,40.63635310209646,-73.99477563220431,POINT (-73.994775632204 40.636353102096)
57976956,06/22/2023 10:13:23 AM,06/22/2023 10:52:11 AM,NYPD,New York City Police Department,Noise - Residential,Banging/Pounding,,Residential Building/House,10463,160 WEST  231 STREET,WEST  231 STREET,BAILEY AVENUE,ALBANY CRESCENT,BAILEY AVENUE,ALBANY CRESCENT,ADDRESS,BRONX,WEST  231 STREET,,Closed,,This complaint does not fall under the Police Department's jurisdiction.,06/22/2023 10:52:15 AM,08 BRONX,14,Precinct 50,2032660109,BRONX,1011048,259269,ONLINE,Unspecified,BRONX,,,,,,,,40.878267098649296,-73.90309515581207,POINT (-73.903095155812 40.878267098649)
57975228,06/22/2023 10:08:41 AM,07/27/2023 12:19:59 PM,EDC,Economic Development Corporation,Noise - Helicopter,Other,Flying Too Low,Above Address,11414,88-12 151 AVENUE,151 AVENUE,88 STREET,89 STREET,88 STREET,89 STREET,ADDRESS,HOWARD BEACH,151 AVENUE,,Closed,,"The New York City Economic Development Corporation determined that this issue is not within its jurisdiction because the helicopter did not belong to a tour company departing from a NYC heliport.Â  Instead, it was most likely a law enforcement or news gathering helicopter not subject to the routing protocols established for tour helicopters. It may also have been a helicopter that departed as a charter or tour from another City but flew over NYC airspace. Helicopter tours originating from outside NYC are not subject to the same City regulations as tours departing from heliports managed by NYCEDC. Any City regulation of these flights is pre-empted by federal law and subject only to the jurisdiction of the Federal Aviation Administration. To file a complaint with the FAA, you can contact the New York Flight Standards District Office at the following web address:Â https://www.faa.gov/about/office_org/field_offices/fsdo/",07/27/2023 12:20:03 PM,10 QUEENS,32,Precinct 106,4114340007,QUEENS,1026729,182858,ONLINE,Unspecified,QUEENS,,,,,,,,40.6684777987759,-73.84687384879807,POINT (-73.846873848798 40.668477798776)
57962835,06/22/2023 12:37:51 AM,06/22/2023 01:00:01 AM,NYPD,New York City Police Department,Noise - Street/Sidewalk,Loud Music/Party,,Street/Sidewalk,10474,864 HUNTS POINT AVENUE,HUNTS POINT AVENUE,GILBERT PLACE,SENECA AVENUE,GILBERT PLACE,SENECA AVENUE,ADDRESS,BRONX,HUNTS POINT AVENUE,,Closed,,The Police Department responded to the complaint and with the information available observed no evidence of the violation at that time.,06/22/2023 01:00:06 AM,02 BRONX,17,Precinct 41,,BRONX,1015023,237336,ONLINE,Unspecified,BRONX,,,,,,,,40.81805457054641,-73.88882174741956,POINT (-73.88882174742 40.818054570546)
57962691,06/21/2023 10:56:00 AM,06/22/2023 12:50:00 AM,DOT,Department of Transportation,Street Light Condition,Street Light Out,Location Type: Intersection,,11229,BROWN ST,BROWN ST,,,BROWN STREET,AVENUE V,INTERSECTION,BROOKLYN,,,Closed,,Service Request status for this request is available on the Department of Transportationâs website. Please click the âLearn Moreâ link below.,06/22/2023 12:50:00 AM,15 BROOKLYN,46,Precinct 61,,BROOKLYN,1001034,157336,UNKNOWN,Unspecified,BROOKLYN,,,,,,,,40.59851134238068,-73.93956131025685,POINT (-73.939561310257 40.598511342381)
57962889,06/21/2023 01:20:58 PM,06/23/2023 04:54:24 PM,HPD,Department of Housing Preservation and Development,PAINT/PLASTER,CEILING,CHIPPED/PEELING/FLAKING,RESIDENTIAL BUILDING,10467,3539 DECATUR AVENUE,DECATUR AVENUE,,,,,ADDRESS,BRONX,,,Closed,,The Department of Housing Preservation and Development inspected the following conditions. Violations were issued. Information about specific violations is available at www.nyc.gov/hpd,06/23/2023 12:00:00 AM,07 BRONX,11,Precinct 52,2033560140,BRONX,1019566,259684,PHONE,Unspecified,BRONX,,,,,,,,40.879376169916405,-73.87229087695226,POINT (-73.872290876952 40.879376169916)
57974094,06/22/2023 09:56:03 AM,01/10/2025 12:15:35 AM,DOHMH,Department of Health and Mental Hygiene,Day Care,Day Care Facility,Other,Commercial Building,10032,639 EDGECOMBE AVENUE,EDGECOMBE AVENUE,WEST  165 STREET,WEST  166 STREET,WEST  165 STREET,WEST  166 STREET,ADDRESS,NEW YORK,EDGECOMBE AVENUE,,Closed,,The NYC Health Department has investigated your complaint. You can get the status by calling 311 or (646) 632-6101 on weekdays between 9 AM and 5 PM. This service request has been closed.,01/10/2025 12:15:39 AM,12 MANHATTAN,10,Precinct 33,1021110058,MANHATTAN,1001838,244500,PHONE,Unspecified,MANHATTAN,,,,,,,,40.83775379099363,-73.93643837942923,POINT (-73.936438379429 40.837753790994)
57969207,06/21/2023 02:22:56 AM,06/21/2023 02:50:13 AM,NYPD,New York City Police Department,Blocked Driveway,No Access,,Street/Sidewalk,11223,1709 WEST    8 STREET,WEST    8 STREET,QUENTIN ROAD,KINGS HIGHWAY,QUENTIN ROAD,KINGS HIGHWAY,ADDRESS,BROOKLYN,WEST    8 STREET,,Closed,,The Police Department responded and upon arrival those responsible for the condition were gone.,06/21/2023 02:50:20 AM,11 BROOKLYN,43,Precinct 62,3066490001,BROOKLYN,989479,159884,PHONE,Unspecified,BROOKLYN,,,,,,,,40.60551943476513,-73.98116854980698,POINT (-73.981168549807 40.605519434765)
57972699,06/22/2023 10:04:08 PM,06/23/2023 10:52:40 AM,NYPD,New York City Police Department,Noise - Street/Sidewalk,Loud Music/Party,,Street/Sidewalk,10452,1307 MERRIAM AVENUE,MERRIAM AVENUE,WEST  169 STREET,WEST  170 STREET,WEST  169 STREET,WEST  170 STREET,ADDRESS,BRONX,MERRIAM AVENUE,,Closed,,The Police Department responded and upon arrival those responsible for the condition were gone.,06/23/2023 10:52:48 AM,04 BRONX,16,Precinct 44,2025320043,BRONX,1004684,245579,ONLINE,Unspecified,BRONX,,,,,,,,40.840709204518525,-73.92614988089196,POINT (-73.926149880892 40.840709204519)
57964662,06/21/2023 10:41:43 PM,06/22/2023 05:56:13 AM,NYPD,New York City Police Department,Noise - Street/Sidewalk,Loud Music/Party,,Street/Sidewalk,10452,WEST  164 STREET,WEST  164 STREET,WEST  164 STREET,WOODYCREST AVENUE,WEST  164 STREET,WOODYCREST AVENUE,INTERSECTION,,,,Closed,,The Police Department responded to the complaint and with the information available observed no evidence of the violation at that time.,06/22/2023 05:56:21 AM,04 BRONX,16,Precinct 44,,BRONX,1004147,242588,ONLINE,Unspecified,BRONX,,,,,,,,40.83250100462787,-73.92809951388435,POINT (-73.928099513884 40.832501004628)
57977640,06/22/2023 06:24:14 PM,06/23/2023 12:34:48 AM,NYPD,New York City Police Department,Abandoned Vehicle,With License Plate,,Street/Sidewalk,11385,65 STREET,65 STREET,65 STREET,COOPER AVENUE,65 STREET,COOPER AVENUE,INTERSECTION,,,,Closed,,The Police Department responded to the complaint and took action to fix the condition.,06/23/2023 12:34:53 AM,05 QUEENS,30,Precinct 104,,QUEENS,1014948,193797,PHONE,Unspecified,QUEENS,,,,,,,,40.69855152311624,-73.88929151202201,POINT (-73.889291512022 40.698551523116)
57972258,06/22/2023 11:51:35 AM,06/23/2023 07:52:46 PM,HPD,Department of Housing Preservation and Development,GENERAL,CABINET,DAMAGED OR MISSING,RESIDENTIAL BUILDING,11237,1488 DE KALB AVENUE,DE KALB AVENUE,,,,,ADDRESS,BROOKLYN,,,Closed,,The Department of Housing Preservation and Development inspected the following conditions. Violations were issued. Information about specific violations is available at www.nyc.gov/hpd,06/23/2023 12:00:00 AM,04 BROOKLYN,37,Precinct 83,3032470014,BROOKLYN,1005926,194919,PHONE,Unspecified,BROOKLYN,,,,,,,,40.70165784740123,-73.92182459180998,POINT (-73.92182459181 40.701657847401)
57974175,06/22/2023 09:54:47 AM,06/22/2023 10:13:55 AM,NYPD,New York City Police Department,Non-Emergency Police Matter,Other (complaint details),,Store/Commercial,11372,94-01 37 AVENUE,37 AVENUE,94 STREET,95 STREET,94 STREET,95 STREET,ADDRESS,JACKSON HEIGHTS,37 AVENUE,,Closed,,The Police Department responded to the complaint and determined that police action was not necessary.,06/22/2023 10:13:59 AM,03 QUEENS,21,Precinct 115,4014680049,QUEENS,1019431,212892,ONLINE,Unspecified,QUEENS,,,,,,,,40.75094592135313,-73.87302433517087,POINT (-73.873024335171 40.750945921353)
57962178,06/21/2023 08:35:12 AM,06/21/2023 09:19:29 AM,NYPD,New York City Police Department,Illegal Parking,Posted Parking Sign Violation,,Street/Sidewalk,11694,136 BEACH  117 STREET,BEACH  117 STREET,OCEAN PROMENADE,ROCKAWAY BEACH BOULEVARD,OCEAN PROMENADE,ROCKAWAY BEACH BOULEVARD,ADDRESS,FAR ROCKAWAY,BEACH  117 STREET,,Closed,,The Police Department issued a summons in response to the complaint.,06/21/2023 09:19:33 AM,14 QUEENS,32,Precinct 100,4162267501,QUEENS,1029410,150033,MOBILE,Unspecified,QUEENS,,,,,,,,40.57836693411735,-73.83742913678356,POINT (-73.837429136784 40.578366934117)
57965904,06/21/2023 04:56:41 PM,06/27/2023 02:58:05 PM,DOT,Department of Transportation,Sidewalk Condition,Sidewalk Violation,Dismiss Violation Owner Fixed,Sidewalk,10310,393 BEMENT AVENUE,BEMENT AVENUE,CARY AVENUE,DELAFIELD AVENUE,CARY AVENUE,DELAFIELD AVENUE,ADDRESS,STATEN ISLAND,BEMENT AVENUE,,Closed,,"The Department of Transportation inspected the condition you reported. You can find additional information in the ""Notes to Customer"" field.",06/27/2023 02:58:10 PM,01 STATEN ISLAND,49,Precinct 120,5001640021,STATEN ISLAND,953234,169649,PHONE,Unspecified,STATEN ISLAND,,,,,,,,40.632269572559295,-74.11174422092536,POINT (-74.111744220925 40.632269572559)
57973824,06/22/2023 01:04:19 PM,06/22/2023 01:29:18 PM,NYPD,New York City Police Department,Blocked Driveway,No Access,,Street/Sidewalk,11211,467 KEAP STREET,KEAP STREET,AINSLIE STREET,UNION AVENUE,AINSLIE STREET,UNION AVENUE,ADDRESS,BROOKLYN,KEAP STREET,,Closed,,The Police Department responded and upon arrival those responsible for the condition were gone.,06/22/2023 01:29:24 PM,01 BROOKLYN,34,Precinct 90,3023710042,BROOKLYN,997518,199042,ONLINE,Unspecified,BROOKLYN,,,,,,,,40.71299110779551,-73.95214026620638,POINT (-73.952140266206 40.712991107796)
57964518,06/21/2023 10:33:00 AM,06/23/2023 11:32:00 AM,DSNY,Department of Sanitation,Electronics Waste Appointment,Ewaste appointment,,Sidewalk,10306,302 ROSS AVENUE,ROSS AVENUE,10 STREET,CLAWSON STREET,,,ADDRESS,STATEN ISLAND,,,Closed,,The Department of Sanitation collected the E-waste.,06/23/2023 11:32:00 AM,02 STATEN ISLAND,50,Precinct 122,5042240027,STATEN ISLAND,952489,147060,PHONE,Unspecified,STATEN ISLAND,,,,,,,,40.57026476831841,-74.11432208598967,POINT (-74.11432208599 40.570264768318)
57976641,06/22/2023 05:15:07 PM,06/22/2023 07:15:35 PM,NYPD,New York City Police Department,Blocked Driveway,Partial Access,,Street/Sidewalk,11228,8102 10 AVENUE,10 AVENUE,81 STREET,82 STREET,81 STREET,82 STREET,ADDRESS,BROOKLYN,10 AVENUE,,Closed,,The Police Department responded and upon arrival those responsible for the condition were gone.,06/22/2023 07:15:39 PM,10 BROOKLYN,38,Precinct 68,3060010034,BROOKLYN,979343,165455,ONLINE,Unspecified,BROOKLYN,,,,,,,,40.62081086462307,-74.01767586452512,POINT (-74.017675864525 40.620810864623)
57962187,06/21/2023 06:40:50 PM,06/21/2023 11:18:56 PM,NYPD,New York City Police Department,Illegal Parking,Commercial Overnight Parking,,Street/Sidewalk,10305,61 SCHOOL ROAD,SCHOOL ROAD,BAY STREET,DENNIS TORRICELLI SR STREET,BAY STREET,DENNIS TORRICELLI SR STREET,ADDRESS,STATEN ISLAND,SCHOOL ROAD,,Closed,,The Police Department issued a summons in response to the complaint.,06/21/2023 11:19:01 PM,01 STATEN ISLAND,49,Precinct 120,5030720120,STATEN ISLAND,966822,160179,MOBILE,Unspecified,STATEN ISLAND,,,,,,,,40.60631355445355,-74.06276504940054,POINT (-74.062765049401 40.606313554454)
57969846,06/21/2023 10:20:00 AM,06/04/2024 12:52:44 AM,DOHMH,Department of Health and Mental Hygiene,Food Establishment,Rodents/Insects/Garbage,Garbage Improperly Stored,Restaurant/Bar/Deli/Bakery,11368,105-07 NORTHERN BOULEVARD,NORTHERN BOULEVARD,105 STREET,106 STREET,105 STREET,106 STREET,ADDRESS,CORONA,NORTHERN BOULEVARD,,Closed,,This SR was administratively closed. The issue you reported was addressed.,06/04/2024 12:52:48 AM,03 QUEENS,21,Precinct 115,4017000042,QUEENS,1022054,215371,ONLINE,Unspecified,QUEENS,,,,,,,,40.757739313385414,-73.86354345081357,POINT (-73.863543450814 40.757739313385)
57966786,06/21/2023 08:28:12 PM,06/21/2023 08:49:11 PM,NYPD,New York City Police Department,Noise - Commercial,Loud Music/Party,,Club/Bar/Restaurant,11249,111 NORTH   12 STREET,NORTH   12 STREET,WYTHE AVENUE,BERRY STREET,WYTHE AVENUE,BERRY STREET,ADDRESS,BROOKLYN,NORTH   12 STREET,,Closed,,The Police Department responded to the complaint and took action to fix the condition.,06/21/2023 08:49:15 PM,01 BROOKLYN,33,Precinct 94,3022830001,BROOKLYN,996160,202334,ONLINE,Unspecified,BROOKLYN,,,,,,,,40.72202878901314,-73.95703295734614,POINT (-73.957032957346 40.722028789013)
57968676,06/21/2023 01:12:03 PM,06/21/2023 01:12:03 PM,DOHMH,Department of Health and Mental Hygiene,Rodent,Rat Sighting,,3+ Family Apt. Building,11215,404 4 STREET,4 STREET,6 AVENUE,7 AVENUE,6 AVENUE,7 AVENUE,ADDRESS,BROOKLYN,4 STREET,,Closed,,The Department of Health and Mental Hygiene inspected the property you reported and did not find any violations at the time of the inspection. The property passed inspection.,06/21/2023 01:12:03 PM,06 BROOKLYN,39,Precinct 78,3009860023,BROOKLYN,989702,183566,PHONE,Unspecified,BROOKLYN,,,,,,,,40.67052133041364,-73.98034631378329,POINT (-73.980346313783 40.670521330414)
57976434,06/23/2023 01:58:38 AM,06/23/2023 02:59:17 AM,NYPD,New York City Police Department,Illegal Fireworks,N/A,,Residential Building/House,11412,191-55 115 ROAD,115 ROAD,FARMERS BOULEVARD,194 STREET,FARMERS BOULEVARD,194 STREET,ADDRESS,SAINT ALBANS,115 ROAD,,Closed,,The Police Department responded to the complaint and took action to fix the condition.,06/23/2023 02:59:21 AM,12 QUEENS,27,Precinct 113,4110320041,QUEENS,1050429,192673,ONLINE,Unspecified,QUEENS,,,,,,,,40.695272205900736,-73.76134524145776,POINT (-73.761345241458 40.695272205901)
57964338,06/21/2023 03:32:29 PM,07/07/2023 07:36:05 AM,HPD,Department of Housing Preservation and Development,WATER LEAK,HEAVY FLOW,AT WALL OR CEILING,RESIDENTIAL BUILDING,10303,55 HOLLAND AVENUE,HOLLAND AVENUE,,,,,ADDRESS,STATEN ISLAND,,,Closed,,The Department of Housing Preservation and Development inspected the following conditions. No violations were issued. The complaint has been closed.,07/07/2023 12:00:00 AM,01 STATEN ISLAND,49,Precinct 121,5012720011,STATEN ISLAND,936724,172125,PHONE,Unspecified,STATEN ISLAND,,,,,,,,40.6389924587134,-74.17124364321926,POINT (-74.171243643219 40.638992458713)
57969576,06/21/2023 01:57:15 PM,06/30/2023 09:52:57 AM,HPD,Department of Housing Preservation and Development,PLUMBING,TOILET,BOWL CRACKED OR LEAKING,RESIDENTIAL BUILDING,11417,103-33 91 STREET,91 STREET,,,,,ADDRESS,OZONE PARK,,,Closed,,The Department of Housing Preservation and Development inspected the following conditions. No violations were issued. The complaint has been closed.,06/30/2023 12:00:00 AM,10 QUEENS,32,Precinct 106,4091110032,QUEENS,1026317,187450,PHONE,Unspecified,QUEENS,,,,,,,,40.681083753617514,-73.84833034201013,POINT (-73.84833034201 40.681083753618)
57977028,06/22/2023 09:37:31 AM,06/26/2023 07:39:17 PM,HPD,Department of Housing Preservation and Development,UNSANITARY CONDITION,MOLD,N/A,RESIDENTIAL BUILDING,11203,5522 AVENUE D,AVENUE D,,,,,ADDRESS,BROOKLYN,,,Closed,,The Department of Housing Preservation and Development inspected the following conditions. No violations were issued. The complaint has been closed.,06/26/2023 12:00:00 AM,17 BROOKLYN,45,Precinct 67,,BROOKLYN,1005125,173334,PHONE,Unspecified,BROOKLYN,,,,,,,,40.64241381101666,-73.92478027801155,POINT (-73.924780278012 40.642413811017)
57969747,06/21/2023 08:36:48 AM,10/18/2023 08:59:11 PM,HPD,Department of Housing Preservation and Development,WATER LEAK,HEAVY FLOW,AT WALL OR CEILING,RESIDENTIAL BUILDING,10040,652 WEST  189 STREET,WEST  189 STREET,,,,,ADDRESS,NEW YORK,,,Closed,,The Department of Housing Preservation and Development inspected the following conditions. No violations were issued. The complaint has been closed.,10/18/2023 12:00:00 AM,12 MANHATTAN,10,Precinct 34,1021700302,MANHATTAN,1003205,250744,PHONE,Unspecified,MANHATTAN,,,,,,,,40.85488890086641,-73.93148050224339,POINT (-73.931480502243 40.854888900866)
57962331,06/21/2023 08:49:18 AM,06/22/2023 11:48:36 AM,DSNY,Department of Sanitation,Missed Collection,Recycling - Paper,N/A,Street,10468,2747 SEDGWICK AVENUE,SEDGWICK AVENUE,WEST  195 STREET,WEST  197 STREET,WEST  195 STREET,WEST  197 STREET,ADDRESS,BRONX,SEDGWICK AVENUE,,Closed,,The Department of Sanitation collected the requested items.,06/22/2023 07:18:44 AM,08 BRONX,14,Precinct 50,2032530063,BRONX,1011210,256668,PHONE,Unspecified,BRONX,,,,,,,,40.871127665595964,-73.90251981117667,POINT (-73.902519811177 40.871127665596)
57968190,06/21/2023 02:59:27 AM,06/21/2023 03:23:01 AM,NYPD,New York City Police Department,Noise - Street/Sidewalk,Loud Music/Party,,Street/Sidewalk,11232,9 AVENUE,9 AVENUE,9 AVENUE,43 STREET,9 AVENUE,43 STREET,INTERSECTION,,,,Closed,,The Police Department responded to the complaint and with the information available observed no evidence of the violation at that time.,06/21/2023 03:23:04 AM,12 BROOKLYN,38,Precinct 66,,BROOKLYN,984964,173796,MOBILE,Unspecified,BROOKLYN,,,,,,,,40.64370647354746,-73.99742716573039,POINT (-73.99742716573 40.643706473547)
57977667,06/23/2023 01:28:53 AM,06/23/2023 02:22:24 AM,NYPD,New York City Police Department,Noise - Commercial,Loud Music/Party,,Store/Commercial,11368,103-02 CORONA AVENUE,CORONA AVENUE,103 STREET,104 STREET,103 STREET,104 STREET,ADDRESS,CORONA,CORONA AVENUE,,Closed,,The Police Department responded to the complaint and took action to fix the condition.,06/23/2023 02:22:31 AM,04 QUEENS,21,Precinct 110,4019290056,QUEENS,1023136,210404,ONLINE,Unspecified,QUEENS,,,,,,,,40.74410147849074,-73.85966661464143,POINT (-73.859666614641 40.744101478491)
57970800,06/21/2023 03:40:08 PM,08/17/2023 12:22:37 PM,TLC,Taxi and Limousine Commission,For Hire Vehicle Complaint,Driver Complaint - Non Passenger,Unsafe Driving,Street,11215,158 7 AVENUE,7 AVENUE,GARFIELD PLACE,1 STREET,GARFIELD PLACE,1 STREET,ADDRESS,BROOKLYN,7 AVENUE,,Closed,,A hearing was scheduled at the OATH/Taxi and Limousine Tribunal.,01/09/2024 11:01:03 AM,06 BROOKLYN,39,Precinct 78,3009660040,BROOKLYN,990577,184168,ONLINE,Unspecified,BROOKLYN,,,"158 7 AVENUE, BROOKLYN, NY, 11215",,,,,40.67217310346387,-73.97719149804627,POINT (-73.977191498046 40.672173103464)
57962412,06/21/2023 07:08:47 PM,06/21/2023 07:37:32 PM,NYPD,New York City Police Department,Blocked Driveway,No Access,,Street/Sidewalk,10459,850 EAST  167 STREET,EAST  167 STREET,REV JAMES A POLITE AVENUE,HALL PLACE,REV JAMES A POLITE AVENUE,HALL PLACE,ADDRESS,BRONX,EAST  167 STREET,,Closed,,The Police Department responded to the complaint and took action to fix the condition.,06/21/2023 07:37:36 PM,02 BRONX,17,Precinct 41,2026910181,BRONX,1012559,240289,ONLINE,Unspecified,BRONX,,,,,,,,40.82616795456509,-73.89771134488181,POINT (-73.897711344882 40.826167954565)
57964266,06/21/2023 10:25:46 PM,06/24/2023 02:38:52 PM,HPD,Department of Housing Preservation and Development,HEAT/HOT WATER,APARTMENT ONLY,NO HOT WATER,RESIDENTIAL BUILDING,10009,181 AVENUE C,AVENUE C,,,,,ADDRESS,NEW YORK,,,Closed,,"The Department of Housing Preservation and Development responded to a complaint of no heat or hot water and was advised by a tenant in the building that heat and hot water had been restored. If the condition still exists, please file a new complaint.",06/24/2023 12:00:00 AM,03 MANHATTAN,02,Precinct 9,1003940044,MANHATTAN,990627,204004,ONLINE,Unspecified,MANHATTAN,,,,,,,,40.726618252779886,-73.97699246908341,POINT (-73.976992469083 40.72661825278)
57971583,06/22/2023 12:21:37 PM,06/26/2023 11:55:36 AM,DOHMH,Department of Health and Mental Hygiene,Rodent,Rat Sighting,,3+ Family Apt. Building,10034,116 SEAMAN AVENUE,SEAMAN AVENUE,WEST 204 STREET,PAYSON AVENUE,WEST  204 STREET,PAYSON AVENUE,ADDRESS,NEW YORK,SEAMAN AVENUE,,Closed,,This service request was closed because the Department of Health and Mental Hygiene received an earlier complaint about the same location.  You can find inspection results for this address by going to the online Rat Portal at www.nyc.gov/rats.,06/22/2023 12:21:37 PM,12 MANHATTAN,10,Precinct 34,1022480109,MANHATTAN,1005317,255724,PHONE,Unspecified,MANHATTAN,,,,,,,,40.86855270713376,-73.92383028741098,POINT (-73.923830287411 40.868552707134)
57961836,06/21/2023 01:27:36 PM,04/02/2024 08:11:23 AM,DPR,Department of Parks and Recreation,New Tree Request,For One Address,Street Tree,Street,10023,129 WEST   67 STREET,WEST   67 STREET,BROADWAY,AMSTERDAM AVENUE,BROADWAY,AMSTERDAM AVENUE,ADDRESS,NEW YORK,WEST   67 STREET,,Closed,,"The location was inspected and is suitable for tree planting. Barring any unforeseen issues such as underground utilities and based on available funding, the requested tree will be placed on an upcoming contract. Please note that this process can take up to two years, depending on capacity and the location.   To find out where and when trees will be planted, please visit the Tree Work Hub at nyc.gov/parks/treework.  To learn more about the trees in your neighborhood, visit the NYC Street Tree Map at nyc.gov/parks/treemap.",04/02/2024 08:12:06 AM,07 MANHATTAN,06,Precinct 20,1011390008,MANHATTAN,989029,221601,ONLINE,Unspecified,MANHATTAN,,,,,,,,40.77491857768452,-73.98274537555427,POINT (-73.982745375554 40.774918577685)
57970287,06/21/2023 08:55:51 AM,06/24/2023 01:32:06 PM,DSNY,Department of Sanitation,Dead Animal,Raccoon,Street or Sidewalk,Street,11214,61 BAY   13 STREET,BAY   13 STREET,86 STREET,BENSON AVENUE,86 STREET,BENSON AVENUE,ADDRESS,BROOKLYN,BAY   13 STREET,,Closed,,The Department of Sanitation cleaned the location.,06/22/2023 09:28:58 AM,11 BROOKLYN,47,Precinct 62,,BROOKLYN,982126,160951,ONLINE,Unspecified,BROOKLYN,,,,,,,,40.60844941972157,-74.00764959942605,POINT (-74.007649599426 40.608449419722)
57972924,06/22/2023 01:21:43 PM,06/22/2023 03:15:02 PM,NYPD,New York City Police Department,Abandoned Vehicle,With License Plate,,Street/Sidewalk,11426,242-18 89 AVENUE,89 AVENUE,242 STREET,CROSS ISLAND PARKWAY,242 STREET,CROSS ISLAND PARKWAY,ADDRESS,BELLEROSE,89 AVENUE,,Closed,,The Police Department responded to the complaint and took action to fix the condition.,06/22/2023 03:15:06 PM,13 QUEENS,23,Precinct 105,4079900045,QUEENS,1060374,204559,ONLINE,Unspecified,QUEENS,,,,,,,,40.72781633255694,-73.72534740144076,POINT (-73.725347401441 40.727816332557)
57961809,06/21/2023 08:58:39 PM,,DOT,Department of Transportation,Street Condition,Pothole,,,10128,,,,,EAST 90 STREET,YORK AVENUE,INTERSECTION,MANHATTAN,,N/A,Pending,,The Department of Transportation referred this complaint to the Inspections Unit for further action.,06/22/2023 08:50:00 AM,08 MANHATTAN,05,Precinct 19,,MANHATTAN,999412,222905,UNKNOWN,Unspecified,MANHATTAN,,,,,,,,40.77848600219572,-73.94525452040779,POINT (-73.945254520408 40.778486002196)
57970665,06/21/2023 10:56:00 AM,06/22/2023 12:39:00 AM,DSNY,Department of Sanitation,Derelict Vehicles,Derelict Vehicles,,Street,10462,1661 METROPOLITAN AVENUE,METROPOLITAN AVENUE,RED OAK DRIVE,LINDEN DRIVE,,,ADDRESS,BRONX,,,Closed,,DSNY already has a request to investigate this reportedly abandoned vehicle and cannot open multiple service requests for the same vehicle at once. Your request is being closed while we action the prior report.,06/22/2023 12:00:00 PM,09 BRONX,18,Precinct 43,2039447501,BRONX,1024202,245512,PHONE,Unspecified,BRONX,,,,,,,,40.84045857562654,-73.85561075513262,POINT (-73.855610755133 40.840458575627)
57965103,06/21/2023 08:47:21 PM,06/21/2023 09:40:01 PM,NYPD,New York City Police Department,Blocked Driveway,Partial Access,,Street/Sidewalk,11234,5701 AVENUE L,AVENUE L,EAST   57 STREET,EAST   58 STREET,EAST   57 STREET,EAST   58 STREET,ADDRESS,BROOKLYN,AVENUE L,,Closed,,The Police Department issued a summons in response to the complaint.,06/21/2023 09:40:06 PM,18 BROOKLYN,46,Precinct 63,3078370010,BROOKLYN,1006323,166625,ONLINE,Unspecified,BROOKLYN,,,,,,,,40.62399613141061,-73.9204854232051,POINT (-73.920485423205 40.623996131411)
57963411,06/21/2023 02:46:56 PM,06/04/2024 12:04:11 AM,DOHMH,Department of Health and Mental Hygiene,Smoking,Smoking Violation,Smoking Ban Not Enforced,Residential Building,10016,225 EAST   39 STREET,EAST   39 STREET,QUEENS MIDTOWN TUNNEL EXIT,2 AVENUE,QUEENS MIDTOWN TUNNEL EXIT,2 AVENUE,ADDRESS,NEW YORK,EAST   39 STREET,,Closed,,This SR was administratively closed. The issue you reported was addressed.,06/04/2024 12:04:14 AM,06 MANHATTAN,04,Precinct 17,1009200013,MANHATTAN,991257,211941,ONLINE,Unspecified,MANHATTAN,,,,,,,,40.74840287598902,-73.97471122989725,POINT (-73.974711229897 40.748402875989)
57970917,06/21/2023 05:31:09 PM,06/26/2023 06:44:11 PM,HPD,Department of Housing Preservation and Development,ELECTRIC,NO LIGHTING,ONE ROOM OR AREA,RESIDENTIAL BUILDING,11220,4803 5 AVENUE,5 AVENUE,,,,,ADDRESS,BROOKLYN,,,Closed,,The Department of Housing Preservation and Development inspected the following conditions. Violations were issued. Information about specific violations is available at www.nyc.gov/hpd,06/26/2023 12:00:00 AM,07 BROOKLYN,38,Precinct 72,3007750008,BROOKLYN,981686,174679,PHONE,Unspecified,BROOKLYN,,,,,,,,40.64612977585303,-74.00923947712646,POINT (-74.009239477126 40.646129775853)
57976902,06/22/2023 03:57:16 PM,06/22/2023 04:15:22 PM,NYPD,New York City Police Department,Noise - Residential,Banging/Pounding,,Residential Building/House,11226,726 OCEAN AVENUE,OCEAN AVENUE,REGENT PLACE,BEVERLEY ROAD,REGENT PLACE,BEVERLEY ROAD,ADDRESS,BROOKLYN,OCEAN AVENUE,,Closed,,The Police Department responded to the complaint and determined that police action was not necessary.,06/22/2023 04:15:26 PM,14 BROOKLYN,40,Precinct 70,3051230038,BROOKLYN,995329,174315,ONLINE,Unspecified,BROOKLYN,,,,,,,,40.64512411588355,-73.96007697831942,POINT (-73.960076978319 40.645124115884)
57978495,06/22/2023 09:59:59 AM,06/22/2023 11:01:28 AM,NYPD,New York City Police Department,Illegal Parking,Posted Parking Sign Violation,,Street/Sidewalk,11230,1011 FOSTER AVENUE,FOSTER AVENUE,EAST   10 STREET,CONEY ISLAND AVENUE,EAST   10 STREET,CONEY ISLAND AVENUE,ADDRESS,BROOKLYN,FOSTER AVENUE,,Closed,,The Police Department responded to the complaint and took action to fix the condition.,06/22/2023 11:01:34 AM,14 BROOKLYN,45,Precinct 70,3054290030,BROOKLYN,993359,169572,MOBILE,Unspecified,BROOKLYN,,,,,,,,40.63210784033442,-73.9671822482148,POINT (-73.967182248215 40.632107840334)
57964527,06/21/2023 08:06:09 AM,06/21/2023 08:36:38 AM,NYPD,New York City Police Department,Illegal Parking,Blocked Hydrant,,Street/Sidewalk,10032,562 WEST  161 STREET,WEST  161 STREET,AMSTERDAM AVENUE,BROADWAY,AMSTERDAM AVENUE,BROADWAY,ADDRESS,NEW YORK,WEST  161 STREET,,Closed,,The Police Department responded to the complaint and determined that police action was not necessary.,06/21/2023 08:36:42 AM,12 MANHATTAN,10,Precinct 33,1021190018,MANHATTAN,1000343,243873,MOBILE,Unspecified,MANHATTAN,,,,,,,,40.83603570890171,-73.94184269218287,POINT (-73.941842692183 40.836035708902)
57978837,06/22/2023 08:28:58 AM,06/22/2023 09:02:28 AM,NYPD,New York City Police Department,Blocked Driveway,No Access,,Street/Sidewalk,11234,1344 EAST   72 STREET,EAST   72 STREET,BERGEN COURT,ROYCE PLACE,BERGEN COURT,ROYCE PLACE,ADDRESS,BROOKLYN,EAST   72 STREET,,Closed,,The Police Department issued a summons in response to the complaint.,06/22/2023 09:02:31 AM,18 BROOKLYN,46,Precinct 63,3083690363,BROOKLYN,1008869,166770,PHONE,Unspecified,BROOKLYN,,,,,,,,40.624387416581385,-73.91131332814162,POINT (-73.911313328142 40.624387416581)
57970863,06/21/2023 03:21:32 AM,06/21/2023 03:53:53 AM,NYPD,New York City Police Department,Noise - Residential,Loud Talking,,Residential Building/House,10037,470 LENOX AVENUE,LENOX AVENUE,WEST  133 STREET,WEST  134 STREET,WEST  133 STREET,WEST  134 STREET,ADDRESS,NEW YORK,LENOX AVENUE,,Closed,,The Police Department responded to the complaint and took action to fix the condition.,06/21/2023 03:53:57 AM,10 MANHATTAN,09,Precinct 32,1017300075,MANHATTAN,1000402,235483,ONLINE,Unspecified,MANHATTAN,,,,,,,,40.81300743909306,-73.94164967326812,POINT (-73.941649673268 40.813007439093)
57962232,06/21/2023 07:31:53 PM,06/22/2023 12:25:58 AM,NYPD,New York City Police Department,Illegal Parking,Posted Parking Sign Violation,,Street/Sidewalk,11369,95-03 23 AVENUE,23 AVENUE,95 STREET,96 STREET,95 STREET,96 STREET,ADDRESS,EAST ELMHURST,23 AVENUE,,Closed,,The Police Department responded and upon arrival those responsible for the condition were gone.,06/22/2023 12:26:02 AM,03 QUEENS,21,Precinct 115,4010720041,QUEENS,1018861,219199,ONLINE,Unspecified,QUEENS,,,,,,,,40.76825925264185,-73.87504911271814,POINT (-73.875049112718 40.768259252642)
57965634,06/21/2023 11:55:02 AM,06/26/2023 08:36:49 PM,HPD,Department of Housing Preservation and Development,UNSANITARY CONDITION,MOLD,N/A,RESIDENTIAL BUILDING,11354,35-30 153 STREET,153 STREET,,,,,ADDRESS,FLUSHING,,,Closed,,"The Department of Housing Preservation and Development was not able to gain access to inspect the conditions. If the conditions still exist and an inspection is required, please contact the borough office with your complaint number at 718 286 - 0823 (QUEENS).",06/26/2023 12:00:00 AM,07 QUEENS,20,Precinct 109,4052630026,QUEENS,1036366,218281,PHONE,Unspecified,QUEENS,,,,,,,,40.765653720134736,-73.81186072392012,POINT (-73.81186072392 40.765653720135)
57974832,06/22/2023 06:04:42 AM,06/22/2023 06:31:27 AM,NYPD,New York City Police Department,Illegal Parking,Blocked Hydrant,,Street/Sidewalk,10454,477 EAST  144 STREET,EAST  144 STREET,WILLIS AVENUE,BROOK AVENUE,WILLIS AVENUE,BROOK AVENUE,ADDRESS,BRONX,EAST  144 STREET,,Closed,,The Police Department responded to the complaint and took action to fix the condition.,06/22/2023 06:31:30 AM,01 BRONX,08,Precinct 40,2022890156,BRONX,1007065,235090,MOBILE,Unspecified,BRONX,,,,,,,,40.81191406930961,-73.91758042767479,POINT (-73.917580427675 40.81191406931)
57966165,06/21/2023 08:32:44 AM,06/21/2023 10:31:28 AM,NYPD,New York City Police Department,Illegal Parking,Blocked Hydrant,,Street/Sidewalk,11214,276 BAY   20 STREET,BAY   20 STREET,CROPSEY AVENUE,SHORE PARKWAY,CROPSEY AVENUE,SHORE PARKWAY,ADDRESS,BROOKLYN,BAY   20 STREET,,Closed,,The Police Department responded to the complaint and took action to fix the condition.,06/21/2023 10:31:33 AM,11 BROOKLYN,47,Precinct 62,3064640048,BROOKLYN,982365,158245,MOBILE,Unspecified,BROOKLYN,,,,,,,,40.60102205558412,-74.00678808420709,POINT (-74.006788084207 40.601022055584)
57975462,06/22/2023 09:43:55 AM,07/05/2023 03:35:49 PM,DOT,Department of Transportation,Curb Condition,Curb Defect-Metal Protruding,N/A,Sidewalk,11434,116-03 SUTPHIN BOULEVARD,SUTPHIN BOULEVARD,116 AVENUE,116 ROAD,116 AVENUE,116 ROAD,ADDRESS,JAMAICA,SUTPHIN BOULEVARD,,Closed,,The Department of Transportation has completed the request or corrected the condition.,07/05/2023 03:35:54 PM,12 QUEENS,28,Precinct 113,4122010009,QUEENS,1041770,187967,PHONE,Unspecified,QUEENS,,,,,,,,40.68241586939638,-73.79261138681194,POINT (-73.792611386812 40.682415869396)
57963852,06/21/2023 08:29:00 AM,06/23/2023 01:00:00 PM,DEP,Department of Environmental Protection,Noise,Noise: Construction Equipment (NC1),NC1,,11102,14-27 28 AVENUE,28 AVENUE,14 ST,21 ST,,,ADDRESS,ASTORIA,,N/A,Closed,,"The Department of Environmental Protection (DEP) didn't observe a violation of the NYC Air or Noise Code at the time of inspection and couldn't issue a summons.  If the problem still exists, please go to nyc.gov/311 or call 311 to file a new Service Request. If you're outside of New York City, please call (212) NEW-YORK (212-639-9675).",06/23/2023 01:00:00 PM,01 QUEENS,22,Precinct 114,,QUEENS,1004012,220546,ONLINE,Unspecified,QUEENS,,,,,,,,40.77200208095008,-73.9286522304912,POINT (-73.928652230491 40.77200208095)
57964365,06/21/2023 08:13:30 AM,06/22/2023 12:28:00 PM,DOT,Department of Transportation,Street Condition,Pothole,,,10025,RIVERSIDE DRIVE,RIVERSIDE DRIVE,WEST  100 STREET,WEST  101 STREET,,,BLOCKFACE,MANHATTAN,,N/A,Closed,,The Department of Transportation inspected this complaint and repaired the problem.,06/22/2023 12:28:00 PM,07 MANHATTAN,,Precinct 24,,MANHATTAN,,,UNKNOWN,Unspecified,MANHATTAN,,,,,,,,,,
57966435,06/21/2023 12:08:00 PM,06/22/2023 10:31:00 AM,DEP,Department of Environmental Protection,Lead,Lead Kit Request (Residential) (L10),L10,,10308,4185 AMBOY ROAD,AMBOY ROAD,SHERWOOD PL,ACACIA AVE,,,ADDRESS,STATEN ISLAND,,N/A,Closed,,The Department of Environmental Protection (DEP) mailed you the free lead test kit you requested. The kit includes instructions for collecting a water sample and contact information for DEP's Lead Program Unit if you have any questions. Please use the included pre-paid label to mail the sample to the lab for analysis. It may take the lab up to 30 days to complete their analysis and mail you the test results. This Service Request is closed and no further status will be available from 311.,06/22/2023 10:31:00 AM,03 STATEN ISLAND,51,Precinct 122,5054607501,STATEN ISLAND,940966,138959,PHONE,Unspecified,STATEN ISLAND,,,,,,,,40.54798035096948,-74.1557466115825,POINT (-74.155746611582 40.547980350969)
57973878,06/22/2023 11:07:24 AM,05/13/2025 04:52:07 PM,DPR,Department of Parks and Recreation,New Tree Request,For One Address,Street Tree,Street,11385,509 WOODWARD AVENUE,WOODWARD AVENUE,GREENE AVENUE,BLEECKER STREET,GREENE AVENUE,BLEECKER STREET,ADDRESS,RIDGEWOOD,WOODWARD AVENUE,,Closed,,"In an effort to more fully and efficiently service each city block, NYC Parks is shifting their street tree planting program to a neighborhood approach.  If the site that you requested meets the criteria for planting, NYC Parks will plant a tree through their new Neighborhood Tree Planting Program.   NYC Parks is no longer accepting new tree planting requests. Each neighborhood will be surveyed, inspected, and planted sequentially. NYC Parks foresters will be conducting tree removal, stump removal, and planting block by block and closing all unplantable tree beds. The most heat-vulnerable neighborhoods will be prioritized first.  To learn more about this program, visit nyc.gov/parks/street-tree-planting.  To learn more about the trees in your neighborhood, visit the NYC Tree Map at nyc.gov/parks/treemap.",05/13/2025 04:52:51 PM,05 QUEENS,30,Precinct 104,4033890006,QUEENS,1009242,197000,MOBILE,Unspecified,QUEENS,,,,,,,,40.70736095579753,-73.90985758255928,POINT (-73.909857582559 40.707360955798)
57977145,06/22/2023 04:36:08 PM,07/20/2023 11:03:43 AM,HPD,Department of Housing Preservation and Development,UNSANITARY CONDITION,PESTS,ROACHES,RESIDENTIAL BUILDING,10452,1220 SHAKESPEARE AVENUE,SHAKESPEARE AVENUE,,,,,ADDRESS,BRONX,,,Closed,,"The Department of Housing Preservation and Development was not able to gain access to inspect the following conditions. The complaint has been closed. If the condition still exists, please file a new complaint.",07/20/2023 12:00:00 AM,04 BRONX,16,Precinct 44,2025060024,BRONX,1005479,244390,PHONE,Unspecified,BRONX,,,,,,,,40.837443871036854,-73.92328045193604,POINT (-73.923280451936 40.837443871037)
57963006,06/21/2023 06:14:25 PM,07/02/2023 05:40:01 PM,HPD,Department of Housing Preservation and Development,SAFETY,SMOKE DETECTOR,BROKEN OR MISSING,RESIDENTIAL BUILDING,10458,4575 PARK AVENUE,PARK AVENUE,,,,,ADDRESS,BRONX,,,Closed,,The Department of Housing Preservation and Development inspected the following conditions. No violations were issued. The complaint has been closed.,07/02/2023 12:00:00 AM,06 BRONX,15,Precinct 48,2030310069,BRONX,1013590,251444,PHONE,Unspecified,BRONX,,,,,,,,40.856781786769695,-73.8939372426174,POINT (-73.893937242617 40.85678178677)
57972906,06/22/2023 12:39:30 PM,06/22/2023 12:55:37 PM,NYPD,New York City Police Department,Blocked Driveway,No Access,,Street/Sidewalk,11377,58-01 38 AVENUE,38 AVENUE,58 STREET,59 STREET,58 STREET,59 STREET,ADDRESS,WOODSIDE,38 AVENUE,,Closed,,The Police Department issued a summons in response to the complaint.,06/22/2023 12:55:42 PM,02 QUEENS,26,Precinct 108,4012130016,QUEENS,1010573,211937,PHONE,Unspecified,QUEENS,,,,,,,,40.74835549459244,-73.90499843824557,POINT (-73.904998438246 40.748355494592)
57964590,06/21/2023 09:40:03 AM,07/06/2023 02:05:25 PM,DPR,Department of Parks and Recreation,Dead/Dying Tree,Planted More Than 2 Years Ago,N/A,Street,11365,196-08 58 AVENUE,58 AVENUE,196 STREET,196 PLACE,196 STREET,196 PLACE,ADDRESS,FRESH MEADOWS,58 AVENUE,,Closed,,NYC Parks visited the site and inspected the condition. No work is necessary at this time.,07/06/2023 02:05:32 PM,11 QUEENS,20,Precinct 111,,QUEENS,1044945,210554,ONLINE,Unspecified,QUEENS,,,,,,,,40.74439040003443,-73.78096032004012,POINT (-73.78096032004 40.744390400034)
57966534,06/21/2023 10:38:12 AM,06/21/2023 12:02:53 PM,DSNY,Department of Sanitation,Vendor Enforcement,Food Vendor,In Prohibited Area,Street,10004,25 BROADWAY,BROADWAY,BATTERY PLACE,MORRIS STREET,BATTERY PLACE,MORRIS STREET,ADDRESS,NEW YORK,BROADWAY,,Closed,,N/A,06/21/2023 12:03:01 PM,01 MANHATTAN,01,Precinct 1,1000130027,MANHATTAN,980542,196401,ONLINE,Unspecified,MANHATTAN,,,,,,,,40.70575136036927,-74.01337387786249,POINT (-74.013373877862 40.705751360369)
57969378,06/22/2023 12:29:45 AM,06/22/2023 12:52:19 AM,NYPD,New York City Police Department,Noise - Street/Sidewalk,Loud Talking,,Street/Sidewalk,11212,57 SUTTER AVENUE,SUTTER AVENUE,UNION STREET,TAPSCOTT STREET,UNION STREET,TAPSCOTT STREET,ADDRESS,BROOKLYN,SUTTER AVENUE,,Closed,,The Police Department responded to the complaint and took action to fix the condition.,06/22/2023 12:52:24 AM,16 BROOKLYN,41,Precinct 73,3035100076,BROOKLYN,1006281,181787,ONLINE,Unspecified,BROOKLYN,,,,,,,,40.665612640469234,-73.92058720606265,POINT (-73.920587206063 40.665612640469)
57976875,06/22/2023 10:48:11 AM,08/21/2023 07:30:54 AM,HPD,Department of Housing Preservation and Development,ELECTRIC,LIGHTING,DIMS OR FLICKERS,RESIDENTIAL BUILDING,11238,130 GREENE AVENUE,GREENE AVENUE,,,,,ADDRESS,BROOKLYN,,,Closed,,"The Department of Housing Preservation and Development was not able to gain access to inspect the following conditions. The complaint has been closed. If the condition still exists, please file a new complaint.",08/21/2023 12:00:00 AM,02 BROOKLYN,35,Precinct 88,3019610038,BROOKLYN,993472,189423,ONLINE,Unspecified,BROOKLYN,,,,,,,,40.68659434430742,-73.96674798511643,POINT (-73.966747985116 40.686594344307)
57964149,06/21/2023 10:46:06 PM,06/21/2023 11:13:21 PM,NYPD,New York City Police Department,Noise - Street/Sidewalk,Loud Music/Party,,Street/Sidewalk,11432,161-01 89 AVENUE,89 AVENUE,161 STREET,162 STREET,161 STREET,162 STREET,ADDRESS,JAMAICA,89 AVENUE,,Closed,,The Police Department responded and upon arrival those responsible for the condition were gone.,06/21/2023 11:13:26 PM,12 QUEENS,24,Precinct 103,4097670001,QUEENS,1039742,196713,MOBILE,Unspecified,QUEENS,,,,,,,,40.70643449618068,-73.79985127329999,POINT (-73.7998512733 40.706434496181)
57966570,06/21/2023 07:53:37 AM,06/21/2023 07:53:37 AM,DOB,Department of Buildings,Building/Use,No Certificate Of Occupancy/Illegal/Contrary To CO,,,11222,124 MESEROLE AVENUE,MESEROLE AVENUE,,,,,ADDRESS,BROOKLYN,,,Closed,,"The Department of Buildings reviewed this complaint and closed it. If the problem still exists, please call 311 and file a new complaint. If you are outside of New York City, please call (212) NEW-YORK (212-639-9675).",06/21/2023 12:00:00 AM,01 BROOKLYN,33,Precinct 94,3026210003,BROOKLYN,997663,204309,UNKNOWN,Unspecified,BROOKLYN,,,,,,,,40.727447532771535,-73.95160673285162,POINT (-73.951606732852 40.727447532772)
57974454,06/22/2023 10:20:21 AM,06/25/2023 09:36:15 AM,HPD,Department of Housing Preservation and Development,DOOR/WINDOW,WINDOW PANE,GLASS BROKEN OR MISSING,RESIDENTIAL BUILDING,11212,243 BLAKE AVENUE,BLAKE AVENUE,,,,,ADDRESS,BROOKLYN,,,Closed,,The Department of Housing Preservation and Development inspected the following conditions. Violations were issued. Information about specific violations is available at www.nyc.gov/hpd,06/25/2023 12:00:00 AM,16 BROOKLYN,41,Precinct 73,3035430049,BROOKLYN,1009099,181759,PHONE,Unspecified,BROOKLYN,,,,,,,,40.66552832616327,-73.91042957215915,POINT (-73.910429572159 40.665528326163)
57963222,06/21/2023 08:19:42 AM,06/21/2023 08:23:14 AM,NYPD,New York City Police Department,Traffic,Congestion/Gridlock,,Street/Sidewalk,11368,126 STREET,126 STREET,126 STREET,ROOSEVELT AVENUE,126 STREET,ROOSEVELT AVENUE,INTERSECTION,,,,Closed,,The Police Department responded to the complaint and took action to fix the condition.,06/21/2023 08:23:20 AM,07 QUEENS,21,Precinct 110,,QUEENS,1027679,214505,PHONE,Unspecified,QUEENS,,,,,,,,40.75533652791472,-73.84324519957711,POINT (-73.843245199577 40.755336527915)
57969045,06/21/2023 09:59:57 PM,06/21/2023 10:52:47 PM,NYPD,New York City Police Department,Illegal Parking,Blocked Crosswalk,,Street/Sidewalk,11368,104-04 OTIS AVENUE,OTIS AVENUE,XENIA STREET,GRANGER STREET,XENIA STREET,GRANGER STREET,ADDRESS,CORONA,OTIS AVENUE,,Closed,,The Police Department issued a summons in response to the complaint.,06/21/2023 10:52:51 PM,04 QUEENS,21,Precinct 110,4019570002,QUEENS,1024292,208197,MOBILE,Unspecified,QUEENS,,,,,,,,40.738038662232185,-73.85550793989476,POINT (-73.855507939895 40.738038662232)
57966660,06/21/2023 08:53:40 PM,06/21/2023 09:21:41 PM,NYPD,New York City Police Department,Noise - Street/Sidewalk,Loud Music/Party,,Street/Sidewalk,10458,235 EAST  198 STREET,EAST  198 STREET,VALENTINE AVENUE,BRIGGS AVENUE,VALENTINE AVENUE,BRIGGS AVENUE,ADDRESS,BRONX,EAST  198 STREET,,Closed,,The Police Department responded to the complaint and took action to fix the condition.,06/21/2023 09:21:44 PM,07 BRONX,15,Precinct 52,2033020001,BRONX,1014768,256039,MOBILE,Unspecified,BRONX,,,,,,,,40.86938966975405,-73.88965790721869,POINT (-73.889657907219 40.869389669754)
57976146,06/22/2023 04:23:57 AM,06/22/2023 05:15:23 AM,NYPD,New York City Police Department,Illegal Parking,Blocked Hydrant,,Street/Sidewalk,11420,135-24 122 STREET,122 STREET,135 AVENUE,149 AVENUE,135 AVENUE,149 AVENUE,ADDRESS,SOUTH OZONE PARK,122 STREET,,Closed,,The Police Department issued a summons in response to the complaint.,06/22/2023 05:15:31 AM,10 QUEENS,28,Precinct 106,4118080050,QUEENS,1034681,183344,PHONE,Unspecified,QUEENS,,,,,,,,40.66977003205736,-73.81820532130416,POINT (-73.818205321304 40.669770032057)
57964257,06/21/2023 09:54:18 AM,07/06/2023 11:12:20 AM,HPD,Department of Housing Preservation and Development,GENERAL,COOKING GAS,SHUT-OFF,RESIDENTIAL BUILDING,10031,644 RIVERSIDE DRIVE,RIVERSIDE DRIVE,,,,,ADDRESS,NEW YORK,,,Closed,,The complaint you filed is a duplicate of a condition already reported by another tenant for a building-wide condition. The original complaint is still open. HPD may attempt to contact you to verify the correction of the condition or may conduct an inspection of your unit if the original complainant is not available for verification.,07/06/2023 12:00:00 AM,09 MANHATTAN,07,Precinct 30,1020880114,MANHATTAN,997011,239894,PHONE,Unspecified,MANHATTAN,,,,,,,,40.825119939666216,-73.9538915280206,POINT (-73.953891528021 40.825119939666)
57963123,06/21/2023 09:25:00 AM,06/26/2023 02:52:55 PM,DOT,Department of Transportation,Street Sign - Missing,St Name - Attached to Pole,N/A,Street,10469,1051 BURKE AVENUE,BURKE AVENUE,HONE AVENUE,LURTING AVENUE,HONE AVENUE,LURTING AVENUE,ADDRESS,BRONX,BURKE AVENUE,,Closed,,"The Department of Transportation inspected the condition you reported. You can find additional information in the ""Notes to Customer"" field.",06/26/2023 02:53:00 PM,12 BRONX,12,Precinct 47,2046120010,BRONX,1023687,256738,MOBILE,Unspecified,BRONX,,,,,,,,40.87127286630288,-73.8574059530552,POINT (-73.857405953055 40.871272866303)
57975426,06/22/2023 04:05:39 PM,06/22/2023 04:05:39 PM,DOHMH,Department of Health and Mental Hygiene,Animal Facility - No Permit,N/A,,Kennel/Animal Shelter,11231,535 CLINTON STREET,CLINTON STREET,LUQUER STREET,NELSON STREET,LUQUER STREET,NELSON STREET,ADDRESS,BROOKLYN,CLINTON STREET,,Closed,,"The Department of Health and Mental Hygiene tried to inspect the property you reported but could not access the site. If you have information that will help the inspector access the site, please go online to nyc.gov/311 or call 311 and refile your complaint with contact information.",06/22/2023 04:05:39 PM,06 BROOKLYN,39,Precinct 76,3003770004,BROOKLYN,984097,186058,ONLINE,Unspecified,BROOKLYN,,,,,,,,40.67736298768988,-74.00055159986239,POINT (-74.000551599862 40.67736298769)
59455323,10/02/2023 12:30:42 PM,10/03/2023 12:00:00 AM,HPD,Department of Housing Preservation and Development,Paint/Plaster,Ceiling,Chipped/Peeling/Flaking,Public Area,11214,8001 NEW UTRECHT AVENUE,NEW UTRECHT AVENUE,NEW UTRECHT AVENUE,18 AVENUE,NEW UTRECHT AVENUE,18 AVENUE,ADDRESS,BROOKLYN,NEW UTRECHT AVENUE,,Closed,,,10/03/2023 12:00:00 AM,11 BROOKLYN,38,Precinct 62,3062840019,BROOKLYN,984022,162089,PHONE,Unspecified,BROOKLYN,,,,,,,,40.611573247646994,-74.00082118186488,POINT (-74.000821181865 40.611573247647)
57969972,06/21/2023 08:07:00 AM,11/06/2023 03:48:00 PM,DOT,Department of Transportation,Street Light Condition,Foreign Attachment On Lamppost,Location Type: Other,,10036,WEST   44 STREET,WEST   44 STREET,11 AVENUE,10 AVENUE,,,BLOCKFACE,MANHATTAN,,,Closed,,Service Request status for this request is available on the Department of Transportationâs website. Please click the âLearn Moreâ link below.,11/06/2023 03:48:00 PM,04 MANHATTAN,,Precinct 18,,MANHATTAN,,,UNKNOWN,Unspecified,MANHATTAN,,,,,,,,,,
57967596,06/21/2023 08:53:45 AM,06/21/2023 10:05:41 AM,NYPD,New York City Police Department,Illegal Parking,Blocked Hydrant,,Street/Sidewalk,11215,407 16 STREET,16 STREET,8 AVENUE,PROSPECT PARK WEST,8 AVENUE,PROSPECT PARK WEST,ADDRESS,BROOKLYN,16 STREET,,Closed,,The Police Department responded and upon arrival those responsible for the condition were gone.,06/21/2023 10:05:47 AM,07 BROOKLYN,39,Precinct 72,3011050001,BROOKLYN,989171,180215,ONLINE,Unspecified,BROOKLYN,,,,,,,,40.661323891137116,-73.98226293935059,POINT (-73.982262939351 40.661323891137)
57961503,06/21/2023 05:11:55 PM,06/28/2023 03:49:32 PM,HPD,Department of Housing Preservation and Development,ELECTRIC,NO LIGHTING,ONE ROOM OR AREA,RESIDENTIAL BUILDING,11213,1018 EASTERN PARKWAY,EASTERN PARKWAY,,,,,ADDRESS,BROOKLYN,,,Closed,,The Department of Housing Preservation and Development inspected the following conditions. No violations were issued. The complaint has been closed.,06/28/2023 12:00:00 AM,09 BROOKLYN,35,Precinct 71,3013950033,BROOKLYN,1002334,183015,ONLINE,Unspecified,BROOKLYN,,,,,,,,40.668992167813315,-73.93481123570182,POINT (-73.934811235702 40.668992167813)
57973779,06/22/2023 04:52:49 PM,06/23/2023 12:00:00 AM,DOB,Department of Buildings,Building/Use,Illegal Conversion Of Residential Building/Space,,,10304,102 ATLANTIC AVENUE,ATLANTIC AVENUE,,,,,ADDRESS,STATEN ISLAND,,,Closed,,"The Department of Buildings attempted to investigate this complaint but could not locate the premises. If the problem still exists, please call 311 and file a new complaint with additional information about how to locate the building. If you are outside of New York City, please call (212) NEW-YORK (212-639-9675).",06/23/2023 12:00:00 AM,02 STATEN ISLAND,50,Precinct 122,,STATEN ISLAND,957847,155479,UNKNOWN,Unspecified,STATEN ISLAND,,,,,,,,40.59339081816178,-74.09506914584455,POINT (-74.095069145845 40.593390818162)
57961953,06/21/2023 07:04:29 AM,07/27/2023 12:10:21 PM,EDC,Economic Development Corporation,Noise - Helicopter,Other,Flying Too Low,Above Address,11201,267A STATE STREET,STATE STREET,SMITH STREET,HOYT STREET,SMITH STREET,HOYT STREET,ADDRESS,BROOKLYN,STATE STREET,,Closed,,"The New York City Economic Development Corporation determined that this issue is not within its jurisdiction because the helicopter did not belong to a tour company departing from a NYC heliport.Â  Instead, it was most likely a law enforcement or news gathering helicopter not subject to the routing protocols established for tour helicopters. It may also have been a helicopter that departed as a charter or tour from another City but flew over NYC airspace. Helicopter tours originating from outside NYC are not subject to the same City regulations as tours departing from heliports managed by NYCEDC. Any City regulation of these flights is pre-empted by federal law and subject only to the jurisdiction of the Federal Aviation Administration. To file a complaint with the FAA, you can contact the New York Flight Standards District Office at the following web address:Â https://www.faa.gov/about/office_org/field_offices/fsdo/",07/27/2023 12:10:27 PM,02 BROOKLYN,33,Precinct 84,3001700060,BROOKLYN,987531,190313,ONLINE,Unspecified,BROOKLYN,,,,,,,,40.68904138624274,-73.98816917562395,POINT (-73.988169175624 40.689041386243)
57971763,06/22/2023 06:47:52 PM,06/23/2023 01:44:35 PM,DPR,Department of Parks and Recreation,Overgrown Tree/Branches,Blocking Street,N/A,Street,10465,2917 OTIS AVENUE,OTIS AVENUE,EAST TREMONT AVENUE,EDISON AVENUE,EAST TREMONT AVENUE,EDISON AVENUE,ADDRESS,BRONX,OTIS AVENUE,,Closed,,NYC Parks visited the site and inspected the condition. No work is necessary at this time.,06/23/2023 01:44:39 PM,10 BRONX,13,Precinct 45,,BRONX,1032094,242681,ONLINE,Unspecified,BRONX,,,,,,,,40.83264908402087,-73.82710879222691,POINT (-73.827108792227 40.832649084021)
57975669,06/22/2023 03:23:00 PM,06/22/2023 05:15:00 PM,DEP,Department of Environmental Protection,Sewer,Sewer Backup (Use Comments) (SA),SA,,10301,24 CLINTON AVENUE,CLINTON AVENUE,RICHMOND TER,VAN BUREN ST,,,ADDRESS,STATEN ISLAND,,,Closed,,The Department of Environmental Protection investigated this complaint and found there was no sewer back up in the city system at the time of the inspection.,06/22/2023 05:15:00 PM,01 STATEN ISLAND,49,Precinct 120,5000700041,STATEN ISLAND,956944,173906,PHONE,Unspecified,STATEN ISLAND,,,,,,,,40.643966334719714,-74.09839509935144,POINT (-74.098395099351 40.64396633472)
57977487,06/23/2023 12:04:16 AM,06/23/2023 12:27:23 AM,NYPD,New York City Police Department,Illegal Parking,Paper License Plates,,Street/Sidewalk,10467,3320 KOSSUTH AVENUE,KOSSUTH AVENUE,EAST  208 STREET,EAST  210 STREET,EAST  208 STREET,EAST  210 STREET,ADDRESS,BRONX,KOSSUTH AVENUE,,Closed,,The Police Department reviewed your complaint and provided additional information below.,06/23/2023 12:27:28 AM,07 BRONX,11,Precinct 52,2033260064,BRONX,1016890,259709,ONLINE,Unspecified,BRONX,,,,,,,,40.879455089466134,-73.88196764897191,POINT (-73.881967648972 40.879455089466)
57964239,06/21/2023 05:11:29 AM,06/21/2023 07:24:07 PM,HPD,Department of Housing Preservation and Development,HEAT/HOT WATER,ENTIRE BUILDING,NO HOT WATER,RESIDENTIAL BUILDING,10462,16 METROPOLITAN OVAL,METROPOLITAN OVAL,,,,,ADDRESS,BRONX,,,Closed,,The Department of Housing Preservation and Development inspected the following conditions. No violations were issued. The complaint has been closed.,06/21/2023 12:00:00 AM,09 BRONX,18,Precinct 43,2039437501,BRONX,1023228,244713,MOBILE,Unspecified,BRONX,,,,,,,,40.83826990869255,-73.85913549481384,POINT (-73.859135494814 40.838269908693)
57965985,06/21/2023 05:31:17 PM,06/21/2023 05:31:17 PM,DOHMH,Department of Health and Mental Hygiene,Rodent,Rat Sighting,,3+ Family Apt. Building,11385,1674 WOODBINE STREET,WOODBINE STREET,ST NICHOLAS AVENUE,CYPRESS AVENUE,ST NICHOLAS AVENUE,CYPRESS AVENUE,ADDRESS,RIDGEWOOD,WOODBINE STREET,,Closed,,The Department of Health and Mental Hygiene found violations on the property you reported. Follow-up inspections will be scheduled.,06/21/2023 05:31:17 PM,05 QUEENS,34,Precinct 104,4034500029,QUEENS,1009576,194568,ONLINE,Unspecified,QUEENS,,,,,,,,40.70068474148917,-73.9086620416788,POINT (-73.908662041679 40.700684741489)
57965679,06/21/2023 04:13:32 PM,07/07/2023 03:21:27 PM,HPD,Department of Housing Preservation and Development,UNSANITARY CONDITION,PESTS,FLIES,RESIDENTIAL BUILDING,10455,701 ELTON AVENUE,ELTON AVENUE,,,,,ADDRESS,BRONX,,,Closed,,The Department of Housing Preservation and Development inspected the following conditions. No violations were issued. The complaint has been closed.,07/07/2023 12:00:00 AM,01 BRONX,17,Precinct 40,2023760023,BRONX,1007922,237786,PHONE,Unspecified,BRONX,,,,,,,,40.81931157625939,-73.91447499370537,POINT (-73.914474993705 40.819311576259)
57976002,06/22/2023 02:01:45 PM,06/22/2023 02:06:57 PM,NYPD,New York City Police Department,Illegal Parking,Blocked Bike Lane,,Street/Sidewalk,11109,47-40 CENTER BOULEVARD,CENTER BOULEVARD,47 ROAD,48 AVENUE,47 ROAD,48 AVENUE,ADDRESS,LONG ISLAND CITY,CENTER BOULEVARD,,Closed,,The Police Department responded to the complaint and took action to fix the condition.,06/22/2023 02:07:00 PM,02 QUEENS,26,Precinct 108,4000190021,QUEENS,996047,210827,ONLINE,Unspecified,QUEENS,,,,,,,,40.745340133185714,-73.9574257294692,POINT (-73.957425729469 40.745340133186)
57972591,06/22/2023 09:15:19 PM,06/23/2023 11:07:21 AM,DCWP,Department of Consumer and Worker Protection,Consumer Complaint,Supermarket or Grocery Store,Expired Medication,Business,11235,1901 EMMONS AVENUE,EMMONS AVENUE,EAST   19 STREET,OCEAN AVENUE,EAST   19 STREET,OCEAN AVENUE,ADDRESS,BROOKLYN,EMMONS AVENUE,,Closed,,"The Department of Consumer and Worker Protection (DCWP) determined this issue isn't within its jurisdiction.  Unfortunately, DCWP doesn't know of any agency that can act on the complaint and can't provide further assistance.",06/23/2023 11:07:25 AM,15 BROOKLYN,48,Precinct 61,3087750041,BROOKLYN,998296,151889,ONLINE,Unspecified,BROOKLYN,,,,,,,,40.58356518296743,-73.94943208822441,POINT (-73.949432088224 40.583565182967)
57976299,06/22/2023 09:09:46 AM,07/12/2023 03:51:44 PM,DSNY,Department of Sanitation,Street Sweeping Complaint,Inadequate Sweeping,Caused by a parked vehicle,Street,11233,211 SUMPTER STREET,SUMPTER STREET,HOWARD AVENUE,SARATOGA AVENUE,HOWARD AVENUE,SARATOGA AVENUE,ADDRESS,BROOKLYN,SUMPTER STREET,,Closed,,The Department of Sanitation cleaned the location.,07/06/2023 01:31:57 PM,03 BROOKLYN,41,Precinct 81,3015190045,BROOKLYN,1007186,187142,PHONE,Unspecified,BROOKLYN,,,,,,,,40.68030860873998,-73.91730682911756,POINT (-73.917306829118 40.68030860874)
57973122,06/22/2023 08:18:43 AM,06/22/2023 08:36:27 AM,NYPD,New York City Police Department,Panhandling,N/A,,Subway,,,,,,,,,,,,Closed,,The Police Department responded to the complaint and took action to fix the condition.,06/22/2023 08:36:31 AM,Unspecified MANHATTAN,,Unspecified,,MANHATTAN,989340,222945,MOBILE,Unspecified,MANHATTAN,,,,2,,Amsterdam Av & W 72 St,Entrance,40.77860733030423,-73.98162148906776,POINT (-73.981621489068 40.778607330304)
57974859,06/22/2023 09:58:29 AM,06/22/2023 02:17:29 PM,NYPD,New York City Police Department,Illegal Parking,Posted Parking Sign Violation,,Street/Sidewalk,10456,381 EAST  166 STREET,EAST  166 STREET,CLAY AVENUE,WEBSTER AVENUE,CLAY AVENUE,WEBSTER AVENUE,ADDRESS,BRONX,EAST  166 STREET,,Closed,,The Police Department responded to the complaint and determined that police action was not necessary.,06/22/2023 02:17:35 PM,04 BRONX,16,Precinct 44,2024260001,BRONX,1008570,241456,PHONE,Unspecified,BRONX,,,,,,,,40.829382918975035,-73.9121205219494,POINT (-73.912120521949 40.829382918975)
57969765,06/21/2023 11:20:05 AM,09/12/2023 01:42:03 PM,TLC,Taxi and Limousine Commission,For Hire Vehicle Complaint,Driver Complaint - Non Passenger,Unsafe Driving,Street,11217,367 DEAN STREET,DEAN STREET,3 AVENUE,4 AVENUE,3 AVENUE,4 AVENUE,ADDRESS,BROOKLYN,DEAN STREET,,Closed,,The Taxi and Limousine Commission (TLC) reviewed your complaint. The driver or owner pled guilty to a violation and paid a fine. TLC has sent you a written confirmation of this outcome.,09/12/2023 01:42:06 PM,02 BROOKLYN,33,Precinct 84,3001920042,BROOKLYN,989890,188230,ONLINE,Unspecified,BROOKLYN,,,"367 DEAN STREET, BROOKLYN, NY, 11217",,,,,40.683322839292906,-73.97966469741375,POINT (-73.979664697414 40.683322839293)
57961719,06/21/2023 07:21:31 PM,06/21/2023 09:13:29 PM,NYPD,New York City Police Department,Drug Activity,Use Outside,,Street/Sidewalk,11432,82-68 164 STREET,164 STREET,82 ROAD,GRAND CENTRAL PARKWAY,82 ROAD,GRAND CENTRAL PARKWAY,ADDRESS,JAMAICA,164 STREET,,Closed,,The Police Department responded to the complaint and determined that police action was not necessary.,06/21/2023 09:13:34 PM,08 QUEENS,24,Precinct 107,4068580001,QUEENS,1038740,200651,ONLINE,Unspecified,QUEENS,,,,,,,,40.71724956934783,-73.80343340538089,POINT (-73.803433405381 40.717249569348)
57971223,06/22/2023 09:36:39 AM,06/22/2023 10:41:04 AM,NYPD,New York City Police Department,Illegal Parking,Posted Parking Sign Violation,,Street/Sidewalk,11225,215 RUTLAND ROAD,RUTLAND ROAD,BEDFORD AVENUE,ROGERS AVENUE,BEDFORD AVENUE,ROGERS AVENUE,ADDRESS,BROOKLYN,RUTLAND ROAD,,Closed,,The Police Department responded and upon arrival those responsible for the condition were gone.,06/22/2023 10:41:08 AM,09 BROOKLYN,40,Precinct 71,3050350053,BROOKLYN,997019,179443,MOBILE,Unspecified,BROOKLYN,,,,,,,,40.659197081779325,-73.95397737948974,POINT (-73.95397737949 40.659197081779)
57969882,06/21/2023 04:57:37 PM,06/21/2023 05:35:16 PM,NYPD,New York City Police Department,Abandoned Vehicle,With License Plate,,Street/Sidewalk,11201,120 NASSAU STREET,NASSAU STREET,JAY STREET,BRIDGE PLAZA COURT,JAY STREET,BRIDGE PLAZA COURT,ADDRESS,BROOKLYN,NASSAU STREET,,Closed,,The Police Department reviewed your complaint and provided additional information below.,06/21/2023 05:35:20 PM,02 BROOKLYN,33,Precinct 84,3001077501,BROOKLYN,987949,193754,MOBILE,Unspecified,BROOKLYN,,,,,,,,40.69848596973355,-73.98666003690991,POINT (-73.98666003691 40.698485969734)
57977217,06/22/2023 01:31:00 PM,06/24/2023 01:40:00 AM,DOT,Department of Transportation,Street Light Condition,Street Light Out,Location Type: Intersection,,10023,,,,,AMSTERDAM AVENUE,WEST 66 STREET,INTERSECTION,MANHATTAN,,,Closed,,Service Request status for this request is available on the Department of Transportationâs website. Please click the âLearn Moreâ link below.,06/24/2023 01:40:00 AM,07 MANHATTAN,06,Precinct 20,,MANHATTAN,988567,221561,UNKNOWN,Unspecified,MANHATTAN,,,,,,,,40.77480902588772,-73.98441345655955,POINT (-73.98441345656 40.774809025888)
57967281,06/21/2023 07:00:34 PM,06/21/2023 08:57:32 PM,NYPD,New York City Police Department,Illegal Parking,Blocked Sidewalk,,Street/Sidewalk,11101,36-07 37 STREET,37 STREET,36 AVENUE,37 AVENUE,36 AVENUE,37 AVENUE,ADDRESS,LONG ISLAND CITY,37 STREET,,Closed,,The Police Department responded and upon arrival those responsible for the condition were gone.,06/21/2023 08:57:36 PM,01 QUEENS,26,Precinct 114,4006370030,QUEENS,1004995,214029,MOBILE,Unspecified,QUEENS,,,,,,,,40.7541123486671,-73.92512336839486,POINT (-73.925123368395 40.754112348667)
57966840,06/21/2023 05:30:45 PM,07/07/2023 11:46:58 AM,HPD,Department of Housing Preservation and Development,GENERAL,CABINET,DAMAGED OR MISSING,RESIDENTIAL BUILDING,11213,1515 ST JOHNS PLACE,ST JOHNS PLACE,,,,,ADDRESS,BROOKLYN,,,Closed,,The Department of Housing Preservation and Development inspected the following conditions. No violations were issued. The complaint has been closed.,07/07/2023 12:00:00 AM,08 BROOKLYN,36,Precinct 77,3013800074,BROOKLYN,1004370,183529,PHONE,Unspecified,BROOKLYN,,,,,,,,40.67039858960956,-73.92747038135592,POINT (-73.927470381356 40.67039858961)
57977055,06/22/2023 10:14:42 PM,06/23/2023 12:14:58 PM,HPD,Department of Housing Preservation and Development,PAINT/PLASTER,WALL,CHIPPED/PEELING/FLAKING,RESIDENTIAL BUILDING,10458,2735 MARION AVENUE,MARION AVENUE,,,,,ADDRESS,BRONX,,,Closed,,"The Department of Housing Preservation and Development contacted an occupant of the apartment and verified that the following conditions were corrected. The complaint has been closed. If the condition still exists, please file a new complaint.",06/23/2023 12:00:00 AM,07 BRONX,15,Precinct 52,2032880035,BRONX,1015068,254879,PHONE,Unspecified,BRONX,,,,,,,,40.866204783245244,-73.88857855130807,POINT (-73.888578551308 40.866204783245)
57964869,06/21/2023 09:59:59 AM,06/21/2023 09:59:59 AM,DOB,Department of Buildings,General Construction/Plumbing,Building Permit - None,,,11220,6642 RIDGE BOULEVARD,RIDGE BOULEVARD,,,,,ADDRESS,BROOKLYN,,,Assigned,,The Department of Buildings has reviewed this complaint and has reassigned it to our Executive Inspections Unit.,06/21/2023 12:00:00 AM,10 BROOKLYN,43,Precinct 68,3058400027,BROOKLYN,976684,172142,UNKNOWN,Unspecified,BROOKLYN,,,,,,,,40.639163395571266,-74.02726153935176,POINT (-74.027261539352 40.639163395571)
57975444,06/22/2023 11:49:50 AM,11/01/2023 03:31:06 PM,DPR,Department of Parks and Recreation,Root/Sewer/Sidewalk Condition,Trees and Sidewalks Program,Free Repair,Street,10473,1863 O'BRIEN AVENUE,O'BRIEN AVENUE,LELAND AVENUE,UNDERHILL AVENUE,LELAND AVENUE,UNDERHILL AVENUE,ADDRESS,BRONX,O'BRIEN AVENUE,,Closed,,"NYC Parks inspected and determined this site does not rate high enough to be repaired by NYC Parks at this time.   We understand conditions may become worse over time. In three years, you may submit a service request via 311, the Parks website, or NYC Tree Map for a new inspection.   You can repair the sidewalk yourself by hiring an independent contractor. The contractor must complete a Tree Work Permit application on the NYC Parks website.",11/01/2023 03:31:18 PM,09 BRONX,18,Precinct 43,2034720007,BRONX,1023435,234822,ONLINE,Unspecified,BRONX,,,,,,,,40.81112104301652,-73.85844517251805,POINT (-73.858445172518 40.811121043017)
57968064,06/21/2023 08:10:28 PM,06/21/2023 08:35:58 PM,NYPD,New York City Police Department,Noise - Residential,Loud Music/Party,,Residential Building/House,10011,225 WEST   13 STREET,WEST   13 STREET,7 AVENUE,GREENWICH AVENUE,7 AVENUE,GREENWICH AVENUE,ADDRESS,NEW YORK,WEST   13 STREET,,Closed,,The Police Department responded to the complaint and determined that police action was not necessary.,06/21/2023 08:36:06 PM,02 MANHATTAN,03,Precinct 6,1006180052,MANHATTAN,983916,208262,ONLINE,Unspecified,MANHATTAN,,,,,,,,40.73830770956771,-74.00120524751676,POINT (-74.001205247517 40.738307709568)
57963528,06/21/2023 01:30:33 PM,06/21/2023 02:09:26 PM,NYPD,New York City Police Department,Illegal Parking,Posted Parking Sign Violation,,Street/Sidewalk,10022,599 LEXINGTON AVENUE,LEXINGTON AVENUE,EAST   52 STREET,EAST   53 STREET,EAST   52 STREET,EAST   53 STREET,ADDRESS,NEW YORK,LEXINGTON AVENUE,,Closed,,The Police Department responded to the complaint and took action to fix the condition.,06/21/2023 02:09:30 PM,06 MANHATTAN,04,Precinct 17,1013070023,MANHATTAN,992269,215538,MOBILE,Unspecified,MANHATTAN,,,,,,,,40.758274868288,-73.971054559218,POINT (-73.971054559218 40.758274868288)
57971457,06/22/2023 08:19:23 AM,06/22/2023 09:12:33 AM,NYPD,New York City Police Department,Illegal Parking,Blocked Crosswalk,,Street/Sidewalk,11203,1326 NEW YORK AVENUE,NEW YORK AVENUE,AVENUE D,NEWKIRK AVENUE,AVENUE D,NEWKIRK AVENUE,ADDRESS,BROOKLYN,NEW YORK AVENUE,,Closed,,The Police Department issued a summons in response to the complaint.,06/22/2023 09:12:37 AM,17 BROOKLYN,45,Precinct 67,3049660019,BROOKLYN,999352,172685,MOBILE,Unspecified,BROOKLYN,,,,,,,,40.64064417076192,-73.94558380605457,POINT (-73.945583806055 40.640644170762)
57963114,06/21/2023 05:36:44 PM,06/22/2023 08:55:57 AM,NYPD,New York City Police Department,Non-Emergency Police Matter,Other (complaint details),,Street/Sidewalk,11378,59 AVENUE,59 AVENUE,59 AVENUE,FRESH POND ROAD,59 AVENUE,FRESH POND ROAD,INTERSECTION,,,,Closed,,The Police Department responded and upon arrival those responsible for the condition were gone.,06/22/2023 08:56:02 AM,05 QUEENS,30,Precinct 104,,QUEENS,1011278,201391,UNKNOWN,Unspecified,QUEENS,,,,,,,,40.71940721128745,-73.90249641122725,POINT (-73.902496411227 40.719407211287)
57976569,06/22/2023 09:56:08 AM,08/02/2023 12:00:00 AM,DOB,Department of Buildings,General Construction/Plumbing,Debris - Excessive,,,10458,665 EAST  183 STREET,EAST  183 STREET,,,,,ADDRESS,BRONX,,,Closed,,The Department of Buildings investigated this complaint and determined that no further action was necessary.,08/02/2023 12:00:00 AM,06 BRONX,15,Precinct 48,2030880054,BRONX,1015543,249848,UNKNOWN,Unspecified,BRONX,,,,,,,,40.8523945397587,-73.88688469476638,POINT (-73.886884694766 40.852394539759)
57962502,06/21/2023 08:53:00 AM,06/21/2023 09:35:00 AM,DEP,Department of Environmental Protection,Sewer,Sewer Backup (Use Comments) (SA),SA,,10306,3470 AMBOY ROAD,AMBOY ROAD,JUNCTION CT,BAY TER,,,ADDRESS,STATEN ISLAND,,,Closed,,The Department of Environmental Protection investigated this complaint and found there was no sewer back up in the city system at the time of the inspection.,06/21/2023 09:35:00 AM,03 STATEN ISLAND,51,Precinct 122,5050160024,STATEN ISLAND,945748,142315,PHONE,Unspecified,STATEN ISLAND,,,,,,,,40.55721396717232,-74.138558916173,POINT (-74.138558916173 40.557213967172)
57967956,06/21/2023 01:02:17 PM,06/21/2023 01:29:28 PM,NYPD,New York City Police Department,Noise - Residential,Loud Music/Party,,Residential Building/House,11421,76-30 PARK LANE SOUTH,PARK LANE SOUTH,76 STREET,79 STREET,76 STREET,79 STREET,ADDRESS,WOODHAVEN,PARK LANE SOUTH,,Closed,,The Police Department responded to the complaint and determined that police action was not necessary.,06/21/2023 01:29:31 PM,09 QUEENS,32,Precinct 102,4088460008,QUEENS,1021412,192594,ONLINE,Unspecified,QUEENS,,,,,,,,40.69522478779597,-73.8659865770532,POINT (-73.865986577053 40.695224787796)
57967065,06/21/2023 12:52:15 PM,06/25/2023 06:33:05 PM,HPD,Department of Housing Preservation and Development,UNSANITARY CONDITION,PESTS,FLIES,RESIDENTIAL BUILDING,10462,2140 BARNES AVENUE,BARNES AVENUE,,,,,ADDRESS,BRONX,,,Closed,,The Department of Housing Preservation and Development inspected the following conditions. Violations were issued. Information about specific violations is available at www.nyc.gov/hpd,06/25/2023 12:00:00 AM,11 BRONX,13,Precinct 49,2043220010,BRONX,1021913,250687,ONLINE,Unspecified,BRONX,,,,,,,,40.8546724674753,-73.86385427474612,POINT (-73.863854274746 40.854672467475)
57972366,06/22/2023 03:04:36 PM,06/22/2023 03:27:20 PM,NYPD,New York City Police Department,Illegal Parking,Posted Parking Sign Violation,,Street/Sidewalk,11238,644 VANDERBILT AVENUE,VANDERBILT AVENUE,PROSPECT PLACE,PARK PLACE,PROSPECT PLACE,PARK PLACE,ADDRESS,BROOKLYN,VANDERBILT AVENUE,,Closed,,The Police Department responded to the complaint and determined that police action was not necessary.,06/22/2023 03:27:27 PM,08 BROOKLYN,35,Precinct 78,3011580047,BROOKLYN,992819,185932,ONLINE,Unspecified,BROOKLYN,,,,,,,,40.677013000059794,-73.96910696396306,POINT (-73.969106963963 40.67701300006)
57977991,06/22/2023 03:17:13 AM,06/26/2023 02:54:22 PM,DOT,Department of Transportation,Street Condition,Line/Marking - Faded,N/A,Crosswalk,11385,66-99 FRESH POND ROAD,FRESH POND ROAD,PUTNAM AVENUE,MYRTLE AVENUE LINE,PUTNAM AVENUE,MYRTLE AVENUE LINE,ADDRESS,RIDGEWOOD,FRESH POND ROAD,,Closed,,"The Department of Transportation inspected the condition you reported. You can find additional information in the ""Notes to Customer"" field.",06/26/2023 02:54:27 PM,05 QUEENS,30,Precinct 104,4036190003,QUEENS,1012887,196533,ONLINE,Unspecified,QUEENS,,,,,,,,40.70606810580157,-73.89671260857907,POINT (-73.896712608579 40.706068105802)
57972285,06/22/2023 02:49:35 PM,06/27/2023 05:45:18 PM,HPD,Department of Housing Preservation and Development,PLUMBING,BATHTUB/SHOWER,FAUCET BROKEN/MISSING/LEAKING,RESIDENTIAL BUILDING,10453,156 EAST  178 STREET,EAST  178 STREET,,,,,ADDRESS,BRONX,,,Closed,,The Department of Housing Preservation and Development inspected the following conditions. No violations were issued. The complaint has been closed.,06/27/2023 12:00:00 AM,05 BRONX,14,Precinct 46,2028080009,BRONX,1010176,249243,PHONE,Unspecified,BRONX,,,,,,,,40.85075138602628,-73.90628719834551,POINT (-73.906287198346 40.850751386026)
57964302,06/21/2023 10:13:37 AM,06/22/2023 09:31:02 AM,HPD,Department of Housing Preservation and Development,PAINT/PLASTER,WALL,CHIPPED/PEELING/FLAKING,RESIDENTIAL BUILDING,10460,437 MORRIS PARK AVENUE,MORRIS PARK AVENUE,,,,,ADDRESS,BRONX,,,Closed,,The Department of Housing Preservation and Development inspected the following conditions. No violations were issued. The complaint has been closed.,06/22/2023 12:00:00 AM,06 BRONX,15,Precinct 48,2040070001,BRONX,1019285,245370,PHONE,Unspecified,BRONX,,,,,,,,40.84008970392234,-73.87338184282072,POINT (-73.873381842821 40.840089703922)
57972609,06/22/2023 09:44:45 AM,06/22/2023 11:13:39 PM,NYPD,New York City Police Department,Abandoned Vehicle,With License Plate,,Street/Sidewalk,11374,89-86 COOPER AVENUE,COOPER AVENUE,METROPOLITAN AVENUE,TROTTING COURSE LANE,METROPOLITAN AVENUE,TROTTING COURSE LANE,ADDRESS,REGO PARK,COOPER AVENUE,,Closed,,The Police Department issued a summons in response to the complaint.,06/22/2023 11:13:43 PM,05 QUEENS,32,Precinct 104,4031760036,QUEENS,1022921,199055,ONLINE,Unspecified,QUEENS,,,,,,,,40.712952225957984,-73.86050773469691,POINT (-73.860507734697 40.712952225958)
57966246,06/21/2023 04:50:00 PM,06/21/2023 05:50:00 PM,DOT,Department of Transportation,Street Light Condition,Lamppost Leaning,Location Type: Intersection,,11358,,,,,192 STREET,47 AVENUE,INTERSECTION,QUEENS,,,Closed,,Service Request status for this request is available on the Department of Transportationâs website. Please click the âLearn Moreâ link below.,06/21/2023 05:50:00 PM,11 QUEENS,19,Precinct 111,,QUEENS,1042754,213338,UNKNOWN,Unspecified,QUEENS,,,,,,,,40.75204652344867,-73.78884307946042,POINT (-73.78884307946 40.752046523449)
57974571,06/22/2023 06:11:00 PM,06/30/2023 11:55:00 AM,DEP,Department of Environmental Protection,Water System,Dirty Water (WE),WE,,11104,43-32 47 STREET,47 STREET,43 AVE,QUEENS BLVD,,,ADDRESS,SUNNYSIDE,,,Closed,,The Department of Environmental Protection investigated this complaint and opened fire hydrants to flush water mains in the area.,06/30/2023 11:55:00 AM,02 QUEENS,26,Precinct 108,4001410027,QUEENS,1007098,210418,ONLINE,Unspecified,QUEENS,,,,,,,,40.744195883926515,-73.91754511047544,POINT (-73.917545110475 40.744195883927)
57962304,06/21/2023 12:24:29 PM,06/23/2023 12:26:13 PM,DSNY,Department of Sanitation,Dirty Condition,Trash,Littering,Sidewalk,11102,28-27 30 STREET,30 STREET,NEWTOWN AVENUE,30 AVENUE,NEWTOWN AVENUE,30 AVENUE,ADDRESS,ASTORIA,30 STREET,,Closed,,The Department of Sanitation investigated this complaint and found no violation at the location.,06/23/2023 12:26:16 PM,01 QUEENS,22,Precinct 114,4005950010,QUEENS,1005975,219104,MOBILE,Unspecified,QUEENS,,,,,,,,40.76803956158422,-73.92156977510624,POINT (-73.921569775106 40.768039561584)
57976677,06/22/2023 09:47:45 PM,09/25/2023 10:33:14 AM,DPR,Department of Parks and Recreation,New Tree Request,For One Address,Street Tree,Street,10036,531 WEST   43 STREET,WEST   43 STREET,AMTRAK-NORTHEAST LINE,11 AVENUE,AMTRAK-NORTHEAST LINE,11 AVENUE,ADDRESS,NEW YORK,WEST   43 STREET,,Closed,,NYC Parks determined that the requested location cannot receive a new tree because of conflicts with surrounding infrastructure.,09/25/2023 10:33:19 AM,04 MANHATTAN,03,Precinct 18,1010720015,MANHATTAN,985226,216509,PHONE,Unspecified,MANHATTAN,,,,,,,,40.76094359718673,-73.99647688220143,POINT (-73.996476882201 40.760943597187)
57976938,06/22/2023 07:23:00 PM,07/07/2023 03:00:00 AM,DEP,Department of Environmental Protection,Noise,Noise: Construction Before/After Hours (NM1),NM1,,10027,200 WEST  132 STREET,WEST  132 STREET,7 AVE,8 AVE,,,ADDRESS,NEW YORK,,N/A,Closed,,"The Department of Environmental Protection (DEP) didn't observe a violation of the NYC Air or Noise Code at the time of inspection and couldn't issue a summons.  If the problem still exists, please go to nyc.gov/311 or call 311 to file a new Service Request. If you're outside of New York City, please call (212) NEW-YORK (212-639-9675).",07/07/2023 03:00:00 AM,10 MANHATTAN,09,Precinct 32,1019370036,MANHATTAN,999309,235693,ONLINE,Unspecified,MANHATTAN,,,,,,,,40.81358576114381,-73.94559774657462,POINT (-73.945597746575 40.813585761144)
57964005,06/21/2023 02:37:00 AM,06/22/2023 12:20:00 AM,DOT,Department of Transportation,Street Light Condition,Street Light Out,Location Type: Intersection,,11201,493 FULTON STREET,FULTON STREET,BRIDGE ST,GALLATIN PL,FULTON STREET,GALLATIN PLACE,INTERSECTION,BROOKLYN,,,Closed,,Service Request status for this request is available on the Department of Transportationâs website. Please click the âLearn Moreâ link below.,06/22/2023 12:20:00 AM,02 BROOKLYN,33,Precinct 84,3001520001,BROOKLYN,988004,191064,UNKNOWN,Unspecified,BROOKLYN,,,,,,,,40.69110252034191,-73.98646318571856,POINT (-73.986463185719 40.691102520342)
57973275,06/22/2023 09:19:25 AM,06/22/2023 10:05:01 AM,NYPD,New York City Police Department,Noise - Residential,Banging/Pounding,,Residential Building/House,10305,18 FATHER CAPODANNO BOULEVARD,FATHER CAPODANNO BOULEVARD,LILY POND AVENUE,ROBIN ROAD,LILY POND AVENUE,ROBIN ROAD,ADDRESS,STATEN ISLAND,FATHER CAPODANNO BOULEVARD,,Closed,,The Police Department responded to the complaint and with the information available observed no evidence of the violation at that time.,06/22/2023 10:05:05 AM,02 STATEN ISLAND,50,Precinct 122,5031250116,STATEN ISLAND,967035,156455,ONLINE,Unspecified,STATEN ISLAND,,,,,,,,40.596092349152194,-74.06198846254166,POINT (-74.061988462542 40.596092349152)
57972222,06/22/2023 04:16:40 PM,07/05/2023 06:11:42 PM,HPD,Department of Housing Preservation and Development,DOOR/WINDOW,DOOR,NEEDS KEY FOR EXIT,RESIDENTIAL BUILDING,10002,27 HENRY STREET,HENRY STREET,,,,,ADDRESS,NEW YORK,,,Closed,,The Department of Housing Preservation and Development inspected the following conditions. No violations were issued. The complaint has been closed.,07/05/2023 12:00:00 AM,03 MANHATTAN,01,Precinct 5,1002800003,MANHATTAN,985310,199000,PHONE,Unspecified,MANHATTAN,,,,,,,,40.712885712861485,-73.99617642183475,POINT (-73.996176421835 40.712885712861)
57965472,06/21/2023 06:54:55 PM,06/21/2023 07:11:30 PM,NYPD,New York City Police Department,Noise - Street/Sidewalk,Loud Music/Party,,Street/Sidewalk,10459,ALDUS STREET,ALDUS STREET,ALDUS STREET,LONGFELLOW AVENUE,ALDUS STREET,LONGFELLOW AVENUE,INTERSECTION,,,,Closed,,The Police Department responded to the complaint and with the information available observed no evidence of the violation at that time.,06/21/2023 07:11:33 PM,02 BRONX,17,Precinct 41,,BRONX,1015356,239242,MOBILE,Unspecified,BRONX,,,,,,,,40.823284831987195,-73.88760983438901,POINT (-73.887609834389 40.823284831987)
57971997,06/23/2023 01:07:23 AM,06/23/2023 01:57:56 AM,NYPD,New York City Police Department,Noise - Vehicle,Car/Truck Music,,Street/Sidewalk,10460,1104 EAST TREMONT AVENUE,EAST TREMONT AVENUE,DEVOE AVENUE,BRONX PARK AVENUE,DEVOE AVENUE,BRONX PARK AVENUE,ADDRESS,BRONX,EAST TREMONT AVENUE,,Closed,,The Police Department responded to the complaint and took action to fix the condition.,06/23/2023 01:58:01 AM,06 BRONX,15,Precinct 48,2039060055,BRONX,1018280,245326,PHONE,Unspecified,BRONX,,,,,,,,40.839972866862915,-73.87701417906122,POINT (-73.877014179061 40.839972866863)
57969936,06/21/2023 04:23:38 PM,06/21/2023 06:48:41 PM,NYPD,New York City Police Department,Illegal Parking,Blocked Hydrant,,Street/Sidewalk,11106,11-50 31 AVENUE,31 AVENUE,VERNON BOULEVARD,12 STREET,VERNON BOULEVARD,12 STREET,ADDRESS,ASTORIA,31 AVENUE,,Closed,,The Police Department responded and upon arrival those responsible for the condition were gone.,06/21/2023 06:48:47 PM,01 QUEENS,22,Precinct 114,4005030027,QUEENS,1002441,219509,MOBILE,Unspecified,QUEENS,,,,,,,,40.76915915949884,-73.9343268976218,POINT (-73.934326897622 40.769159159499)
57963915,06/21/2023 05:01:44 PM,07/06/2023 12:00:00 AM,DOB,Department of Buildings,General Construction/Plumbing,Building Permit - None,,,11226,1727 NOSTRAND AVENUE,NOSTRAND AVENUE,,,,,ADDRESS,BROOKLYN,,,Closed,,The Department of Buildings investigated this complaint and determined that no further action was necessary.,07/06/2023 12:00:00 AM,17 BROOKLYN,45,Precinct 67,3049300044,BROOKLYN,998456,173833,UNKNOWN,Unspecified,BROOKLYN,,,,,,,,40.643796666164725,-73.94880989479829,POINT (-73.948809894798 40.643796666165)
57970773,06/21/2023 10:35:00 PM,06/21/2023 11:00:00 PM,DOT,Department of Transportation,Traffic Signal Condition,Controller,Operating Improperly,,10035,,,,,3 AVENUE,EAST 125 STREET,INTERSECTION,MANHATTAN,,N/A,Closed,,Service Request status for this request is available on the Department of Transportationâs website. Please click the âLearn Moreâ link below.,06/21/2023 11:00:00 PM,11 MANHATTAN,08,Precinct 25,,MANHATTAN,1002019,232093,UNKNOWN,Unspecified,MANHATTAN,,,,,,,,40.8036997253151,-73.93581711311548,POINT (-73.935817113115 40.803699725315)
57967290,06/21/2023 09:30:24 PM,02/22/2024 11:28:22 PM,DPR,Department of Parks and Recreation,Overgrown Tree/Branches,Blocking Street,N/A,Street,11435,143-11 HOOVER AVENUE,HOOVER AVENUE,DANIELS STREET,SMEDLEY STREET,DANIELS STREET,SMEDLEY STREET,ADDRESS,JAMAICA,HOOVER AVENUE,,Closed,,"Under NYC Parksâ Tree Risk Management Program, work is prioritized to address the conditions with the highest risk first.  NYC Parks determined that the issue will be addressed in the next pruning cycle through the routine block pruning program.  For more information about the Tree Risk Management Program, visit the NYC Urban Forest page on the NYC Parks website at nyc.gov/parks/trees.   To learn more about the trees in your neighborhood, visit the NYC Tree Map at nyc.gov/parks/treemap.",02/22/2024 11:28:25 PM,08 QUEENS,24,Precinct 107,4097390160,QUEENS,1035578,199550,ONLINE,Unspecified,QUEENS,,,,,,,,40.714246504878076,-73.8148483274466,POINT (-73.814848327447 40.714246504878)
57969657,06/21/2023 12:14:26 PM,06/30/2023 03:18:43 PM,HPD,Department of Housing Preservation and Development,PLUMBING,BATHTUB/SHOWER,FAUCET BROKEN/MISSING/LEAKING,RESIDENTIAL BUILDING,10034,61 POST AVENUE,POST AVENUE,,,,,ADDRESS,NEW YORK,,,Closed,,The Department of Housing Preservation and Development inspected the following conditions. No violations were issued. The complaint has been closed.,06/30/2023 12:00:00 AM,12 MANHATTAN,10,Precinct 34,1022180005,MANHATTAN,1005725,253954,ONLINE,Unspecified,MANHATTAN,,,,,,,,40.863693613378366,-73.92236079803905,POINT (-73.922360798039 40.863693613378)
57962907,06/21/2023 10:34:28 AM,06/25/2023 01:54:21 PM,HPD,Department of Housing Preservation and Development,FLOORING/STAIRS,FLOOR,SAGGING OR SLOPING,RESIDENTIAL BUILDING,10027,22 MT MORRIS PARK WEST,MT MORRIS PARK WEST,,,,,ADDRESS,NEW YORK,,,Closed,,The Department of Housing Preservation and Development inspected the following conditions. No violations were issued. The complaint has been closed.,06/25/2023 12:00:00 AM,10 MANHATTAN,09,Precinct 28,1017210014,MANHATTAN,999444,232683,PHONE,Unspecified,MANHATTAN,,,,,,,,40.80532391601927,-73.94511685767458,POINT (-73.945116857675 40.805323916019)
57966894,06/21/2023 12:20:31 PM,06/26/2023 02:39:43 PM,HPD,Department of Housing Preservation and Development,GENERAL,CABINET,FALLING OFF WALL,RESIDENTIAL BUILDING,11221,557 KNICKERBOCKER AVENUE,KNICKERBOCKER AVENUE,,,,,ADDRESS,BROOKLYN,,,Closed,,The Department of Housing Preservation and Development inspected the following conditions. No violations were issued. The complaint has been closed.,06/26/2023 12:00:00 AM,04 BROOKLYN,37,Precinct 83,3033350001,BROOKLYN,1007788,193216,PHONE,Unspecified,BROOKLYN,,,,,,,,40.69697875518136,-73.9151151660756,POINT (-73.915115166076 40.696978755181)
57971007,06/21/2023 03:03:50 AM,06/21/2023 03:23:20 AM,NYPD,New York City Police Department,Noise - Street/Sidewalk,Loud Music/Party,,Street/Sidewalk,10002,LUDLOW STREET,LUDLOW STREET,STANTON STREET,EAST    1 STREET,STANTON STREET,EAST    1 STREET,BLOCKFACE,,,,Closed,,The Police Department responded to the complaint and determined that police action was not necessary.,06/21/2023 03:23:24 AM,Unspecified MANHATTAN,,Precinct 7,,MANHATTAN,,,ONLINE,Unspecified,MANHATTAN,,,,,,,,,,
57967920,06/21/2023 11:47:59 AM,06/23/2023 09:07:51 AM,DSNY,Department of Sanitation,Obstruction,Weeds or Grass,Sidewalk,Sidewalk,10308,29 WOODLAND AVENUE,WOODLAND AVENUE,GIFFORDS LANE,BLAISE COURT,GIFFORDS LANE,BLAISE COURT,ADDRESS,STATEN ISLAND,WOODLAND AVENUE,,Closed,,The Department of Sanitation investigated this complaint and found no condition at the location.,06/23/2023 05:26:26 AM,03 STATEN ISLAND,51,Precinct 122,5054420014,STATEN ISLAND,941723,141505,PHONE,Unspecified,STATEN ISLAND,,,,,,,,40.55497228716678,-74.15303874781509,POINT (-74.153038747815 40.554972287167)
57963393,06/21/2023 12:10:28 PM,07/28/2023 01:49:29 PM,DOT,Department of Transportation,Sidewalk Condition,Broken Sidewalk,4 + Residential Units/Commercial,Sidewalk,11238,353 FLATBUSH AVENUE,FLATBUSH AVENUE,CARLTON AVENUE,STERLING PLACE,CARLTON AVENUE,STERLING PLACE,ADDRESS,BROOKLYN,FLATBUSH AVENUE,,Closed,,"The Department of Transportation will inspect the complaint location and notify the property owner within 180 days if a defective sidewalk condition exists. The property owner is responsible for maintaining, repairing and installing sidewalks adjoining their property, according to Section 19-152 of the New York City Administrative Code.",07/28/2023 01:49:33 PM,08 BROOKLYN,35,Precinct 78,3011640011,BROOKLYN,991944,185899,ONLINE,Unspecified,BROOKLYN,,,,,,,,40.676923226273324,-73.97226155930055,POINT (-73.972261559301 40.676923226273)
57978171,06/22/2023 12:26:08 PM,06/22/2023 01:41:11 PM,NYPD,New York City Police Department,Noise - Residential,Loud Music/Party,,Residential Building/House,11223,2250 WEST   11 STREET,WEST   11 STREET,AVENUE V,AVENUE W,AVENUE V,AVENUE W,ADDRESS,BROOKLYN,WEST   11 STREET,,Closed,,The Police Department responded to the complaint and with the information available observed no evidence of the violation at that time.,06/22/2023 01:41:14 PM,13 BROOKLYN,47,Precinct 60,3071370001,BROOKLYN,989368,155214,ONLINE,Unspecified,BROOKLYN,,,,,,,,40.59270129501703,-73.98157183758384,POINT (-73.981571837584 40.592701295017)
57969828,06/21/2023 02:08:11 PM,06/21/2023 02:08:11 PM,DOHMH,Department of Health and Mental Hygiene,Rodent,Signs of Rodents,,3+ Family Apt. Building,11220,519 51 STREET,51 STREET,5 AVENUE,6 AVENUE,5 AVENUE,6 AVENUE,ADDRESS,BROOKLYN,51 STREET,,Closed,,An inspection of the property was conducted and it passed with minor violations found.,06/21/2023 02:08:11 PM,07 BROOKLYN,38,Precinct 72,3007920057,BROOKLYN,981397,173969,MOBILE,Unspecified,BROOKLYN,,,,,,,,40.64418089056719,-74.01028059996855,POINT (-74.010280599969 40.644180890567)
55885392,11/03/2022 12:47:48 PM,11/04/2022 08:49:44 AM,DOT,Department of Transportation,Ferry Inquiry,Lost and Found,,Ferry,,,,,,,,,,,,Closed,,"After performing a thorough search, the Department of Transportation was unable to find the lost item. If the item is turned in later, you will be contacted.",11/04/2022 08:49:49 AM,0 Unspecified,,Unspecified,,Unspecified,,,ONLINE,Unspecified,Unspecified,,,,,,,,,,
57965049,06/21/2023 04:38:52 AM,06/23/2023 12:00:00 AM,DOB,Department of Buildings,Electrical,Electrical Wiring Defective/Exposed,,,11237,242 WYCKOFF AVENUE,WYCKOFF AVENUE,,,,,ADDRESS,BROOKLYN,,,Closed,,The Department of Buildings investigated this complaint and determined that no further action was necessary.,06/23/2023 12:00:00 AM,04 BROOKLYN,37,Precinct 83,3033280029,BROOKLYN,1008327,194564,UNKNOWN,Unspecified,BROOKLYN,,,,,,,,40.700677248895616,-73.91316655859568,POINT (-73.913166558596 40.700677248896)
57964230,06/21/2023 05:15:38 PM,06/28/2023 08:30:59 PM,HPD,Department of Housing Preservation and Development,DOOR/WINDOW,WINDOW FRAME,WINDOW STUCK CLOSED OR OPEN,RESIDENTIAL BUILDING,10458,495 EAST  188 STREET,EAST  188 STREET,,,,,ADDRESS,BRONX,,,Closed,,The Department of Housing Preservation and Development inspected the following conditions. No violations were issued. The complaint has been closed.,06/28/2023 12:00:00 AM,06 BRONX,15,Precinct 48,2030580042,BRONX,1014654,251943,PHONE,Unspecified,BRONX,,,,,,,,40.85814779117178,-73.89008867190482,POINT (-73.890088671905 40.858147791172)
57968001,06/21/2023 08:48:20 PM,06/21/2023 08:56:18 PM,NYPD,New York City Police Department,Noise - Commercial,Loud Music/Party,,Club/Bar/Restaurant,10023,225 COLUMBUS AVENUE,COLUMBUS AVENUE,WEST   70 STREET,WEST   71 STREET,WEST   70 STREET,WEST   71 STREET,ADDRESS,NEW YORK,COLUMBUS AVENUE,,Closed,,The Police Department responded to the complaint and determined that police action was not necessary.,06/21/2023 08:56:22 PM,07 MANHATTAN,06,Precinct 20,1011230003,MANHATTAN,989901,222103,ONLINE,Unspecified,MANHATTAN,,,,,,,,40.77629592132483,-73.97959658929105,POINT (-73.979596589291 40.776295921325)
57972123,06/22/2023 04:17:10 PM,06/22/2023 04:53:19 PM,NYPD,New York City Police Department,Noise - Residential,Banging/Pounding,,Residential Building/House,10002,69 COLUMBIA STREET,COLUMBIA STREET,DELANCEY STREET,RIVINGTON STREET,DELANCEY STREET,RIVINGTON STREET,ADDRESS,NEW YORK,COLUMBIA STREET,,Closed,,The Police Department responded and upon arrival those responsible for the condition were gone.,06/22/2023 04:53:21 PM,03 MANHATTAN,02,Precinct 7,1003330001,MANHATTAN,989766,200628,ONLINE,Unspecified,MANHATTAN,,,,,,,,40.71735252752486,-73.9801016313048,POINT (-73.980101631305 40.717352527525)
57976605,06/22/2023 04:05:00 PM,06/22/2023 05:10:36 PM,NYPD,New York City Police Department,Blocked Driveway,Partial Access,,Street/Sidewalk,11373,83-11 ST JAMES AVENUE,ST JAMES AVENUE,POYER STREET,BROADWAY,POYER STREET,BROADWAY,ADDRESS,ELMHURST,ST JAMES AVENUE,,Closed,,The Police Department responded to the complaint and took action to fix the condition.,06/22/2023 05:10:40 PM,04 QUEENS,25,Precinct 110,4015450052,QUEENS,1017550,208595,ONLINE,Unspecified,QUEENS,,,,,,,,40.739159027087716,-73.87983452783891,POINT (-73.879834527839 40.739159027088)
57962547,06/21/2023 12:43:09 PM,06/21/2023 12:52:57 PM,NYPD,New York City Police Department,Bike/Roller/Skate Chronic,N/A,,Street/Sidewalk,11211,HAVEMEYER STREET,HAVEMEYER STREET,HAVEMEYER STREET,SOUTH    5 STREET,HAVEMEYER STREET,SOUTH    5 STREET,INTERSECTION,,,,Closed,,The Police Department responded and upon arrival those responsible for the condition were gone.,06/21/2023 12:53:05 PM,01 BROOKLYN,34,Precinct 90,,BROOKLYN,995656,197788,PHONE,Unspecified,BROOKLYN,,,,,,,,40.709551772624216,-73.95885891237981,POINT (-73.95885891238 40.709551772624)
57970377,06/21/2023 09:12:13 AM,06/22/2023 11:33:42 AM,DSNY,Department of Sanitation,Missed Collection,Trash,N/A,Street,10453,62 CLIFFORD PLACE,CLIFFORD PLACE,TOWNSEND AVENUE,WALTON AVENUE,TOWNSEND AVENUE,WALTON AVENUE,ADDRESS,BRONX,CLIFFORD PLACE,,Closed,,The Department of Sanitation collected the requested items.,06/21/2023 12:52:59 PM,05 BRONX,14,Precinct 46,2028480060,BRONX,1008596,247544,ONLINE,Unspecified,BRONX,,,,,,,,40.84609263281911,-73.91200447311641,POINT (-73.912004473116 40.846092632819)
57971079,06/21/2023 02:54:26 PM,06/21/2023 03:00:33 PM,NYPD,New York City Police Department,Illegal Parking,Blocked Bike Lane,,Street/Sidewalk,10023,75 CENTRAL PARK WEST,CENTRAL PARK WEST,CENTRAL PARK EXIT WEST   67 ST,WEST   68 STREET,CENTRAL PARK EXIT WEST   67 ST,WEST   68 STREET,ADDRESS,NEW YORK,CENTRAL PARK WEST,,Closed,,The Police Department responded to the complaint and took action to fix the condition.,06/21/2023 03:00:42 PM,07 MANHATTAN,06,Precinct 20,1011200029,MANHATTAN,990326,221029,ONLINE,Unspecified,MANHATTAN,,,,,,,,40.773347791259134,-73.97806306222111,POINT (-73.978063062221 40.773347791259)
57968640,06/21/2023 08:55:27 PM,02/20/2024 09:24:12 AM,DPR,Department of Parks and Recreation,New Tree Request,For One Address,Street Tree,Street,11214,1819 SHORE PARKWAY,SHORE PARKWAY,BAY   38 STREET,25 AVENUE,BAY   38 STREET,25 AVENUE,ADDRESS,BROOKLYN,SHORE PARKWAY,,Closed,,"The location was inspected and is suitable for tree planting. Barring any unforeseen issues such as underground utilities and based on available funding, the requested tree will be placed on an upcoming contract. Please note that this process can take up to two years, depending on capacity and the location.   To find out where and when trees will be planted, please visit the Tree Work Hub at nyc.gov/parks/treework.  To learn more about the trees in your neighborhood, visit the NYC Street Tree Map at nyc.gov/parks/treemap.",02/20/2024 09:24:18 AM,11 BROOKLYN,47,Precinct 62,3069290060,BROOKLYN,985893,154965,ONLINE,Unspecified,BROOKLYN,,,,,,,,40.59201916533847,-73.9940841810548,POINT (-73.994084181055 40.592019165338)
57978477,06/22/2023 01:27:44 PM,06/22/2023 01:38:57 PM,NYPD,New York City Police Department,Illegal Parking,Blocked Hydrant,,Street/Sidewalk,11235,3110 BRIGHTON    7 STREET,BRIGHTON    7 STREET,BRIGHTON BEACH AVENUE,BRIGHTWATER COURT,BRIGHTON BEACH AVENUE,BRIGHTWATER COURT,ADDRESS,BROOKLYN,BRIGHTON    7 STREET,,Closed,,The Police Department responded to the complaint and with the information available observed no evidence of the violation at that time.,06/22/2023 01:39:01 PM,13 BROOKLYN,48,Precinct 60,3086910065,BROOKLYN,995218,149559,MOBILE,Unspecified,BROOKLYN,,,,,,,,40.577174136561894,-73.9605171740166,POINT (-73.960517174017 40.577174136562)
57964203,06/21/2023 05:42:26 PM,06/23/2023 02:00:54 PM,HPD,Department of Housing Preservation and Development,PAINT/PLASTER,CEILING,COLLAPSING OR FALLING,RESIDENTIAL BUILDING,10002,75 CHRYSTIE STREET,CHRYSTIE STREET,,,,,ADDRESS,NEW YORK,,,Closed,,The Department of Housing Preservation and Development inspected the following conditions. No violations were issued. The complaint has been closed.,06/23/2023 12:00:00 AM,03 MANHATTAN,01,Precinct 5,1003040035,MANHATTAN,985818,200575,PHONE,Unspecified,MANHATTAN,,,,,,,,40.71720863587875,-73.99434362318561,POINT (-73.994343623186 40.717208635879)
57970989,06/21/2023 02:24:54 AM,06/26/2023 06:43:35 PM,HPD,Department of Housing Preservation and Development,FLOORING/STAIRS,FLOOR,HOLE IN NON-WALKING AREA,RESIDENTIAL BUILDING,11203,792 CLARKSON AVENUE,CLARKSON AVENUE,,,,,ADDRESS,BROOKLYN,,,Closed,,The Department of Housing Preservation and Development inspected the following conditions. No violations were issued. The complaint has been closed.,06/26/2023 12:00:00 AM,17 BROOKLYN,41,Precinct 67,3046350006,BROOKLYN,1003005,178463,PHONE,Unspecified,BROOKLYN,,,,,,,,40.656496542114304,-73.9324050941799,POINT (-73.93240509418 40.656496542114)
57964176,06/21/2023 10:24:51 AM,07/12/2023 08:08:30 PM,HPD,Department of Housing Preservation and Development,FLOORING/STAIRS,FLOOR,HOLE IN WALKING AREA,RESIDENTIAL BUILDING,10451,237 EAST  163 STREET,EAST  163 STREET,,,,,ADDRESS,BRONX,,,Closed,,The Department of Housing Preservation and Development inspected the following conditions. No violations were issued. The complaint has been closed.,07/12/2023 12:00:00 AM,04 BRONX,16,Precinct 44,2024460037,BRONX,1006715,240830,ONLINE,Unspecified,BRONX,,,,,,,,40.82766964168457,-73.91882559240582,POINT (-73.918825592406 40.827669641685)
57976326,06/22/2023 08:38:02 AM,06/22/2023 09:01:50 AM,NYPD,New York City Police Department,Blocked Driveway,No Access,,Street/Sidewalk,10468,2327 ANDREWS AVENUE,ANDREWS AVENUE,WEST  183 STREET,WEST FORDHAM ROAD,WEST  183 STREET,WEST FORDHAM ROAD,ADDRESS,BRONX,ANDREWS AVENUE,,Closed,,The Police Department responded and upon arrival those responsible for the condition were gone.,06/22/2023 09:01:53 AM,07 BRONX,14,Precinct 52,2032250123,BRONX,1009989,253309,PHONE,Unspecified,BRONX,,,,,,,,40.86191188144227,-73.90694752060794,POINT (-73.906947520608 40.861911881442)
57962484,06/21/2023 11:48:23 AM,07/03/2023 06:59:53 AM,DSNY,Department of Sanitation,Sanitation Worker or Vehicle Complaint,Spilled Garbage,DSNY White Truck,Street,11414,153-37 82 STREET,82 STREET,153 AVENUE,155 AVENUE,153 AVENUE,155 AVENUE,ADDRESS,HOWARD BEACH,82 STREET,,Closed,,The Department of Sanitation investigated this complaint and found no condition at the location.,06/22/2023 12:02:15 PM,10 QUEENS,32,Precinct 106,4114447501,QUEENS,1025272,181867,PHONE,Unspecified,QUEENS,,,,,,,,40.66576459908134,-73.85213198877484,POINT (-73.852131988775 40.665764599081)
57968856,06/21/2023 05:50:40 AM,07/12/2023 07:14:19 AM,DPR,Department of Parks and Recreation,New Tree Request,For One Address,Street Tree,Street,11217,55 SEVENTH AVENUE,SEVENTH AVENUE,ST JOHNS PLACE,LINCOLN PLACE,ST JOHNS PLACE,LINCOLN PLACE,ADDRESS,BROOKLYN,7 AVENUE,,Closed,,"The location was inspected and is suitable for tree planting. Barring any unforeseen issues such as underground utilities and based on available funding, the requested tree will be placed on an upcoming contract. Please note that this process can take up to two years, depending on capacity and the location.   To find out where and when trees will be planted, please visit the Tree Work Hub at nyc.gov/parks/treework.  To learn more about the trees in your neighborhood, visit the NYC Street Tree Map at nyc.gov/parks/treemap.",07/12/2023 07:14:26 AM,06 BROOKLYN,39,Precinct 78,3010590002,BROOKLYN,991329,185521,UNKNOWN,Unspecified,BROOKLYN,,,,,,,,40.675886214760695,-73.97447915675214,POINT (-73.974479156752 40.675886214761)
57972852,06/22/2023 02:51:42 PM,06/29/2023 02:27:53 PM,DOT,Department of Transportation,Sidewalk Condition,Broken Sidewalk,City-Owned,Sidewalk,11220,6735 RIDGE BOULEVARD,RIDGE BOULEVARD,SENATOR STREET,68 STREET,SENATOR STREET,68 STREET,ADDRESS,BROOKLYN,RIDGE BOULEVARD,,Closed,,"The Department of Transportation inspected the location for the condition you reported and could not find the problem. It you would like to pursue the complaint, please call 311 or (212) 639-9675 with additional information.",06/29/2023 02:27:57 PM,10 BROOKLYN,47,Precinct 68,3058530001,BROOKLYN,976469,171733,PHONE,Unspecified,BROOKLYN,,,,,,,,40.63804059173393,-74.02803574791452,POINT (-74.028035747915 40.638040591734)
57966651,06/21/2023 06:09:49 PM,06/21/2023 10:20:20 PM,NYPD,New York City Police Department,Noise - Residential,Loud Music/Party,,Residential Building/House,10465,2712 GIFFORD AVENUE,GIFFORD AVENUE,BALCOM AVENUE,SWINTON AVENUE,BALCOM AVENUE,SWINTON AVENUE,ADDRESS,BRONX,GIFFORD AVENUE,,Closed,,The Police Department responded to the complaint and with the information available observed no evidence of the violation at that time.,06/21/2023 10:20:23 PM,10 BRONX,13,Precinct 45,2053070012,BRONX,1030261,242080,MOBILE,Unspecified,BRONX,,,,,,,,40.831009254293704,-73.8337367085468,POINT (-73.833736708547 40.831009254294)
57978324,06/22/2023 11:27:05 AM,06/25/2023 06:05:55 PM,HPD,Department of Housing Preservation and Development,PLUMBING,STEAM PIPE/RISER,LEAKING,RESIDENTIAL BUILDING,11427,87-16 WINCHESTER BOULEVARD,WINCHESTER BOULEVARD,,,,,ADDRESS,QUEENS VILLAGE,,,Closed,,The Department of Housing Preservation and Development inspected the following conditions. No violations were issued. The complaint has been closed.,06/25/2023 12:00:00 AM,13 QUEENS,23,Precinct 105,4079430050,QUEENS,1057315,205689,PHONE,Unspecified,QUEENS,,,,,,,,40.73094368888256,-73.73637182326259,POINT (-73.736371823263 40.730943688883)
57963609,06/21/2023 07:54:50 AM,06/21/2023 08:11:23 AM,NYPD,New York City Police Department,Illegal Parking,Blocked Crosswalk,,Street/Sidewalk,11230,777 FOSTER AVENUE,FOSTER AVENUE,EAST    8 STREET,EAST    9 STREET,EAST    8 STREET,EAST    9 STREET,ADDRESS,BROOKLYN,FOSTER AVENUE,,Closed,,The Police Department responded to the complaint and determined that police action was not necessary.,06/21/2023 08:12:01 AM,14 BROOKLYN,45,Precinct 70,3054280039,BROOKLYN,992812,169226,MOBILE,Unspecified,BROOKLYN,,,,,,,,40.631158689188695,-73.96915340940016,POINT (-73.9691534094 40.631158689189)
57972789,06/23/2023 12:17:23 AM,06/23/2023 04:31:45 AM,NYPD,New York City Police Department,Illegal Parking,Blocked Hydrant,,Street/Sidewalk,10461,FULLER STREET,FULLER STREET,FULLER STREET,SEDDON STREET,FULLER STREET,SEDDON STREET,INTERSECTION,,,,Closed,,The Police Department responded and upon arrival those responsible for the condition were gone.,06/23/2023 04:31:49 AM,10 BRONX,18,Precinct 45,,BRONX,1025522,246082,ONLINE,Unspecified,BRONX,,,,,,,,40.84201698649463,-73.8508366865813,POINT (-73.850836686581 40.842016986495)
57971070,06/21/2023 10:41:28 PM,08/14/2023 08:47:25 PM,HPD,Department of Housing Preservation and Development,UNSANITARY CONDITION,GARBAGE/RECYCLING STORAGE,ACCUMULATION,RESIDENTIAL BUILDING,10452,1155 GERARD AVENUE,GERARD AVENUE,,,,,ADDRESS,BRONX,,,Closed,,The Department of Housing Preservation and Development inspected the following conditions. No violations were issued. The complaint has been closed.,08/14/2023 12:00:00 AM,04 BRONX,16,Precinct 44,2024880046,BRONX,1006130,243265,ONLINE,Unspecified,BRONX,,,,,,,,40.8343544837579,-73.92093147210099,POINT (-73.920931472101 40.834354483758)
57972744,06/22/2023 09:10:52 AM,06/22/2023 09:44:32 AM,NYPD,New York City Police Department,Illegal Parking,Parking Permit Improper Use,Parked In 'No Standing' Area,Street/Sidewalk,10007,60 MURRAY STREET,MURRAY STREET,CHURCH STREET,WEST BROADWAY,CHURCH STREET,WEST BROADWAY,ADDRESS,NEW YORK,MURRAY STREET,,Closed,,The Police Department responded to the complaint and took action to fix the condition.,06/22/2023 09:44:38 AM,01 MANHATTAN,01,Precinct 1,1001260013,MANHATTAN,981513,199500,PHONE,Unspecified,MANHATTAN,,,,,,,,40.71425773373869,-74.00987297063766,POINT (-74.009872970638 40.714257733739)
57968316,06/21/2023 07:25:15 AM,10/23/2023 08:34:16 AM,HPD,Department of Housing Preservation and Development,UNSANITARY CONDITION,GARBAGE/RECYCLING STORAGE,ACCUMULATION,RESIDENTIAL BUILDING,11372,35-06 94 STREET,94 STREET,,,,,ADDRESS,JACKSON HEIGHTS,,,Closed,,"The Department of Housing Preservation and Development was not able to gain access to inspect the following conditions. The complaint has been closed. If the condition still exists, please file a new complaint.",10/23/2023 12:00:00 AM,03 QUEENS,25,Precinct 115,4014670006,QUEENS,1019307,213482,PHONE,Unspecified,QUEENS,,,,,,,,40.75256581286527,-73.87346880086244,POINT (-73.873468800862 40.752565812865)
57975111,06/22/2023 09:13:34 AM,06/23/2023 06:49:37 AM,DPR,Department of Parks and Recreation,Damaged Tree,Tree Leaning/Uprooted,Leaning,Street,11361,45-15 218 STREET,218 STREET,NORTHERN BOULEVARD,46 AVENUE,NORTHERN BOULEVARD,46 AVENUE,ADDRESS,BAYSIDE,218 STREET,,Closed,,"NYC Parks created a work order for the tree condition.  Please note that addressing this work can take up to a year or more depending on the higher priority work identified during this period and resources available to address this work.    NYC Parks work priority categories range from Category A through D, with A being the most critical and time-sensitive. We will complete all work in Category A first and address work in lower priority categories in accordance with available resources. For more information about the Tree Risk Management Program, visit the NYC Urban Forest page on the NYC Parks website at nyc.gov/parks/trees.   Alternatively, you may choose complete the work yourself by hiring an independent contractor. The contractor must complete a Tree Work Permit application on the NYC Parks website at nyc.gov/parks/trees.",06/23/2023 06:49:41 AM,11 QUEENS,19,Precinct 111,4073380063,QUEENS,1049708,216490,UNKNOWN,Unspecified,QUEENS,,,,,,,,40.760649184395184,-73.76371362183005,POINT (-73.76371362183 40.760649184395)
57962169,06/21/2023 02:50:32 PM,06/21/2023 05:31:45 PM,NYPD,New York City Police Department,Illegal Parking,Posted Parking Sign Violation,,Street/Sidewalk,11217,500 PACIFIC STREET,PACIFIC STREET,3 AVENUE,4 AVENUE,3 AVENUE,4 AVENUE,ADDRESS,BROOKLYN,PACIFIC STREET,,Closed,,The Police Department responded to the complaint and determined that police action was not necessary.,06/21/2023 05:31:50 PM,02 BROOKLYN,33,Precinct 84,3001920001,BROOKLYN,989609,188660,PHONE,Unspecified,BROOKLYN,,,,,,,,40.6845032657639,-73.98067751496988,POINT (-73.98067751497 40.684503265764)
57961962,06/21/2023 03:18:38 PM,06/22/2023 04:51:54 PM,DPR,Department of Parks and Recreation,Dead/Dying Tree,Planted More Than 2 Years Ago,N/A,Street,11428,94 ROAD,94 ROAD,94 ROAD,218 STREET,94 ROAD,218 STREET,INTERSECTION,,,,Closed,,"The Service Request submitted did not have sufficient location or complaint information for NYC Parks to respond.  Please submit a new Service Request with adequate site details, including a full street address and descriptive location information.",06/22/2023 04:51:57 PM,13 QUEENS,23,Precinct 105,,QUEENS,1056803,201639,ONLINE,Unspecified,QUEENS,,,,,,,,40.71983168673635,-73.73826283865547,POINT (-73.738262838655 40.719831686736)
57964167,06/21/2023 08:50:24 PM,06/21/2023 10:19:05 PM,NYPD,New York City Police Department,Noise - Street/Sidewalk,Loud Talking,,Street/Sidewalk,11432,161-20 89 AVENUE,89 AVENUE,161 STREET,162 STREET,161 STREET,162 STREET,ADDRESS,JAMAICA,89 AVENUE,,Closed,,The Police Department responded to the complaint and took action to fix the condition.,06/21/2023 10:19:08 PM,12 QUEENS,27,Precinct 103,4097600045,QUEENS,1039777,196723,MOBILE,Unspecified,QUEENS,,,,,,,,40.70646172417981,-73.79972495316272,POINT (-73.799724953163 40.70646172418)
57965760,06/21/2023 10:53:20 PM,,DPR,Department of Parks and Recreation,Damaged Tree,Branch or Limb Has Fallen Down,Blocking Driveway,Street,11427,88-25 211 STREET,211 STREET,HILLSIDE AVENUE,88 ROAD,HILLSIDE AVENUE,88 ROAD,ADDRESS,QUEENS VILLAGE,211 STREET,,In Progress,,"NYC Parks created a work order for the tree condition and expects to address the issue within 120 days from the date of the tree assessment, barring any weather-related requests.   NYC Parks work priority categories range from Category A through D, with A being the most critical and time-sensitive. We will complete all work in Category A first and address work in lower priority categories in accordance with available resources. For more information about the Tree Risk Management Program, visit the NYC Urban Forest page on the NYC Parks website at nyc.gov/parks/trees.",06/22/2023 05:21:37 AM,13 QUEENS,23,Precinct 105,4105870069,QUEENS,1052151,202768,MOBILE,Unspecified,QUEENS,,,,,,,,40.72296743604236,-73.75503359023904,POINT (-73.755033590239 40.722967436042)
57975525,06/23/2023 12:00:14 AM,06/23/2023 12:29:18 AM,NYPD,New York City Police Department,Noise - Street/Sidewalk,Loud Music/Party,,Street/Sidewalk,11435,143-14 95 AVENUE,95 AVENUE,143 STREET,ALLENDALE STREET,143 STREET,ALLENDALE STREET,ADDRESS,JAMAICA,95 AVENUE,,Closed,,The Police Department responded to the complaint and took action to fix the condition.,06/23/2023 12:29:23 AM,12 QUEENS,27,Precinct 103,4100070007,QUEENS,1037137,193436,ONLINE,Unspecified,QUEENS,,,,,,,,40.6974558741484,-73.809272700165,POINT (-73.809272700165 40.697455874148)
57978288,06/22/2023 10:14:27 AM,06/22/2023 08:18:52 PM,HPD,Department of Housing Preservation and Development,GENERAL,COOKING GAS,SHUT-OFF,RESIDENTIAL BUILDING,11373,88-36 ELMHURST AVENUE,ELMHURST AVENUE,,,,,ADDRESS,ELMHURST,,,Closed,,The Department of Housing Preservation and Development inspected the following conditions. No violations were issued. The complaint has been closed.,06/22/2023 12:00:00 AM,04 QUEENS,25,Precinct 110,4015540001,QUEENS,1018210,211222,ONLINE,Unspecified,QUEENS,,,,,,,,40.746366969929255,-73.87743960950525,POINT (-73.877439609505 40.746366969929)
57971736,06/22/2023 04:24:46 AM,07/27/2023 12:04:53 PM,EDC,Economic Development Corporation,Noise - Helicopter,Other,Flying Too Low,Above Address,10001,360 WEST   28 STREET,WEST   28 STREET,8 AVENUE,9 AVENUE,8 AVENUE,9 AVENUE,ADDRESS,NEW YORK,WEST   28 STREET,,Closed,,The New York City Economic Development Corporation determined that the helicopter tour operator was operating within the limits of the New York City Helicopter Sightseeing Plan which establishes specific over water routing for tour flights.,07/27/2023 12:04:59 PM,04 MANHATTAN,03,Precinct 10,1007517501,MANHATTAN,984706,212333,ONLINE,Unspecified,MANHATTAN,,,,,,,,40.749481581628885,-73.99835423637312,POINT (-73.998354236373 40.749481581629)
57971547,06/22/2023 04:28:05 PM,,DPR,Department of Parks and Recreation,Dead/Dying Tree,Planted More Than 2 Years Ago,N/A,Street,11357,157-20 18 AVENUE,18 AVENUE,157 STREET,FRANCIS LEWIS BOULEVARD,157 STREET,FRANCIS LEWIS BOULEVARD,ADDRESS,WHITESTONE,18 AVENUE,,In Progress,,"NYC Parks created a work order for the tree condition and expects to address the issue within 120 days from the date of the tree assessment, barring any weather-related requests.   NYC Parks work priority categories range from Category A through D, with A being the most critical and time-sensitive. We will complete all work in Category A first and address work in lower priority categories in accordance with available resources. For more information about the Tree Risk Management Program, visit the NYC Urban Forest page on the NYC Parks website at nyc.gov/parks/trees.",06/23/2023 08:52:00 AM,07 QUEENS,19,Precinct 109,4047480009,QUEENS,1038280,224236,PHONE,Unspecified,QUEENS,,,,,,,,40.781987104337816,-73.80490330797586,POINT (-73.804903307976 40.781987104338)
57967020,06/21/2023 06:05:41 AM,07/03/2023 10:11:35 AM,HPD,Department of Housing Preservation and Development,UNSANITARY CONDITION,PESTS,MICE,RESIDENTIAL BUILDING,11375,102-30 QUEENS BOULEVARD,QUEENS BOULEVARD,,,,,ADDRESS,FOREST HILLS,,,Closed,,"The Department of Housing Preservation and Development was not able to gain access to inspect the following conditions. The complaint has been closed. If the condition still exists, please file a new complaint.",07/03/2023 12:00:00 AM,06 QUEENS,29,Precinct 112,4031737501,QUEENS,1025568,203636,PHONE,Unspecified,QUEENS,,,,,,,,40.725513985000454,-73.85093149470026,POINT (-73.8509314947 40.725513985)
57963987,06/21/2023 05:32:27 PM,06/21/2023 05:34:01 PM,NYPD,New York City Police Department,Non-Emergency Police Matter,Other (complaint details),,Street/Sidewalk,10035,234 EAST  122 STREET,EAST  122 STREET,3 AVENUE,2 AVENUE,3 AVENUE,2 AVENUE,ADDRESS,NEW YORK,EAST  122 STREET,,Closed,,The Police Department responded to the complaint and took action to fix the condition.,06/21/2023 05:34:05 PM,11 MANHATTAN,08,Precinct 25,1017860034,MANHATTAN,1001872,231251,ONLINE,Unspecified,MANHATTAN,,,,,,,,40.801388961177175,-73.93635029725078,POINT (-73.936350297251 40.801388961177)
57974760,06/22/2023 12:34:58 PM,06/22/2023 01:10:38 PM,NYPD,New York City Police Department,Illegal Parking,Blocked Hydrant,,Street/Sidewalk,10458,2889A BRIGGS AVENUE,BRIGGS AVENUE,EAST  198 STREET,EAST  199 STREET,EAST  198 STREET,EAST  199 STREET,ADDRESS,BRONX,BRIGGS AVENUE,,Closed,,The Police Department responded to the complaint and took action to fix the condition.,06/22/2023 01:10:43 PM,07 BRONX,15,Precinct 52,2033020042,BRONX,1015238,256176,PHONE,Unspecified,BRONX,,,,,,,,40.86976405513701,-73.88795792482024,POINT (-73.88795792482 40.869764055137)
57975894,06/22/2023 09:08:00 AM,06/23/2023 05:10:00 AM,DEP,Department of Environmental Protection,Water System,Hydrant Running (WC3),WC3,,11238,406 PROSPECT PLACE,PROSPECT PLACE,WASHINGTON AVE,GRAND AVE,,,ADDRESS,BROOKLYN,,,Closed,,The Department of Environmental Protection investigated this complaint and shut the running hydrant.,06/23/2023 05:10:00 AM,08 BROOKLYN,35,Precinct 77,3011617501,BROOKLYN,994521,185716,MOBILE,Unspecified,BROOKLYN,,,,,,,,40.676418317702165,-73.96297122807218,POINT (-73.962971228072 40.676418317702)
57973527,06/22/2023 05:45:00 PM,06/22/2023 11:55:00 PM,DOT,Department of Transportation,Street Light Condition,Street Light Out,Location Type: Intersection,,10014,,,,,BEDFORD STREET,DOWNING STREET,INTERSECTION,MANHATTAN,,,Closed,,Service Request status for this request is available on the Department of Transportationâs website. Please click the âLearn Moreâ link below.,06/22/2023 11:55:00 PM,02 MANHATTAN,03,Precinct 6,,MANHATTAN,983237,204996,UNKNOWN,Unspecified,MANHATTAN,,,,,,,,40.729343291507625,-74.00365494458795,POINT (-74.003654944588 40.729343291508)
57969216,06/21/2023 04:18:10 PM,06/21/2023 05:26:23 PM,NYPD,New York City Police Department,Blocked Driveway,Partial Access,,Street/Sidewalk,11429,217-44 98 AVENUE,98 AVENUE,217 STREET,217 LANE,217 STREET,217 LANE,ADDRESS,QUEENS VILLAGE,98 AVENUE,,Closed,,The Police Department issued a summons in response to the complaint.,06/21/2023 05:26:50 PM,13 QUEENS,27,Precinct 105,4107630023,QUEENS,1056395,200316,PHONE,Unspecified,QUEENS,,,,,,,,40.716203722176104,-73.73974888224168,POINT (-73.739748882242 40.716203722176)
57971214,06/22/2023 07:10:31 AM,06/22/2023 09:35:15 AM,NYPD,New York City Police Department,Illegal Parking,Double Parked Blocking Traffic,,Street/Sidewalk,10459,801 UNION AVENUE,UNION AVENUE,EAST  158 STREET,EAST  160 STREET,EAST  158 STREET,EAST  160 STREET,ADDRESS,BRONX,UNION AVENUE,,Closed,,The Police Department responded to the complaint and took action to fix the condition.,06/22/2023 09:35:23 AM,01 BRONX,17,Precinct 40,2026667501,BRONX,1011011,237780,PHONE,Unspecified,BRONX,,,,,,,,40.81928628999762,-73.90331472098343,POINT (-73.903314720983 40.819286289998)
57962016,06/21/2023 05:20:23 AM,,EDC,Economic Development Corporation,Noise - Helicopter,Other,Flying Too Low,Above Address,11201,403 HENRY STREET,HENRY STREET,WARREN STREET,BALTIC STREET,WARREN STREET,BALTIC STREET,ADDRESS,BROOKLYN,HENRY STREET,,In Progress,,,,06 BROOKLYN,39,Precinct 76,3003060050,BROOKLYN,984886,189815,ONLINE,Unspecified,BROOKLYN,,,,,,,,40.68767507589175,-73.99770672048088,POINT (-73.997706720481 40.687675075892)
57962862,06/21/2023 09:49:37 AM,08/03/2023 09:02:26 AM,HPD,Department of Housing Preservation and Development,FLOORING/STAIRS,FLOOR,TILE BROKEN OR MISSING,RESIDENTIAL BUILDING,10453,226 WEST TREMONT AVENUE,WEST TREMONT AVENUE,,,,,ADDRESS,BRONX,,,Closed,,"The Department of Housing Preservation and Development was not able to gain access to inspect the following conditions. The complaint has been closed. If the condition still exists, please file a new complaint.",08/03/2023 12:00:00 AM,05 BRONX,14,Precinct 46,2028770516,BRONX,1006965,249944,PHONE,Unspecified,BRONX,,,,,,,,40.85268426685802,-73.91789138105312,POINT (-73.917891381053 40.852684266858)
57969891,06/21/2023 03:37:51 PM,06/21/2023 03:37:51 PM,DOHMH,Department of Health and Mental Hygiene,Animal Facility - No Permit,N/A,,Kennel/Animal Shelter,11434,172-14 BAISLEY BOULEVARD,BAISLEY BOULEVARD,172 STREET,MERRILL STREET,172 STREET,MERRILL STREET,ADDRESS,JAMAICA,BAISLEY BOULEVARD,,Closed,,An inspection of the property was conducted and no violations were found.,06/21/2023 03:37:51 PM,12 QUEENS,27,Precinct 113,4125150001,QUEENS,1047565,187813,PHONE,Unspecified,QUEENS,,,,,,,,40.68195362121089,-73.77171902606284,POINT (-73.771719026063 40.681953621211)
57962898,06/21/2023 12:32:36 PM,06/28/2023 08:20:18 PM,HPD,Department of Housing Preservation and Development,PAINT/PLASTER,WALL,CHIPPED/PEELING/FLAKING,RESIDENTIAL BUILDING,10040,565 WEST  190 STREET,WEST  190 STREET,,,,,ADDRESS,NEW YORK,,,Closed,,The Department of Housing Preservation and Development inspected the following conditions. Violations were issued. Information about specific violations is available at www.nyc.gov/hpd,06/28/2023 12:00:00 AM,12 MANHATTAN,10,Precinct 34,1021610083,MANHATTAN,1003948,250624,PHONE,Unspecified,MANHATTAN,,,,,,,,40.85455791031515,-73.92879502183422,POINT (-73.928795021834 40.854557910315)
57968478,06/21/2023 09:13:18 PM,06/23/2023 06:46:50 PM,DOHMH,Department of Health and Mental Hygiene,Drinking Water,Illness Caused by Drinking Water,N/A,1-3 Family Dwelling,10312,672 DRUMGOOLE ROAD WEST,DRUMGOOLE ROAD WEST,VAN ALLEN AVENUE,WALKER COURT,VAN ALLEN AVENUE,WALKER COURT,ADDRESS,STATEN ISLAND,DRUMGOOLE ROAD WEST,,Closed,,The Department of Health and Mental Hygiene has investigated the Service Request. No Health Code violations or health hazards were noted. No further action is needed.,06/23/2023 06:46:54 PM,03 STATEN ISLAND,51,Precinct 123,5056720051,STATEN ISLAND,935036,141205,ONLINE,Unspecified,STATEN ISLAND,,,,,,,,40.55411425843712,-74.17710051293491,POINT (-74.177100512935 40.554114258437)
57964473,06/21/2023 12:09:23 PM,06/22/2023 07:20:10 AM,DOT,Department of Transportation,Broken Parking Meter,No Receipt,Payment by Card,Street,10301,400 ST MARKS PLACE,ST MARKS PLACE,HYATT STREET,BAY STREET,HYATT STREET,BAY STREET,ADDRESS,STATEN ISLAND,ST MARKS PLACE,,Closed,,The request submitted did not have sufficient information for the Department of Transportation to respond.,06/22/2023 07:20:19 AM,01 STATEN ISLAND,49,Precinct 120,5000160108,STATEN ISLAND,962745,172392,PHONE,Unspecified,STATEN ISLAND,,,,,,,,40.639826716694074,-74.07748682243356,POINT (-74.077486822434 40.639826716694)
57976272,06/22/2023 06:53:32 PM,06/27/2023 10:02:28 AM,HPD,Department of Housing Preservation and Development,ELEVATOR,MAINTENANCE,GLASS OR MIRROR BROKEN,RESIDENTIAL BUILDING,10033,2 SOUTH PINEHURST AVENUE,SOUTH PINEHURST AVENUE,,,,,ADDRESS,NEW YORK,,,Closed,,The Department of Housing Preservation and Development inspected the following conditions. No violations were issued. The complaint has been closed.,06/27/2023 12:00:00 AM,12 MANHATTAN,10,Precinct 33,1021390537,MANHATTAN,1000673,248066,ONLINE,Unspecified,MANHATTAN,,,,,,,,40.84754365943961,-73.94063986158703,POINT (-73.940639861587 40.84754365944)
57978981,06/22/2023 12:23:02 PM,06/26/2023 09:39:56 AM,DOT,Department of Transportation,Street Condition,"Rough, Pitted or Cracked Roads",N/A,Street,11694,BEACH  140 STREET,BEACH  140 STREET,BEACH  140 STREET,BEACH CHANNEL DRIVE,BEACH  140 STREET,BEACH CHANNEL DRIVE,INTERSECTION,,,,Closed,,The Department of Transportation investigated this request and determined this street requires a reconstruction project. This location is part of an existing project or may be included in a future project. These projects are long term and vary in length.,06/26/2023 09:40:01 AM,14 QUEENS,32,Precinct 100,,QUEENS,1023206,149737,PHONE,Unspecified,QUEENS,,,,,,,,40.577583906125234,-73.85976449577974,POINT (-73.85976449578 40.577583906125)
57969945,06/21/2023 07:44:48 PM,09/27/2024 02:47:24 PM,DPR,Department of Parks and Recreation,Root/Sewer/Sidewalk Condition,Trees and Sidewalks Program,Free Repair,Street,11236,10553 AVENUE K,AVENUE K,EAST  105 STREET,EAST  108 STREET,EAST  105 STREET,EAST  108 STREET,ADDRESS,BROOKLYN,AVENUE K,,Closed,,"NYC Parks inspected and determined this site does not rate high enough to be repaired by NYC Parks at this time.   We understand conditions may become worse over time. In three years, you may submit a service request via 311, the Parks website, or NYC Tree Map for a new inspection.   You can repair the sidewalk yourself by hiring an independent contractor. The contractor must complete a Tree Work Permit application on the NYC Parks website.",09/27/2024 02:47:28 PM,18 BROOKLYN,46,Precinct 69,3082340050,BROOKLYN,1014798,174277,PHONE,Unspecified,BROOKLYN,,,,,,,,40.64497406013277,-73.88992093128098,POINT (-73.889920931281 40.644974060133)
57964806,06/21/2023 01:22:07 PM,06/21/2023 01:48:06 PM,NYPD,New York City Police Department,Illegal Parking,Posted Parking Sign Violation,,Street/Sidewalk,10006,105 WASHINGTON STREET,WASHINGTON STREET,RECTOR STREET,CARLISLE STREET,RECTOR STREET,CARLISLE STREET,ADDRESS,NEW YORK,WASHINGTON STREET,,Closed,,The Police Department responded to the complaint and took action to fix the condition.,06/21/2023 01:48:10 PM,01 MANHATTAN,01,Precinct 1,1000530004,MANHATTAN,980297,197407,MOBILE,Unspecified,MANHATTAN,,,,,,,,40.70851248665056,-74.01425812541801,POINT (-74.014258125418 40.708512486651)
57966453,06/21/2023 10:18:00 AM,06/21/2023 10:52:37 AM,NYPD,New York City Police Department,Blocked Driveway,Partial Access,,Street/Sidewalk,11219,1223 56 STREET,56 STREET,12 AVENUE,13 AVENUE,12 AVENUE,13 AVENUE,ADDRESS,BROOKLYN,56 STREET,,Closed,,The Police Department issued a summons in response to the complaint.,06/21/2023 10:52:42 AM,12 BROOKLYN,44,Precinct 66,3056830070,BROOKLYN,984885,169543,ONLINE,Unspecified,BROOKLYN,,,,,,,,40.632032902185905,-73.99771223531694,POINT (-73.997712235317 40.632032902186)
57966291,06/21/2023 06:37:00 AM,06/21/2023 12:45:49 PM,DSNY,Department of Sanitation,Dead Animal,Raccoon,Street or Sidewalk,Street,10309,18 WOODVALE AVENUE,WOODVALE AVENUE,AMBOY ROAD,STATEN ISLAND RAILWAY LINE,AMBOY ROAD,STATEN ISLAND RAILWAY LINE,ADDRESS,STATEN ISLAND,WOODVALE AVENUE,,Closed,,The Department of Sanitation removed the items.,06/21/2023 11:41:00 AM,03 STATEN ISLAND,51,Precinct 123,5068050150,STATEN ISLAND,925816,130340,PHONE,Unspecified,STATEN ISLAND,,,,,,,,40.52423600253508,-74.21018548755778,POINT (-74.210185487558 40.524236002535)
57970593,06/21/2023 10:56:00 PM,06/24/2023 12:30:00 AM,DEP,Department of Environmental Protection,Noise,Noise: Construction Equipment (NC1),NC1,,11216,751 ST MARKS AVENUE,ST MARKS AVENUE,NOSTRAND AVE,NEW YORK AVE,,,ADDRESS,BROOKLYN,,N/A,Closed,,"The Department of Environmental Protection (DEP) didn't observe a violation of the NYC Air or Noise Code at the time of inspection and couldn't issue a summons.  If the problem still exists, please go to nyc.gov/311 or call 311 to file a new Service Request. If you're outside of New York City, please call (212) NEW-YORK (212-639-9675).",06/24/2023 12:30:00 AM,08 BROOKLYN,36,Precinct 77,3012200047,BROOKLYN,998710,185237,ONLINE,Unspecified,BROOKLYN,,,,,,,,40.675097719423114,-73.94787017277235,POINT (-73.947870172772 40.675097719423)
57966129,06/21/2023 09:43:06 PM,07/27/2023 12:19:17 PM,EDC,Economic Development Corporation,Noise - Helicopter,Other,Flying Too Low,Above Address,10023,172 WEST   74 STREET,WEST   74 STREET,COLUMBUS AVENUE,AMSTERDAM AVENUE,COLUMBUS AVENUE,AMSTERDAM AVENUE,ADDRESS,NEW YORK,WEST   74 STREET,,Closed,,"The New York City Economic Development Corporation determined that this issue is not within its jurisdiction because the helicopter did not belong to a tour company departing from a NYC heliport.Â  Instead, it was most likely a law enforcement or news gathering helicopter not subject to the routing protocols established for tour helicopters. It may also have been a helicopter that departed as a charter or tour from another City but flew over NYC airspace. Helicopter tours originating from outside NYC are not subject to the same City regulations as tours departing from heliports managed by NYCEDC. Any City regulation of these flights is pre-empted by federal law and subject only to the jurisdiction of the Federal Aviation Administration. To file a complaint with the FAA, you can contact the New York Flight Standards District Office at the following web address:Â https://www.faa.gov/about/office_org/field_offices/fsdo/",07/27/2023 12:19:22 PM,07 MANHATTAN,06,Precinct 20,,MANHATTAN,989762,223334,ONLINE,Unspecified,MANHATTAN,,,,,,,,40.77967477943319,-73.98009745061951,POINT (-73.98009745062 40.779674779433)
57967587,06/21/2023 09:47:01 AM,07/27/2023 12:00:00 AM,DOB,Department of Buildings,Elevator,Elevator - Single Device On Property/No Alternate Service,,,11691,22-40 MOTT AVENUE,MOTT AVENUE,,,,,ADDRESS,FAR ROCKAWAY,,,Closed,,"The Department of Buildings determined that the conditions described in this complaint were addressed under another service request number. Click on ""Learn More"" in the ""Did You Know"" section below for more information.",07/27/2023 12:00:00 AM,14 QUEENS,31,Precinct 101,4156610012,QUEENS,1051769,160030,UNKNOWN,Unspecified,QUEENS,,,,,,,,40.60566449541794,-73.7568397262665,POINT (-73.756839726266 40.605664495418)
57967074,06/21/2023 07:10:00 PM,06/22/2023 01:12:00 PM,DOT,Department of Transportation,Street Light Condition,Street Light Out,Location Type: Intersection,,10464,,,,,FORDHAM STREET,WILLIAM AVENUE,INTERSECTION,BRONX,,,Closed,,Service Request status for this request is available on the Department of Transportationâs website. Please click the âLearn Moreâ link below.,06/22/2023 01:12:00 PM,10 BRONX,13,Precinct 45,,BRONX,1042720,247854,UNKNOWN,Unspecified,BRONX,,,,,,,,40.84678346629746,-73.78866524205799,POINT (-73.788665242058 40.846783466297)
57971106,06/21/2023 03:08:52 PM,06/22/2023 07:38:39 PM,HPD,Department of Housing Preservation and Development,FLOORING/STAIRS,FLOOR,BROKEN OR DEFECTIVE,RESIDENTIAL BUILDING,11213,1453 PROSPECT PLACE,PROSPECT PLACE,,,,,ADDRESS,BROOKLYN,,,Closed,,The Department of Housing Preservation and Development inspected the following conditions. Violations were issued. Information about specific violations is available at www.nyc.gov/hpd,06/22/2023 12:00:00 AM,08 BROOKLYN,36,Precinct 77,3013610056,BROOKLYN,1004095,184528,PHONE,Unspecified,BROOKLYN,,,,,,,,40.673141240562664,-73.92845877400181,POINT (-73.928458774002 40.673141240563)
57964653,06/21/2023 07:33:24 PM,11/06/2023 08:44:41 AM,DPR,Department of Parks and Recreation,Root/Sewer/Sidewalk Condition,Trees and Sidewalks Program,Free Repair,Street,11207,483 WARWICK STREET,WARWICK STREET,BELMONT AVENUE,SUTTER AVENUE,BELMONT AVENUE,SUTTER AVENUE,ADDRESS,BROOKLYN,WARWICK STREET,,Closed,,NYC Parks inspected and determined that the site is ineligible for the Trees and Sidewalks Program because of one or more of the following reasons:  - The property adjacent to the sidewalk is not in Tax Class 1 - The property adjacent to the sidewalk is not owner-occupied - The property adjacent to the sidewalk contains a place of business  You can repair the sidewalk yourself by hiring an independent contractor. The contractor must complete a Tree Work Permit application on the NYC Parks website.,11/06/2023 08:44:44 AM,05 BROOKLYN,42,Precinct 75,3040310014,BROOKLYN,1016045,183987,PHONE,Unspecified,BROOKLYN,,,,,,,,40.67162146471275,-73.88538161524733,POINT (-73.885381615247 40.671621464713)
57970341,06/21/2023 07:52:01 AM,06/21/2023 08:12:24 AM,NYPD,New York City Police Department,Illegal Parking,Double Parked Blocking Traffic,,Street/Sidewalk,11368,120-01 ROOSEVELT AVENUE,ROOSEVELT AVENUE,FMCP NYCTA-LIRR PEDESTRIAN BRDG,126 STREET,FMCP NYCTA-LIRR PEDESTRIAN BRDG,126 STREET,ADDRESS,CORONA,ROOSEVELT AVENUE,,Closed,,The Police Department responded to the complaint and took action to fix the condition.,06/21/2023 08:13:00 AM,81 QUEENS,21,Precinct 110,4017870001,QUEENS,1027083,214273,MOBILE,Unspecified,QUEENS,,,,,,,,40.754702655195636,-73.84539790515785,POINT (-73.845397905158 40.754702655196)
57967515,06/21/2023 07:07:11 AM,06/21/2023 07:38:44 AM,NYPD,New York City Police Department,Illegal Parking,Blocked Hydrant,,Street/Sidewalk,10034,101 PARK TERRACE EAST,PARK TERRACE EAST,WEST  217 STREET,WEST  218 STREET,WEST  217 STREET,WEST  218 STREET,ADDRESS,NEW YORK,PARK TERRACE EAST,,Closed,,The Police Department issued a summons in response to the complaint.,06/21/2023 07:38:48 AM,12 MANHATTAN,10,Precinct 34,1022430283,MANHATTAN,1007667,256762,MOBILE,Unspecified,MANHATTAN,,,,,,,,40.87139577720939,-73.91533001965898,POINT (-73.915330019659 40.871395777209)
57961755,06/21/2023 03:40:17 PM,06/22/2023 12:23:56 PM,DOE,Department of Education,School Maintenance,Other School Condition,N/A,School,11434,156-10 BAISLEY BOULEVARD,BAISLEY BOULEVARD,155 STREET,157 STREET,155 STREET,157 STREET,ADDRESS,JAMAICA,BAISLEY BOULEVARD,,Closed,,The Department of Education completed the work and corrected the condition.,06/22/2023 12:24:00 PM,12 QUEENS,28,Precinct 113,4122610001,QUEENS,1044347,185502,ONLINE,August Martin High School,QUEENS,,,,,,,,40.67563290206249,-73.78334202101124,POINT (-73.783342021011 40.675632902062)
57962133,06/21/2023 10:48:59 AM,06/21/2023 11:37:12 AM,NYPD,New York City Police Department,Illegal Parking,Blocked Hydrant,,Street/Sidewalk,11234,3850 FLATLANDS AVENUE,FLATLANDS AVENUE,KIMBALL STREET,LOTTS LANE,KIMBALL STREET,LOTTS LANE,ADDRESS,BROOKLYN,FLATLANDS AVENUE,,Closed,,The Police Department responded and upon arrival those responsible for the condition were gone.,06/21/2023 11:37:16 AM,18 BROOKLYN,45,Precinct 63,3078590039,BROOKLYN,1001607,165111,MOBILE,Unspecified,BROOKLYN,,,,,,,,40.61985101328664,-73.93747797173263,POINT (-73.937477971733 40.619851013287)
57962565,06/21/2023 03:18:17 AM,06/21/2023 08:30:51 AM,DPR,Department of Parks and Recreation,Maintenance or Facility,Broken Glass,Ball Field/Court,Park,10004,BATTERY PARK,BATTERY PARK,BATTERY PARK UNDERPASS,BATTERY PLACE,BATTERY PARK UNDERPASS,BATTERY PLACE,UNRECOGNIZED,NEW YORK,THE BATTERY,,Closed,,NYC Parks inspected the condition and determined that the issue is out of their jurisdiction.,06/21/2023 08:30:55 AM,01 MANHATTAN,01,Precinct 1,1000030001,MANHATTAN,979906,195415,PHONE,Unspecified,MANHATTAN,,,,,,,,40.70304473297138,-74.01566714314411,POINT (-74.015667143144 40.703044732971)
57975867,06/22/2023 09:31:38 AM,06/25/2023 07:05:00 PM,HPD,Department of Housing Preservation and Development,GENERAL,CABINET,FALLING OFF WALL,RESIDENTIAL BUILDING,10035,123 EAST  129 STREET,EAST  129 STREET,,,,,ADDRESS,NEW YORK,,,Closed,,The Department of Housing Preservation and Development inspected the following conditions. No violations were issued. The complaint has been closed.,06/25/2023 12:00:00 AM,11 MANHATTAN,09,Precinct 25,1017780006,MANHATTAN,1001987,233325,PHONE,Unspecified,MANHATTAN,,,,,,,,40.807081289396386,-73.93592944446117,POINT (-73.935929444461 40.807081289396)
57963132,06/21/2023 11:00:17 AM,06/21/2023 01:24:34 PM,NYPD,New York City Police Department,Illegal Parking,Blocked Hydrant,,Street/Sidewalk,11356,121-29 7 AVENUE,7 AVENUE,COLLEGE PLACE,COLLEGE POINT BOULEVARD,COLLEGE PLACE,COLLEGE POINT BOULEVARD,ADDRESS,COLLEGE POINT,7 AVENUE,,Closed,,The Police Department responded and upon arrival those responsible for the condition were gone.,06/21/2023 01:24:39 PM,07 QUEENS,19,Precinct 109,4039410058,QUEENS,1026764,227453,MOBILE,Unspecified,QUEENS,,,,,,,,40.790879791882716,-73.84646592550556,POINT (-73.846465925506 40.790879791883)
57962700,06/21/2023 11:28:03 PM,06/22/2023 12:00:55 AM,NYPD,New York City Police Department,Noise - Street/Sidewalk,Loud Talking,,Street/Sidewalk,11238,778 FRANKLIN AVENUE,FRANKLIN AVENUE,ST JOHNS PLACE,LINCOLN PLACE,ST JOHNS PLACE,LINCOLN PLACE,ADDRESS,BROOKLYN,FRANKLIN AVENUE,,Closed,,The Police Department responded to the complaint and took action to fix the condition.,06/22/2023 12:00:59 AM,08 BROOKLYN,35,Precinct 77,3011780049,BROOKLYN,996032,184080,ONLINE,Unspecified,BROOKLYN,,,,,,,,40.67192598398303,-73.95752666637821,POINT (-73.957526666378 40.671925983983)
57966939,06/21/2023 07:47:55 PM,06/27/2023 08:31:47 AM,DHS,Department of Homeless Services,Homeless Person Assistance,,,Subway,,,,,,,,ADDRESS,,,,Closed,,The mobile outreach response team went to the location provided but could not find the individual that you reported.,06/27/2023 08:31:47 AM,Unspecified MANHATTAN,,Unspecified,,MANHATTAN,986587,212414,MOBILE,Unspecified,MANHATTAN,,,,1,,W 32 St & Penn Plz,Entrance,40.74970360914274,-73.99156543328853,POINT (-73.991565433289 40.749703609143)
57969135,06/21/2023 09:57:39 AM,07/01/2023 01:19:17 PM,DSNY,Department of Sanitation,Street Sweeping Complaint,Inadequate Sweeping,Caused by a parked vehicle,Street,11691,11-16 FOAM PLACE,FOAM PLACE,BEACH   18 STREET,SMITH PLACE,BEACH   18 STREET,SMITH PLACE,ADDRESS,FAR ROCKAWAY,FOAM PLACE,,Closed,,The Department of Sanitation investigated this complaint and issued a Notice of Violation.,06/23/2023 07:16:28 AM,14 QUEENS,31,Precinct 101,4155450007,QUEENS,1053456,159615,PHONE,Unspecified,QUEENS,,,,,,,,40.60451239545195,-73.75076851546014,POINT (-73.75076851546 40.604512395452)
57974373,06/22/2023 11:07:13 AM,08/04/2023 05:11:19 PM,HPD,Department of Housing Preservation and Development,APPLIANCE,REFRIGERATOR,BROKEN DOOR SEAL,RESIDENTIAL BUILDING,10452,1011 NELSON AVENUE,NELSON AVENUE,,,,,ADDRESS,BRONX,,,Closed,,The Department of Housing Preservation and Development inspected the following conditions. No violations were issued. The complaint has been closed.,08/04/2023 12:00:00 AM,04 BRONX,08,Precinct 44,2025120041,BRONX,1004037,242811,PHONE,Unspecified,BRONX,,,,,,,,40.833113322378146,-73.92849635571561,POINT (-73.928496355716 40.833113322378)
57966210,06/21/2023 08:01:37 AM,06/21/2023 08:09:58 AM,NYPD,New York City Police Department,Illegal Parking,Blocked Sidewalk,,Street/Sidewalk,11101,44-02 VERNON BOULEVARD,VERNON BOULEVARD,44 AVENUE,44 ROAD,44 AVENUE,44 ROAD,ADDRESS,LONG ISLAND CITY,VERNON BOULEVARD,,Closed,,The Police Department responded to the complaint and took action to fix the condition.,06/21/2023 08:10:38 AM,02 QUEENS,26,Precinct 108,4004880003,QUEENS,997475,212674,ONLINE,Unspecified,QUEENS,,,,,,,,40.750407662675585,-73.9522685797966,POINT (-73.952268579797 40.750407662676)
57962322,06/21/2023 01:22:35 PM,07/15/2023 11:59:20 AM,DSNY,Department of Sanitation,Missed Collection,Trash,N/A,Street,11429,111-22 221 STREET,221 STREET,DEAD END,112 AVENUE,DEAD END,112 AVENUE,ADDRESS,QUEENS VILLAGE,221 STREET,,Closed,,The Department of Sanitation collected the requested items.,06/22/2023 12:15:36 PM,13 QUEENS,27,Precinct 105,4111980043,QUEENS,1057430,196441,PHONE,Unspecified,QUEENS,,,,,,,,40.70555931537386,-73.73605743268647,POINT (-73.736057432686 40.705559315374)
57974076,06/22/2023 04:42:02 PM,06/22/2023 07:27:16 PM,NYPD,New York City Police Department,Abandoned Vehicle,With License Plate,,Street/Sidewalk,11204,P AVENUE,P AVENUE,P AVENUE,WEST    9 STREET,P AVENUE,WEST    9 STREET,INTERSECTION,,,,Closed,,The Police Department responded to the complaint and with the information available observed no evidence of the violation at that time.,06/22/2023 07:27:22 PM,11 BROOKLYN,43,Precinct 62,,BROOKLYN,989096,160702,PHONE,Unspecified,BROOKLYN,,,,,,,,40.60776489521839,-73.98254727922637,POINT (-73.982547279226 40.607764895218)
58005468,06/26/2023 12:10:29 AM,,EDC,Economic Development Corporation,Noise - Helicopter,Other,Flying Too Low,Above Address,11231,354 CLINTON STREET,CLINTON STREET,KANE STREET,DEGRAW STREET,KANE STREET,DEGRAW STREET,ADDRESS,BROOKLYN,CLINTON STREET,,In Progress,,,,06 BROOKLYN,39,Precinct 76,3003240051,BROOKLYN,985102,188820,ONLINE,Unspecified,BROOKLYN,,,,,,,,40.68494401052089,-73.99692799665476,POINT (-73.996927996655 40.684944010521)
57974580,06/22/2023 11:14:00 AM,08/31/2023 06:30:00 PM,DEP,Department of Environmental Protection,Water System,Hydrant Leaking (WC1),WC1,,11385,1663 CODY AVENUE,CODY AVENUE,BEND,CYPRESS AVE,,,ADDRESS,RIDGEWOOD,,,Closed,,The Department of Environmental Protection investigated this complaint and repaired or replaced the hydrant.,08/31/2023 06:30:00 PM,05 QUEENS,34,Precinct 104,4035560061,QUEENS,1012062,192542,PHONE,Unspecified,QUEENS,,,,,,,,40.69511638298517,-73.89970468168326,POINT (-73.899704681683 40.695116382985)
57964977,06/21/2023 03:37:22 PM,06/24/2023 06:48:25 AM,DSNY,Department of Sanitation,Missed Collection,Recycling - Metal/Glass/Rigid Plastic,N/A,Street,10307,232 MAIN STREET,MAIN STREET,BENTLEY LANE,AMBOY ROAD,BENTLEY LANE,AMBOY ROAD,ADDRESS,STATEN ISLAND,MAIN STREET,,Closed,,The Department of Sanitation collected the requested items.,06/23/2023 09:53:06 AM,03 STATEN ISLAND,51,Precinct 123,5080480074,STATEN ISLAND,915476,124997,PHONE,Unspecified,STATEN ISLAND,,,,,,,,40.5094963796612,-74.2473237376518,POINT (-74.247323737652 40.509496379661)
57969018,06/21/2023 12:17:48 PM,06/26/2023 03:14:14 PM,HPD,Department of Housing Preservation and Development,APPLIANCE,REFRIGERATOR,BROKEN DOOR SEAL,RESIDENTIAL BUILDING,10467,2316 WALLACE AVENUE,WALLACE AVENUE,,,,,ADDRESS,BRONX,,,Closed,,"The Department of Housing Preservation and Development contacted an occupant of the apartment and verified that the following conditions were corrected. The complaint has been closed. If the condition still exists, please file a new complaint.",06/26/2023 12:00:00 AM,11 BRONX,13,Precinct 49,2043520010,BRONX,1021701,252647,PHONE,Unspecified,BRONX,,,,,,,,40.86005297602237,-73.86460966893242,POINT (-73.864609668932 40.860052976022)
57968658,06/22/2023 12:53:24 AM,06/22/2023 01:18:06 AM,NYPD,New York City Police Department,Noise - Residential,Loud Television,,Residential Building/House,10463,500 WEST  235 STREET,WEST  235 STREET,RIVERDALE AVENUE,CAMBRIDGE AVENUE,RIVERDALE AVENUE,CAMBRIDGE AVENUE,ADDRESS,BRONX,WEST  235 STREET,,Closed,,The Police Department responded to the complaint but officers were unable to gain entry into the premises.,06/22/2023 01:18:15 AM,08 BRONX,11,Precinct 50,2057840340,BRONX,1009830,261790,ONLINE,Unspecified,BRONX,,,,,,,,40.885190068846924,-73.9074899618495,POINT (-73.907489961849 40.885190068847)
58009923,06/26/2023 09:59:05 AM,07/01/2023 10:15:24 AM,DSNY,Department of Sanitation,Litter Basket Request,New Basket,N/A,Sidewalk,10473,LAFAYETTE AVENUE,LAFAYETTE AVENUE,LAFAYETTE AVENUE,ROSEDALE AVENUE,LAFAYETTE AVENUE,ROSEDALE AVENUE,INTERSECTION,,,,Closed,,The location does not meet the criteria for Litter Basket placement.,06/27/2023 05:03:03 AM,09 BRONX,18,Precinct 43,,BRONX,1021146,238374,PHONE,Unspecified,BRONX,,,,,,,,40.82088013277865,-73.8666945873471,POINT (-73.866694587347 40.820880132779)
57964545,06/21/2023 08:48:22 AM,06/22/2023 09:27:24 AM,DOT,Department of Transportation,Street Condition,Plate Condition - Noisy,N/A,Street,11358,160-20 43 AVENUE,43 AVENUE,160 STREET,161 STREET,160 STREET,161 STREET,ADDRESS,FLUSHING,43 AVENUE,,Closed,,The Department of Transportation inspected the condition you reported and found that the condition meets its standards and/or there is a valid permit to conduct work.,06/22/2023 09:27:29 AM,07 QUEENS,20,Precinct 109,4054180040,QUEENS,1038050,215811,ONLINE,Unspecified,QUEENS,,,,,,,,40.758864134392255,-73.80580125476025,POINT (-73.80580125476 40.758864134392)
57977163,06/22/2023 11:53:00 PM,06/29/2023 09:30:00 PM,DEP,Department of Environmental Protection,Noise,Noise: Construction Before/After Hours (NM1),NM1,,10002,,,,,GRAND STREET,SUFFOLK STREET,INTERSECTION,MANHATTAN,,N/A,Closed,,"The Department of Environmental Protection (DEP) didn't observe a violation of the NYC Air or Noise Code at the time of inspection and couldn't issue a summons.  If the problem still exists, please go to nyc.gov/311 or call 311 to file a new Service Request. If you're outside of New York City, please call (212) NEW-YORK (212-639-9675).",06/29/2023 09:30:00 PM,03 MANHATTAN,01,Precinct 7,,MANHATTAN,987705,200207,ONLINE,Unspecified,MANHATTAN,,,,,,,,40.716198028399994,-73.98753668008486,POINT (-73.987536680085 40.7161980284)
57964842,06/21/2023 10:53:51 AM,06/21/2023 11:30:44 AM,NYPD,New York City Police Department,Illegal Parking,Blocked Hydrant,,Street/Sidewalk,11103,30-38 48 STREET,48 STREET,30 AVENUE,31 AVENUE,30 AVENUE,31 AVENUE,ADDRESS,ASTORIA,48 STREET,,Closed,,The Police Department issued a summons in response to the complaint.,06/21/2023 11:30:49 AM,01 QUEENS,22,Precinct 114,4007290061,QUEENS,1009296,216060,MOBILE,Unspecified,QUEENS,,,,,,,,40.7596757857884,-73.90959186018591,POINT (-73.909591860186 40.759675785788)
57978972,06/23/2023 01:42:12 AM,06/23/2023 10:55:22 AM,NYPD,New York City Police Department,Noise - Vehicle,Car/Truck Music,,Street/Sidewalk,10456,204 EAST  165 STREET,EAST  165 STREET,SHERIDAN AVENUE,SHERMAN AVENUE,SHERIDAN AVENUE,SHERMAN AVENUE,ADDRESS,BRONX,EAST  165 STREET,,Closed,,The Police Department responded and upon arrival those responsible for the condition were gone.,06/23/2023 10:55:25 AM,04 BRONX,16,Precinct 44,2024550059,BRONX,1006744,241765,ONLINE,Unspecified,BRONX,,,,,,,,40.83023587434829,-73.91871766972541,POINT (-73.918717669725 40.830235874348)
57967758,06/21/2023 04:01:22 PM,06/27/2023 02:51:05 PM,DSNY,Department of Sanitation,Dirty Condition,Debris from Car Accident,N/A,Street,11229,AVENUE S,AVENUE S,AVENUE S,BROWN STREET,AVENUE S,BROWN STREET,INTERSECTION,,,,Closed,,The Department of Sanitation investigated this complaint and found no condition at the location.,06/27/2023 10:45:55 AM,15 BROOKLYN,46,Precinct 61,,BROOKLYN,1000677,159804,PHONE,Unspecified,BROOKLYN,,,,,,,,40.60528616838984,-73.94084085434619,POINT (-73.940840854346 40.60528616839)
57967245,06/21/2023 09:05:03 AM,06/21/2023 01:22:40 PM,DOHMH,Department of Health and Mental Hygiene,Rodent,Rat Sighting,,3+ Family Apt. Building,11213,1710 CARROLL STREET,CARROLL STREET,UTICA AVENUE,FORD STREET,UTICA AVENUE,FORD STREET,ADDRESS,BROOKLYN,CARROLL STREET,,Closed,,This service request was closed because the Department of Health and Mental Hygiene received an earlier complaint about the same location.  You can find inspection results for this address by going to the online Rat Portal at www.nyc.gov/rats.,06/21/2023 09:05:03 AM,09 BROOKLYN,41,Precinct 71,3014150016,BROOKLYN,1003625,181944,PHONE,Unspecified,BROOKLYN,,,,,,,,40.66604978107062,-73.93016055020807,POINT (-73.930160550208 40.666049781071)
57978630,06/22/2023 05:48:14 PM,06/23/2023 12:00:00 AM,DOB,Department of Buildings,General Construction/Plumbing,Site Conditions Endangering Workers,,,10467,790 ALLERTON AVENUE,ALLERTON AVENUE,,,,,ADDRESS,BRONX,,,Closed,,The Department of Buildings investigated this complaint and determined that no further action was necessary.,06/23/2023 12:00:00 AM,11 BRONX,13,Precinct 49,2044390081,BRONX,1021899,254629,UNKNOWN,Unspecified,BRONX,,,,,,,,40.865492118634585,-73.86388273984842,POINT (-73.863882739848 40.865492118635)
57976038,06/22/2023 09:17:22 PM,06/22/2023 10:52:55 PM,NYPD,New York City Police Department,Illegal Parking,Posted Parking Sign Violation,,Street/Sidewalk,11434,147-07 GUY BREWER BOULEVARD,GUY BREWER BOULEVARD,146 TERRACE,147 AVENUE,146 TERRACE,147 AVENUE,ADDRESS,JAMAICA,GUY R BREWER BOULEVARD,,Closed,,The Police Department responded to the complaint and took action to fix the condition.,06/22/2023 10:53:00 PM,13 QUEENS,31,Precinct 105,4133540019,QUEENS,1048605,180147,PHONE,Unspecified,QUEENS,,,,,,,,40.66090474175684,-73.76804253364601,POINT (-73.768042533646 40.660904741757)
57971655,06/22/2023 12:09:17 AM,06/28/2023 12:00:00 AM,DOB,Department of Buildings,Elevator,Elevator - Multiple Devices On Property,,,10016,1E EAST   35 STREET,EAST   35 STREET,,,,,ADDRESS,NEW YORK,,,Closed,,The Department of Buildings investigated this complaint and determined that no further action was necessary.,06/28/2023 12:00:00 AM,05 MANHATTAN,04,Unspecified,1008657502,MANHATTAN,988730,212161,UNKNOWN,Unspecified,MANHATTAN,,,,,,,,40.74900836188642,-73.98383120895627,POINT (-73.983831208956 40.749008361886)
57973635,06/22/2023 05:49:55 AM,06/22/2023 06:06:48 AM,NYPD,New York City Police Department,Illegal Parking,Blocked Hydrant,,Street/Sidewalk,11233,1720 PARK PLACE,PARK PLACE,RALPH AVENUE,HOWARD AVENUE,RALPH AVENUE,HOWARD AVENUE,ADDRESS,BROOKLYN,PARK PLACE,,Closed,,The Police Department responded to the complaint and took action to fix the condition.,06/22/2023 06:06:54 AM,16 BROOKLYN,41,Precinct 73,3014660134,BROOKLYN,1006389,184032,ONLINE,Unspecified,BROOKLYN,,,,,,,,40.67177439275058,-73.92019053733756,POINT (-73.920190537338 40.671774392751)
57965193,06/21/2023 08:14:00 AM,06/22/2023 06:24:00 AM,DEP,Department of Environmental Protection,Noise,Noise: Jack Hammering (NC2),NC2,,10024,326 WEST   77 STREET,WEST   77 STREET,WEST END AVE,RIVERSIDE DR,,,ADDRESS,NEW YORK,,N/A,Closed,,The Department of Environmental Protection determined that this complaint is a duplicate of a previously filed complaint. The original complaint is being addressed.,06/22/2023 06:24:00 AM,07 MANHATTAN,06,Precinct 20,1011850088,MANHATTAN,988920,224707,ONLINE,Unspecified,MANHATTAN,,,,,,,,40.783443785273015,-73.98313676222928,POINT (-73.983136762229 40.783443785273)
57969783,06/21/2023 08:03:54 AM,06/21/2023 10:41:09 AM,NYPD,New York City Police Department,Abandoned Vehicle,With License Plate,,Street/Sidewalk,11358,164-25 NORTHERN BOULEVARD,NORTHERN BOULEVARD,164 STREET,165 STREET,164 STREET,165 STREET,ADDRESS,FLUSHING,NORTHERN BOULEVARD,,Closed,,The Police Department responded to the complaint and took action to fix the condition.,06/21/2023 10:41:13 AM,07 QUEENS,19,Precinct 109,4053390001,QUEENS,1039166,216458,MOBILE,Unspecified,QUEENS,,,,,,,,40.76063311784024,-73.80176762270035,POINT (-73.8017676227 40.76063311784)
57969504,06/21/2023 10:16:40 PM,06/23/2023 04:29:12 PM,HPD,Department of Housing Preservation and Development,HEAT/HOT WATER,APARTMENT ONLY,NO HOT WATER,RESIDENTIAL BUILDING,11206,210 MESEROLE STREET,MESEROLE STREET,,,,,ADDRESS,BROOKLYN,,,Closed,,"The Department of Housing Preservation and Development was not able to gain access to your apartment or others in the building to inspect for a lack of heat or hot water. The complaint has been closed. If the condition still exists, please file a new complaint.",06/23/2023 12:00:00 AM,01 BROOKLYN,34,Precinct 90,3030540016,BROOKLYN,1000704,197341,ONLINE,Unspecified,BROOKLYN,,,,,,,,40.708316916336976,-73.94065203029528,POINT (-73.940652030295 40.708316916337)
57976659,06/22/2023 02:27:55 PM,06/22/2023 03:07:42 PM,NYPD,New York City Police Department,Noise - Vehicle,Car/Truck Music,,Street/Sidewalk,11226,480 EAST   23 STREET,EAST   23 STREET,STEPHENS COURT,FOSTER AVENUE,STEPHENS COURT,FOSTER AVENUE,ADDRESS,BROOKLYN,EAST   23 STREET,,Closed,,The Police Department responded and upon arrival those responsible for the condition were gone.,06/22/2023 03:07:46 PM,14 BROOKLYN,45,Precinct 70,3052220078,BROOKLYN,996513,171800,ONLINE,Unspecified,BROOKLYN,,,,,,,,40.63821942108572,-73.95581502290973,POINT (-73.95581502291 40.638219421086)
57975057,06/22/2023 05:35:54 PM,,DCWP,Department of Consumer and Worker Protection,Consumer Complaint,Supermarket or Grocery Store,Price Gouging,Business,11226,1301 CHURCH AVENUE,CHURCH AVENUE,ARGYLE ROAD,RUGBY ROAD,ARGYLE ROAD,RUGBY ROAD,ADDRESS,BROOKLYN,CHURCH AVENUE,,In Progress,,"The Department of Consumer and Worker Protection (DCWP) sent you a complaint form.  To help you, DCWP must get the completed form and any requested documents within 30 days.  You can send requested information by email, fax, or mail. Contact information is on the complaint form.  You may also be able to submit requested information at nyc.gov/dcwp. You must enter your NYC311 Service Request number.  If you didn't receive the complaint form within 15 days from the date you filed your Service Request, call DCWP Consumer Services at (212) 487-4110. You must provide your NYC311 Service Request number.  DCWP will contact you about 30 days after getting your completed form and documents.",06/23/2023 11:37:31 AM,14 BROOKLYN,40,Precinct 70,3050740039,BROOKLYN,993291,175268,PHONE,Unspecified,BROOKLYN,,,,,,,,40.64774220980636,-73.96741960481954,POINT (-73.96741960482 40.647742209806)
57967974,06/21/2023 04:44:09 PM,06/21/2023 05:09:44 PM,NYPD,New York City Police Department,Noise - Street/Sidewalk,Loud Music/Party,,Street/Sidewalk,10031,AMSTERDAM AVENUE,AMSTERDAM AVENUE,AMSTERDAM AVENUE,WEST  143 STREET,AMSTERDAM AVENUE,WEST  143 STREET,INTERSECTION,,,,Closed,,The Police Department responded to the complaint and determined that police action was not necessary.,06/21/2023 05:09:50 PM,09 MANHATTAN,07,Precinct 30,,MANHATTAN,998489,239465,ONLINE,Unspecified,MANHATTAN,,,,,,,,40.823940197726635,-73.94855208055147,POINT (-73.948552080551 40.823940197727)
57972051,06/22/2023 10:52:29 PM,06/22/2023 11:16:09 PM,NYPD,New York City Police Department,Noise - Residential,Banging/Pounding,,Residential Building/House,10075,508 EAST   79 STREET,EAST   79 STREET,YORK AVENUE,EAST END AVENUE,YORK AVENUE,EAST END AVENUE,ADDRESS,NEW YORK,EAST   79 STREET,,Closed,,The Police Department responded to the complaint and with the information available observed no evidence of the violation at that time.,06/22/2023 11:16:13 PM,08 MANHATTAN,05,Precinct 19,1014900044,MANHATTAN,998165,220213,ONLINE,Unspecified,MANHATTAN,,,,,,,,40.77109922074331,-73.94976264054044,POINT (-73.94976264054 40.771099220743)
57972267,06/22/2023 01:47:16 PM,06/26/2023 03:03:51 PM,HPD,Department of Housing Preservation and Development,WATER LEAK,SLOW LEAK,AT WALL OR CEILING,RESIDENTIAL BUILDING,10457,2186 GRAND CONCOURSE,GRAND CONCOURSE,,,,,ADDRESS,BRONX,,,Closed,,The Department of Housing Preservation and Development inspected the following conditions. No violations were issued. The complaint has been closed.,06/26/2023 12:00:00 AM,05 BRONX,15,Precinct 46,2031570020,BRONX,1011575,250937,PHONE,Unspecified,BRONX,,,,,,,,40.85539669061579,-73.90122343569143,POINT (-73.901223435691 40.855396690616)
57974013,06/22/2023 05:58:23 AM,,EDC,Economic Development Corporation,Noise - Helicopter,Other,Flying Too Low,Above Address,11238,135 EASTERN PARKWAY,EASTERN PARKWAY,UNDERHILL AVENUE,WASHINGTON AVENUE,UNDERHILL AVENUE,WASHINGTON AVENUE,ADDRESS,BROOKLYN,EASTERN PARKWAY,,In Progress,,,,08 BROOKLYN,35,Precinct 77,3011790047,BROOKLYN,994156,184165,ONLINE,Unspecified,BROOKLYN,,,,,,,,40.67216158783738,-73.96428939702098,POINT (-73.964289397021 40.672161587837)
57965751,06/21/2023 09:10:45 AM,06/22/2023 08:27:00 AM,DOT,Department of Transportation,Broken Parking Meter,Coin or Card Did Not Register,Payment by Card,Street,10024,506 AMSTERDAM AVENUE,AMSTERDAM AVENUE,WEST   84 STREET,WEST   85 STREET,WEST   84 STREET,WEST   85 STREET,ADDRESS,NEW YORK,AMSTERDAM AVENUE,,Closed,,The Department of Transportation inspected the condition you reported and found that the condition meets its standards and/or there is a valid permit to conduct work.,06/22/2023 08:27:02 AM,07 MANHATTAN,06,Precinct 20,1012320033,MANHATTAN,990955,225874,PHONE,Unspecified,MANHATTAN,,,,,,,,40.78664557944582,-73.9757872703752,POINT (-73.975787270375 40.786645579446)
57970440,06/21/2023 12:32:00 PM,06/30/2023 12:15:00 PM,DEP,Department of Environmental Protection,Noise,Noise: Construction Equipment (NC1),NC1,,11216,28 MACDONOUGH STREET,MACDONOUGH STREET,MARCY AVE,TOMPKINS AVE,,,ADDRESS,BROOKLYN,,N/A,Closed,,"The Department of Environmental Protection (DEP) didn't observe a violation of the NYC Air or Noise Code at the time of inspection and couldn't issue a summons.  If the problem still exists, please go to nyc.gov/311 or call 311 to file a new Service Request. If you're outside of New York City, please call (212) NEW-YORK (212-639-9675).",06/30/2023 12:15:00 PM,03 BROOKLYN,36,Precinct 79,3018540014,BROOKLYN,999471,187331,PHONE,Unspecified,BROOKLYN,,,,,,,,40.68084399904955,-73.94512195873226,POINT (-73.945121958732 40.68084399905)
57963861,06/21/2023 01:41:00 PM,06/23/2023 11:35:00 AM,DEP,Department of Environmental Protection,Water System,Hydrant Knocked Over/Missing (WC),WC,,11421,86-51 WOODHAVEN BOULEVARD,WOODHAVEN BOULEVARD,86 DR,JAMAICA AVE,,,ADDRESS,WOODHAVEN,,,Closed,,"The Department of Environment Protection inspected your complaint but could not find the problem you reported. If the condition persists, please call 311 (or 212-639-9675 if calling from a non-New York City area code) with more detailed information to submit a new complaint.",06/23/2023 11:35:00 AM,09 QUEENS,32,Precinct 102,4088800042,QUEENS,1025202,192172,ONLINE,Unspecified,QUEENS,,,,,,,,40.69404977086304,-73.85232168785006,POINT (-73.85232168785 40.694049770863)
57961539,06/21/2023 04:16:37 PM,06/23/2023 07:45:51 PM,HPD,Department of Housing Preservation and Development,APPLIANCE,ELECTRIC/GAS RANGE,OVEN DOOR MISSING OR BROKEN,RESIDENTIAL BUILDING,11692,67-03 BEACH CHANNEL DRIVE,BEACH CHANNEL DRIVE,,,,,ADDRESS,ARVERNE,,,Closed,,The Department of Housing Preservation and Development inspected the following conditions. No violations were issued. The complaint has been closed.,06/23/2023 12:00:00 AM,14 QUEENS,31,Precinct 100,4159150054,QUEENS,1040820,155326,PHONE,Unspecified,QUEENS,,,,,,,,40.59282966170153,-73.7963102611045,POINT (-73.796310261104 40.592829661702)
57966750,06/21/2023 10:21:03 PM,06/21/2023 10:35:24 PM,NYPD,New York City Police Department,Noise - Vehicle,Car/Truck Music,,Street/Sidewalk,11225,320 STERLING STREET,STERLING STREET,NOSTRAND AVENUE,NEW YORK AVENUE,NOSTRAND AVENUE,NEW YORK AVENUE,ADDRESS,BROOKLYN,STERLING STREET,,Closed,,The Police Department responded to the complaint and took action to fix the condition.,06/21/2023 10:35:27 PM,09 BROOKLYN,40,Precinct 71,3013210011,BROOKLYN,998073,180888,MOBILE,Unspecified,BROOKLYN,,,,,,,,40.663161704647315,-73.95017554238143,POINT (-73.950175542381 40.663161704647)
57966156,06/21/2023 06:19:26 AM,06/21/2023 10:38:41 AM,NYPD,New York City Police Department,Illegal Parking,Detached Trailer,,Street/Sidewalk,11355,146-19 BOOTH MEMORIAL AVENUE,BOOTH MEMORIAL AVENUE,146 STREET,148 STREET,146 STREET,148 STREET,ADDRESS,FLUSHING,BOOTH MEMORIAL AVENUE,,Closed,,The Police Department responded to the complaint and took action to fix the condition.,06/21/2023 10:38:48 AM,07 QUEENS,20,Precinct 109,4051740043,QUEENS,1033879,210756,ONLINE,Unspecified,QUEENS,,,,,,,,40.745013864325344,-73.82089433638956,POINT (-73.82089433639 40.745013864325)
57967146,06/22/2023 01:09:25 AM,06/22/2023 02:13:13 AM,NYPD,New York City Police Department,Noise - Commercial,Loud Music/Party,,Club/Bar/Restaurant,11372,79-03 ROOSEVELT AVENUE,ROOSEVELT AVENUE,79 STREET,80 STREET,79 STREET,80 STREET,ADDRESS,JACKSON HEIGHTS,ROOSEVELT AVENUE,,Closed,,The Police Department responded to the complaint and took action to fix the condition.,06/22/2023 02:13:17 AM,03 QUEENS,25,Precinct 115,4012900046,QUEENS,1015681,211583,ONLINE,Unspecified,QUEENS,,,,,,,,40.747367173880924,-73.88656497971984,POINT (-73.88656497972 40.747367173881)
57961647,06/21/2023 09:46:25 AM,07/09/2023 02:13:15 PM,HPD,Department of Housing Preservation and Development,PLUMBING,WATER SUPPLY,NO WATER,RESIDENTIAL BUILDING,10028,453 EAST   83 STREET,EAST   83 STREET,,,,,ADDRESS,NEW YORK,,,Closed,,The Department of Housing Preservation and Development inspected the following conditions. No violations were issued. The complaint has been closed.,07/09/2023 12:00:00 AM,08 MANHATTAN,05,Precinct 19,1015630121,MANHATTAN,998203,221430,ONLINE,Unspecified,MANHATTAN,,,,,,,,40.77443950704256,-73.94962292224115,POINT (-73.949622922241 40.774439507043)
57965940,06/21/2023 05:37:52 PM,06/26/2023 03:38:51 PM,DOT,Department of Transportation,Street Sign - Dangling,Do Not Enter,N/A,Street,11356,23 AVENUE,23 AVENUE,23 AVENUE,119 STREET,23 AVENUE,119 STREET,INTERSECTION,,,,Closed,,The Department of Transportation has completed the request or corrected the condition.,06/26/2023 03:38:54 PM,07 QUEENS,19,Precinct 109,,QUEENS,1026114,222978,ONLINE,Unspecified,QUEENS,,,,,,,,40.77860023090097,-73.8488412031756,POINT (-73.848841203176 40.778600230901)
57962943,06/21/2023 05:42:24 PM,06/25/2023 03:15:48 PM,HPD,Department of Housing Preservation and Development,PLUMBING,BASIN/SINK,FAUCET BROKEN/MISSING/LEAKING,RESIDENTIAL BUILDING,10460,2090 CROTONA PARKWAY,CROTONA PARKWAY,,,,,ADDRESS,BRONX,,,Closed,,The Department of Housing Preservation and Development inspected the following conditions. No violations were issued. The complaint has been closed.,06/25/2023 12:00:00 AM,06 BRONX,17,Precinct 48,2031180156,BRONX,1016223,247327,PHONE,Unspecified,BRONX,,,,,,,,40.84547270911545,-73.8844387125434,POINT (-73.884438712543 40.845472709115)
57965832,06/21/2023 10:16:23 PM,06/22/2023 03:53:17 AM,NYPD,New York City Police Department,Illegal Parking,Commercial Overnight Parking,,Street/Sidewalk,11435,144-44 GRAND CENTRAL PARKWAY SR SOUTH,GRAND CENTRAL PARKWAY SR SOUTH,DANIELS STREET,SMEDLEY STREET,DANIELS STREET,SMEDLEY STREET,ADDRESS,JAMAICA,GRAND CENTRAL PARKWAY SR SOUTH,,Closed,,The Police Department issued a summons in response to the complaint.,06/22/2023 03:53:23 AM,08 QUEENS,24,Precinct 107,4066950048,QUEENS,1035570,200060,ONLINE,Unspecified,QUEENS,,,,,,,,40.71564637625639,-73.81487329720741,POINT (-73.814873297207 40.715646376256)
57965463,06/21/2023 08:16:04 PM,06/21/2023 09:00:57 PM,NYPD,New York City Police Department,Noise - Residential,Loud Music/Party,,Residential Building/House,11222,32 INDIA STREET,INDIA STREET,WEST STREET,FRANKLIN STREET,WEST STREET,FRANKLIN STREET,ADDRESS,BROOKLYN,INDIA STREET,,Closed,,The Police Department responded to the complaint and with the information available observed no evidence of the violation at that time.,06/21/2023 09:01:01 PM,01 BROOKLYN,33,Precinct 94,3025390001,BROOKLYN,995537,205920,ONLINE,Unspecified,BROOKLYN,,,,,,,,40.73187230169544,-73.9592745047177,POINT (-73.959274504718 40.731872301695)
57964401,06/21/2023 06:03:01 AM,05/13/2025 04:51:40 PM,DPR,Department of Parks and Recreation,New Tree Request,For One Address,Street Tree,Street,10012,252 MOTT STREET,MOTT STREET,PRINCE STREET,EAST HOUSTON STREET,PRINCE STREET,EAST HOUSTON STREET,ADDRESS,NEW YORK,MOTT STREET,,Closed,,"In an effort to more fully and efficiently service each city block, NYC Parks is shifting their street tree planting program to a neighborhood approach.  If the site that you requested meets the criteria for planting, NYC Parks will plant a tree through their new Neighborhood Tree Planting Program.   NYC Parks is no longer accepting new tree planting requests. Each neighborhood will be surveyed, inspected, and planted sequentially. NYC Parks foresters will be conducting tree removal, stump removal, and planting block by block and closing all unplantable tree beds. The most heat-vulnerable neighborhoods will be prioritized first.  To learn more about this program, visit nyc.gov/parks/street-tree-planting.  To learn more about the trees in your neighborhood, visit the NYC Tree Map at nyc.gov/parks/treemap.",05/13/2025 04:52:20 PM,02 MANHATTAN,01,Precinct 5,1005080001,MANHATTAN,985718,202860,UNKNOWN,Unspecified,MANHATTAN,,,,,,,,40.72348042731941,-73.99470386313719,POINT (-73.994703863137 40.723480427319)
57969117,06/21/2023 09:15:33 PM,07/17/2023 10:32:42 AM,DSNY,Department of Sanitation,Missed Collection,Recycling - Paper/Metal/Glass/Rigid Plastic,N/A,Street,11361,42-44 201 STREET,201 STREET,42 AVENUE,43 AVENUE,42 AVENUE,43 AVENUE,ADDRESS,BAYSIDE,201 STREET,,Closed,,The Department of Sanitation collected the requested items.,06/22/2023 11:44:12 AM,11 QUEENS,19,Precinct 111,4062580016,QUEENS,1044405,215857,ONLINE,Unspecified,QUEENS,,,,,,,,40.75894943844544,-73.78286165659613,POINT (-73.782861656596 40.758949438445)
57978810,06/22/2023 12:17:59 PM,06/23/2023 02:44:17 PM,DSNY,Department of Sanitation,Missed Collection,Bulky Trash,N/A,Street,11210,1564 BROOKLYN AVENUE,BROOKLYN AVENUE,FARRAGUT ROAD,GLENWOOD ROAD,FARRAGUT ROAD,GLENWOOD ROAD,ADDRESS,BROOKLYN,BROOKLYN AVENUE,,Closed,,The Department of Sanitation collected the requested items.,06/23/2023 10:20:52 AM,17 BROOKLYN,45,Precinct 67,3050100072,BROOKLYN,1000319,170676,ONLINE,Unspecified,BROOKLYN,,,,,,,,40.63512819409641,-73.94210425432112,POINT (-73.942104254321 40.635128194096)
57977307,06/22/2023 04:24:28 PM,06/22/2023 04:47:04 PM,NYPD,New York City Police Department,Illegal Parking,Double Parked Blocking Traffic,,Street/Sidewalk,11205,455 DEKALB AVENUE,DEKALB AVENUE,TAAFFE PLACE,KENT AVENUE,TAAFFE PLACE,KENT AVENUE,ADDRESS,BROOKLYN,DEKALB AVENUE,,Closed,,The Police Department responded to the complaint and took action to fix the condition.,06/22/2023 04:47:10 PM,03 BROOKLYN,33,Precinct 79,3019250062,BROOKLYN,995554,190839,MOBILE,Unspecified,BROOKLYN,,,,,,,,40.690478524499525,-73.95923848654226,POINT (-73.959238486542 40.6904785245)
57969054,06/21/2023 07:17:23 AM,06/22/2023 12:25:33 PM,DSNY,Department of Sanitation,Street Sweeping Complaint,Street Not Swept,N/A,Street,10451,750 GRAND CONCOURSE,GRAND CONCOURSE,EAST  153 STREET,EAST  156 STREET,EAST  153 STREET,EAST  156 STREET,ADDRESS,BRONX,GRAND CONCOURSE,,Closed,,The Department of Sanitation cleaned the location.,06/22/2023 11:04:34 AM,04 BRONX,16,Precinct 44,2024580026,BRONX,1005104,239088,ONLINE,Unspecified,BRONX,,,,,,,,40.822892299365904,-73.92465214640484,POINT (-73.924652146405 40.822892299366)
59456484,10/02/2023 03:49:32 PM,10/14/2023 12:00:00 AM,HPD,Department of Housing Preservation and Development,Water Leak,Heavy Flow,At Wall or Ceiling,Apartment,11229,2704 OCEAN AVENUE,OCEAN AVENUE,GRAVESEND NECK ROAD,AVENUE W,GRAVESEND NECK ROAD,AVENUE W,ADDRESS,BROOKLYN,OCEAN AVENUE,,Closed,,,10/14/2023 12:00:00 AM,15 BROOKLYN,48,Precinct 61,3073800042,BROOKLYN,997942,156268,PHONE,Unspecified,BROOKLYN,,,,,,,,40.59558521467443,-73.95069767313733,POINT (-73.950697673137 40.595585214674)
57968757,06/21/2023 11:05:49 AM,07/27/2023 12:14:47 PM,EDC,Economic Development Corporation,Noise - Helicopter,Other,Flying Too Low,Above Address,10023,15 WEST   74 STREET,WEST   74 STREET,CENTRAL PARK WEST,COLUMBUS AVENUE,CENTRAL PARK WEST,COLUMBUS AVENUE,ADDRESS,NEW YORK,WEST   74 STREET,,Closed,,"The New York City Economic Development Corporation determined that this issue is not within its jurisdiction because the helicopter did not belong to a tour company departing from a NYC heliport.Â  Instead, it was most likely a law enforcement or news gathering helicopter not subject to the routing protocols established for tour helicopters. It may also have been a helicopter that departed as a charter or tour from another City but flew over NYC airspace. Helicopter tours originating from outside NYC are not subject to the same City regulations as tours departing from heliports managed by NYCEDC. Any City regulation of these flights is pre-empted by federal law and subject only to the jurisdiction of the Federal Aviation Administration. To file a complaint with the FAA, you can contact the New York Flight Standards District Office at the following web address:Â https://www.faa.gov/about/office_org/field_offices/fsdo/",07/27/2023 12:14:51 PM,07 MANHATTAN,06,Precinct 20,1011270023,MANHATTAN,990979,222664,ONLINE,Unspecified,MANHATTAN,,,,,,,,40.77783496364936,-73.97570381801447,POINT (-73.975703818014 40.777834963649)
57962295,06/20/2023 08:55:08 PM,06/21/2023 12:00:00 AM,DOB,Department of Buildings,Real Time Enforcement,Work Without A Permit - Occupied Multiple Dwelling,,,11237,104 WYCKOFF AVENUE,WYCKOFF AVENUE,,,,,ADDRESS,BROOKLYN,,,Closed,,The Department of Buildings investigated this complaint and determined that no further action was necessary.,06/21/2023 12:00:00 AM,04 BROOKLYN,37,Precinct 83,3032480034,BROOKLYN,1006733,195809,UNKNOWN,Unspecified,BROOKLYN,,,,,,,,40.70409867390318,-73.9189111425718,POINT (-73.918911142572 40.704098673903)
57962196,06/21/2023 04:52:50 PM,06/21/2023 05:01:49 PM,NYPD,New York City Police Department,Illegal Parking,Blocked Hydrant,,Street/Sidewalk,11377,48-44 64 STREET,64 STREET,48 AVENUE,50 AVENUE,48 AVENUE,50 AVENUE,ADDRESS,WOODSIDE,64 STREET,,Closed,,The Police Department responded to the complaint and determined that police action was not necessary.,06/21/2023 05:01:55 PM,02 QUEENS,26,Precinct 108,4023370050,QUEENS,1011456,208022,PHONE,Unspecified,QUEENS,,,,,,,,40.737607130889415,-73.90182746696372,POINT (-73.901827466964 40.737607130889)
57972195,06/22/2023 02:18:06 PM,07/10/2023 12:05:04 PM,HPD,Department of Housing Preservation and Development,PAINT/PLASTER,WALL,BULGING/HOLE/CRACKED,RESIDENTIAL BUILDING,11203,743 FENIMORE STREET,FENIMORE STREET,,,,,ADDRESS,BROOKLYN,,,Closed,,"The Department of Housing Preservation and Development was not able to gain access to inspect the following conditions. The complaint has been closed. If the condition still exists, please file a new complaint.",07/10/2023 12:00:00 AM,09 BROOKLYN,40,Precinct 71,,BROOKLYN,1001511,179552,ONLINE,Unspecified,BROOKLYN,,,,,,,,40.65948864549636,-73.93778683100162,POINT (-73.937786831002 40.659488645496)
57976290,06/22/2023 08:33:05 AM,06/24/2023 12:35:17 PM,DSNY,Department of Sanitation,Residential Disposal Complaint,Trash or Recycling Not Secure,N/A,Sidewalk,10065,1273 1 AVENUE,1 AVENUE,EAST   68 STREET,EAST   69 STREET,EAST   68 STREET,EAST   69 STREET,ADDRESS,NEW YORK,1 AVENUE,,Closed,,The Department of Sanitation investigated this complaint and found no violation at the location.,06/24/2023 12:35:24 PM,08 MANHATTAN,05,Precinct 19,1014430027,MANHATTAN,995993,218214,ONLINE,Unspecified,MANHATTAN,,,,,,,,40.76561563766045,-73.95760770889194,POINT (-73.957607708892 40.76561563766)
57962250,06/21/2023 11:07:21 AM,06/27/2023 02:14:50 PM,DSNY,Department of Sanitation,Illegal Dumping,Removal Request,N/A,Sidewalk,11223,1034 GRAVESEND NECK ROAD,GRAVESEND NECK ROAD,CONEY ISLAND AVENUE,EAST   12 STREET,CONEY ISLAND AVENUE,EAST   12 STREET,ADDRESS,BROOKLYN,GRAVESEND NECK ROAD,,Closed,,The Department of Sanitation investigated this complaint and found no condition at the location.,06/27/2023 12:35:25 PM,15 BROOKLYN,48,Precinct 61,3073710041,BROOKLYN,995432,155878,UNKNOWN,Unspecified,BROOKLYN,,,,,,,,40.59451826546349,-73.95973635697116,POINT (-73.959736356971 40.594518265463)
57967056,06/21/2023 03:51:03 PM,06/21/2023 08:03:02 PM,DHS,Department of Homeless Services,Homeless Person Assistance,,,Residential Building/House,11234,5524 AVENUE O,AVENUE O,EAST 55 STREET,EAST 56 STREET,EAST   55 STREET,EAST   56 STREET,ADDRESS,BROOKLYN,AVENUE O,,Closed,,The mobile outreach response team went to the location provided but could not find the individual that you reported.,06/21/2023 08:03:02 PM,18 BROOKLYN,46,Precinct 63,3084950045,BROOKLYN,1006041,164047,MOBILE,Unspecified,BROOKLYN,,,,,,,,40.61692075937153,-73.92150960550744,POINT (-73.921509605507 40.616920759372)
57970035,06/21/2023 05:02:34 PM,06/21/2023 05:52:20 PM,NYPD,New York City Police Department,Illegal Parking,Blocked Hydrant,,Street/Sidewalk,11234,1274 EAST   72 STREET,EAST   72 STREET,AVENUE L,AVENUE M,AVENUE L,AVENUE M,ADDRESS,BROOKLYN,EAST   72 STREET,,Closed,,The Police Department issued a summons in response to the complaint.,06/21/2023 05:52:23 PM,18 BROOKLYN,46,Precinct 63,3083570067,BROOKLYN,1008540,167119,ONLINE,Unspecified,BROOKLYN,,,,,,,,40.625346256122654,-73.91249725020367,POINT (-73.912497250204 40.625346256123)
57968217,06/21/2023 07:06:42 AM,06/22/2023 08:42:07 PM,HPD,Department of Housing Preservation and Development,ELECTRIC,POWER OUTAGE,ENTIRE APARTMENT,RESIDENTIAL BUILDING,10469,1043 EAST  216 STREET,EAST  216 STREET,,,,,ADDRESS,BRONX,,,Closed,,The Department of Housing Preservation and Development inspected the following conditions. No violations were issued. The complaint has been closed.,06/22/2023 12:00:00 AM,12 BRONX,12,Precinct 47,2046990006,BRONX,1024441,259380,ONLINE,Unspecified,BRONX,,,,,,,,40.878520931529636,-73.85466383855976,POINT (-73.85466383856 40.87852093153)
57964500,06/21/2023 10:08:00 AM,06/22/2023 02:23:00 PM,DEP,Department of Environmental Protection,Noise,Noise: air condition/ventilation equipment (NV1),NV1,,10009,155 EAST    4 STREET,EAST    4 STREET,1 AVE,AVENUE A,,,ADDRESS,NEW YORK,,N/A,Closed,,The Department of Environmental Protection determined that this complaint is a duplicate of a previously filed complaint. The original complaint is being addressed.,06/22/2023 02:23:00 PM,03 MANHATTAN,02,Precinct 9,1004320001,MANHATTAN,988076,203356,ONLINE,Unspecified,MANHATTAN,,,,,,,,40.724841121483756,-73.98619657123014,POINT (-73.98619657123 40.724841121484)
57969585,06/21/2023 07:36:23 PM,06/21/2023 07:56:27 PM,NYPD,New York City Police Department,Noise - Street/Sidewalk,Loud Music/Party,,Street/Sidewalk,10035,200 EAST  125 STREET,EAST  125 STREET,3 AVENUE,2 AVENUE,3 AVENUE,2 AVENUE,ADDRESS,NEW YORK,EAST  125 STREET,,Closed,,The Police Department responded to the complaint and took action to fix the condition.,06/21/2023 07:56:32 PM,11 MANHATTAN,08,Precinct 25,1017897501,MANHATTAN,1002111,232039,ONLINE,Unspecified,MANHATTAN,,,,,,,,40.80355132468814,-73.93548494637237,POINT (-73.935484946372 40.803551324688)
55893978,11/05/2022 12:16:59 AM,11/05/2022 01:30:56 AM,NYPD,New York City Police Department,Noise - Commercial,Loud Music/Party,,Store/Commercial,10453,JEROME AVENUE,JEROME AVENUE,JEROME AVENUE,WEST  177 STREET,JEROME AVENUE,WEST  177 STREET,INTERSECTION,,,,Closed,,The Police Department responded to the complaint and took action to fix the condition.,11/05/2022 01:31:02 AM,05 BRONX,14,Precinct 46,,BRONX,1008957,248975,PHONE,Unspecified,BRONX,,,,,,,,40.850019300982936,-73.91069441229799,POINT (-73.910694412298 40.850019300983)
57966948,06/21/2023 10:43:42 AM,06/28/2023 08:38:33 PM,HPD,Department of Housing Preservation and Development,GENERAL,JANITOR/SUPER,NO JANITOR AVAILABLE,RESIDENTIAL BUILDING,10462,782 PELHAM PARKWAY SOUTH,PELHAM PARKWAY SOUTH,,,,,ADDRESS,BRONX,,,Closed,,The Department of Housing Preservation and Development inspected the following conditions. No violations were issued. The complaint has been closed.,06/28/2023 12:00:00 AM,11 BRONX,13,Precinct 49,2043210042,BRONX,1021767,251423,PHONE,Unspecified,BRONX,,,,,,,,40.85669318689525,-73.86437792142532,POINT (-73.864377921425 40.856693186895)
57963105,06/21/2023 08:25:04 PM,07/27/2023 12:15:21 PM,EDC,Economic Development Corporation,Noise - Helicopter,Other,Flying Too Low,Above Address,10023,63 WEST   73 STREET,WEST   73 STREET,CENTRAL PARK WEST,COLUMBUS AVENUE,CENTRAL PARK WEST,COLUMBUS AVENUE,ADDRESS,NEW YORK,WEST   73 STREET,,Closed,,"The New York City Economic Development Corporation determined that this issue is not within its jurisdiction because the helicopter did not belong to a tour company departing from a NYC heliport.Â  Instead, it was most likely a law enforcement or news gathering helicopter not subject to the routing protocols established for tour helicopters. It may also have been a helicopter that departed as a charter or tour from another City but flew over NYC airspace. Helicopter tours originating from outside NYC are not subject to the same City regulations as tours departing from heliports managed by NYCEDC. Any City regulation of these flights is pre-empted by federal law and subject only to the jurisdiction of the Federal Aviation Administration. To file a complaint with the FAA, you can contact the New York Flight Standards District Office at the following web address:Â https://www.faa.gov/about/office_org/field_offices/fsdo/",07/27/2023 12:15:24 PM,07 MANHATTAN,06,Precinct 20,1011260003,MANHATTAN,990457,222654,ONLINE,Unspecified,MANHATTAN,,,,,,,,40.77780789826418,-73.97758859563086,POINT (-73.977588595631 40.777807898264)
57976209,06/22/2023 04:48:39 PM,06/22/2023 05:02:59 PM,NYPD,New York City Police Department,Noise - Residential,Loud Television,,Residential Building/House,10033,1344 ST NICHOLAS AVENUE,ST NICHOLAS AVENUE,WEST  177 STREET,WEST  178 STREET,WEST  177 STREET,WEST  178 STREET,ADDRESS,NEW YORK,ST NICHOLAS AVENUE,,Closed,,The Police Department responded to the complaint and with the information available observed no evidence of the violation at that time.,06/22/2023 05:03:05 PM,12 MANHATTAN,10,Precinct 33,1021330062,MANHATTAN,1002103,247838,ONLINE,Unspecified,MANHATTAN,,,,,,,,40.84691509125091,-73.9354718046792,POINT (-73.935471804679 40.846915091251)
57974040,06/22/2023 01:11:54 PM,06/22/2023 02:00:16 PM,NYPD,New York City Police Department,Blocked Driveway,No Access,,Street/Sidewalk,11220,164 57 STREET,57 STREET,1 AVENUE,2 AVENUE,1 AVENUE,2 AVENUE,ADDRESS,BROOKLYN,57 STREET,,Closed,,The Police Department responded to the complaint and determined that police action was not necessary.,06/22/2023 02:00:20 PM,07 BROOKLYN,38,Precinct 72,3008440048,BROOKLYN,978179,174520,MOBILE,Unspecified,BROOKLYN,,,,,,,,40.64569164550398,-74.02187694921304,POINT (-74.021876949213 40.645691645504)
57971196,06/22/2023 12:55:18 PM,06/22/2023 02:51:51 PM,NYPD,New York City Police Department,Illegal Parking,Blocked Hydrant,,Street/Sidewalk,11217,448 STATE STREET,STATE STREET,BOND STREET,NEVINS STREET,BOND STREET,NEVINS STREET,ADDRESS,BROOKLYN,STATE STREET,,Closed,,The Police Department responded to the complaint and with the information available observed no evidence of the violation at that time.,06/22/2023 02:51:55 PM,02 BROOKLYN,33,Precinct 84,3001780038,BROOKLYN,989073,189518,MOBILE,Unspecified,BROOKLYN,,,,,,,,40.68685858777251,-73.9826095098116,POINT (-73.982609509812 40.686858587773)
57966858,06/21/2023 03:59:40 PM,06/21/2023 04:40:32 PM,NYPD,New York City Police Department,Noise - Street/Sidewalk,Loud Talking,,Street/Sidewalk,10003,235 EAST   14 STREET,EAST   14 STREET,3 AVENUE,2 AVENUE,3 AVENUE,2 AVENUE,ADDRESS,NEW YORK,EAST   14 STREET,,Closed,,The Police Department responded to the complaint and determined that police action was not necessary.,06/21/2023 04:40:39 PM,06 MANHATTAN,02,Precinct 13,1008960017,MANHATTAN,988048,206303,ONLINE,Unspecified,MANHATTAN,,,,,,,,40.732929928813945,-73.98629592618417,POINT (-73.986295926184 40.732929928814)
57964725,06/21/2023 05:38:24 AM,07/27/2023 12:18:32 PM,EDC,Economic Development Corporation,Noise - Helicopter,Other,Flying Too Low,Above Address,11105,23-67 33 STREET,33 STREET,23 ROAD,24 AVENUE,23 ROAD,24 AVENUE,ADDRESS,ASTORIA,33 STREET,,Closed,,"The New York City Economic Development Corporation determined that this issue is not within its jurisdiction because the helicopter did not belong to a tour company departing from a NYC heliport.Â  Instead, it was most likely a law enforcement or news gathering helicopter not subject to the routing protocols established for tour helicopters. It may also have been a helicopter that departed as a charter or tour from another City but flew over NYC airspace. Helicopter tours originating from outside NYC are not subject to the same City regulations as tours departing from heliports managed by NYCEDC. Any City regulation of these flights is pre-empted by federal law and subject only to the jurisdiction of the Federal Aviation Administration. To file a complaint with the FAA, you can contact the New York Flight Standards District Office at the following web address:Â https://www.faa.gov/about/office_org/field_offices/fsdo/",07/27/2023 12:18:37 PM,01 QUEENS,22,Precinct 114,4008340011,QUEENS,1008182,220584,ONLINE,Unspecified,QUEENS,,,,,,,,40.77209607502584,-73.91359693765936,POINT (-73.913596937659 40.772096075026)
57968010,06/21/2023 06:47:45 PM,06/21/2023 06:52:31 PM,NYPD,New York City Police Department,Noise - Commercial,Loud Music/Party,,Club/Bar/Restaurant,10003,5 AVENUE,5 AVENUE,5 AVENUE,EAST   18 STREET,5 AVENUE,EAST   18 STREET,INTERSECTION,,,,Closed,,The Police Department responded to the complaint and took action to fix the condition.,06/21/2023 06:52:37 PM,05 MANHATTAN,03,Precinct 13,,MANHATTAN,986523,208334,ONLINE,Unspecified,MANHATTAN,,,,,,,,40.73850504594479,-73.99179779723579,POINT (-73.991797797236 40.738505045945)
57966813,06/21/2023 01:23:28 PM,06/30/2023 04:57:02 PM,HPD,Department of Housing Preservation and Development,DOOR/WINDOW,DOOR,LOCK BROKEN OR MISSING,RESIDENTIAL BUILDING,10453,1860 BILLINGSLEY TERRACE,BILLINGSLEY TERRACE,,,,,ADDRESS,BRONX,,,Closed,,The Department of Housing Preservation and Development inspected the following conditions. No violations were issued. The complaint has been closed.,06/30/2023 12:00:00 AM,05 BRONX,14,Precinct 46,2028790253,BRONX,1007131,250258,PHONE,Unspecified,BRONX,,,,,,,,40.85354567446796,-73.91729026433475,POINT (-73.917290264335 40.853545674468)
57971088,06/21/2023 07:20:22 PM,06/21/2023 08:04:17 PM,NYPD,New York City Police Department,Illegal Parking,Blocked Bike Lane,,Street/Sidewalk,10026,1916 7 AVENUE,7 AVENUE,WEST  115 STREET,ST NICHOLAS AVENUE,WEST  115 STREET,ST NICHOLAS AVENUE,ADDRESS,NEW YORK,7 AVENUE,,Closed,,The Police Department responded and upon arrival those responsible for the condition were gone.,06/21/2023 08:04:23 PM,10 MANHATTAN,09,Precinct 28,1018310033,MANHATTAN,997329,231805,ONLINE,Unspecified,MANHATTAN,,,,,,,,40.802917431671865,-73.95275828254255,POINT (-73.952758282543 40.802917431672)
57967605,06/21/2023 07:00:22 AM,06/21/2023 07:16:21 AM,NYPD,New York City Police Department,Illegal Parking,Blocked Sidewalk,,Street/Sidewalk,11235,2471 EAST   26 STREET,EAST   26 STREET,AVENUE X,AVENUE Y,AVENUE X,AVENUE Y,ADDRESS,BROOKLYN,EAST   26 STREET,,Closed,,The Police Department responded to the complaint and took action to fix the condition.,06/21/2023 07:16:27 AM,15 BROOKLYN,48,Precinct 61,3074220746,BROOKLYN,999764,154967,MOBILE,Unspecified,BROOKLYN,,,,,,,,40.592011229863665,-73.94413998152169,POINT (-73.944139981522 40.592011229864)
57974535,06/22/2023 01:00:58 PM,07/06/2023 11:12:52 AM,HPD,Department of Housing Preservation and Development,UNSANITARY CONDITION,PESTS,ROACHES,RESIDENTIAL BUILDING,11106,31-29 36 STREET,36 STREET,,,,,ADDRESS,ASTORIA,,,Closed,,"The Department of Housing Preservation and Development was not able to gain access to inspect the following conditions. The complaint has been closed. If the condition still exists, please file a new complaint.",07/06/2023 12:00:00 AM,01 QUEENS,22,Precinct 114,4006490129,QUEENS,1006383,216784,ONLINE,Unspecified,QUEENS,,,,,,,,40.761670751328055,-73.92010447917123,POINT (-73.920104479171 40.761670751328)
57970512,06/21/2023 09:15:10 PM,06/21/2023 11:03:37 PM,NYPD,New York City Police Department,Blocked Driveway,No Access,,Street/Sidewalk,11361,41-18 210 STREET,210 STREET,DEAD END,42 AVENUE,DEAD END,42 AVENUE,ADDRESS,BAYSIDE,210 STREET,,Closed,,The Police Department issued a summons in response to the complaint.,06/21/2023 11:03:42 PM,11 QUEENS,19,Precinct 111,4062270017,QUEENS,1046757,217146,MOBILE,Unspecified,QUEENS,,,,,,,,40.762471085745005,-73.77435981746694,POINT (-73.774359817467 40.762471085745)
57974733,06/22/2023 09:36:55 AM,06/22/2023 10:28:11 AM,NYPD,New York City Police Department,Illegal Parking,Posted Parking Sign Violation,,Street/Sidewalk,10456,1265 FULTON AVENUE,FULTON AVENUE,EAST  168 STREET,EAST  169 STREET,EAST  168 STREET,EAST  169 STREET,ADDRESS,BRONX,FULTON AVENUE,,Closed,,The Police Department responded to the complaint and determined that police action was not necessary.,06/22/2023 10:28:14 AM,03 BRONX,16,Precinct 42,2026100042,BRONX,1010853,242262,ONLINE,Unspecified,BRONX,,,,,,,,40.8315885751159,-73.90386779060043,POINT (-73.9038677906 40.831588575116)
57965085,06/21/2023 07:26:08 AM,06/22/2023 12:00:00 AM,DOB,Department of Buildings,General Construction/Plumbing,Vent/Exhaust - Illegal/Improper,,,10312,677 LEVERETT AVENUE,LEVERETT AVENUE,,,,,ADDRESS,STATEN ISLAND,,,Closed,,"The Department of Buildings determined that the conditions described in this complaint were addressed under another service request number. Click on ""Learn More"" in the ""Did You Know"" section below for more information.",06/22/2023 12:00:00 AM,03 STATEN ISLAND,51,Precinct 123,5056090020,STATEN ISLAND,937121,141420,UNKNOWN,Unspecified,STATEN ISLAND,,,,,,,,40.55471571649305,-74.16959899090088,POINT (-74.169598990901 40.554715716493)
57962313,06/21/2023 09:43:20 AM,06/22/2023 09:06:54 PM,DSNY,Department of Sanitation,Commercial Disposal Complaint,Waste Left in Front of Residence,N/A,Sidewalk,10014,283 WEST   12 STREET,WEST   12 STREET,WEST    4 STREET,8 AVENUE,WEST    4 STREET,8 AVENUE,ADDRESS,NEW YORK,WEST   12 STREET,,Closed,,The Department of Sanitation investigated this complaint and found no violation at the location.,06/22/2023 09:06:58 PM,02 MANHATTAN,03,Precinct 6,1006250062,MANHATTAN,983139,207987,PHONE,Unspecified,MANHATTAN,,,,,,,,40.7375528391913,-74.00400902641094,POINT (-74.004009026411 40.737552839191)
57963735,06/21/2023 04:46:38 PM,06/21/2023 04:58:37 PM,NYPD,New York City Police Department,Blocked Driveway,No Access,,Street/Sidewalk,11221,800 BUSHWICK AVENUE,BUSHWICK AVENUE,DEKALB AVENUE,STOCKHOLM STREET,DEKALB AVENUE,STOCKHOLM STREET,ADDRESS,BROOKLYN,BUSHWICK AVENUE,,Closed,,The Police Department responded and upon arrival those responsible for the condition were gone.,06/21/2023 04:58:44 PM,04 BROOKLYN,34,Precinct 83,3032410037,BROOKLYN,1004235,192463,MOBILE,Unspecified,BROOKLYN,,,,,,,,40.694920682715214,-73.92793053928648,POINT (-73.927930539286 40.694920682715)
57974481,06/22/2023 12:29:03 PM,06/29/2023 06:17:43 PM,HPD,Department of Housing Preservation and Development,FLOORING/STAIRS,FLOOR,TILE BROKEN OR MISSING,RESIDENTIAL BUILDING,10458,222 BEDFORD PARK BOULEVARD,BEDFORD PARK BOULEVARD,,,,,ADDRESS,BRONX,,,Closed,,The Department of Housing Preservation and Development inspected the following conditions. No violations were issued. The complaint has been closed.,06/29/2023 12:00:00 AM,07 BRONX,11,Precinct 52,2033200044,BRONX,1015444,256834,PHONE,Unspecified,BRONX,,,,,,,,40.87156933675358,-73.8872100363333,POINT (-73.887210036333 40.871569336754)
57961611,06/21/2023 10:47:13 AM,06/23/2023 08:14:13 PM,HPD,Department of Housing Preservation and Development,PLUMBING,BASIN/SINK,BASIN BROKEN/LEAKING,RESIDENTIAL BUILDING,10025,15 WEST  107 STREET,WEST  107 STREET,,,,,ADDRESS,NEW YORK,,,Closed,,The Department of Housing Preservation and Development inspected the following conditions. Violations were issued. Information about specific violations is available at www.nyc.gov/hpd,06/23/2023 12:00:00 AM,07 MANHATTAN,07,Precinct 24,1018430022,MANHATTAN,995279,230374,PHONE,Unspecified,MANHATTAN,,,,,,,,40.798992525108524,-73.96016528984507,POINT (-73.960165289845 40.798992525109)
57969351,06/22/2023 12:02:15 AM,06/22/2023 12:47:54 AM,NYPD,New York City Police Department,Noise - Residential,Loud Talking,,Residential Building/House,11432,150-02 88 AVENUE,88 AVENUE,150 STREET,153 STREET,150 STREET,153 STREET,ADDRESS,JAMAICA,88 AVENUE,,Closed,,The Police Department responded to the complaint and determined that police action was not necessary.,06/22/2023 12:47:59 AM,12 QUEENS,27,Precinct 103,4096950001,QUEENS,1038096,196469,ONLINE,Unspecified,QUEENS,,,,,,,,40.70577494506121,-73.8057900028791,POINT (-73.805790002879 40.705774945061)
57967047,06/21/2023 06:13:54 PM,06/28/2023 07:21:46 AM,HPD,Department of Housing Preservation and Development,UNSANITARY CONDITION,PESTS,ROACHES,RESIDENTIAL BUILDING,10304,34 PARK HILL COURT,PARK HILL COURT,,,,,ADDRESS,STATEN ISLAND,,,Closed,,The Department of Housing Preservation and Development inspected the following conditions. No violations were issued. The complaint has been closed.,06/28/2023 12:00:00 AM,01 STATEN ISLAND,49,Precinct 120,5028690001,STATEN ISLAND,962866,164809,ONLINE,Unspecified,STATEN ISLAND,,,,,,,,40.61901328202291,-74.0770268094554,POINT (-74.077026809455 40.619013282023)
57978639,06/22/2023 07:56:29 AM,06/22/2023 11:07:14 AM,NYPD,New York City Police Department,Illegal Parking,Blocked Hydrant,,Street/Sidewalk,11357,20 ROAD,20 ROAD,20 ROAD,147 STREET,20 ROAD,147 STREET,INTERSECTION,,,,Closed,,The Police Department responded and upon arrival those responsible for the condition were gone.,06/22/2023 11:07:20 AM,07 QUEENS,19,Precinct 109,,QUEENS,1034356,223851,PHONE,Unspecified,QUEENS,,,,,,,,40.78095350029858,-73.81907529196174,POINT (-73.819075291962 40.780953500299)
57969819,06/21/2023 04:19:26 PM,06/21/2023 04:28:32 PM,NYPD,New York City Police Department,Illegal Parking,Blocked Bike Lane,,Street/Sidewalk,11211,263 SOUTH    4 STREET,SOUTH    4 STREET,BQE EB EN WILLIAMSBURG BRDG,MARCY AVENUE,BQE EB EN WILLIAMSBURG BRDG,MARCY AVENUE,ADDRESS,BROOKLYN,SOUTH    4 STREET,,Closed,,The Police Department responded to the complaint and determined that police action was not necessary.,06/21/2023 04:28:38 PM,01 BROOKLYN,34,Precinct 90,3024340024,BROOKLYN,996030,197928,MOBILE,Unspecified,BROOKLYN,,,,,,,,40.709935549347286,-73.95750966126214,POINT (-73.957509661262 40.709935549347)
57962934,06/21/2023 09:55:32 PM,06/25/2023 08:29:19 AM,HPD,Department of Housing Preservation and Development,HEAT/HOT WATER,ENTIRE BUILDING,NO HOT WATER,RESIDENTIAL BUILDING,10027,1423 AMSTERDAM AVENUE,AMSTERDAM AVENUE,,,,,ADDRESS,NEW YORK,,,Closed,,The complaint you filed is a duplicate of a condition already reported by another tenant for a building-wide condition. The original complaint is still open. HPD may attempt to contact you to verify the correction of the condition or may conduct an inspection of your unit if the original complainant is not available for verification.,06/25/2023 12:00:00 AM,09 MANHATTAN,09,Precinct 26,1019700002,MANHATTAN,996854,236510,ONLINE,Unspecified,MANHATTAN,,,,,,,,40.81583204114581,-73.95446516150811,POINT (-73.954465161508 40.815832041146)
57964113,06/21/2023 04:00:18 PM,06/21/2023 05:01:14 PM,NYPD,New York City Police Department,Noise - Residential,Loud Music/Party,,Residential Building/House,11103,32-66 45 STREET,45 STREET,BROADWAY,34 AVENUE,BROADWAY,34 AVENUE,ADDRESS,ASTORIA,45 STREET,,Closed,,The Police Department responded to the complaint and with the information available observed no evidence of the violation at that time.,06/21/2023 05:01:20 PM,01 QUEENS,22,Precinct 114,4007070065,QUEENS,1007471,214597,ONLINE,Unspecified,QUEENS,,,,,,,,40.75566520776986,-73.91618458186724,POINT (-73.916184581867 40.75566520777)
57962970,06/21/2023 11:43:42 AM,08/21/2023 07:30:56 AM,HPD,Department of Housing Preservation and Development,PLUMBING,BASIN/SINK,BASIN BROKEN/LEAKING,RESIDENTIAL BUILDING,11106,34-41 9 STREET,9 STREET,,,,,ADDRESS,ASTORIA,,,Closed,,"The Department of Housing Preservation and Development was not able to gain access to inspect the following conditions. The complaint has been closed. If the condition still exists, please file a new complaint.",08/21/2023 12:00:00 AM,01 QUEENS,26,Precinct 114,4003240009,QUEENS,1000865,217712,PHONE,Unspecified,QUEENS,,,,,,,,40.76422996367442,-73.9400210090832,POINT (-73.940021009083 40.764229963674)
57964887,06/21/2023 08:07:00 PM,06/21/2023 10:00:00 PM,DOT,Department of Transportation,Traffic Signal Condition,Pedestrian Signal,Allout,,11219,,,,,42 STREET,FORT HAMILTON PARKWAY,INTERSECTION,BROOKLYN,,N/A,Closed,,Service Request status for this request is available on the Department of Transportationâs website. Please click the âLearn Moreâ link below.,06/21/2023 10:00:00 PM,12 BROOKLYN,39,Precinct 66,,BROOKLYN,986291,173075,UNKNOWN,Unspecified,BROOKLYN,,,,,,,,40.64172727708144,-73.99264565967317,POINT (-73.992645659673 40.641727277081)
57962367,06/21/2023 02:48:28 PM,07/31/2024 12:00:00 AM,DOB,Department of Buildings,Building/Use,SRO - Illegal Work/No Permit/Change In Occupancy/Use,,,11418,85-26 115 STREET,115 STREET,,,,,ADDRESS,RICHMOND HILL,,,Closed,,"The Department of Buildings attempted to investigate this complaint twice but could not gain access to the location. If the problem still exists, please call 311 and file a new complaint with additional access information. If you are outside of New York City, please call (212) NEW-YORK (212-639-9675).",07/31/2024 12:00:00 AM,09 QUEENS,29,Precinct 102,4092220020,QUEENS,1029912,194805,UNKNOWN,Unspecified,QUEENS,,,,,,,,40.70125368188486,-73.83531899443389,POINT (-73.835318994434 40.701253681885)
57972555,06/22/2023 06:35:46 PM,06/23/2023 03:00:06 PM,DSNY,Department of Sanitation,Illegal Dumping,Removal Request,N/A,Sidewalk,11418,113-15 84 AVENUE,84 AVENUE,BABBAGE STREET,115 STREET,BABBAGE STREET,115 STREET,ADDRESS,RICHMOND HILL,84 AVENUE,,Closed,,The Department of Sanitation investigated this complaint and found no condition at the location.,06/23/2023 12:09:31 PM,09 QUEENS,29,Precinct 102,4092080005,QUEENS,1029268,195462,PHONE,Unspecified,QUEENS,,,,,,,,40.70306028943542,-73.83763719734482,POINT (-73.837637197345 40.703060289435)
57972483,06/22/2023 03:20:51 PM,06/22/2023 04:21:21 PM,NYPD,New York City Police Department,Illegal Parking,Blocked Hydrant,,Street/Sidewalk,11372,34-44 93 STREET,93 STREET,34 AVENUE,35 AVENUE,34 AVENUE,35 AVENUE,ADDRESS,JACKSON HEIGHTS,93 STREET,,Closed,,The Police Department responded to the complaint and took action to fix the condition.,06/22/2023 04:21:24 PM,03 QUEENS,25,Precinct 115,4014530029,QUEENS,1018999,213815,MOBILE,Unspecified,QUEENS,,,,,,,,40.753481028268595,-73.87457874259628,POINT (-73.874578742596 40.753481028269)
57965022,06/21/2023 09:11:48 AM,07/11/2023 05:25:10 PM,DSNY,Department of Sanitation,Missed Collection,Recycling - Paper/Metal/Glass/Rigid Plastic,N/A,Street,10030,128 WEST  134 STREET,WEST  134 STREET,LENOX AVENUE,ADAM CLAYTON POWELL JR BOULEVARD,LENOX AVENUE,ADAM CLAYTON POWELL JR BOULEVARD,ADDRESS,NEW YORK,WEST  134 STREET,,Closed,,The Department of Sanitation investigated this complaint and found no condition at the location.,06/24/2023 11:07:47 AM,10 MANHATTAN,09,Precinct 32,1019180052,MANHATTAN,1000152,235820,ONLINE,Unspecified,MANHATTAN,,,,,,,,40.81393286341377,-73.94255201857476,POINT (-73.942552018575 40.813932863414)
57970215,06/21/2023 12:53:15 PM,06/21/2023 08:16:42 PM,NYPD,New York City Police Department,Abandoned Vehicle,With License Plate,,Street/Sidewalk,11422,148 ROAD,148 ROAD,148 ROAD,253 STREET,148 ROAD,253 STREET,INTERSECTION,,,,Closed,,The Police Department responded to the complaint and a report was prepared.,06/21/2023 08:16:49 PM,13 QUEENS,31,Precinct 105,,QUEENS,1057289,177821,PHONE,Unspecified,QUEENS,,,,,,,,40.65445303596635,-73.73676779316587,POINT (-73.736767793166 40.654453035966)
57967461,06/20/2023 03:45:19 PM,06/21/2023 09:55:00 AM,DOT,Department of Transportation,Street Condition,Pothole,,,11435,,,,,SHORE AVENUE,SUTPHIN BOULEVARD,INTERSECTION,QUEENS,,N/A,Closed,,The Department of Transportation inspected this complaint and repaired the problem.,06/21/2023 09:55:00 AM,12 QUEENS,28,Precinct 103,,QUEENS,1039569,192098,UNKNOWN,Unspecified,QUEENS,,,,,,,,40.69376851588692,-73.80051315491846,POINT (-73.800513154918 40.693768515887)
57970521,06/21/2023 06:47:05 AM,06/21/2023 07:27:40 AM,NYPD,New York City Police Department,Blocked Driveway,No Access,,Street/Sidewalk,11420,114-41 122 STREET,122 STREET,LINDEN BOULEVARD,HAWTREE CREEK ROAD,LINDEN BOULEVARD,HAWTREE CREEK ROAD,ADDRESS,SOUTH OZONE PARK,122 STREET,,Closed,,The Police Department responded and upon arrival those responsible for the condition were gone.,06/21/2023 07:27:43 AM,10 QUEENS,28,Precinct 106,4116490045,QUEENS,1034879,186629,PHONE,Unspecified,QUEENS,,,,,,,,40.678785468619864,-73.81746689329401,POINT (-73.817466893294 40.67878546862)
57962124,06/21/2023 10:14:58 AM,06/21/2023 10:23:06 AM,NYPD,New York City Police Department,Illegal Parking,Blocked Sidewalk,,Street/Sidewalk,11203,AVENUE D,AVENUE D,AVENUE D,UTICA AVENUE,AVENUE D,UTICA AVENUE,INTERSECTION,,,,Closed,,The Police Department responded to the complaint and took action to fix the condition.,06/21/2023 10:23:13 AM,17 BROOKLYN,45,Precinct 67,,BROOKLYN,1003856,173231,PHONE,Unspecified,BROOKLYN,,,,,,,,40.64213399827988,-73.92935321371945,POINT (-73.929353213719 40.64213399828)
57975741,06/22/2023 09:59:22 PM,06/22/2023 10:24:29 PM,NYPD,New York City Police Department,Noise - Residential,Loud Music/Party,,Residential Building/House,10474,868 FAILE STREET,FAILE STREET,GILBERT PLACE,SENECA AVENUE,GILBERT PLACE,SENECA AVENUE,ADDRESS,BRONX,FAILE STREET,,Closed,,The Police Department responded to the complaint and took action to fix the condition.,06/22/2023 10:24:35 PM,02 BRONX,17,Precinct 41,2027620095,BRONX,1015367,237577,ONLINE,Unspecified,BRONX,,,,,,,,40.818714842178416,-73.88757781070743,POINT (-73.887577810707 40.818714842178)
57966669,06/21/2023 11:35:44 PM,06/22/2023 12:44:40 AM,NYPD,New York City Police Department,Noise - Residential,Loud Talking,,Residential Building/House,11354,135-20 40 ROAD,40 ROAD,PRINCE STREET,MAIN STREET,PRINCE STREET,MAIN STREET,ADDRESS,FLUSHING,40 ROAD,,Closed,,The Police Department responded to the complaint but officers were unable to gain entry into the premises.,06/22/2023 12:44:45 AM,07 QUEENS,20,Precinct 109,4050370053,QUEENS,1031313,215794,MOBILE,Unspecified,QUEENS,,,,,,,,40.75885590148064,-73.83011946728729,POINT (-73.830119467287 40.758855901481)
57967947,06/21/2023 08:33:39 PM,06/21/2023 09:31:22 PM,NYPD,New York City Police Department,Noise - Residential,Banging/Pounding,,Residential Building/House,11214,2336 82 STREET,82 STREET,23 AVENUE,24 AVENUE,23 AVENUE,24 AVENUE,ADDRESS,BROOKLYN,82 STREET,,Closed,,The Police Department responded to the complaint and took action to fix the condition.,06/21/2023 09:31:30 PM,11 BROOKLYN,43,Precinct 62,3068510019,BROOKLYN,987489,158717,ONLINE,Unspecified,BROOKLYN,,,,,,,,40.602317208292185,-73.98833579241727,POINT (-73.988335792417 40.602317208292)
57972042,06/23/2023 12:39:04 AM,06/23/2023 12:43:57 AM,NYPD,New York City Police Department,Noise - Commercial,Loud Music/Party,,Club/Bar/Restaurant,11237,41 WILSON AVENUE,WILSON AVENUE,GEORGE STREET,MELROSE STREET,GEORGE STREET,MELROSE STREET,ADDRESS,BROOKLYN,WILSON AVENUE,,Closed,,The Police Department responded to the complaint and took action to fix the condition.,06/23/2023 12:44:03 AM,04 BROOKLYN,34,Precinct 83,3031580002,BROOKLYN,1003833,195330,ONLINE,Unspecified,BROOKLYN,,,,,,,,40.70279082504312,-73.92937188599319,POINT (-73.929371885993 40.702790825043)
57974805,06/22/2023 07:42:33 PM,06/22/2023 08:43:03 PM,NYPD,New York City Police Department,Illegal Parking,Blocked Bike Lane,,Street/Sidewalk,10458,2376 GRAND CONCOURSE,GRAND CONCOURSE,EAST  184 STREET,EAST  187 STREET,EAST  184 STREET,EAST  187 STREET,ADDRESS,BRONX,GRAND CONCOURSE,,Closed,,The Police Department responded to the complaint and took action to fix the condition.,06/22/2023 08:43:07 PM,05 BRONX,15,Precinct 46,2031520036,BRONX,1012254,252404,ONLINE,Unspecified,BRONX,,,,,,,,40.85942103605236,-73.89876280634698,POINT (-73.898762806347 40.859421036052)
57978675,06/22/2023 05:24:12 PM,06/22/2023 05:52:34 PM,NYPD,New York City Police Department,Illegal Parking,Blocked Crosswalk,,Street/Sidewalk,11203,445 LENOX ROAD,LENOX ROAD,EAST   35 STREET,BROOKLYN AVENUE,EAST   35 STREET,BROOKLYN AVENUE,ADDRESS,BROOKLYN,LENOX ROAD,,Closed,,The Police Department responded to the complaint and determined that police action was not necessary.,06/22/2023 05:52:37 PM,17 BROOKLYN,40,Precinct 67,3048380001,BROOKLYN,999702,177743,MOBILE,Unspecified,BROOKLYN,,,,,,,,40.654526679882416,-73.9443110844574,POINT (-73.944311084457 40.654526679882)
57976371,06/22/2023 05:34:28 PM,06/22/2023 07:47:57 PM,NYPD,New York City Police Department,Illegal Parking,Blocked Crosswalk,,Street/Sidewalk,10314,3665 VICTORY BOULEVARD,VICTORY BOULEVARD,TRAVIS AVENUE,SHENANDOAH AVENUE,TRAVIS AVENUE,SHENANDOAH AVENUE,ADDRESS,STATEN ISLAND,VICTORY BOULEVARD,,Closed,,The Police Department responded and upon arrival those responsible for the condition were gone.,06/22/2023 07:48:00 PM,02 STATEN ISLAND,50,Precinct 121,5027840110,STATEN ISLAND,934606,157722,ONLINE,Unspecified,STATEN ISLAND,,,,,,,,40.59944768393357,-74.17876919893692,POINT (-74.178769198937 40.599447683934)
57968622,06/21/2023 05:40:18 AM,,EDC,Economic Development Corporation,Noise - Helicopter,Other,Flying Too Low,Above Address,11357,160-21 13 AVENUE,13 AVENUE,160 STREET,162 STREET,160 STREET,162 STREET,ADDRESS,WHITESTONE,13 AVENUE,,In Progress,,,,07 QUEENS,19,Precinct 109,4045820009,QUEENS,1039149,227054,ONLINE,Unspecified,QUEENS,,,,,,,,40.789716387210206,-73.80174242024911,POINT (-73.801742420249 40.78971638721)
57970233,06/21/2023 05:50:48 AM,04/23/2024 09:22:38 AM,DPR,Department of Parks and Recreation,New Tree Request,For One Address,Street Tree,Street,11238,538 WASHINGTON AVENUE,WASHINGTON AVENUE,FULTON STREET,ATLANTIC AVENUE,FULTON STREET,ATLANTIC AVENUE,ADDRESS,BROOKLYN,WASHINGTON AVENUE,,Closed,,"The location was inspected and is suitable for tree planting. Barring any unforeseen issues such as underground utilities and based on available funding, the requested tree will be placed on an upcoming contract. Please note that this process can take up to two years, depending on capacity and the location.   To find out where and when trees will be planted, please visit the Tree Work Hub at nyc.gov/parks/treework.  To learn more about the trees in your neighborhood, visit the NYC Street Tree Map at nyc.gov/parks/treemap.",04/23/2024 09:22:42 AM,02 BROOKLYN,35,Precinct 88,3020127502,BROOKLYN,994038,187982,UNKNOWN,Unspecified,BROOKLYN,,,,,,,,40.68263852086289,-73.9647092370996,POINT (-73.9647092371 40.682638520863)
57966066,06/21/2023 07:04:21 AM,06/21/2023 07:14:29 AM,NYPD,New York City Police Department,Illegal Parking,Posted Parking Sign Violation,,Street/Sidewalk,11235,2105 AVENUE Y,AVENUE Y,EAST   21 STREET,EAST   22 STREET,EAST   21 STREET,EAST   22 STREET,ADDRESS,BROOKLYN,AVENUE Y,,Closed,,The Police Department responded and upon arrival those responsible for the condition were gone.,06/21/2023 07:14:33 AM,15 BROOKLYN,48,Precinct 61,3074220241,BROOKLYN,998539,154516,MOBILE,Unspecified,BROOKLYN,,,,,,,,40.59077538493967,-73.94855169369775,POINT (-73.948551693698 40.59077538494)
57968604,06/21/2023 08:20:49 PM,06/21/2023 10:28:19 PM,NYPD,New York City Police Department,Illegal Parking,Blocked Hydrant,,Street/Sidewalk,11220,15 BAY RIDGE AVENUE,BAY RIDGE AVENUE,SHORE ROAD,OWLS HEAD COURT,SHORE ROAD,OWLS HEAD COURT,ADDRESS,BROOKLYN,BAY RIDGE AVENUE,,Closed,,The Police Department responded and upon arrival those responsible for the condition were gone.,06/21/2023 10:28:22 PM,10 BROOKLYN,47,Precinct 68,3058590060,BROOKLYN,974432,171954,MOBILE,Unspecified,BROOKLYN,,,,,,,,40.638645165801485,-74.03537559049414,POINT (-74.035375590494 40.638645165801)
57969855,06/21/2023 10:18:44 PM,06/22/2023 04:10:40 AM,NYPD,New York City Police Department,Illegal Parking,Blocked Hydrant,,Street/Sidewalk,10461,1975 PILGRIM AVENUE,PILGRIM AVENUE,SANTO DONATO PLACE,WILKINSON AVENUE,SANTO DONATO PLACE,WILKINSON AVENUE,ADDRESS,BRONX,PILGRIM AVENUE,,Closed,,The Police Department issued a summons in response to the complaint.,06/22/2023 04:10:45 AM,10 BRONX,13,Precinct 45,2042320036,BRONX,1030474,249506,ONLINE,Unspecified,BRONX,,,,,,,,40.85139030869788,-73.83291583915964,POINT (-73.83291583916 40.851390308698)
57966318,06/21/2023 12:11:25 PM,07/12/2023 07:52:52 PM,HPD,Department of Housing Preservation and Development,FLOORING/STAIRS,STAIRS,HANDRAIL MISSING FROM WALL,RESIDENTIAL BUILDING,11213,805 ST MARKS AVENUE,ST MARKS AVENUE,,,,,ADDRESS,BROOKLYN,,,Closed,,The Department of Housing Preservation and Development inspected the following conditions. No violations were issued. The complaint has been closed.,07/12/2023 12:00:00 AM,08 BROOKLYN,36,Precinct 77,3012210053,BROOKLYN,999332,185193,ONLINE,Unspecified,BROOKLYN,,,,,,,,40.67497591150255,-73.94562789610163,POINT (-73.945627896102 40.674975911503)
57965265,06/21/2023 09:41:54 PM,06/21/2023 11:11:29 PM,NYPD,New York City Police Department,Noise - Park,Loud Music/Party,,Park/Playground,11414,GEMINI FIELDS,GEMINI FIELDS,79 STREET,LINDEN BOULEVARD,79 STREET,LINDEN BOULEVARD,UNRECOGNIZED,HOWARD BEACH,GEMINI FIELDS,,Closed,,The Police Department responded to the complaint and took action to fix the condition.,06/21/2023 11:11:33 PM,10 QUEENS,32,Precinct 106,4113890001,QUEENS,1024414,183983,PHONE,Gemini Fields,QUEENS,,,,,,,,40.67157647297582,-73.855212125104,POINT (-73.855212125104 40.671576472976)
57968019,06/21/2023 11:35:26 AM,06/21/2023 12:06:34 PM,NYPD,New York City Police Department,Noise - Residential,Banging/Pounding,,Residential Building/House,10027,133 WEST  130 STREET,WEST  130 STREET,LENOX AVENUE,ADAM CLAYTON POWELL JR BOULEVARD,LENOX AVENUE,ADAM CLAYTON POWELL JR BOULEVARD,ADDRESS,NEW YORK,WEST  130 STREET,,Closed,,The Police Department responded to the complaint and with the information available observed no evidence of the violation at that time.,06/21/2023 12:06:42 PM,10 MANHATTAN,09,Precinct 32,1019150016,MANHATTAN,999685,234899,MOBILE,Unspecified,MANHATTAN,,,,,,,,40.81140580382899,-73.94424123243527,POINT (-73.944241232435 40.811405803829)
57968631,06/21/2023 09:56:48 PM,06/21/2023 10:54:09 PM,NYPD,New York City Police Department,Illegal Parking,Commercial Overnight Parking,,Street/Sidewalk,11377,33-19 58 STREET,58 STREET,NORTHERN BOULEVARD,34 AVENUE,NORTHERN BOULEVARD,34 AVENUE,ADDRESS,WOODSIDE,58 STREET,,Closed,,The Police Department issued a summons in response to the complaint.,06/21/2023 10:54:14 PM,02 QUEENS,25,Precinct 108,4011820034,QUEENS,1011113,213651,PHONE,Unspecified,QUEENS,,,,,,,,40.75305836482117,-73.90304269483774,POINT (-73.903042694838 40.753058364821)
57973347,06/22/2023 01:01:15 PM,06/26/2023 06:43:11 PM,HPD,Department of Housing Preservation and Development,PAINT/PLASTER,CEILING,COLLAPSING OR FALLING,RESIDENTIAL BUILDING,11214,8817 BAY PARKWAY,BAY PARKWAY,,,,,ADDRESS,BROOKLYN,,,Closed,,The Department of Housing Preservation and Development inspected the following conditions. Violations were issued. Information about specific violations is available at www.nyc.gov/hpd,06/26/2023 12:00:00 AM,11 BROOKLYN,47,Precinct 62,3064480006,BROOKLYN,984745,157028,PHONE,Unspecified,BROOKLYN,,,,,,,,40.597681823612454,-73.99821754186256,POINT (-73.998217541863 40.597681823612)
57967389,06/21/2023 07:03:13 PM,07/27/2023 12:14:58 PM,EDC,Economic Development Corporation,Noise - Helicopter,Other,Flying Too Low,Above Address,10023,28 WEST   74 STREET,WEST   74 STREET,CENTRAL PARK WEST,COLUMBUS AVENUE,CENTRAL PARK WEST,COLUMBUS AVENUE,ADDRESS,NEW YORK,WEST   74 STREET,,Closed,,"The New York City Economic Development Corporation determined that this issue is not within its jurisdiction because the helicopter did not belong to a tour company departing from a NYC heliport.Â  Instead, it was most likely a law enforcement or news gathering helicopter not subject to the routing protocols established for tour helicopters. It may also have been a helicopter that departed as a charter or tour from another City but flew over NYC airspace. Helicopter tours originating from outside NYC are not subject to the same City regulations as tours departing from heliports managed by NYCEDC. Any City regulation of these flights is pre-empted by federal law and subject only to the jurisdiction of the Federal Aviation Administration. To file a complaint with the FAA, you can contact the New York Flight Standards District Office at the following web address:Â https://www.faa.gov/about/office_org/field_offices/fsdo/",07/27/2023 12:15:02 PM,07 MANHATTAN,06,Precinct 20,1011260048,MANHATTAN,990906,222698,ONLINE,Unspecified,MANHATTAN,,,,,,,,40.77792833995508,-73.97596736305235,POINT (-73.975967363052 40.777928339955)
57962655,06/21/2023 07:22:49 PM,06/21/2023 08:42:02 PM,NYPD,New York City Police Department,Noise - Residential,Loud Music/Party,,Residential Building/House,11375,67-67 BURNS STREET,BURNS STREET,67 AVENUE,YELLOWSTONE BOULEVARD,67 AVENUE,YELLOWSTONE BOULEVARD,ADDRESS,FOREST HILLS,BURNS STREET,,Closed,,The Police Department responded to the complaint but officers were unable to gain entry into the premises.,06/21/2023 08:42:05 PM,06 QUEENS,29,Precinct 112,4031660095,QUEENS,1024748,202418,ONLINE,Unspecified,QUEENS,,,,,,,,40.722174666899086,-73.85389724272012,POINT (-73.85389724272 40.722174666899)
57972690,06/22/2023 08:03:11 PM,07/27/2023 12:20:13 PM,EDC,Economic Development Corporation,Noise - Helicopter,Other,Flying Too Low,Above Address,10023,154 WEST   72 STREET,WEST   72 STREET,COLUMBUS AVENUE,AMSTERDAM AVENUE,COLUMBUS AVENUE,AMSTERDAM AVENUE,ADDRESS,NEW YORK,WEST   72 STREET,,Closed,,"The New York City Economic Development Corporation determined that this issue is not within its jurisdiction because the helicopter did not belong to a tour company departing from a NYC heliport.Â  Instead, it was most likely a law enforcement or news gathering helicopter not subject to the routing protocols established for tour helicopters. It may also have been a helicopter that departed as a charter or tour from another City but flew over NYC airspace. Helicopter tours originating from outside NYC are not subject to the same City regulations as tours departing from heliports managed by NYCEDC. Any City regulation of these flights is pre-empted by federal law and subject only to the jurisdiction of the Federal Aviation Administration. To file a complaint with the FAA, you can contact the New York Flight Standards District Office at the following web address:Â https://www.faa.gov/about/office_org/field_offices/fsdo/",07/27/2023 12:20:17 PM,07 MANHATTAN,06,Precinct 20,1011430049,MANHATTAN,989647,222770,ONLINE,Unspecified,MANHATTAN,,,,,,,,40.77812681936393,-73.98051314187886,POINT (-73.980513141879 40.778126819364)
57965805,06/21/2023 02:01:58 PM,06/21/2023 02:33:46 PM,NYPD,New York City Police Department,Illegal Parking,Blocked Bike Lane,,Street/Sidewalk,11109,47-20 CENTER BOULEVARD,CENTER BOULEVARD,47 AVENUE,47 ROAD,47 AVENUE,47 ROAD,ADDRESS,LONG ISLAND CITY,CENTER BOULEVARD,,Closed,,The Police Department responded to the complaint and took action to fix the condition.,06/21/2023 02:33:50 PM,02 QUEENS,26,Precinct 108,4000210070,QUEENS,996127,210939,ONLINE,Unspecified,QUEENS,,,,,,,,40.74564743800411,-73.95713681920898,POINT (-73.957136819209 40.745647438004)
57962421,06/21/2023 12:12:45 PM,06/21/2023 04:42:08 PM,NYPD,New York City Police Department,Blocked Driveway,Partial Access,,Street/Sidewalk,11434,167-36 144 TERRACE,144 TERRACE,167 STREET,175 STREET,167 STREET,175 STREET,ADDRESS,JAMAICA,144 TERRACE,,Closed,,The Police Department responded and upon arrival those responsible for the condition were gone.,06/21/2023 04:42:14 PM,13 QUEENS,31,Precinct 105,4132840126,QUEENS,1046630,181462,ONLINE,Unspecified,QUEENS,,,,,,,,40.664528248454275,-73.77514891225296,POINT (-73.775148912253 40.664528248454)
57962853,06/21/2023 11:21:48 AM,07/10/2023 12:05:02 PM,HPD,Department of Housing Preservation and Development,ELECTRIC,OUTLET/SWITCH,OUTLET SEALED OR DEFECTIVE,RESIDENTIAL BUILDING,11214,8301 BAY PARKWAY,BAY PARKWAY,,,,,ADDRESS,BROOKLYN,,,Closed,,"The Department of Housing Preservation and Development was not able to gain access to inspect the following conditions. The complaint has been closed. If the condition still exists, please file a new complaint.",07/10/2023 12:00:00 AM,11 BROOKLYN,47,Precinct 62,3063310006,BROOKLYN,986439,159170,PHONE,Unspecified,BROOKLYN,,,,,,,,40.603560922699764,-73.99211687990359,POINT (-73.992116879904 40.6035609227)
57975570,06/22/2023 03:40:52 PM,08/17/2023 12:41:24 PM,TLC,Taxi and Limousine Commission,For Hire Vehicle Complaint,Driver Complaint - Non Passenger,Unsafe Driving,Street,10075,1505 1 AVENUE,1 AVENUE,EAST   78 STREET,EAST   79 STREET,EAST   78 STREET,EAST   79 STREET,ADDRESS,NEW YORK,1 AVENUE,,Closed,,A hearing was scheduled at the OATH/Taxi and Limousine Tribunal.,10/19/2023 09:35:57 AM,08 MANHATTAN,05,Precinct 19,1014530027,MANHATTAN,997295,220564,ONLINE,Unspecified,MANHATTAN,,,"1505 1 AVENUE, MANHATTAN (NEW YORK), NY, 10075",,,,,40.77206395065973,-73.95290292177583,POINT (-73.952902921776 40.77206395066)
57961926,06/21/2023 01:01:32 PM,09/05/2023 08:18:17 AM,HPD,Department of Housing Preservation and Development,APPLIANCE,ELECTRIC/GAS RANGE,NO STOVE KNOB COVERS,RESIDENTIAL BUILDING,11226,25 TENNIS COURT,TENNIS COURT,,,,,ADDRESS,BROOKLYN,,,Closed,,The following complaint conditions are still open. HPD may attempt to contact you to verify the correction of the condition or may conduct an inspection.,09/05/2023 12:00:00 AM,14 BROOKLYN,40,Precinct 70,3050990021,BROOKLYN,994862,175559,PHONE,Unspecified,BROOKLYN,,,,,,,,40.648539198578376,-73.96175784905559,POINT (-73.961757849056 40.648539198578)
57965040,06/21/2023 03:46:25 AM,06/21/2023 01:37:33 PM,DSNY,Department of Sanitation,Dirty Condition,Dog Waste,Not Picked Up by Dog Owner,Sidewalk,10460,1932 BRYANT AVENUE,BRYANT AVENUE,BOSTON ROAD,EAST TREMONT AVENUE,BOSTON ROAD,EAST TREMONT AVENUE,ADDRESS,BRONX,BRYANT AVENUE,,Closed,,The Department of Sanitation investigated this complaint and found no violation at the location.,06/21/2023 01:37:37 PM,06 BRONX,15,Precinct 48,2030057501,BRONX,1016835,245328,PHONE,Unspecified,BRONX,,,,,,,,40.83998380642961,-73.88223645239954,POINT (-73.8822364524 40.83998380643)
57964959,06/21/2023 07:13:41 PM,06/22/2023 10:24:42 AM,DSNY,Department of Sanitation,Dirty Condition,Trash,Not Cleaned by Property Owner,Sidewalk,11207,684 HEGEMAN AVENUE,HEGEMAN AVENUE,VAN SICLEN AVENUE,HENDRIX STREET,VAN SICLEN AVENUE,HENDRIX STREET,ADDRESS,BROOKLYN,HEGEMAN AVENUE,,Closed,,The Department of Sanitation investigated this complaint and found no condition at the location.,06/22/2023 10:24:47 AM,05 BROOKLYN,42,Precinct 75,3043290001,BROOKLYN,1015690,180504,ONLINE,Unspecified,BROOKLYN,,,,,,,,40.662062680381425,-73.88667760318285,POINT (-73.886677603183 40.662062680381)
57966282,06/21/2023 05:18:04 PM,06/21/2023 05:18:04 PM,DOB,Department of Buildings,Real Time Enforcement,Work Without A Permit - Occupied Multiple Dwelling,,,11237,169 WYCKOFF AVENUE,WYCKOFF AVENUE,,,,,ADDRESS,BROOKLYN,,,Closed,,"The Department of Buildings reviewed this complaint and closed it. If the problem still exists, please call 311 and file a new complaint. If you are outside of New York City, please call (212) NEW-YORK (212-639-9675).",06/21/2023 12:00:00 AM,04 BROOKLYN,37,Precinct 83,3032710007,BROOKLYN,1007100,195518,UNKNOWN,Unspecified,BROOKLYN,,,,,,,,40.703299007539805,-73.91758848130205,POINT (-73.917588481302 40.70329900754)
57969450,06/21/2023 11:52:47 PM,06/22/2023 12:29:17 AM,NYPD,New York City Police Department,Noise - Residential,Loud Music/Party,,Residential Building/House,11211,213 UNION AVENUE,UNION AVENUE,MONTROSE AVENUE,MESEROLE STREET,MONTROSE AVENUE,MESEROLE STREET,ADDRESS,BROOKLYN,UNION AVENUE,,Closed,,The Police Department responded to the complaint but officers were unable to gain entry into the premises.,06/22/2023 12:29:19 AM,01 BROOKLYN,34,Precinct 90,3024520019,BROOKLYN,997992,196773,MOBILE,Unspecified,BROOKLYN,,,,,,,,40.70676251845725,-73.9504351061387,POINT (-73.950435106139 40.706762518457)
57962034,06/21/2023 04:46:26 PM,06/23/2023 01:18:20 PM,DOT,Department of Transportation,Street Condition,Cave-in,N/A,Street,11357,16 ROAD,16 ROAD,16 ROAD,150 STREET,16 ROAD,150 STREET,INTERSECTION,,,,Closed,,The Department of Transportation inspected and has requested the Department of Environmental Protection address the issue. The condition will be re-inspected in 60 days.,06/23/2023 01:18:24 PM,07 QUEENS,19,Precinct 109,,QUEENS,1035838,225270,PHONE,Unspecified,QUEENS,,,,,,,,40.78483974370039,-73.81371314782915,POINT (-73.813713147829 40.7848397437)
57965913,06/21/2023 09:25:29 AM,,EDC,Economic Development Corporation,Noise - Helicopter,News Gathering,Flying Too Low,Above Address,11238,135 EASTERN PARKWAY,EASTERN PARKWAY,UNDERHILL AVENUE,WASHINGTON AVENUE,UNDERHILL AVENUE,WASHINGTON AVENUE,ADDRESS,BROOKLYN,EASTERN PARKWAY,,In Progress,,,,08 BROOKLYN,35,Precinct 77,3011790047,BROOKLYN,994156,184165,ONLINE,Unspecified,BROOKLYN,,,,,,,,40.67216158783738,-73.96428939702098,POINT (-73.964289397021 40.672161587837)
57966975,06/21/2023 11:21:11 AM,06/30/2023 05:24:41 PM,HPD,Department of Housing Preservation and Development,UNSANITARY CONDITION,MOLD,N/A,RESIDENTIAL BUILDING,10452,993 SUMMIT AVENUE,SUMMIT AVENUE,,,,,ADDRESS,BRONX,,,Closed,,The Department of Housing Preservation and Development inspected the following conditions. No violations were issued. The complaint has been closed.,06/30/2023 12:00:00 AM,04 BRONX,08,Precinct 44,2025230161,BRONX,1003519,242745,PHONE,Unspecified,BRONX,,,,,,,,40.8329333167966,-73.93036842441118,POINT (-73.930368424411 40.832933316797)
57967011,06/21/2023 11:12:05 AM,07/01/2023 06:16:27 PM,HPD,Department of Housing Preservation and Development,WATER LEAK,HEAVY FLOW,AT WALL OR CEILING,RESIDENTIAL BUILDING,10471,5110 POST ROAD,POST ROAD,,,,,ADDRESS,BRONX,,,Closed,,The Department of Housing Preservation and Development inspected the following conditions. No violations were issued. The complaint has been closed.,07/01/2023 12:00:00 AM,08 BRONX,11,Precinct 50,2058251507,BRONX,1012435,265750,PHONE,Unspecified,BRONX,,,,,,,,40.89605107492441,-73.89805232321305,POINT (-73.898052323213 40.896051074924)
57978783,06/22/2023 12:13:35 PM,07/10/2023 12:04:41 PM,DOHMH,Department of Health and Mental Hygiene,Rodent,Mouse Sighting,,3+ Family Apt. Building,11358,158-17 SANFORD AVENUE,SANFORD AVENUE,158 STREET,159 STREET,158 STREET,159 STREET,ADDRESS,FLUSHING,SANFORD AVENUE,,Closed,,This service request was closed because the Department of Health and Mental Hygiene received an earlier complaint about the same location.  You can find inspection results for this address by going to the online Rat Portal at www.nyc.gov/rats.,06/22/2023 12:13:35 PM,07 QUEENS,20,Precinct 109,4053310001,QUEENS,1037596,216560,MOBILE,Unspecified,QUEENS,,,,,,,,40.760922693402385,-73.80743408358278,POINT (-73.807434083583 40.760922693402)
57966579,06/21/2023 07:41:00 PM,06/22/2023 09:54:00 PM,DEP,Department of Environmental Protection,Noise,Noise: Construction Before/After Hours (NM1),NM1,,10024,AMSTERDAM AVENUE,AMSTERDAM AVENUE,WEST   78 STREET,WEST   79 STREET,,,BLOCKFACE,MANHATTAN,,N/A,Closed,,The Department of Environmental Protection determined that this complaint is a duplicate of a previously filed complaint. The original complaint is being addressed.,06/22/2023 09:54:00 PM,07 MANHATTAN,,Precinct 20,,MANHATTAN,,,ONLINE,Unspecified,MANHATTAN,,,,,,,,,,
57963789,06/21/2023 05:51:26 AM,06/21/2023 07:04:55 AM,NYPD,New York City Police Department,Blocked Driveway,Partial Access,,Street/Sidewalk,10456,1120 FOREST AVENUE,FOREST AVENUE,EAST  166 STREET,HOME STREET,EAST  166 STREET,HOME STREET,ADDRESS,BRONX,FOREST AVENUE,,Closed,,The Police Department responded to the complaint and with the information available observed no evidence of the violation at that time.,06/21/2023 07:05:01 AM,03 BRONX,17,Precinct 42,2026610114,BRONX,1011262,240721,PHONE,Unspecified,BRONX,,,,,,,,40.82735773242268,-73.90239604008977,POINT (-73.90239604009 40.827357732423)
57966201,06/21/2023 04:01:13 AM,06/21/2023 04:44:26 AM,NYPD,New York City Police Department,Illegal Parking,Commercial Overnight Parking,,Street/Sidewalk,10305,64 HENRY PLACE,HENRY PLACE,RARITAN AVENUE,DELAWARE AVENUE,RARITAN AVENUE,DELAWARE AVENUE,ADDRESS,STATEN ISLAND,HENRY PLACE,,Closed,,The Police Department issued a summons in response to the complaint.,06/21/2023 04:44:34 AM,02 STATEN ISLAND,50,Precinct 122,5033360001,STATEN ISLAND,958853,154375,ONLINE,Unspecified,STATEN ISLAND,,,,,,,,40.590363500838066,-74.09144269984667,POINT (-74.091442699847 40.590363500838)
57966408,06/21/2023 01:25:02 PM,06/21/2023 02:35:38 PM,NYPD,New York City Police Department,Blocked Driveway,Partial Access,,Street/Sidewalk,11230,1324 EAST    9 STREET,EAST    9 STREET,AVENUE M,RODER AVENUE,AVENUE M,RODER AVENUE,ADDRESS,BROOKLYN,EAST    9 STREET,,Closed,,The Police Department responded to the complaint and took action to fix the condition.,06/21/2023 02:35:45 PM,12 BROOKLYN,44,Precinct 66,3065710016,BROOKLYN,993794,163966,PHONE,Unspecified,BROOKLYN,,,,,,,,40.61672008766188,-73.9656229639755,POINT (-73.965622963975 40.616720087662)
57978000,06/22/2023 04:54:00 PM,06/23/2023 03:50:00 AM,DSNY,Department of Sanitation,Derelict Vehicles,Derelict Vehicles,,Street,,,,,,BOLTON AVENUE,BOLTON AVENUE,INTERSECTION,,,,Closed,,The Department of Sanitation does NOT have jurisdiction over vehicles (abandoned or otherwise) that have license plates affixed to them. Your request will be referred to the NYPD for further action.,06/23/2023 12:00:00 PM,09 BRONX,,Unspecified,,BRONX,,,PHONE,Unspecified,BRONX,,,,,,,,,,
57968370,06/21/2023 11:00:01 AM,07/02/2023 09:19:16 AM,HPD,Department of Housing Preservation and Development,PLUMBING,BASIN/SINK,PIPE LEAKING,RESIDENTIAL BUILDING,10040,61 ELLWOOD STREET,ELLWOOD STREET,,,,,ADDRESS,NEW YORK,,,Closed,,The Department of Housing Preservation and Development inspected the following conditions. No violations were issued. The complaint has been closed.,07/02/2023 12:00:00 AM,12 MANHATTAN,10,Precinct 34,1021740105,MANHATTAN,1004001,252800,ONLINE,Unspecified,MANHATTAN,,,,,,,,40.86053025821177,-73.92859702407956,POINT (-73.92859702408 40.860530258212)
57976839,06/22/2023 10:45:51 AM,06/28/2023 09:22:53 PM,HPD,Department of Housing Preservation and Development,FLOORING/STAIRS,FLOOR,HOLE IN WALKING AREA,RESIDENTIAL BUILDING,10467,3569 DEKALB AVENUE,DEKALB AVENUE,,,,,ADDRESS,BRONX,,,Closed,,The Department of Housing Preservation and Development inspected the following conditions. Violations were issued. Information about specific violations is available at www.nyc.gov/hpd,06/28/2023 12:00:00 AM,07 BRONX,11,Precinct 52,2033290040,BRONX,1017714,261433,PHONE,Unspecified,BRONX,,,,,,,,40.88418384207384,-73.878979301389,POINT (-73.878979301389 40.884183842074)
57969171,06/21/2023 12:14:30 PM,06/21/2023 01:53:08 PM,NYPD,New York City Police Department,Blocked Driveway,Partial Access,,Street/Sidewalk,11205,109 GRAND AVENUE,GRAND AVENUE,PARK AVENUE,MYRTLE AVENUE,PARK AVENUE,MYRTLE AVENUE,ADDRESS,BROOKLYN,GRAND AVENUE,,Closed,,The Police Department issued a summons in response to the complaint.,06/21/2023 01:53:13 PM,02 BROOKLYN,35,Precinct 88,3018930061,BROOKLYN,994200,192127,ONLINE,Unspecified,BROOKLYN,,,,,,,,40.69401541250185,-73.96411902242332,POINT (-73.964119022423 40.694015412502)
57978153,06/22/2023 10:36:25 PM,06/22/2023 11:07:55 PM,NYPD,New York City Police Department,Noise - Residential,Loud Music/Party,,Residential Building/House,10467,2434 BRONX PARK EAST,BRONX PARK EAST,WARING AVENUE,MACE AVENUE,WARING AVENUE,MACE AVENUE,ADDRESS,BRONX,BRONX PARK EAST,,Closed,,The Police Department responded to the complaint but officers were unable to gain entry into the premises.,06/22/2023 11:08:01 PM,11 BRONX,15,Precinct 49,2044240020,BRONX,1020066,253404,ONLINE,Unspecified,BRONX,,,,,,,,40.862137495332405,-73.8705163566897,POINT (-73.87051635669 40.862137495332)
57968910,06/21/2023 08:44:22 PM,10/05/2023 10:00:15 AM,DPR,Department of Parks and Recreation,Maintenance or Facility,Structure - Outdoors,Path,Park,11694,ROCKAWAY BEACH,ROCKAWAY BEACH,BEACH  138 STREET,BEACH  139 STREET,BEACH  138 STREET,BEACH  139 STREET,UNRECOGNIZED,FAR ROCKAWAY,ROCKAWAY BEACH,,Closed,,NYC Parks has completed the requested work order and corrected the problem.,10/05/2023 10:00:21 AM,14 QUEENS,32,Precinct 100,4162860101,QUEENS,1024706,147274,MOBILE,Rockaway Beach,QUEENS,,,,,,,,40.57081674495128,-73.85437947966363,POINT (-73.854379479664 40.570816744951)
57971025,06/21/2023 07:48:44 PM,06/21/2023 07:49:48 PM,NYPD,New York City Police Department,Non-Emergency Police Matter,Other (complaint details),,Street/Sidewalk,10019,306 WEST   54 STREET,WEST   54 STREET,8 AVENUE,9 AVENUE,8 AVENUE,9 AVENUE,ADDRESS,NEW YORK,WEST   54 STREET,,Closed,,The Police Department responded to the complaint and determined that police action was not necessary.,06/21/2023 07:49:52 PM,04 MANHATTAN,03,Precinct 18,1010440038,MANHATTAN,988451,217993,ONLINE,Unspecified,MANHATTAN,,,,,,,,40.76501585078629,-73.98483450522959,POINT (-73.98483450523 40.765015850786)
57963699,06/21/2023 12:56:34 PM,06/21/2023 02:24:01 PM,NYPD,New York City Police Department,Blocked Driveway,No Access,,Street/Sidewalk,11230,1225 EAST   14 STREET,EAST   14 STREET,AVENUE L,LOCUST AVENUE,AVENUE L,LOCUST AVENUE,ADDRESS,BROOKLYN,EAST   14 STREET,,Closed,,The Police Department issued a summons in response to the complaint.,06/21/2023 02:24:05 PM,14 BROOKLYN,44,Precinct 70,3067340086,BROOKLYN,994999,165038,PHONE,Unspecified,BROOKLYN,,,,,,,,40.61966112483044,-73.96128090483349,POINT (-73.961280904833 40.61966112483)
57978351,06/22/2023 11:35:00 AM,07/02/2023 10:30:00 AM,DEP,Department of Environmental Protection,Sewer,Catch Basin Clogged/Flooding (Use Comments) (SC),SC,,10037,,,,,5 AVENUE,WEST 137 STREET,INTERSECTION,MANHATTAN,,,Closed,,"The Department of Environmental Protection inspected your complaint and repaired the problem. If the condition returns, please call 311 (or 212-639-9675 if calling from a non-New York City area code) to submit a new complaint.",07/02/2023 10:30:00 AM,10 MANHATTAN,09,Precinct 32,,MANHATTAN,1001775,235861,ONLINE,Unspecified,MANHATTAN,,,,,,,,40.814042326382285,-73.93668862118824,POINT (-73.936688621188 40.814042326382)
57971241,06/22/2023 05:49:38 PM,06/22/2023 06:11:51 PM,NYPD,New York City Police Department,Illegal Parking,Blocked Hydrant,,Street/Sidewalk,11224,2915 STILLWELL AVENUE,STILLWELL AVENUE,MERMAID AVENUE,SURF AVENUE,MERMAID AVENUE,SURF AVENUE,ADDRESS,BROOKLYN,STILLWELL AVENUE,,Closed,,The Police Department responded to the complaint and took action to fix the condition.,06/22/2023 06:11:57 PM,13 BROOKLYN,47,Precinct 60,3072660270,BROOKLYN,989398,149359,MOBILE,Unspecified,BROOKLYN,,,,,,,,40.57663046585556,-73.98146827786938,POINT (-73.981468277869 40.576630465856)
57970116,06/21/2023 01:03:00 PM,06/22/2023 06:40:53 AM,DSNY,Department of Sanitation,Missed Collection,Bulky Trash,N/A,Street,11385,78-02 CYPRESS AVENUE,CYPRESS AVENUE,78 AVENUE,79 AVENUE,78 AVENUE,79 AVENUE,ADDRESS,RIDGEWOOD,CYPRESS AVENUE,,Closed,,The Department of Sanitation investigated and found this complaint to be out of jurisdiction. The Department of Sanitation reviewed this and found it not to be meeting the criteria for a complaint or service request.,06/22/2023 06:40:53 AM,05 QUEENS,30,Precinct 104,4035580026,QUEENS,1012381,192534,PHONE,Unspecified,QUEENS,,,,,,,,40.695093416601324,-73.8985543419418,POINT (-73.898554341942 40.695093416601)
57969441,06/21/2023 12:43:06 PM,07/10/2023 12:04:40 PM,HPD,Department of Housing Preservation and Development,GENERAL,CABINET,DAMAGED OR MISSING,RESIDENTIAL BUILDING,10453,1695 GRAND AVENUE,GRAND AVENUE,,,,,ADDRESS,BRONX,,,Closed,,"The Department of Housing Preservation and Development was not able to gain access to inspect the following conditions. The complaint has been closed. If the condition still exists, please file a new complaint.",07/10/2023 12:00:00 AM,05 BRONX,14,Precinct 46,2028660080,BRONX,1008011,248390,PHONE,Unspecified,BRONX,,,,,,,,40.84841624607351,-73.91411588203465,POINT (-73.914115882035 40.848416246074)
57970728,06/21/2023 04:38:00 PM,06/21/2023 05:15:00 PM,DEP,Department of Environmental Protection,Water System,No Water (WNW),WNW,,11235,32 FALMOUTH STREET,FALMOUTH STREET,SHORE BLVD,HAMPTON AVE,,,ADDRESS,BROOKLYN,,,Closed,,The Department of Environmental Protection investigated this complaint and determined it is an inside condition within the complainant's property.,06/21/2023 05:15:00 PM,15 BROOKLYN,48,Precinct 61,3087440019,BROOKLYN,998988,150956,PHONE,Unspecified,BROOKLYN,,,,,,,,40.58100315967129,-73.9469428094265,POINT (-73.946942809426 40.581003159671)
57977037,06/22/2023 02:58:21 PM,06/28/2023 02:08:57 AM,HPD,Department of Housing Preservation and Development,UNSANITARY CONDITION,PESTS,BED BUGS,RESIDENTIAL BUILDING,11236,921 EAST   85 STREET,EAST   85 STREET,,,,,ADDRESS,BROOKLYN,,,Closed,,The Department of Housing Preservation and Development inspected the following conditions. Violations were issued. Information about specific violations is available at www.nyc.gov/hpd,06/28/2023 12:00:00 AM,18 BROOKLYN,46,Precinct 69,3080220032,BROOKLYN,1009485,171509,PHONE,Unspecified,BROOKLYN,,,,,,,,40.637393229841585,-73.90907655182727,POINT (-73.909076551827 40.637393229842)
57967623,06/20/2023 02:25:39 PM,06/21/2023 11:20:00 AM,DOT,Department of Transportation,Street Condition,Pothole,,,11223,AVENUE W,AVENUE W,CONEY ISLAND AVENUE,EAST    7 STREET,,,BLOCKFACE,BROOKLYN,,N/A,Closed,,The Department of Transportation inspected this complaint and repaired the problem.,06/21/2023 11:20:00 AM,15 BROOKLYN,,Precinct 61,,BROOKLYN,,,UNKNOWN,Unspecified,BROOKLYN,,,,,,,,,,
57977559,06/22/2023 04:59:21 PM,03/26/2024 12:00:00 AM,DOB,Department of Buildings,General Construction/Plumbing,Failure To Maintain,,,11377,55-11 QUEENS BOULEVARD,QUEENS BOULEVARD,,,,,ADDRESS,WOODSIDE,,,Closed,,The Department of Buildings investigated this complaint and determined that no further action was necessary.,03/26/2024 12:00:00 AM,02 QUEENS,26,Precinct 108,4013250001,QUEENS,1009267,209667,UNKNOWN,Unspecified,QUEENS,,,,,,,,40.74212870763952,-73.90972032430747,POINT (-73.909720324307 40.74212870764)
57966228,06/21/2023 09:54:07 AM,06/21/2023 10:22:24 AM,NYPD,New York City Police Department,Illegal Parking,Posted Parking Sign Violation,,Street/Sidewalk,11236,1377 EAST  101 STREET,EAST  101 STREET,AVENUE M,AVENUE N,AVENUE M,AVENUE N,ADDRESS,BROOKLYN,EAST  101 STREET,,Closed,,The Police Department responded to the complaint and took action to fix the condition.,06/21/2023 10:22:28 AM,18 BROOKLYN,46,Precinct 69,3082850011,BROOKLYN,1015041,171720,PHONE,Unspecified,BROOKLYN,,,,,,,,40.63795480771223,-73.88905695664498,POINT (-73.889056956645 40.637954807712)
57971169,06/21/2023 05:31:08 PM,07/13/2023 07:02:09 PM,HPD,Department of Housing Preservation and Development,WATER LEAK,HEAVY FLOW,FROM WALL OR CEILING,RESIDENTIAL BUILDING,11221,920 MADISON STREET,MADISON STREET,,,,,ADDRESS,BROOKLYN,,,Closed,,The Department of Housing Preservation and Development inspected the following conditions. Violations were issued. Information about specific violations is available at www.nyc.gov/hpd,07/13/2023 12:00:00 AM,03 BROOKLYN,41,Precinct 81,3014840004,BROOKLYN,1006234,189995,PHONE,Unspecified,BROOKLYN,,,,,,,,40.688141854956356,-73.92072984788051,POINT (-73.920729847881 40.688141854956)
57961827,06/21/2023 05:50:53 AM,02/26/2024 11:58:31 AM,DPR,Department of Parks and Recreation,Overgrown Tree/Branches,Hitting Building,N/A,Street,11364,231-12 57 AVENUE,57 AVENUE,231 STREET,EAST HAMPTON BOULEVARD,231 STREET,EAST HAMPTON BOULEVARD,ADDRESS,OAKLAND GARDENS,57 AVENUE,,Closed,,"Under NYC Parksâ Tree Risk Management Program, work is prioritized to address the conditions with the highest risk first.  NYC Parks determined that the issue will be addressed in the next pruning cycle through the routine block pruning program.  For more information about the Tree Risk Management Program, visit the NYC Urban Forest page on the NYC Parks website at nyc.gov/parks/trees.   To learn more about the trees in your neighborhood, visit the NYC Tree Map at nyc.gov/parks/treemap.",02/26/2024 11:58:39 AM,11 QUEENS,23,Precinct 111,4075680032,QUEENS,1053827,214332,UNKNOWN,Unspecified,QUEENS,,,,,,,,40.754694594434085,-73.74886751332184,POINT (-73.748867513322 40.754694594434)
57972537,06/22/2023 10:17:14 AM,06/22/2023 10:17:14 AM,DOB,Department of Buildings,BEST/Site Safety,Demolition - Unsafe,,,10006,111 WASHINGTON STREET,WASHINGTON STREET,,,,,ADDRESS,NEW YORK,,,Closed,,The Department of Buildings investigated this complaint and determined that no further action was necessary.,06/22/2023 12:00:00 AM,01 MANHATTAN,01,Precinct 1,1000530012,MANHATTAN,980314,197467,UNKNOWN,Unspecified,MANHATTAN,,,,,,,,40.70867718002333,-74.01419684297952,POINT (-74.01419684298 40.708677180023)
57961692,06/21/2023 05:51:53 PM,06/22/2023 06:15:44 PM,HPD,Department of Housing Preservation and Development,WATER LEAK,SLOW LEAK,AT WALL OR CEILING,RESIDENTIAL BUILDING,11377,49-15 SKILLMAN AVENUE,SKILLMAN AVENUE,,,,,ADDRESS,WOODSIDE,,,Closed,,The Department of Housing Preservation and Development inspected the following conditions. Violations were issued. Information about specific violations is available at www.nyc.gov/hpd,06/22/2023 12:00:00 AM,02 QUEENS,26,Precinct 108,4001320067,QUEENS,1007803,211159,ONLINE,Unspecified,QUEENS,,,,,,,,40.74622789283599,-73.91499828143765,POINT (-73.914998281438 40.746227892836)
57967857,06/21/2023 09:41:15 PM,06/22/2023 12:28:28 PM,DSNY,Department of Sanitation,Dead Animal,Cat,Street or Sidewalk,Sidewalk,10467,755 EAST  219 STREET,EAST  219 STREET,WHITE PLAINS ROAD,BARNES AVENUE,WHITE PLAINS ROAD,BARNES AVENUE,ADDRESS,BRONX,EAST  219 STREET,,Closed,,The Department of Sanitation cleaned the location.,06/22/2023 09:49:39 AM,12 BRONX,12,Precinct 47,2046670022,BRONX,1022612,261044,PHONE,Unspecified,BRONX,,,,,,,,40.883096227766494,-73.8612682119848,POINT (-73.861268211985 40.883096227766)
57976452,06/23/2023 01:22:40 AM,06/23/2023 03:04:40 AM,NYPD,New York City Police Department,Noise - Residential,Loud Music/Party,,Residential Building/House,11436,148 STREET,148 STREET,148 STREET,LINDEN BOULEVARD,148 STREET,LINDEN BOULEVARD,INTERSECTION,,,,Closed,,The Police Department responded to the complaint and with the information available observed no evidence of the violation at that time.,06/23/2023 03:04:47 AM,12 QUEENS,28,Precinct 113,,QUEENS,1040974,189219,ONLINE,Unspecified,QUEENS,,,,,,,,40.68585745119775,-73.79547081796115,POINT (-73.795470817961 40.685857451198)
57971322,06/22/2023 10:13:15 AM,06/22/2023 10:33:23 AM,NYPD,New York City Police Department,Illegal Parking,Blocked Sidewalk,,Street/Sidewalk,10002,180 ELDRIDGE STREET,ELDRIDGE STREET,DELANCEY STREET,RIVINGTON STREET,DELANCEY STREET,RIVINGTON STREET,ADDRESS,NEW YORK,ELDRIDGE STREET,,Closed,,The Police Department reviewed your complaint and provided additional information below.,06/22/2023 10:33:27 AM,03 MANHATTAN,01,Precinct 5,1004150012,MANHATTAN,986818,201788,MOBILE,Unspecified,MANHATTAN,,,,,,,,40.72053779542186,-73.99073577725788,POINT (-73.990735777258 40.720537795422)
57972402,06/22/2023 08:36:36 AM,06/22/2023 08:36:36 AM,DOB,Department of Buildings,General Construction/Plumbing,Cons - Contrary/Beyond Approved Plans/Permits,,,10305,42 SEA GATE ROAD,SEA GATE ROAD,,,,,ADDRESS,STATEN ISLAND,,,Closed,,"The Department of Buildings reviewed this complaint and closed it. If the problem still exists, please call 311 and file a new complaint. If you are outside of New York City, please call (212) NEW-YORK (212-639-9675).",06/22/2023 12:00:00 AM,01 STATEN ISLAND,50,Precinct 120,5030660274,STATEN ISLAND,967853,161328,UNKNOWN,Unspecified,STATEN ISLAND,,,,,,,,40.60946929114256,-74.05905480570762,POINT (-74.059054805708 40.609469291143)
57978702,06/23/2023 12:07:54 AM,06/23/2023 02:20:18 AM,NYPD,New York City Police Department,Blocked Driveway,No Access,,Street/Sidewalk,11207,71 BARBEY STREET,BARBEY STREET,JAMAICA AVENUE,ARLINGTON AVENUE,JAMAICA AVENUE,ARLINGTON AVENUE,ADDRESS,BROOKLYN,BARBEY STREET,,Closed,,The Police Department reviewed your complaint and provided additional information below.,06/23/2023 02:20:22 AM,05 BROOKLYN,37,Precinct 75,3039210016,BROOKLYN,1014852,187533,ONLINE,Unspecified,BROOKLYN,,,,,,,,40.68135863114487,-73.88966617744279,POINT (-73.889666177443 40.681358631145)
57963375,06/21/2023 02:02:52 PM,01/11/2025 06:11:19 PM,DOHMH,Department of Health and Mental Hygiene,Mobile Food Vendor,Food Worker Activity,Bare Hands in Contact w/Food,Mobile Food Vendor,10153,767 5 AVENUE,5 AVENUE,EAST   58 STREET,CENTRAL PARK SOUTH,EAST   58 STREET,CENTRAL PARK SOUTH,ADDRESS,NEW YORK,5 AVENUE,,Closed,,"The NYC Health Department has responded to your service request. For inspection results, please call (212) 676-1600 or email infobfscs@health.nyc.gov to request an inspection report. This service request has been closed.",01/11/2025 06:11:24 PM,05 MANHATTAN,04,Precinct 18,1012940001,MANHATTAN,991677,217631,MOBILE,Unspecified,MANHATTAN,,,,,,,,40.76402013271872,-73.97318913426022,POINT (-73.97318913426 40.764020132719)
57971349,06/22/2023 06:16:50 PM,06/22/2023 06:33:20 PM,NYPD,New York City Police Department,Illegal Parking,Blocked Hydrant,,Street/Sidewalk,11104,47-42 39 PLACE,39 PLACE,47 AVENUE,48 AVENUE,47 AVENUE,48 AVENUE,ADDRESS,SUNNYSIDE,39 PLACE,,Closed,,The Police Department responded to the complaint and with the information available observed no evidence of the violation at that time.,06/22/2023 06:33:23 PM,02 QUEENS,26,Precinct 108,4002000054,QUEENS,1004822,209281,MOBILE,Unspecified,QUEENS,,,,,,,,40.74108069110368,-73.92576231490551,POINT (-73.925762314906 40.741080691104)
57969090,06/21/2023 09:24:48 AM,07/05/2023 10:45:58 AM,DSNY,Department of Sanitation,Missed Collection,Compost,N/A,Street,11434,170-11 143 ROAD,143 ROAD,170 STREET,171 STREET,170 STREET,171 STREET,ADDRESS,JAMAICA,143 ROAD,,Closed,,The Department of Sanitation collected the requested items.,06/22/2023 01:10:37 PM,12 QUEENS,28,Precinct 113,4125880005,QUEENS,1048124,183315,PHONE,Unspecified,QUEENS,,,,,,,,40.66960365153055,-73.76974620021673,POINT (-73.769746200217 40.669603651531)
57977064,06/22/2023 03:01:36 PM,06/27/2023 02:16:12 PM,HPD,Department of Housing Preservation and Development,PAINT/PLASTER,WALL,BULGING/HOLE/CRACKED,RESIDENTIAL BUILDING,10467,2766 BARNES AVENUE,BARNES AVENUE,,,,,ADDRESS,BRONX,,,Closed,,The Department of Housing Preservation and Development inspected the following conditions. Violations were issued. Information about specific violations is available at www.nyc.gov/hpd,06/27/2023 12:00:00 AM,11 BRONX,13,Precinct 49,2045130027,BRONX,1022010,254958,PHONE,Unspecified,BRONX,,,,,,,,40.866394648546,-73.86347957415711,POINT (-73.863479574157 40.866394648546)
57965292,06/21/2023 09:41:07 PM,06/21/2023 10:08:16 PM,NYPD,New York City Police Department,Noise - Residential,Banging/Pounding,,Residential Building/House,11415,84-70 129 STREET,129 STREET,KEW GARDENS ROAD,METROPOLITAN AVENUE,KEW GARDENS ROAD,METROPOLITAN AVENUE,ADDRESS,KEW GARDENS,129 STREET,,Closed,,The Police Department responded to the complaint and took action to fix the condition.,06/21/2023 10:08:22 PM,09 QUEENS,29,Precinct 102,4092490040,QUEENS,1033141,196138,PHONE,Unspecified,QUEENS,,,,,,,,40.70489519545206,-73.82366388782683,POINT (-73.823663887827 40.704895195452)
57975219,06/22/2023 12:47:00 PM,06/23/2023 07:44:00 AM,DSNY,Department of Sanitation,Derelict Vehicles,Derelict Vehicles,,Street,10454,605 OAK TERRACE,OAK TERRACE,DEAD END,BEEKMAN AVENUE,,,ADDRESS,BRONX,,,Closed,,The Department of Sanitation does NOT have jurisdiction over vehicles (abandoned or otherwise) that have license plates affixed to them. Your request will be referred to the NYPD for further action.,06/23/2023 12:00:00 PM,01 BRONX,08,Precinct 40,2025550125,BRONX,1007982,233980,PHONE,Unspecified,BRONX,,,,,,,,40.80886501319918,-73.91427167612251,POINT (-73.914271676123 40.808865013199)
57968334,06/21/2023 10:28:37 AM,06/24/2023 06:37:21 PM,HPD,Department of Housing Preservation and Development,PAINT/PLASTER,WALL,CHIPPED/PEELING/FLAKING,RESIDENTIAL BUILDING,10463,3115 SEDGWICK AVENUE,SEDGWICK AVENUE,,,,,ADDRESS,BRONX,,,Closed,,The Department of Housing Preservation and Development inspected the following conditions. Violations were issued. Information about specific violations is available at www.nyc.gov/hpd,06/24/2023 12:00:00 AM,08 BRONX,14,Precinct 50,2032540065,BRONX,1012134,258803,PHONE,Unspecified,BRONX,,,,,,,,40.87698470940194,-73.89916999011639,POINT (-73.899169990116 40.876984709402)
57967686,06/21/2023 09:47:50 AM,06/22/2023 12:21:47 PM,DSNY,Department of Sanitation,Missed Collection,Trash,N/A,Street,11238,564 VANDERBILT AVENUE,VANDERBILT AVENUE,DEAN STREET,BERGEN STREET,DEAN STREET,BERGEN STREET,ADDRESS,BROOKLYN,VANDERBILT AVENUE,,Closed,,The Department of Sanitation investigated this complaint and found no condition at the location.,06/21/2023 10:20:15 PM,08 BROOKLYN,35,Precinct 78,3011370053,BROOKLYN,993092,186930,ONLINE,Unspecified,BROOKLYN,,,,,,,,40.6797520156021,-73.9681214325968,POINT (-73.968121432597 40.679752015602)
57966588,06/21/2023 04:07:53 PM,06/22/2023 01:12:20 PM,DSNY,Department of Sanitation,Commercial Disposal Complaint,No Private Carter,N/A,Street,11354,150-07 BAYSIDE AVENUE,BAYSIDE AVENUE,150 STREET,150 PLACE,150 STREET,150 PLACE,ADDRESS,FLUSHING,BAYSIDE AVENUE,,Closed,,The Department of Sanitation investigated this complaint and found no violation at the location.,06/22/2023 01:12:25 PM,07 QUEENS,19,Precinct 109,4048230003,QUEENS,1035340,220419,ONLINE,Unspecified,QUEENS,,,,,,,,40.77152795052169,-73.81554833099084,POINT (-73.815548330991 40.771527950522)
57973095,06/22/2023 07:56:00 PM,06/23/2023 02:32:00 PM,DEP,Department of Environmental Protection,Industrial Waste,Wastewater Into Catch Basin (IEB),IEB,,10009,,,,,1 AVENUE,EAST 15 STREET,INTERSECTION,MANHATTAN,,N/A,Closed,,The Department of Environmental Protection investigated this complaint and resolved the issue during a field inspection.,06/23/2023 02:32:00 PM,06 MANHATTAN,02,Precinct 13,,MANHATTAN,989248,205958,PHONE,Unspecified,MANHATTAN,,,,,,,,40.73198239186119,-73.98196630142556,POINT (-73.981966301426 40.731982391861)
59456178,09/29/2023 11:57:44 AM,09/30/2023 03:45:00 PM,DEP,Department of Environmental Protection,Sewer Maintenance,Flooding on Street,N/A,Street,11214,BAY   23 STREET,BAY   23 STREET,BAY   23 STREET,BENSON AVENUE,BAY   23 STREET,BENSON AVENUE,INTERSECTION,,,,Closed,,,09/30/2023 03:45:00 PM,11 BROOKLYN,38,Precinct 62,,BROOKLYN,983945,158978,ONLINE,Unspecified,BROOKLYN,,,,,,,,40.60303418688068,-74.00109837033231,POINT (-74.001098370332 40.603034186881)
57965157,06/21/2023 01:17:00 AM,06/21/2023 12:25:00 PM,DEP,Department of Environmental Protection,Lead,Lead Kit Request (Residential) (L10),L10,,11219,1441 46 STREET,46 STREET,14 AVE,15 AVE,,,ADDRESS,BROOKLYN,,N/A,Closed,,The Department of Environmental Protection (DEP) mailed you the free lead test kit you requested. The kit includes instructions for collecting a water sample and contact information for DEP's Lead Program Unit if you have any questions. Please use the included pre-paid label to mail the sample to the lab for analysis. It may take the lab up to 30 days to complete their analysis and mail you the test results. This Service Request is closed and no further status will be available from 311.,06/21/2023 12:25:00 PM,12 BROOKLYN,44,Precinct 66,3056180063,BROOKLYN,987802,170552,ONLINE,Unspecified,BROOKLYN,,,,,,,,40.63480170378399,-73.98720239789044,POINT (-73.98720239789 40.634801703784)
57972015,06/21/2023 09:05:13 PM,07/27/2023 12:00:00 AM,DOB,Department of Buildings,General Construction/Plumbing,Cons - Contrary/Beyond Approved Plans/Permits,,,11385,402 ONDERDONK AVENUE,ONDERDONK AVENUE,,,,,ADDRESS,RIDGEWOOD,,,Closed,,"The Department of Buildings attempted to investigate this complaint twice but could not gain access to the location. If the problem still exists, please call 311 and file a new complaint with additional access information. If you are outside of New York City, please call (212) NEW-YORK (212-639-9675).",07/27/2023 12:00:00 AM,05 QUEENS,34,Precinct 104,4034270030,QUEENS,1008285,197077,UNKNOWN,Unspecified,QUEENS,,,,,,,,40.70757495380374,-73.91330906170826,POINT (-73.913309061708 40.707574953804)
57971187,06/22/2023 12:32:00 PM,06/24/2023 11:55:00 AM,DEP,Department of Environmental Protection,Water System,Excessive Water In Basement (WEFB),WEFB,,10452,1096 WOODYCREST AVENUE,WOODYCREST AVENUE,W 165 ST,W 166 ST,,,ADDRESS,BRONX,,,Closed,,"The Department of Environment Protection inspected your complaint but could not find the problem you reported. If the condition persists, please call 311 (or 212-639-9675 if calling from a non-New York City area code) with more detailed information to submit a new complaint.",06/24/2023 11:55:00 AM,04 BRONX,16,Precinct 44,2025090115,BRONX,1004613,243382,PHONE,Unspecified,BRONX,,,,,,,,40.83467924292746,-73.92641315066088,POINT (-73.926413150661 40.834679242927)
57969036,06/21/2023 10:16:40 PM,06/25/2023 04:49:16 PM,HPD,Department of Housing Preservation and Development,HEAT/HOT WATER,APARTMENT ONLY,HEAT ON IN SUMMER,RESIDENTIAL BUILDING,11206,210 MESEROLE STREET,MESEROLE STREET,,,,,ADDRESS,BROOKLYN,,,Closed,,"The Department of Housing Preservation and Development was not able to gain access to inspect the following conditions. The complaint has been closed. If the condition still exists, please file a new complaint.",06/25/2023 12:00:00 AM,01 BROOKLYN,34,Precinct 90,3030540016,BROOKLYN,1000704,197341,ONLINE,Unspecified,BROOKLYN,,,,,,,,40.708316916336976,-73.94065203029528,POINT (-73.940652030295 40.708316916337)
57978603,06/22/2023 02:32:17 PM,06/24/2023 02:12:30 PM,DSNY,Department of Sanitation,Missed Collection,Trash,N/A,Street,11235,717 AVENUE Y,AVENUE Y,EAST    7 STREET,CONEY ISLAND AVENUE,EAST    7 STREET,CONEY ISLAND AVENUE,ADDRESS,BROOKLYN,AVENUE Y,,Closed,,The Department of Sanitation collected the requested items.,06/24/2023 12:38:14 PM,15 BROOKLYN,48,Precinct 61,3072040127,BROOKLYN,994781,153972,ONLINE,Unspecified,BROOKLYN,,,,,,,,40.589287475475324,-73.96208341888604,POINT (-73.962083418886 40.589287475475)
57965526,06/21/2023 11:21:48 AM,07/10/2023 12:05:02 PM,HPD,Department of Housing Preservation and Development,ELECTRIC,LIGHTING,DIMS OR FLICKERS,RESIDENTIAL BUILDING,11214,8301 BAY PARKWAY,BAY PARKWAY,,,,,ADDRESS,BROOKLYN,,,Closed,,"The Department of Housing Preservation and Development was not able to gain access to inspect the following conditions. The complaint has been closed. If the condition still exists, please file a new complaint.",07/10/2023 12:00:00 AM,11 BROOKLYN,47,Precinct 62,3063310006,BROOKLYN,986439,159170,PHONE,Unspecified,BROOKLYN,,,,,,,,40.603560922699764,-73.99211687990359,POINT (-73.992116879904 40.6035609227)
57971475,06/22/2023 07:15:50 AM,06/22/2023 07:22:39 AM,NYPD,New York City Police Department,Abandoned Vehicle,With License Plate,,Street/Sidewalk,11203,395 LENOX ROAD,LENOX ROAD,NEW YORK AVENUE,EAST   34 STREET,NEW YORK AVENUE,EAST   34 STREET,ADDRESS,BROOKLYN,LENOX ROAD,,Closed,,The Police Department responded to the complaint and determined that police action was not necessary.,06/22/2023 07:22:44 AM,17 BROOKLYN,40,Precinct 67,3048380001,BROOKLYN,999143,177696,PHONE,Unspecified,BROOKLYN,,,,,,,,40.65439863296636,-73.9463258203892,POINT (-73.946325820389 40.654398632966)
57961917,06/22/2023 12:36:13 AM,06/22/2023 04:37:47 AM,NYPD,New York City Police Department,Illegal Parking,Blocked Hydrant,,Street/Sidewalk,11208,152 GLEN STREET,GLEN STREET,CRESCENT STREET,AUTUMN AVENUE,CRESCENT STREET,AUTUMN AVENUE,ADDRESS,BROOKLYN,GLEN STREET,,Closed,,The Police Department issued a summons in response to the complaint.,06/22/2023 04:37:51 AM,05 BROOKLYN,37,Precinct 75,3041680019,BROOKLYN,1020232,187425,ONLINE,Unspecified,BROOKLYN,,,,,,,,40.68104196130313,-73.87026948720198,POINT (-73.870269487202 40.681041961303)
57975930,06/22/2023 10:20:21 AM,06/25/2023 09:36:15 AM,HPD,Department of Housing Preservation and Development,PLUMBING,RADIATOR,BROKEN OR MISSING,RESIDENTIAL BUILDING,11212,243 BLAKE AVENUE,BLAKE AVENUE,,,,,ADDRESS,BROOKLYN,,,Closed,,The Department of Housing Preservation and Development inspected the following conditions. No violations were issued. The complaint has been closed.,06/25/2023 12:00:00 AM,16 BROOKLYN,41,Precinct 73,3035430049,BROOKLYN,1009099,181759,PHONE,Unspecified,BROOKLYN,,,,,,,,40.66552832616327,-73.91042957215915,POINT (-73.910429572159 40.665528326163)
57962106,06/21/2023 11:46:48 AM,06/22/2023 05:51:07 AM,NYPD,New York City Police Department,Illegal Parking,Double Parked Blocking Vehicle,,Street/Sidewalk,10456,1384 GRAND CONCOURSE,GRAND CONCOURSE,ELLIOT PLACE,EAST  170 STREET,ELLIOT PLACE,EAST  170 STREET,ADDRESS,BRONX,GRAND CONCOURSE,,Closed,,The Police Department responded to the complaint and with the information available observed no evidence of the violation at that time.,06/22/2023 05:51:12 AM,04 BRONX,16,Precinct 44,2028310044,BRONX,1008018,244693,ONLINE,Unspecified,BRONX,,,,,,,,40.838269049296365,-73.91410368388398,POINT (-73.914103683884 40.838269049296)
57975579,06/22/2023 02:06:44 PM,06/23/2023 09:17:12 AM,DOT,Department of Transportation,Street Condition,Blocked - Construction,N/A,Street,11212,25 JUNIUS STREET,JUNIUS STREET,EAST NEW YORK AVENUE,LIBERTY AVENUE,EAST NEW YORK AVENUE,LIBERTY AVENUE,ADDRESS,BROOKLYN,JUNIUS STREET,,Closed,,The Department of Transportation inspected the condition you reported and found that the condition meets its standards and/or there is a valid permit to conduct work.,06/23/2023 09:17:16 AM,16 BROOKLYN,37,Precinct 73,3036790030,BROOKLYN,1010825,185021,ONLINE,Unspecified,BROOKLYN,,,,,,,,40.6744767693602,-73.90419519677239,POINT (-73.904195196772 40.67447676936)
57971331,06/22/2023 05:45:31 AM,06/22/2023 06:25:03 AM,NYPD,New York City Police Department,Illegal Parking,Blocked Hydrant,,Street/Sidewalk,11209,133 70 STREET,70 STREET,COLONIAL ROAD,RIDGE CREST TERRACE,COLONIAL ROAD,RIDGE CREST TERRACE,ADDRESS,BROOKLYN,70 STREET,,Closed,,The Police Department responded to the complaint and took action to fix the condition.,06/22/2023 06:25:07 AM,10 BROOKLYN,47,Precinct 68,3058700070,BROOKLYN,975644,171176,ONLINE,Unspecified,BROOKLYN,,,,,,,,40.63651098243041,-74.03100759761021,POINT (-74.03100759761 40.63651098243)
57965364,06/21/2023 07:33:58 PM,06/21/2023 08:08:59 PM,NYPD,New York City Police Department,Noise - Street/Sidewalk,Loud Music/Party,,Street/Sidewalk,10033,71 CABRINI BOULEVARD,CABRINI BOULEVARD,WEST  180 STREET,WEST  181 STREET,WEST  180 STREET,WEST  181 STREET,ADDRESS,NEW YORK,CABRINI BOULEVARD,,Closed,,The Police Department responded to the complaint and took action to fix the condition.,06/21/2023 08:09:04 PM,12 MANHATTAN,10,Precinct 34,1021770126,MANHATTAN,1000711,249189,MOBILE,Unspecified,MANHATTAN,,,,,,,,40.85062589119129,-73.94049975538188,POINT (-73.940499755382 40.850625891191)
57979080,06/22/2023 05:09:48 PM,06/22/2023 06:05:16 PM,NYPD,New York City Police Department,Blocked Driveway,No Access,,Street/Sidewalk,11435,90-24 143 STREET,143 STREET,90 AVENUE,91 AVENUE,90 AVENUE,91 AVENUE,ADDRESS,JAMAICA,143 STREET,,Closed,,The Police Department issued a summons in response to the complaint.,06/22/2023 06:05:21 PM,12 QUEENS,24,Precinct 103,4099790018,QUEENS,1036527,194845,ONLINE,Unspecified,QUEENS,,,,,,,,40.701326865727765,-73.81146161021402,POINT (-73.811461610214 40.701326865728)
57964833,06/21/2023 06:40:29 AM,06/21/2023 06:40:29 AM,DOB,Department of Buildings,General Construction/Plumbing,Curb Cut/Driveway/Carport - Illegal,,,11361,37-19 222 STREET,222 STREET,,,,,ADDRESS,BAYSIDE,,,Open,,Your Service Request has been submitted to the Department of Buildings.  Please check back later for status.,06/21/2023 12:00:00 AM,11 QUEENS,19,Precinct 111,4061960037,QUEENS,1050017,219436,UNKNOWN,Unspecified,QUEENS,,,,,,,,40.768732870898894,-73.76256939355734,POINT (-73.762569393557 40.768732870899)
57962403,06/21/2023 09:38:00 AM,06/27/2023 03:15:00 AM,DEP,Department of Environmental Protection,Noise,Noise: Private Carting Noise (NQ1),NQ1,,10065,122 EAST   66 STREET,EAST   66 STREET,PARK AVE,LEXINGTON AVE,,,ADDRESS,NEW YORK,,N/A,Closed,,"The Department of Environmental Protection (DEP) didn't observe a violation of the NYC Air or Noise Code at the time of inspection and couldn't issue a summons.  If the problem still exists, please go to nyc.gov/311 or call 311 to file a new Service Request. If you're outside of New York City, please call (212) NEW-YORK (212-639-9675).",06/27/2023 03:15:00 AM,08 MANHATTAN,04,Precinct 19,1014000060,MANHATTAN,993822,218642,ONLINE,Unspecified,MANHATTAN,,,,,,,,40.76679300398028,-73.96544441977612,POINT (-73.965444419776 40.76679300398)
57964689,06/21/2023 02:36:34 PM,06/21/2023 02:36:34 PM,DOHMH,Department of Health and Mental Hygiene,Rodent,Signs of Rodents,,3+ Family Apt. Building,11220,5602 8 AVENUE,8 AVENUE,56 STREET,57 STREET,56 STREET,57 STREET,ADDRESS,BROOKLYN,8 AVENUE,,Closed,,The Department of Health and Mental Hygiene found violations on the property you reported. Follow-up inspections will be scheduled.,06/21/2023 02:36:34 PM,07 BROOKLYN,38,Precinct 72,3008420038,BROOKLYN,982221,171596,MOBILE,Unspecified,BROOKLYN,,,,,,,,40.637667741288915,-74.00731065592811,POINT (-74.007310655928 40.637667741289)
57966993,06/21/2023 01:57:16 PM,06/30/2023 03:18:43 PM,HPD,Department of Housing Preservation and Development,PAINT/PLASTER,CEILING,DIRTY OR UNSANITARY,RESIDENTIAL BUILDING,10040,100 THAYER STREET,THAYER STREET,,,,,ADDRESS,NEW YORK,,,Closed,,The Department of Housing Preservation and Development inspected the following conditions. No violations were issued. The complaint has been closed.,06/30/2023 12:00:00 AM,12 MANHATTAN,10,Precinct 34,1021750039,MANHATTAN,1004216,254284,PHONE,Unspecified,MANHATTAN,,,,,,,,40.86460290511771,-73.92781534461616,POINT (-73.927815344616 40.864602905118)
57971628,06/22/2023 07:46:33 PM,06/23/2023 02:10:16 AM,NYPD,New York City Police Department,Illegal Parking,Commercial Overnight Parking,,Street/Sidewalk,11411,115 AVENUE,115 AVENUE,115 AVENUE,217 STREET,115 AVENUE,217 STREET,INTERSECTION,,,,Closed,,The Police Department issued a summons in response to the complaint.,06/23/2023 02:10:20 AM,13 QUEENS,27,Precinct 105,,QUEENS,1056311,194777,ONLINE,Unspecified,QUEENS,,,,,,,,40.70100122999698,-73.7401111772747,POINT (-73.740111177275 40.701001229997)
57966615,06/21/2023 08:27:38 PM,06/21/2023 09:45:40 PM,NYPD,New York City Police Department,Noise - Residential,Banging/Pounding,,Residential Building/House,10312,715 BARLOW AVENUE,BARLOW AVENUE,WAINWRIGHT AVENUE,POMPEY AVENUE,WAINWRIGHT AVENUE,POMPEY AVENUE,ADDRESS,STATEN ISLAND,BARLOW AVENUE,,Closed,,The Police Department responded to the complaint and determined that police action was not necessary.,06/21/2023 09:45:46 PM,03 STATEN ISLAND,51,Precinct 123,5056140227,STATEN ISLAND,936373,142098,ONLINE,Unspecified,STATEN ISLAND,,,,,,,,40.556572686415535,-74.17229554485127,POINT (-74.172295544851 40.556572686416)
57966930,06/21/2023 07:34:29 AM,08/16/2023 06:45:28 PM,HPD,Department of Housing Preservation and Development,FLOORING/STAIRS,FLOOR,BROKEN OR DEFECTIVE,RESIDENTIAL BUILDING,10453,2195 MORRIS AVENUE,MORRIS AVENUE,,,,,ADDRESS,BRONX,,,Closed,,The Department of Housing Preservation and Development inspected the following conditions. No violations were issued. The complaint has been closed.,08/16/2023 12:00:00 AM,05 BRONX,14,Precinct 46,2031810034,BRONX,1011046,251234,PHONE,Unspecified,BRONX,,,,,,,,40.85621348781439,-73.90313451781053,POINT (-73.903134517811 40.856213487814)
57968775,06/21/2023 07:44:32 AM,06/21/2023 08:28:30 AM,NYPD,New York City Police Department,Illegal Parking,Posted Parking Sign Violation,,Street/Sidewalk,11201,173 BALTIC STREET,BALTIC STREET,HENRY STREET,CLINTON STREET,HENRY STREET,CLINTON STREET,ADDRESS,BROOKLYN,BALTIC STREET,,Closed,,The Police Department issued a summons in response to the complaint.,06/21/2023 08:28:35 AM,06 BROOKLYN,39,Precinct 76,3003060044,BROOKLYN,984979,189643,MOBILE,Unspecified,BROOKLYN,,,,,,,,40.687202968162616,-73.99737140104887,POINT (-73.997371401049 40.687202968163)
57973689,06/22/2023 10:41:04 AM,06/22/2023 11:00:40 AM,NYPD,New York City Police Department,Illegal Parking,Double Parked Blocking Traffic,,Street/Sidewalk,11226,25 PARADE PLACE,PARADE PLACE,WOODRUFF AVENUE,CROOKE AVENUE,WOODRUFF AVENUE,CROOKE AVENUE,ADDRESS,BROOKLYN,PARADE PLACE,,Closed,,The Police Department responded to the complaint and determined that police action was not necessary.,06/22/2023 11:00:45 AM,14 BROOKLYN,40,Precinct 70,3050580007,BROOKLYN,993777,176961,MOBILE,Unspecified,BROOKLYN,,,,,,,,40.652388617370235,-73.96566585079294,POINT (-73.965665850793 40.65238861737)
57970458,06/21/2023 01:47:00 PM,06/22/2023 06:31:00 AM,DEP,Department of Environmental Protection,Noise,Noise: Alarms (NR3),NR3,,10026,133 WEST  116 STREET,WEST  116 STREET,LENOX AVE,ADAM CLAYTON POWELL JR BLVD,,,ADDRESS,NEW YORK,,N/A,Closed,,The Department of Environmental Protection researched this complaint and determined that it could be closed.,06/22/2023 06:31:00 AM,10 MANHATTAN,09,Precinct 28,1019010016,MANHATTAN,997883,231648,ONLINE,Unspecified,MANHATTAN,,,,,,,,40.802485672369755,-73.95075753809273,POINT (-73.950757538093 40.80248567237)
57974193,06/22/2023 10:55:00 AM,07/05/2023 12:20:00 PM,DOT,Department of Transportation,Traffic Signal Condition,Pedestrian Signal,Hanging,,11211,,,,,MANHATTAN AVENUE,AINSLIE STREET,INTERSECTION,BROOKLYN,,N/A,Closed,,Service Request status for this request is available on the Department of Transportationâs website. Please click the âLearn Moreâ link below.,07/05/2023 12:20:00 PM,01 BROOKLYN,34,Precinct 90,,BROOKLYN,999266,199020,UNKNOWN,Unspecified,BROOKLYN,,,,,,,,40.71292792901815,-73.94583500968486,POINT (-73.945835009685 40.712927929018)
57964770,06/21/2023 04:39:50 AM,,EDC,Economic Development Corporation,Noise - Helicopter,Other,Flying Too Low,Above Address,11101,25-73 42 ROAD,42 ROAD,CRESCENT STREET,27 STREET,CRESCENT STREET,27 STREET,ADDRESS,LONG ISLAND CITY,42 ROAD,,In Progress,,,,02 QUEENS,26,Precinct 108,,QUEENS,1000561,212436,ONLINE,Unspecified,QUEENS,,,,,,,,40.74974925895534,-73.94113122719355,POINT (-73.941131227194 40.749749258955)
57977361,06/22/2023 08:34:52 AM,06/23/2023 01:05:30 AM,NYPD,New York City Police Department,Illegal Parking,Blocked Hydrant,,Street/Sidewalk,11379,78-21 69 ROAD,69 ROAD,78 STREET,79 STREET,78 STREET,79 STREET,ADDRESS,MIDDLE VILLAGE,69 ROAD,,Closed,,The Police Department responded to the complaint and with the information available observed no evidence of the violation at that time.,06/23/2023 01:05:34 AM,05 QUEENS,30,Precinct 104,4037970038,QUEENS,1019224,197635,ONLINE,Unspecified,QUEENS,,,,,,,,40.709070053957355,-73.87385074130603,POINT (-73.873850741306 40.709070053957)
57973293,06/22/2023 09:31:34 PM,06/22/2023 10:26:56 PM,NYPD,New York City Police Department,Non-Emergency Police Matter,Other (complaint details),,Street/Sidewalk,10458,2390 TIEBOUT AVENUE,TIEBOUT AVENUE,EAST  184 STREET,EAST  187 STREET,EAST  184 STREET,EAST  187 STREET,ADDRESS,BRONX,TIEBOUT AVENUE,,Closed,,The Police Department responded and upon arrival those responsible for the condition were gone.,06/22/2023 10:27:05 PM,05 BRONX,15,Precinct 46,2030220010,BRONX,1013001,252275,ONLINE,Unspecified,BRONX,,,,,,,,40.859064568894105,-73.89606288426627,POINT (-73.896062884266 40.859064568894)
57965607,06/21/2023 06:51:10 AM,06/23/2023 01:11:38 PM,HPD,Department of Housing Preservation and Development,PAINT/PLASTER,CEILING,DIRTY OR UNSANITARY,RESIDENTIAL BUILDING,10023,153 AMSTERDAM AVENUE,AMSTERDAM AVENUE,,,,,ADDRESS,NEW YORK,,,Closed,,The Department of Housing Preservation and Development inspected the following conditions. No violations were issued. The complaint has been closed.,06/23/2023 12:00:00 AM,07 MANHATTAN,06,Precinct 20,1011380061,MANHATTAN,988652,221712,PHONE,Unspecified,MANHATTAN,,,,,,,,40.77522343933227,-73.98410646485416,POINT (-73.984106464854 40.775223439332)
57968415,06/21/2023 02:59:00 PM,06/22/2023 02:34:00 PM,DSNY,Department of Sanitation,Derelict Vehicles,Derelict Vehicles,,Street,11212,123 RIVERDALE AVENUE,RIVERDALE AVENUE,AMBOY STREET,THOMAS S BOYLAND STREET,,,ADDRESS,BROOKLYN,,DSNY Garage,Closed,,The owner claimed the vehicle.Â Your request is now closed and no further action will be taken.,06/22/2023 12:00:00 PM,16 BROOKLYN,41,Precinct 73,3035860009,BROOKLYN,1008640,179924,PHONE,Unspecified,BROOKLYN,,,,,,,,40.660492935968314,-73.91209071529214,POINT (-73.912090715292 40.660492935968)
57978144,06/22/2023 04:11:04 PM,06/22/2023 05:26:36 PM,NYPD,New York City Police Department,Noise - Residential,Banging/Pounding,,Residential Building/House,10301,57 CLAIRE COURT,CLAIRE COURT,HOWARD AVENUE,DEAD END,HOWARD AVENUE,DEAD END,ADDRESS,STATEN ISLAND,CLAIRE COURT,,Closed,,The Police Department responded to the complaint and with the information available observed no evidence of the violation at that time.,06/22/2023 05:26:39 PM,01 STATEN ISLAND,49,Precinct 120,5006190143,STATEN ISLAND,959343,164904,PHONE,Unspecified,STATEN ISLAND,,,,,,,,40.61926483367283,-74.08971726811629,POINT (-74.089717268116 40.619264833673)
57970764,06/21/2023 08:26:56 AM,06/22/2023 06:02:02 PM,HPD,Department of Housing Preservation and Development,HEAT/HOT WATER,APARTMENT ONLY,NO HOT WATER,RESIDENTIAL BUILDING,11373,48-21 91 STREET,91 STREET,,,,,ADDRESS,ELMHURST,,,Closed,,"The Department of Housing Preservation and Development was not able to gain access to your apartment or others in the building to inspect for a lack of heat or hot water. The complaint has been closed. If the condition still exists, please file a new complaint.",06/22/2023 12:00:00 AM,04 QUEENS,25,Precinct 110,4018500039,QUEENS,1019212,209380,PHONE,Unspecified,QUEENS,,,,,,,,40.741307240783826,-73.87383300804576,POINT (-73.873833008046 40.741307240784)
57965274,06/21/2023 01:45:44 PM,06/22/2023 02:37:51 PM,DCWP,Department of Consumer and Worker Protection,Consumer Complaint,Other Store (Non-Food),Overcharge,Business,10103,660 5 AVENUE,5 AVENUE,5 AVENUE,AVENUE OF THE AMERICAS,5 AVENUE,AVENUE OF THE AMERICAS,ADDRESS,NEW YORK,5 AVENUE,,Closed,,"The Department of Consumer and Worker Protection (DCWP) determined this issue isn't within its jurisdiction.  Unfortunately, DCWP doesn't know of any agency that can act on the complaint and can't provide further assistance.",06/22/2023 02:37:54 PM,05 MANHATTAN,04,Precinct 18,1012687502,MANHATTAN,990660,216218,ONLINE,Unspecified,MANHATTAN,,,,,,,,40.76014260706115,-73.97686176867951,POINT (-73.97686176868 40.760142607061)
57964446,06/22/2023 12:14:27 AM,06/22/2023 01:10:18 AM,NYPD,New York City Police Department,Illegal Parking,Parking Permit Improper Use,Parked On Sidewalk,Street/Sidewalk,10033,600 WEST  183 STREET,WEST  183 STREET,ST NICHOLAS AVENUE,WADSWORTH AVENUE,ST NICHOLAS AVENUE,WADSWORTH AVENUE,ADDRESS,NEW YORK,WEST  183 STREET,,Closed,,The Police Department responded to the complaint and determined that police action was not necessary.,06/22/2023 01:10:21 AM,12 MANHATTAN,10,Precinct 34,1021650038,MANHATTAN,1002771,249172,MOBILE,Unspecified,MANHATTAN,,,,,,,,40.850575150400616,-73.93305368978459,POINT (-73.933053689785 40.850575150401)
57962709,06/21/2023 09:45:30 PM,06/21/2023 10:04:36 PM,NYPD,New York City Police Department,Noise - Commercial,Loud Music/Party,,Club/Bar/Restaurant,11249,111 NORTH   12 STREET,NORTH   12 STREET,WYTHE AVENUE,BERRY STREET,WYTHE AVENUE,BERRY STREET,ADDRESS,BROOKLYN,NORTH   12 STREET,,Closed,,The Police Department responded to the complaint and took action to fix the condition.,06/21/2023 10:04:41 PM,01 BROOKLYN,33,Precinct 94,3022830001,BROOKLYN,996160,202334,ONLINE,Unspecified,BROOKLYN,,,,,,,,40.72202878901314,-73.95703295734614,POINT (-73.957032957346 40.722028789013)
57967380,06/21/2023 01:45:00 AM,06/21/2023 02:00:00 AM,DOT,Department of Transportation,Traffic Signal Condition,LED Pedestrian Unit,Out,,10033,,,,,BROADWAY,WEST 186 STREET,INTERSECTION,MANHATTAN,,N/A,Closed,,Service Request status for this request is available on the Department of Transportationâs website. Please click the âLearn Moreâ link below.,06/21/2023 02:00:00 AM,12 MANHATTAN,10,Precinct 34,,MANHATTAN,1002455,250128,UNKNOWN,Unspecified,MANHATTAN,,,,,,,,40.85319974314157,-73.93419331216124,POINT (-73.934193312161 40.853199743142)
57967173,06/21/2023 09:55:26 AM,06/27/2023 10:58:13 AM,DOT,Department of Transportation,Sidewalk Condition,Broken Sidewalk,1-3 Residential Units,Sidewalk,11219,5224 12 AVENUE,12 AVENUE,52 STREET,53 STREET,52 STREET,53 STREET,ADDRESS,BROOKLYN,12 AVENUE,,Closed,,"The Department of Transportation will inspect the complaint location and notify the property owner within 180 days if a defective sidewalk condition exists. The property owner is responsible for maintaining, repairing and installing sidewalks adjoining their property, according to Section 19-152 of the New York City Administrative Code.",06/27/2023 10:58:19 AM,12 BROOKLYN,44,Precinct 66,3056610045,BROOKLYN,985288,170441,MOBILE,Unspecified,BROOKLYN,,,,,,,,40.634497683726316,-73.99626017724415,POINT (-73.996260177244 40.634497683726)
57965544,06/21/2023 01:18:18 AM,06/26/2023 02:50:46 PM,HPD,Department of Housing Preservation and Development,ELEVATOR,MAINTENANCE,DIRTY OR UNSANITARY,RESIDENTIAL BUILDING,10462,18 METROPOLITAN OVAL,METROPOLITAN OVAL,,,,,ADDRESS,BRONX,,,Closed,,"The Department of Housing Preservation and Development contacted an occupant of the apartment and verified that the following conditions were corrected. The complaint has been closed. If the condition still exists, please file a new complaint.",06/26/2023 12:00:00 AM,09 BRONX,18,Precinct 43,2039437501,BRONX,1023230,244705,ONLINE,Unspecified,BRONX,,,,,,,,40.83824794221585,-73.8591283134231,POINT (-73.859128313423 40.838247942216)
57966372,06/21/2023 07:00:33 PM,06/24/2023 09:49:10 PM,DSNY,Department of Sanitation,Residential Disposal Complaint,Waste Left in Front of Other Residence,N/A,Sidewalk,11208,870 BELMONT AVENUE,BELMONT AVENUE,MONTAUK AVENUE,MILFORD STREET,MONTAUK AVENUE,MILFORD STREET,ADDRESS,BROOKLYN,BELMONT AVENUE,,Closed,,The Department of Sanitation investigated this complaint and found no violation at the location.,06/24/2023 09:49:13 PM,05 BROOKLYN,42,Precinct 75,3040400020,BROOKLYN,1018347,184615,PHONE,Unspecified,BROOKLYN,,,,,,,,40.673336615334506,-73.8770799265295,POINT (-73.877079926529 40.673336615335)
57961863,06/21/2023 05:50:50 AM,02/13/2024 10:39:59 AM,DPR,Department of Parks and Recreation,Overgrown Tree/Branches,Hitting Building,N/A,Street,11421,93-36 91 AVENUE,91 AVENUE,WOODHAVEN BOULEVARD,95 STREET,WOODHAVEN BOULEVARD,95 STREET,ADDRESS,WOODHAVEN,91 AVENUE,,Closed,,"Under NYC Parksâ Tree Risk Management Program, work is prioritized to address the conditions with the highest risk first.  NYC Parks determined that the issue will be addressed in the next pruning cycle through the routine block pruning program.  For more information about the Tree Risk Management Program, visit the NYC Urban Forest page on the NYC Parks website at nyc.gov/parks/trees.   To learn more about the trees in your neighborhood, visit the NYC Tree Map at nyc.gov/parks/treemap.",02/13/2024 10:40:03 AM,09 QUEENS,32,Precinct 102,4089890140,QUEENS,1025997,190699,UNKNOWN,Unspecified,QUEENS,,,,,,,,40.690003017488195,-73.84946394699571,POINT (-73.849463946996 40.690003017488)
57974625,06/22/2023 12:41:48 PM,07/10/2023 12:05:03 PM,HPD,Department of Housing Preservation and Development,GENERAL,MAILBOX,BOX BROKEN OR MISSING,RESIDENTIAL BUILDING,11212,219 SACKMAN STREET,SACKMAN STREET,,,,,ADDRESS,BROOKLYN,,,Closed,,"The Department of Housing Preservation and Development was not able to gain access to inspect the following conditions. The complaint has been closed. If the condition still exists, please file a new complaint.",07/10/2023 12:00:00 AM,16 BROOKLYN,37,Precinct 73,3036940009,BROOKLYN,1010426,184343,PHONE,Unspecified,BROOKLYN,,,,,,,,40.67261700153828,-73.90563625264704,POINT (-73.905636252647 40.672617001538)
57963357,06/21/2023 11:04:49 AM,07/27/2023 12:14:46 PM,EDC,Economic Development Corporation,Noise - Helicopter,Other,Flying Too Low,Above Address,10023,183 WEST   72 STREET,WEST   72 STREET,COLUMBUS AVENUE,AMSTERDAM AVENUE,COLUMBUS AVENUE,AMSTERDAM AVENUE,ADDRESS,NEW YORK,WEST   72 STREET,,Closed,,"The New York City Economic Development Corporation determined that this issue is not within its jurisdiction because the helicopter did not belong to a tour company departing from a NYC heliport.Â  Instead, it was most likely a law enforcement or news gathering helicopter not subject to the routing protocols established for tour helicopters. It may also have been a helicopter that departed as a charter or tour from another City but flew over NYC airspace. Helicopter tours originating from outside NYC are not subject to the same City regulations as tours departing from heliports managed by NYCEDC. Any City regulation of these flights is pre-empted by federal law and subject only to the jurisdiction of the Federal Aviation Administration. To file a complaint with the FAA, you can contact the New York Flight Standards District Office at the following web address:Â https://www.faa.gov/about/office_org/field_offices/fsdo/",07/27/2023 12:14:49 PM,07 MANHATTAN,06,Precinct 20,,MANHATTAN,989503,222858,ONLINE,Unspecified,MANHATTAN,,,,,,,,40.7783684428983,-73.98103301146827,POINT (-73.981033011468 40.778368442898)
57973734,06/22/2023 03:15:05 PM,06/23/2023 07:51:24 AM,DSNY,Department of Sanitation,Obstruction,Cone,Street,Street,11419,102-22 127 STREET,127 STREET,102 AVENUE,102 ROAD,102 AVENUE,102 ROAD,ADDRESS,SOUTH RICHMOND HILL,127 STREET,,Closed,,The Department of Sanitation investigated this complaint and found no condition at the location.,06/23/2023 07:51:29 AM,09 QUEENS,29,Precinct 102,4094930029,QUEENS,1034532,191044,PHONE,Unspecified,QUEENS,,,,,,,,40.69090558698164,-73.81868498437274,POINT (-73.818684984373 40.690905586982)
57970098,06/21/2023 05:58:48 AM,06/21/2023 06:52:35 AM,NYPD,New York City Police Department,Illegal Parking,Posted Parking Sign Violation,,Street/Sidewalk,11230,927 FOSTER AVENUE,FOSTER AVENUE,EAST    8 STREET,EAST   10 STREET,EAST    8 STREET,EAST   10 STREET,ADDRESS,BROOKLYN,FOSTER AVENUE,,Closed,,The Police Department responded to the complaint and took action to fix the condition.,06/21/2023 06:52:40 AM,14 BROOKLYN,45,Precinct 70,3054290038,BROOKLYN,993225,169488,MOBILE,Unspecified,BROOKLYN,,,,,,,,40.63187741490986,-73.96766513282536,POINT (-73.967665132825 40.63187741491)
57969666,06/21/2023 08:33:26 AM,07/01/2023 02:04:15 AM,HPD,Department of Housing Preservation and Development,ELECTRIC,LIGHTING,DIMS OR FLICKERS,RESIDENTIAL BUILDING,11221,680 JEFFERSON AVENUE,JEFFERSON AVENUE,,,,,ADDRESS,BROOKLYN,,,Closed,,The Department of Housing Preservation and Development inspected the following conditions. No violations were issued. The complaint has been closed.,07/01/2023 12:00:00 AM,03 BROOKLYN,36,Precinct 81,3016560030,BROOKLYN,1003508,189036,PHONE,Unspecified,BROOKLYN,,,,,,,,40.68551597167343,-73.93056202576177,POINT (-73.930562025762 40.685515971673)
57969801,06/21/2023 05:05:19 PM,09/27/2023 03:15:50 PM,DPR,Department of Parks and Recreation,New Tree Request,For One Address,Street Tree,Street,11419,94-12 124 STREET,124 STREET,94 AVENUE,95 AVENUE,94 AVENUE,95 AVENUE,ADDRESS,SOUTH RICHMOND HILL,124 STREET,,Closed,,NYC Parks determined that the requested location cannot receive a new tree because of conflicts with surrounding infrastructure.,09/27/2023 03:15:53 PM,09 QUEENS,29,Precinct 102,4094400081,QUEENS,1033229,192254,MOBILE,Unspecified,QUEENS,,,,,,,,40.69423405746275,-73.82337474315926,POINT (-73.823374743159 40.694234057463)
57972861,06/22/2023 03:28:31 AM,06/28/2023 08:55:52 AM,DOT,Department of Transportation,Street Sign - Dangling,Stop,N/A,Street,11385,66-97 FRESH POND ROAD,FRESH POND ROAD,PUTNAM AVENUE,MYRTLE AVENUE LINE,PUTNAM AVENUE,MYRTLE AVENUE LINE,ADDRESS,RIDGEWOOD,FRESH POND ROAD,,Closed,,The Department of Transportation has completed the request or corrected the condition.,06/28/2023 08:55:55 AM,05 QUEENS,30,Precinct 104,4036190005,QUEENS,1012882,196546,ONLINE,Unspecified,QUEENS,,,,,,,,40.70610380389155,-73.89673058719106,POINT (-73.896730587191 40.706103803892)
57966399,06/21/2023 09:22:37 PM,06/21/2023 11:43:09 PM,NYPD,New York City Police Department,Blocked Driveway,No Access,,Street/Sidewalk,11214,1650 77 STREET,77 STREET,16 AVENUE,NEW UTRECHT AVENUE,16 AVENUE,NEW UTRECHT AVENUE,ADDRESS,BROOKLYN,77 STREET,,Closed,,The Police Department responded to the complaint and determined that police action was not necessary.,06/21/2023 11:43:14 PM,11 BROOKLYN,38,Precinct 62,3062470022,BROOKLYN,983993,163146,PHONE,Unspecified,BROOKLYN,,,,,,,,40.614474493903735,-74.000925670665,POINT (-74.000925670665 40.614474493904)
57971232,06/22/2023 07:41:46 PM,06/22/2023 09:21:01 PM,NYPD,New York City Police Department,Illegal Parking,Double Parked Blocking Vehicle,,Street/Sidewalk,10472,NOBLE AVENUE,NOBLE AVENUE,NOBLE AVENUE,WATSON AVENUE,NOBLE AVENUE,WATSON AVENUE,INTERSECTION,,,,Closed,,The Police Department responded to the complaint and determined that police action was not necessary.,06/22/2023 09:21:05 PM,09 BRONX,18,Precinct 43,,BRONX,1020454,240711,ONLINE,Unspecified,BRONX,,,,,,,,40.82729739072406,-73.86918217302072,POINT (-73.869182173021 40.827297390724)
57968253,06/21/2023 12:02:09 PM,06/23/2023 08:47:52 AM,HPD,Department of Housing Preservation and Development,PAINT/PLASTER,CEILING,COLLAPSING OR FALLING,RESIDENTIAL BUILDING,10032,548 WEST  163 STREET,WEST  163 STREET,,,,,ADDRESS,NEW YORK,,,Closed,,The Department of Housing Preservation and Development inspected the following conditions. No violations were issued. The complaint has been closed.,06/23/2023 12:00:00 AM,12 MANHATTAN,10,Precinct 33,1021220140,MANHATTAN,1000590,244331,PHONE,Unspecified,MANHATTAN,,,,,,,,40.83729233243422,-73.94094896157954,POINT (-73.94094896158 40.837292332434)
57976056,06/22/2023 10:48:25 PM,06/22/2023 10:56:02 PM,NYPD,New York City Police Department,Traffic,Drag Racing,,Street/Sidewalk,10314,RICHMOND AVENUE,RICHMOND AVENUE,RICHMOND AVENUE,RICHMOND HILL ROAD,RICHMOND AVENUE,RICHMOND HILL ROAD,INTERSECTION,,,,Closed,,The Police Department responded and upon arrival those responsible for the condition were gone.,06/22/2023 10:56:07 PM,02 STATEN ISLAND,51,Precinct 121,,STATEN ISLAND,937703,153893,PHONE,Unspecified,STATEN ISLAND,,,,,,,,40.588954675167635,-74.16759047831839,POINT (-74.167590478318 40.588954675168)
57965427,06/21/2023 09:41:30 PM,06/21/2023 10:09:54 PM,NYPD,New York City Police Department,Noise - Commercial,Loud Music/Party,,Store/Commercial,11249,55 WYTHE AVENUE,WYTHE AVENUE,NORTH   13 STREET,NORTH   12 STREET,NORTH   13 STREET,NORTH   12 STREET,ADDRESS,BROOKLYN,WYTHE AVENUE,,Closed,,The Police Department responded to the complaint and took action to fix the condition.,06/21/2023 10:10:02 PM,01 BROOKLYN,33,Precinct 94,3022830001,BROOKLYN,996101,202496,MOBILE,Unspecified,BROOKLYN,,,,,,,,40.72247351903894,-73.95724552306841,POINT (-73.957245523068 40.722473519039)
57967425,06/21/2023 07:47:45 PM,06/21/2023 08:38:00 PM,NYPD,New York City Police Department,Illegal Parking,Blocked Hydrant,,Street/Sidewalk,11207,1309 DECATUR STREET,DECATUR STREET,WILSON AVENUE,KNICKERBOCKER AVENUE,WILSON AVENUE,KNICKERBOCKER AVENUE,ADDRESS,BROOKLYN,DECATUR STREET,,Closed,,The Police Department responded to the complaint and with the information available observed no evidence of the violation at that time.,06/21/2023 08:38:06 PM,04 BROOKLYN,37,Precinct 83,3034300133,BROOKLYN,1010499,191048,MOBILE,Unspecified,BROOKLYN,,,,,,,,40.69102047480705,-73.90534697161016,POINT (-73.90534697161 40.691020474807)
57968343,06/21/2023 01:57:15 PM,06/30/2023 09:52:56 AM,HPD,Department of Housing Preservation and Development,UNSANITARY CONDITION,PESTS,FLIES,RESIDENTIAL BUILDING,11417,103-33 91 STREET,91 STREET,,,,,ADDRESS,OZONE PARK,,,Closed,,The Department of Housing Preservation and Development inspected the following conditions. No violations were issued. The complaint has been closed.,06/30/2023 12:00:00 AM,10 QUEENS,32,Precinct 106,4091110032,QUEENS,1026317,187450,PHONE,Unspecified,QUEENS,,,,,,,,40.681083753617514,-73.84833034201013,POINT (-73.84833034201 40.681083753618)
57966471,06/21/2023 11:05:00 AM,11/07/2024 09:00:00 AM,DEP,Department of Environmental Protection,Sewer,Catch Basin Sunken/Damaged/Raised (SC1),SC1,,11375,,,,,108 STREET,64 ROAD,INTERSECTION,QUEENS,,,Closed,,The Department of Environmental Protection has investigated this complaint and has performed repair work.,11/07/2024 09:00:00 AM,06 QUEENS,29,Precinct 112,,QUEENS,1026026,206101,PHONE,Unspecified,QUEENS,,,,,,,,40.73227764691939,-73.84926380626683,POINT (-73.849263806267 40.732277646919)
57971502,06/22/2023 04:38:57 PM,01/10/2025 05:43:47 PM,DOHMH,Department of Health and Mental Hygiene,Day Care,Day Care Facility,Other,Other,10026,1 WEST  112 STREET,WEST  112 STREET,5 AVENUE,LENOX AVENUE,5 AVENUE,LENOX AVENUE,ADDRESS,NEW YORK,WEST  112 STREET,,Closed,,The NYC Health Department has investigated your complaint. You can get the status by calling 311 or (646) 632-6101 on weekdays between 9 AM and 5 PM. This service request has been closed.,01/10/2025 05:43:51 PM,10 MANHATTAN,09,Precinct 28,1015960001,MANHATTAN,998547,230072,ONLINE,Unspecified,MANHATTAN,,,,,,,,40.79815893421661,-73.94836252309452,POINT (-73.948362523095 40.798158934217)
57974049,06/22/2023 04:14:26 PM,06/22/2023 05:03:07 PM,NYPD,New York City Police Department,Blocked Driveway,No Access,,Street/Sidewalk,11434,120-56 SMITH STREET,SMITH STREET,165 STREET,122 AVENUE,165 STREET,122 AVENUE,ADDRESS,JAMAICA,SMITH STREET,,Closed,,The Police Department responded to the complaint and took action to fix the condition.,06/22/2023 05:03:12 PM,12 QUEENS,28,Precinct 113,4123790060,QUEENS,1045637,187169,PHONE,Unspecified,QUEENS,,,,,,,,40.68019957406097,-73.7786762282793,POINT (-73.778676228279 40.680199574061)
57975381,06/22/2023 06:36:51 PM,06/22/2023 06:42:25 PM,NYPD,New York City Police Department,Noise - Street/Sidewalk,Loud Music/Party,,Street/Sidewalk,11105,37 STREET,37 STREET,37 STREET,DITMARS BOULEVARD,37 STREET,DITMARS BOULEVARD,INTERSECTION,,,,Closed,,The Police Department responded to the complaint and determined that police action was not necessary.,06/22/2023 06:42:29 PM,01 QUEENS,22,Precinct 114,,QUEENS,1009873,221229,ONLINE,Unspecified,QUEENS,,,,,,,,40.77386169049422,-73.90748936916278,POINT (-73.907489369163 40.773861690494)
57977415,06/22/2023 11:41:54 PM,06/23/2023 12:14:38 AM,NYPD,New York City Police Department,Drinking,In Public,,Street/Sidewalk,10012,94 PRINCE STREET,PRINCE STREET,MERCER STREET,GREENE STREET,MERCER STREET,GREENE STREET,ADDRESS,NEW YORK,PRINCE STREET,,Closed,,The Police Department responded to the complaint and took action to fix the condition.,06/23/2023 12:14:42 AM,02 MANHATTAN,01,Precinct 1,1004990020,MANHATTAN,984609,203298,ONLINE,Unspecified,MANHATTAN,,,,,,,,40.72468274567255,-73.9987048041998,POINT (-73.9987048042 40.724682745673)
57969009,06/21/2023 02:05:03 PM,06/21/2023 02:35:14 PM,NYPD,New York City Police Department,Illegal Parking,Blocked Crosswalk,,Street/Sidewalk,10019,916 7 AVENUE,7 AVENUE,WEST   57 STREET,WEST   58 STREET,WEST   57 STREET,WEST   58 STREET,ADDRESS,NEW YORK,7 AVENUE,,Closed,,The Police Department responded to the complaint and took action to fix the condition.,06/21/2023 02:35:20 PM,05 MANHATTAN,06,Precinct 18,1010290036,MANHATTAN,989881,218367,MOBILE,Unspecified,MANHATTAN,,,,,,,,40.76604158889077,-73.97967193129993,POINT (-73.9796719313 40.766041588891)
57977694,06/22/2023 05:19:57 PM,06/26/2023 05:00:03 PM,DOHMH,Department of Health and Mental Hygiene,Rodent,Rat Sighting,,1-2 Family Dwelling,11103,30-25 37 STREET,37 STREET,30 AVENUE,31 AVENUE,30 AVENUE,31 AVENUE,ADDRESS,ASTORIA,37 STREET,,Closed,,This service request was closed because the Department of Health and Mental Hygiene received an earlier complaint about the same location.  You can find inspection results for this address by going to the online Rat Portal at www.nyc.gov/rats.,06/22/2023 05:19:57 PM,01 QUEENS,22,Precinct 114,4006590036,QUEENS,1007189,217592,PHONE,Unspecified,QUEENS,,,,,,,,40.76388644784547,-73.91719223148567,POINT (-73.917192231486 40.763886447845)
57973212,06/22/2023 10:34:27 AM,06/22/2023 11:13:01 AM,NYPD,New York City Police Department,Noise - Residential,Banging/Pounding,,Residential Building/House,10039,210P WEST  153 STREET,WEST  153 STREET,ADAM CLAYTON POWELL JR BOULEVARD,DEAD END,ADAM CLAYTON POWELL JR BOULEVARD,DEAD END,ADDRESS,NEW YORK,WEST  153 STREET,,Closed,,The Police Department responded to the complaint and took action to fix the condition.,06/22/2023 11:13:06 AM,10 MANHATTAN,09,Precinct 32,1020370011,MANHATTAN,1002046,240511,ONLINE,Unspecified,MANHATTAN,,,,,,,,40.826804719288,-73.93569726672507,POINT (-73.935697266725 40.826804719288)
57967569,06/21/2023 12:55:49 PM,06/28/2023 10:29:20 AM,DOT,Department of Transportation,Sidewalk Condition,Pedestrian Ramp Defective,N/A,Sidewalk,10022,3 AVENUE,3 AVENUE,3 AVENUE,EAST   59 STREET,3 AVENUE,EAST   59 STREET,INTERSECTION,,,,Closed,,"The Department of Transportation inspected the condition you reported. You can find additional information in the ""Notes to Customer"" field.",06/28/2023 10:29:23 AM,06 MANHATTAN,04,Precinct 17,,MANHATTAN,993507,216732,ONLINE,Unspecified,MANHATTAN,,,,,,,,40.761550882570425,-73.96658422171976,POINT (-73.96658422172 40.76155088257)
57975516,06/23/2023 12:37:01 AM,06/23/2023 04:44:39 AM,NYPD,New York City Police Department,Noise - Residential,Banging/Pounding,,Residential Building/House,11208,1183 SUTTER AVENUE,SUTTER AVENUE,FOUNTAIN AVENUE,CRYSTAL STREET,FOUNTAIN AVENUE,CRYSTAL STREET,ADDRESS,BROOKLYN,SUTTER AVENUE,,Closed,,The Police Department responded to the complaint and with the information available observed no evidence of the violation at that time.,06/23/2023 04:44:46 AM,05 BROOKLYN,42,Precinct 75,3042470002,BROOKLYN,1019130,184292,ONLINE,Unspecified,BROOKLYN,,,,,,,,40.67244700332382,-73.8742588779021,POINT (-73.874258877902 40.672447003324)
57966984,06/21/2023 10:10:23 AM,06/28/2023 04:18:18 PM,HPD,Department of Housing Preservation and Development,UNSANITARY CONDITION,MOLD,N/A,RESIDENTIAL BUILDING,10453,150 WEST  179 STREET,WEST  179 STREET,,,,,ADDRESS,BRONX,,,Closed,,The Department of Housing Preservation and Development inspected the following conditions. No violations were issued. The complaint has been closed.,06/28/2023 12:00:00 AM,05 BRONX,14,Precinct 46,2032210026,BRONX,1008161,250940,PHONE,Unspecified,BRONX,,,,,,,,40.855414830918306,-73.91356461276855,POINT (-73.913564612769 40.855414830918)
57965643,06/21/2023 12:55:14 PM,06/22/2023 07:38:03 PM,HPD,Department of Housing Preservation and Development,UNSANITARY CONDITION,PESTS,BED BUGS,RESIDENTIAL BUILDING,11226,25 TENNIS COURT,TENNIS COURT,,,,,ADDRESS,BROOKLYN,,,Closed,,The Department of Housing Preservation and Development inspected the following conditions. No violations were issued. The complaint has been closed.,06/22/2023 12:00:00 AM,14 BROOKLYN,40,Precinct 70,3050990021,BROOKLYN,994862,175559,PHONE,Unspecified,BROOKLYN,,,,,,,,40.648539198578376,-73.96175784905559,POINT (-73.961757849056 40.648539198578)
57962826,06/21/2023 02:20:14 PM,06/21/2023 02:39:50 PM,DPR,Department of Parks and Recreation,Animal in a Park,Injured Wildlife,Raccoon,Street/Curbside,11230,1214 AVENUE H,AVENUE H,EAST   12 STREET,ARGYLE ROAD,EAST   12 STREET,ARGYLE ROAD,ADDRESS,BROOKLYN,AVENUE H,,Closed,,NYC Parks inspected the condition and determined that the issue is out of their jurisdiction.,06/21/2023 02:39:56 PM,14 BROOKLYN,45,Precinct 70,3066960007,BROOKLYN,994008,168683,PHONE,Unspecified,BROOKLYN,,,,,,,,40.629667032245905,-73.96484532757103,POINT (-73.964845327571 40.629667032246)
57978747,06/22/2023 08:08:45 AM,06/23/2023 12:01:13 PM,DSNY,Department of Sanitation,Dirty Condition,Broken Glass,N/A,Street,10301,67 SCRIBNER AVENUE,SCRIBNER AVENUE,WESTERVELT AVENUE,BISMARK AVENUE,WESTERVELT AVENUE,BISMARK AVENUE,ADDRESS,STATEN ISLAND,SCRIBNER AVENUE,,Closed,,The Department of Sanitation cleaned the location.,06/23/2023 12:01:17 PM,01 STATEN ISLAND,49,Precinct 120,5000370076,STATEN ISLAND,960999,171831,PHONE,Unspecified,STATEN ISLAND,,,,,,,,40.63828248096189,-74.08377607324599,POINT (-74.083776073246 40.638282480962)
57972816,06/23/2023 12:14:12 AM,06/23/2023 02:32:00 AM,NYPD,New York City Police Department,Noise - Residential,Banging/Pounding,,Residential Building/House,11366,76-28 170 STREET,170 STREET,76 AVENUE,77 ROAD,76 AVENUE,77 ROAD,ADDRESS,FRESH MEADOWS,170 STREET,,Closed,,The Police Department responded to the complaint and with the information available observed no evidence of the violation at that time.,06/23/2023 02:32:03 AM,08 QUEENS,24,Precinct 107,4069990020,QUEENS,1039952,203794,MOBILE,Unspecified,QUEENS,,,,,,,,40.72586877479161,-73.79903525425907,POINT (-73.799035254259 40.725868774792)
57975687,06/22/2023 08:31:24 AM,06/22/2023 09:27:00 AM,NYPD,New York City Police Department,Noise - Residential,Banging/Pounding,,Residential Building/House,11385,1723 HARMAN STREET,HARMAN STREET,CYPRESS AVENUE,SENECA AVENUE,CYPRESS AVENUE,SENECA AVENUE,ADDRESS,RIDGEWOOD,HARMAN STREET,,Closed,,The Police Department responded to the complaint and with the information available observed no evidence of the violation at that time.,06/22/2023 09:27:08 AM,05 QUEENS,34,Precinct 104,4034320058,QUEENS,1008182,196175,ONLINE,Unspecified,QUEENS,,,,,,,,40.70509945699176,-73.91368377410855,POINT (-73.913683774109 40.705099456992)
57977937,06/22/2023 12:46:00 PM,06/23/2023 11:36:00 PM,DSNY,Department of Sanitation,Derelict Vehicles,Derelict Vehicles,,Street,11377,33-56 54 STREET,54 STREET,AMTRAK-NY/CONN RAIL LINE,37 AVENUE,,,ADDRESS,WOODSIDE,,,Closed,,The Department of Sanitation does NOT have jurisdiction over vehicles (abandoned or otherwise) that have license plates affixed to them. Your request will be referred to the NYPD for further action.,06/23/2023 12:00:00 PM,02 QUEENS,26,Precinct 108,4011920080,QUEENS,1009874,213243,PHONE,Unspecified,QUEENS,,,,,,,,40.75194218611039,-73.90751620021638,POINT (-73.907516200216 40.75194218611)
57967695,06/21/2023 04:32:51 AM,06/21/2023 04:32:51 AM,DOB,Department of Buildings,Real Time Enforcement,Work Without A Permit - Occupied Multiple Dwelling,,,11237,242 WYCKOFF AVENUE,WYCKOFF AVENUE,,,,,ADDRESS,BROOKLYN,,,Closed,,The Department of Buildings investigated this complaint and determined that no further action was necessary.,06/21/2023 12:00:00 AM,04 BROOKLYN,37,Precinct 83,3033280029,BROOKLYN,1008327,194564,UNKNOWN,Unspecified,BROOKLYN,,,,,,,,40.700677248895616,-73.91316655859568,POINT (-73.913166558596 40.700677248896)
57963753,06/21/2023 12:53:56 PM,06/21/2023 12:53:56 PM,DOB,Department of Buildings,General Construction/Plumbing,Site Conditions Endangering Workers,,,11206,1100 MYRTLE AVENUE,MYRTLE AVENUE,,,,,ADDRESS,BROOKLYN,,N/A,Closed,,"The Department of Buildings reviewed this complaint and closed it. If the problem still exists, please call 311 and file a new complaint. If you are outside of New York City, please call (212) NEW-YORK (212-639-9675).",06/21/2023 12:00:00 AM,03 BROOKLYN,36,Precinct 81,3015860012,BROOKLYN,1001810,193149,UNKNOWN,Unspecified,BROOKLYN,,,,,,,,40.696808736861826,-73.93667372847628,POINT (-73.936673728476 40.696808736862)
57970854,06/21/2023 09:43:42 PM,06/21/2023 10:07:03 PM,NYPD,New York City Police Department,Noise - Residential,Loud Music/Party,,Residential Building/House,10469,2551 COLDEN AVENUE,COLDEN AVENUE,MACE AVENUE,ALLERTON AVENUE,MACE AVENUE,ALLERTON AVENUE,ADDRESS,BRONX,COLDEN AVENUE,,Closed,,The Police Department responded to the complaint but officers were unable to gain entry into the premises.,06/21/2023 10:07:12 PM,11 BRONX,13,Precinct 49,2044460055,BRONX,1023064,254040,ONLINE,Unspecified,BRONX,,,,,,,,40.863870448582226,-73.85967418428967,POINT (-73.85967418429 40.863870448582)
57962619,06/21/2023 02:57:22 PM,06/22/2023 07:25:16 AM,DSNY,Department of Sanitation,Residential Disposal Complaint,Waste Set Out Too Early or Too Late,N/A,Sidewalk,10470,256 EAST  237 STREET,EAST  237 STREET,KEPLER AVENUE,KATONAH AVENUE,KEPLER AVENUE,KATONAH AVENUE,ADDRESS,BRONX,EAST  237 STREET,,Closed,,The Department of Sanitation investigated this complaint and found no condition at the location.,06/22/2023 07:25:24 AM,12 BRONX,11,Precinct 47,2033770047,BRONX,1020472,266755,ONLINE,Unspecified,BRONX,,,,,,,,40.89878014272259,-73.86897637350471,POINT (-73.868976373505 40.898780142723)
57964536,06/21/2023 09:58:09 AM,09/25/2023 08:00:19 AM,DPR,Department of Parks and Recreation,New Tree Request,For One Address,Street Tree,Street,10029,105 EAST  106 STREET,EAST  106 STREET,PARK AVENUE,LEXINGTON AVENUE,PARK AVENUE,LEXINGTON AVENUE,ADDRESS,NEW YORK,EAST  106 STREET,,Closed,,"The location was inspected and is suitable for tree planting. Barring any unforeseen issues such as underground utilities and based on available funding, the requested tree will be placed on an upcoming contract. Please note that this process can take up to two years, depending on capacity and the location.   To find out where and when trees will be planted, please visit the Tree Work Hub at nyc.gov/parks/treework.  To learn more about the trees in your neighborhood, visit the NYC Street Tree Map at nyc.gov/parks/treemap.",09/25/2023 08:00:22 AM,11 MANHATTAN,08,Precinct 23,1016340003,MANHATTAN,998807,228098,ONLINE,Unspecified,MANHATTAN,,,,,,,,40.7927404158074,-73.94742774200884,POINT (-73.947427742009 40.792740415807)
57961980,06/22/2023 01:49:33 AM,06/22/2023 08:52:54 AM,NYPD,New York City Police Department,Illegal Parking,Blocked Hydrant,,Street/Sidewalk,11105,20-34 33 STREET,33 STREET,20 ROAD,21 AVENUE,20 ROAD,21 AVENUE,ADDRESS,ASTORIA,33 STREET,,Closed,,The Police Department responded and upon arrival those responsible for the condition were gone.,06/22/2023 08:52:58 AM,01 QUEENS,22,Precinct 114,4008290059,QUEENS,1010187,222757,MOBILE,Unspecified,QUEENS,,,,,,,,40.77805473073532,-73.90634978987833,POINT (-73.906349789878 40.778054730735)
57974319,06/22/2023 08:35:08 PM,06/22/2023 08:57:55 PM,NYPD,New York City Police Department,Noise - Vehicle,Car/Truck Music,,Street/Sidewalk,10002,190 ELDRIDGE STREET,ELDRIDGE STREET,RIVINGTON STREET,STANTON STREET,RIVINGTON STREET,STANTON STREET,ADDRESS,NEW YORK,ELDRIDGE STREET,,Closed,,The Police Department responded to the complaint and took action to fix the condition.,06/22/2023 08:57:57 PM,03 MANHATTAN,01,Precinct 5,1004160039,MANHATTAN,986864,201905,ONLINE,Unspecified,MANHATTAN,,,,,,,,40.72085891873415,-73.99056978390475,POINT (-73.990569783905 40.720858918734)
57976857,06/22/2023 08:30:33 AM,06/28/2023 12:00:00 AM,DOB,Department of Buildings,Elevator,Elevator - Multiple Devices On Property,,,10457,2051 RYER AVENUE,RYER AVENUE,,,,,ADDRESS,BRONX,,,Closed,,"The Department of Buildings determined that the conditions described in this complaint were addressed under another service request number. Click on ""Learn More"" in the ""Did You Know"" section below for more information.",06/28/2023 12:00:00 AM,05 BRONX,15,Precinct 46,2031560070,BRONX,1011579,249623,UNKNOWN,Unspecified,BRONX,,,,,,,,40.85179014156923,-73.9012143328287,POINT (-73.901214332829 40.851790141569)
57969315,06/21/2023 08:57:15 PM,06/21/2023 09:09:52 PM,NYPD,New York City Police Department,Noise - Residential,Loud Music/Party,,Residential Building/House,11416,94-12 76 STREET,76 STREET,ATLANTIC AVENUE,95 AVENUE,ATLANTIC AVENUE,95 AVENUE,ADDRESS,OZONE PARK,76 STREET,,Closed,,The Police Department responded to the complaint and took action to fix the condition.,06/21/2023 09:09:56 PM,09 QUEENS,32,Precinct 102,4089970012,QUEENS,1022169,188380,ONLINE,Unspecified,QUEENS,,,,,,,,40.683655129974085,-73.86328041005109,POINT (-73.863280410051 40.683655129974)
57965499,06/21/2023 05:38:26 PM,06/21/2023 05:57:42 PM,NYPD,New York City Police Department,Noise - Street/Sidewalk,Loud Talking,,Street/Sidewalk,11421,74-23 93 AVENUE,93 AVENUE,ELDERT LANE,74 PLACE,ELDERT LANE,74 PLACE,ADDRESS,WOODHAVEN,93 AVENUE,,Closed,,The Police Department responded to the complaint and with the information available observed no evidence of the violation at that time.,06/21/2023 05:57:46 PM,09 QUEENS,32,Precinct 102,4089420047,QUEENS,1021477,188669,MOBILE,Unspecified,QUEENS,,,,,,,,40.684451305561176,-73.86577386352394,POINT (-73.865773863524 40.684451305561)
57964752,06/22/2023 01:31:40 AM,06/22/2023 04:38:39 AM,NYPD,New York City Police Department,Noise - Street/Sidewalk,Loud Music/Party,,Street/Sidewalk,10460,778 ELSMERE PLACE,ELSMERE PLACE,PROSPECT AVENUE,MARMION AVENUE,PROSPECT AVENUE,MARMION AVENUE,ADDRESS,BRONX,ELSMERE PLACE,,Closed,,The Police Department responded to the complaint and took action to fix the condition.,06/22/2023 04:38:41 AM,06 BRONX,15,Precinct 48,2029550012,BRONX,1014985,246587,ONLINE,Unspecified,BRONX,,,,,,,,40.843446023651104,-73.8889166520746,POINT (-73.888916652075 40.843446023651)
57970296,06/21/2023 04:39:40 PM,06/27/2023 12:38:39 PM,DOT,Department of Transportation,Sidewalk Condition,Sidewalk Violation,Dismiss Violation Owner Fixed,Sidewalk,10469,2771 FENTON AVENUE,FENTON AVENUE,ALLERTON AVENUE,ARNOW AVENUE,ALLERTON AVENUE,ARNOW AVENUE,ADDRESS,BRONX,FENTON AVENUE,,Closed,,"The Department of Transportation is unable to schedule a sidewalk dismissal inspection because there is no record of a permit to make a sidewalk repair. Owner must obtain a permit of record. Once a permit is obtained, the owner must call 3-1-1 to make another request for sidewalk dismissal - work done by owner.",06/27/2023 12:38:43 PM,11 BRONX,13,Precinct 49,2045320042,BRONX,1027302,254866,ONLINE,Unspecified,BRONX,,,,,,,,40.866117913494456,-73.844347096709,POINT (-73.844347096709 40.866117913494)
57965031,06/21/2023 10:31:09 AM,08/01/2023 12:00:00 AM,DOB,Department of Buildings,Building/Use,Illegal Conversion Of Residential Building/Space,,,11228,1339 84 STREET,84 STREET,,,,,ADDRESS,BROOKLYN,,,Closed,,The Department of Buildings investigated this complaint and determined that no further action was necessary.,08/01/2023 12:00:00 AM,10 BROOKLYN,50,Precinct 68,3063090062,BROOKLYN,980996,163207,UNKNOWN,Unspecified,BROOKLYN,,,,,,,,40.614641332511674,-74.01172038864233,POINT (-74.011720388642 40.614641332512)
57978090,06/22/2023 10:59:46 PM,06/22/2023 11:22:23 PM,NYPD,New York City Police Department,Noise - Commercial,Loud Music/Party,,Club/Bar/Restaurant,10016,201 EAST   30 STREET,EAST   30 STREET,3 AVENUE,2 AVENUE,3 AVENUE,2 AVENUE,ADDRESS,NEW YORK,EAST   30 STREET,,Closed,,The Police Department responded to the complaint and took action to fix the condition.,06/22/2023 11:22:26 PM,06 MANHATTAN,02,Precinct 17,1009110001,MANHATTAN,989866,210016,ONLINE,Unspecified,MANHATTAN,,,,,,,,40.74312022646331,-73.97973305676466,POINT (-73.979733056765 40.743120226463)
57964698,06/21/2023 10:56:31 PM,06/22/2023 08:41:49 AM,NYPD,New York City Police Department,Illegal Parking,Commercial Overnight Parking,,Street/Sidewalk,11102,24-64 24 STREET,24 STREET,24 AVENUE,HOYT AVENUE NORTH,24 AVENUE,HOYT AVENUE NORTH,ADDRESS,ASTORIA,24 STREET,,Closed,,The Police Department responded to the complaint and took action to fix the condition.,06/22/2023 08:41:53 AM,01 QUEENS,22,Precinct 114,4008730066,QUEENS,1006141,221460,MOBILE,Unspecified,QUEENS,,,,,,,,40.77450575479595,-73.92096281837898,POINT (-73.920962818379 40.774505754796)
57968442,06/21/2023 11:20:50 AM,06/21/2023 11:33:46 AM,NYPD,New York City Police Department,Illegal Parking,Blocked Bike Lane,,Street/Sidewalk,10014,312 BLEECKER STREET,BLEECKER STREET,BARROW STREET,GROVE STREET,BARROW STREET,GROVE STREET,ADDRESS,NEW YORK,BLEECKER STREET,,Closed,,The Police Department responded to the complaint and with the information available observed no evidence of the violation at that time.,06/21/2023 11:33:49 AM,02 MANHATTAN,03,Precinct 6,1005887501,MANHATTAN,983167,206250,ONLINE,Unspecified,MANHATTAN,,,,,,,,40.73278520596452,-74.0039077092293,POINT (-74.003907709229 40.732785205965)
57961845,06/21/2023 03:48:36 PM,06/21/2023 04:52:12 PM,NYPD,New York City Police Department,Abandoned Vehicle,With License Plate,,Street/Sidewalk,11234,1786 EAST   51 STREET,EAST   51 STREET,AVENUE N,AVENUE O,AVENUE N,AVENUE O,ADDRESS,BROOKLYN,EAST   51 STREET,,Closed,,The Police Department responded to the complaint and took action to fix the condition.,06/21/2023 04:52:19 PM,18 BROOKLYN,46,Precinct 63,3078950085,BROOKLYN,1004884,164096,MOBILE,Unspecified,BROOKLYN,,,,,,,,40.61705802418986,-73.9256769258877,POINT (-73.925676925888 40.61705802419)
57976893,06/22/2023 12:55:04 PM,07/05/2023 07:42:28 AM,DHS,Department of Homeless Services,Encampment,N/A,,Street/Sidewalk,11105,22-71 33 STREET,33 STREET,DITMARS BOULEVARD,AMTRAK-CONNECTING RAIL LINE,DITMARS BOULEVARD,AMTRAK-CONNECTING RAIL LINE,ADDRESS,ASTORIA,33 STREET,,Closed,,The Department of Homeless Services (DHS) visited the location and is coordinating with their agency partners to address the condition. No further information will be available with 311.,07/05/2023 07:42:32 AM,01 QUEENS,22,Precinct 114,4008320002,QUEENS,1008921,221381,MOBILE,Unspecified,QUEENS,,,,,,,,40.77428159873863,-73.9109259597259,POINT (-73.910925959726 40.774281598739)
57978297,06/22/2023 11:08:02 AM,06/27/2023 08:32:07 PM,HPD,Department of Housing Preservation and Development,UNSANITARY CONDITION,PESTS,MICE,RESIDENTIAL BUILDING,10030,215 WEST  140 STREET,WEST  140 STREET,,,,,ADDRESS,NEW YORK,,,Closed,,The Department of Housing Preservation and Development inspected the following conditions. Violations were issued. Information about specific violations is available at www.nyc.gov/hpd,06/27/2023 12:00:00 AM,10 MANHATTAN,09,Precinct 32,1020260020,MANHATTAN,1000261,237594,PHONE,Unspecified,MANHATTAN,,,,,,,,40.81880179823121,-73.94215401030135,POINT (-73.942154010301 40.818801798231)
57967650,06/21/2023 08:43:06 AM,06/21/2023 09:58:58 AM,NYPD,New York City Police Department,Illegal Parking,Blocked Crosswalk,,Street/Sidewalk,11208,ELTON STREET,ELTON STREET,ELTON STREET,RIDGEWOOD AVENUE,ELTON STREET,RIDGEWOOD AVENUE,INTERSECTION,,,,Closed,,The Police Department issued a summons in response to the complaint.,06/21/2023 09:59:02 AM,05 BROOKLYN,37,Precinct 75,,BROOKLYN,1016039,188033,MOBILE,Unspecified,BROOKLYN,,,,,,,,40.68272683294451,-73.8853841604727,POINT (-73.885384160473 40.682726832945)
57966921,06/21/2023 03:24:46 PM,06/24/2023 06:00:15 PM,HPD,Department of Housing Preservation and Development,PAINT/PLASTER,WALL,BULGING/HOLE/CRACKED,RESIDENTIAL BUILDING,10453,2084 CRESTON AVENUE,CRESTON AVENUE,,,,,ADDRESS,BRONX,,,Closed,,The Department of Housing Preservation and Development inspected the following conditions. Violations were issued. Information about specific violations is available at www.nyc.gov/hpd,06/24/2023 12:00:00 AM,05 BRONX,14,Precinct 46,2031610001,BRONX,1010916,250454,ONLINE,Unspecified,BRONX,,,,,,,,40.854073015423,-73.90360756019193,POINT (-73.903607560192 40.854073015423)
57967335,06/21/2023 07:25:19 PM,06/21/2023 09:14:56 PM,NYPD,New York City Police Department,Drug Activity,Use Outside,,Street/Sidewalk,11432,82-68 164 STREET,164 STREET,82 ROAD,GRAND CENTRAL PARKWAY,82 ROAD,GRAND CENTRAL PARKWAY,ADDRESS,JAMAICA,164 STREET,,Closed,,The Police Department responded to the complaint and determined that police action was not necessary.,06/21/2023 09:15:00 PM,08 QUEENS,24,Precinct 107,4068580001,QUEENS,1038740,200651,ONLINE,Unspecified,QUEENS,,,,,,,,40.71724956934783,-73.80343340538089,POINT (-73.803433405381 40.717249569348)
57972510,06/22/2023 11:35:33 AM,06/22/2023 12:15:28 PM,NYPD,New York City Police Department,Illegal Parking,Double Parked Blocking Traffic,,Street/Sidewalk,10466,4351 EDSON AVENUE,EDSON AVENUE,PITMAN AVENUE,NEREID AVENUE,PITMAN AVENUE,NEREID AVENUE,ADDRESS,BRONX,EDSON AVENUE,,Closed,,The Police Department issued a summons in response to the complaint.,06/22/2023 12:15:32 PM,12 BRONX,12,Precinct 47,2050550055,BRONX,1026695,266380,PHONE,Unspecified,BRONX,,,,,,,,40.897723147070664,-73.8464687161797,POINT (-73.84646871618 40.897723147071)
57963384,06/21/2023 11:43:43 PM,06/22/2023 08:51:03 AM,NYPD,New York City Police Department,Illegal Parking,Commercial Overnight Parking,,Street/Sidewalk,11385,64-14 FRESH POND ROAD,FRESH POND ROAD,GROVE STREET,LINDEN STREET,GROVE STREET,LINDEN STREET,ADDRESS,RIDGEWOOD,FRESH POND ROAD,,Closed,,The Police Department reviewed your complaint and provided additional information below.,06/22/2023 08:51:06 AM,05 QUEENS,30,Precinct 104,4035250048,QUEENS,1012181,198022,MOBILE,Unspecified,QUEENS,,,,,,,,40.710157312597296,-73.89925281708342,POINT (-73.899252817083 40.710157312597)
57970746,06/21/2023 12:05:17 PM,07/03/2023 10:11:35 AM,HPD,Department of Housing Preservation and Development,ELECTRIC,OUTLET/SWITCH,OUTLET SEALED OR DEFECTIVE,RESIDENTIAL BUILDING,11417,111-24 106 STREET,106 STREET,,,,,ADDRESS,OZONE PARK,,,Closed,,"The Department of Housing Preservation and Development was not able to gain access to inspect the following conditions. The complaint has been closed. If the condition still exists, please file a new complaint.",07/03/2023 12:00:00 AM,10 QUEENS,32,Precinct 106,4114800032,QUEENS,1030470,186144,PHONE,Unspecified,QUEENS,,,,,,,,40.67747837495425,-73.83336597956443,POINT (-73.833365979564 40.677478374954)
57969675,06/21/2023 09:46:22 AM,06/22/2023 06:17:40 PM,HPD,Department of Housing Preservation and Development,HEAT/HOT WATER,APARTMENT ONLY,NO HOT WATER,RESIDENTIAL BUILDING,11219,902 47 STREET,47 STREET,,,,,ADDRESS,BROOKLYN,,,Closed,,The Department of Housing Preservation and Development inspected the following conditions. No violations were issued. The complaint has been closed.,06/22/2023 12:00:00 AM,12 BROOKLYN,38,Precinct 66,3056250005,BROOKLYN,984416,172898,PHONE,Unspecified,BROOKLYN,,,,,,,,40.64124168365724,-73.99940185614477,POINT (-73.999401856145 40.641241683657)
57967830,06/21/2023 10:26:00 PM,06/22/2023 09:01:00 PM,DEP,Department of Environmental Protection,Noise,Noise: Construction Before/After Hours (NM1),NM1,,11210,1570 BROOKLYN AVENUE,BROOKLYN AVENUE,FARRAGUT RD,GLENWOOD RD,,,ADDRESS,BROOKLYN,,N/A,Closed,,The Department of Environmental Protection determined that this complaint is a duplicate of a previously filed complaint. The original complaint is being addressed.,06/22/2023 09:01:00 PM,17 BROOKLYN,45,Precinct 67,3050100074,BROOKLYN,1000322,170636,PHONE,Unspecified,BROOKLYN,,,,,,,,40.635018397180154,-73.94209354075467,POINT (-73.942093540755 40.63501839718)
57978279,06/22/2023 02:49:58 PM,06/24/2023 05:52:16 PM,HPD,Department of Housing Preservation and Development,WATER LEAK,DAMP SPOT,FROM WALL OR CEILING,RESIDENTIAL BUILDING,11214,2315 CROPSEY AVENUE,CROPSEY AVENUE,,,,,ADDRESS,BROOKLYN,,,Closed,,The Department of Housing Preservation and Development was unable to access the rooms where the following  conditions were reported. No violations were issued. The complaint has been closed.,06/24/2023 12:00:00 AM,11 BROOKLYN,47,Precinct 62,3068880001,BROOKLYN,985224,156212,PHONE,Unspecified,BROOKLYN,,,,,,,,40.59544202850807,-73.99649281617967,POINT (-73.99649281618 40.595442028508)
57969198,06/21/2023 06:53:00 PM,06/23/2023 06:45:00 PM,DEP,Department of Environmental Protection,Noise,Noise: Construction Before/After Hours (NM1),NM1,,11212,420 WATKINS STREET,WATKINS STREET,LIVONIA AVE,RIVERDALE AVE,,,ADDRESS,BROOKLYN,,N/A,Closed,,"The Department of Environmental Protection (DEP) didn't observe a violation of the NYC Air or Noise Code at the time of inspection and couldn't issue a summons.  If the problem still exists, please go to nyc.gov/311 or call 311 to file a new Service Request. If you're outside of New York City, please call (212) NEW-YORK (212-639-9675).",06/23/2023 06:45:00 PM,16 BROOKLYN,42,Precinct 73,3035900050,BROOKLYN,1010339,180567,ONLINE,Unspecified,BROOKLYN,,,,,,,,40.66225298505151,-73.90596449782946,POINT (-73.905964497829 40.662252985052)
57962493,06/21/2023 01:38:00 PM,06/23/2023 01:54:00 PM,DSNY,Department of Sanitation,Derelict Vehicles,Derelict Vehicles,,Street,11208,78 ATKINS AVENUE,ATKINS AVENUE,ATLANTIC AVENUE,LIBERTY AVENUE,,,ADDRESS,BROOKLYN,,DSNY Garage,Closed,,The Department of Sanitation does NOT have jurisdiction over vehicles (abandoned or otherwise) that have license plates affixed to them. Your request will be referred to the NYPD for further action.,06/23/2023 12:00:00 PM,05 BROOKLYN,37,Precinct 75,3039740001,BROOKLYN,1017622,186049,PHONE,Unspecified,BROOKLYN,,,,,,,,40.67727538135034,-73.87968645611849,POINT (-73.879686456118 40.67727538135)
57972807,06/22/2023 05:39:07 AM,,EDC,Economic Development Corporation,Noise - Helicopter,Other,Flying Too Low,Above Address,10014,496 HUDSON STREET,HUDSON STREET,GROVE STREET,CHRISTOPHER STREET,GROVE STREET,CHRISTOPHER STREET,ADDRESS,NEW YORK,HUDSON STREET,,In Progress,,,,02 MANHATTAN,03,Precinct 6,1005850047,MANHATTAN,982467,206260,ONLINE,Unspecified,MANHATTAN,,,,,,,,40.7328125400978,-74.00643347037663,POINT (-74.006433470377 40.732812540098)
57975939,06/22/2023 06:40:23 PM,06/22/2023 08:02:07 PM,DSNY,Department of Sanitation,Vendor Enforcement,Food Vendor,In Prohibited Area,Street,10036,263 WEST   42 STREET,WEST   42 STREET,7 AVENUE,8 AVENUE,7 AVENUE,8 AVENUE,ADDRESS,NEW YORK,WEST   42 STREET,,Closed,,N/A,06/22/2023 08:02:10 PM,05 MANHATTAN,03,Precinct 14,1010140001,MANHATTAN,987278,215050,ONLINE,Unspecified,MANHATTAN,,,,,,,,40.75693855088533,-73.9890703285979,POINT (-73.989070328598 40.756938550885)
57966417,06/21/2023 08:21:11 AM,06/21/2023 04:52:59 PM,HPD,Department of Housing Preservation and Development,APPLIANCE,ELECTRIC/GAS RANGE,OVEN DOOR MISSING OR BROKEN,RESIDENTIAL BUILDING,10457,2000 GRAND CONCOURSE,GRAND CONCOURSE,,,,,ADDRESS,BRONX,,,Closed,,The Department of Housing Preservation and Development inspected the following conditions. No violations were issued. The complaint has been closed.,06/21/2023 12:00:00 AM,05 BRONX,15,Precinct 46,2028120011,BRONX,1010630,249379,PHONE,Unspecified,BRONX,,,,,,,,40.85112332074216,-73.90464562416551,POINT (-73.904645624166 40.851123320742)
57967227,06/21/2023 11:52:00 AM,06/21/2023 11:52:00 AM,DOHMH,Department of Health and Mental Hygiene,Rodent,Mouse Sighting,,3+ Family Apt. Building,10016,423 3 AVENUE,3 AVENUE,EAST 29 STREET,EAST 30 STREET,EAST   29 STREET,EAST   30 STREET,ADDRESS,NEW YORK,3 AVENUE,,Closed,,The Department of Health and Mental Hygiene found violations on the property you reported. Follow-up inspections will be scheduled.,06/21/2023 11:52:00 AM,06 MANHATTAN,02,Precinct 13,1009100064,MANHATTAN,989750,209945,PHONE,Unspecified,MANHATTAN,,,,,,,,40.742925422093194,-73.98015173400465,POINT (-73.980151734005 40.742925422093)
57970710,06/22/2023 12:30:14 AM,06/22/2023 01:09:14 AM,NYPD,New York City Police Department,Noise - Residential,Loud Music/Party,,Residential Building/House,11433,108-41 159 STREET,159 STREET,108 AVENUE,109 AVENUE,108 AVENUE,109 AVENUE,ADDRESS,JAMAICA,159 STREET,,Closed,,The Police Department responded to the complaint and with the information available observed no evidence of the violation at that time.,06/22/2023 01:09:19 AM,12 QUEENS,28,Precinct 103,4101480001,QUEENS,1041529,192391,ONLINE,Unspecified,QUEENS,,,,,,,,40.694560262358074,-73.79344269779092,POINT (-73.793442697791 40.694560262358)
57967560,06/21/2023 10:20:04 AM,06/21/2023 10:40:30 AM,NYPD,New York City Police Department,Illegal Parking,Double Parked Blocking Vehicle,,Street/Sidewalk,10075,1374 3 AVENUE,3 AVENUE,EAST   78 STREET,EAST   79 STREET,EAST   78 STREET,EAST   79 STREET,ADDRESS,NEW YORK,3 AVENUE,,Closed,,The Police Department responded to the complaint and took action to fix the condition.,06/21/2023 10:40:33 AM,08 MANHATTAN,04,Precinct 19,1014130033,MANHATTAN,995958,221162,PHONE,Unspecified,MANHATTAN,,,,,,,,40.77370717599125,-73.95772892348971,POINT (-73.95772892349 40.773707175991)
57961890,06/21/2023 02:48:01 PM,06/21/2023 03:25:01 PM,NYPD,New York City Police Department,Abandoned Vehicle,With License Plate,,Street/Sidewalk,10455,663 DAWSON STREET,DAWSON STREET,EAST  155 STREET,LEGGETT AVENUE,EAST  155 STREET,LEGGETT AVENUE,ADDRESS,BRONX,DAWSON STREET,,Closed,,The Police Department responded to the complaint and a report was prepared.,06/21/2023 03:25:07 PM,02 BRONX,17,Precinct 41,2026870001,BRONX,1011316,236747,MOBILE,Unspecified,BRONX,,,,,,,,40.816450067750004,-73.90221694824301,POINT (-73.902216948243 40.81645006775)
57970278,06/21/2023 07:08:42 AM,07/27/2023 12:14:38 PM,EDC,Economic Development Corporation,Noise - Helicopter,Other,Flying Too Low,Above Address,10024,505 WEST END AVENUE,WEST END AVENUE,WEST   84 STREET,WEST   85 STREET,WEST   84 STREET,WEST   85 STREET,ADDRESS,NEW YORK,WEST END AVENUE,,Closed,,"The New York City Economic Development Corporation determined that this issue is not within its jurisdiction because the helicopter did not belong to a tour company departing from a NYC heliport.Â  Instead, it was most likely a law enforcement or news gathering helicopter not subject to the routing protocols established for tour helicopters. It may also have been a helicopter that departed as a charter or tour from another City but flew over NYC airspace. Helicopter tours originating from outside NYC are not subject to the same City regulations as tours departing from heliports managed by NYCEDC. Any City regulation of these flights is pre-empted by federal law and subject only to the jurisdiction of the Federal Aviation Administration. To file a complaint with the FAA, you can contact the New York Flight Standards District Office at the following web address:Â https://www.faa.gov/about/office_org/field_offices/fsdo/",07/27/2023 12:14:42 PM,07 MANHATTAN,06,Precinct 20,1012460029,MANHATTAN,990155,226287,ONLINE,Unspecified,MANHATTAN,,,,,,,,40.7877797246415,-73.97867582348091,POINT (-73.978675823481 40.787779724642)
57975471,06/22/2023 09:09:19 PM,06/22/2023 09:17:05 PM,NYPD,New York City Police Department,Noise - Residential,Banging/Pounding,,Residential Building/House,11249,34 NORTH    6 STREET,NORTH    6 STREET,NORTH    6 PLACE,KENT AVENUE,NORTH    6 PLACE,KENT AVENUE,ADDRESS,BROOKLYN,NORTH    6 STREET,,Closed,,The Police Department responded to the complaint and with the information available observed no evidence of the violation at that time.,06/22/2023 09:17:08 PM,01 BROOKLYN,33,Precinct 94,3023327501,BROOKLYN,994611,201578,PHONE,Unspecified,BROOKLYN,,,,,,,,40.719955701423515,-73.96262236128253,POINT (-73.962622361283 40.719955701424)
57962556,06/21/2023 02:00:19 PM,,DCWP,Department of Consumer and Worker Protection,Consumer Complaint,Door to Door Sales,Purpose of Visit Not Stated,Business,11101,49-47 30 STREET,30 STREET,HUNTERS POINT AVENUE,BORDEN AVENUE,HUNTERS POINT AVENUE,BORDEN AVENUE,ADDRESS,LONG ISLAND CITY,30 STREET,,In Progress,,"The Department of Consumer and Worker Protection (DCWP) sent you a complaint form.  To help you, DCWP must get the completed form and any requested documents within 30 days.  You can send requested information by email, fax, or mail. Contact information is on the complaint form.  You may also be able to submit requested information at nyc.gov/dcwp. You must enter your NYC311 Service Request number.  If you didn't receive the complaint form within 15 days from the date you filed your Service Request, call DCWP Consumer Services at (212) 487-4110. You must provide your NYC311 Service Request number.  DCWP will contact you about 30 days after getting your completed form and documents.",06/22/2023 04:38:24 PM,02 QUEENS,26,Precinct 108,4002910015,QUEENS,1001323,208710,ONLINE,Unspecified,QUEENS,,,,,,,,40.73952088541478,-73.93839051729341,POINT (-73.938390517293 40.739520885415)
57969810,06/21/2023 01:50:09 PM,12/18/2024 11:08:01 AM,DPR,Department of Parks and Recreation,Overgrown Tree/Branches,Blocking Street,N/A,Street,11234,1358 EAST   56 STREET,EAST   56 STREET,AVENUE L,AVENUE M,AVENUE L,AVENUE M,ADDRESS,BROOKLYN,EAST   56 STREET,,Closed,,"Under NYC Parksâ Tree Risk Management Program, work is prioritized to address the conditions with the highest risk first.  NYC Parks determined that the issue will be addressed in the next pruning cycle through the routine block pruning program.  For more information about the Tree Risk Management Program, visit the NYC Urban Forest page on the NYC Parks website at nyc.gov/parks/trees.   To learn more about the trees in your neighborhood, visit the NYC Tree Map at nyc.gov/parks/treemap.",12/18/2024 11:08:07 AM,18 BROOKLYN,46,Precinct 63,3078530075,BROOKLYN,1006051,166124,PHONE,Unspecified,BROOKLYN,,,,,,,,40.62262166525043,-73.92146687873509,POINT (-73.921466878735 40.62262166525)
57965130,06/21/2023 06:36:38 PM,06/21/2023 07:33:23 PM,NYPD,New York City Police Department,Blocked Driveway,No Access,,Street/Sidewalk,11374,98-20 62 DRIVE,62 DRIVE,98 STREET,99 STREET,98 STREET,99 STREET,ADDRESS,REGO PARK,62 DRIVE,,Closed,,The Police Department responded to the complaint and took action to fix the condition.,06/21/2023 07:33:28 PM,06 QUEENS,24,Precinct 112,4020860050,QUEENS,1023268,206430,MOBILE,Unspecified,QUEENS,,,,,,,,40.73319326635196,-73.85921329823192,POINT (-73.859213298232 40.733193266352)
57961665,06/21/2023 02:56:06 PM,06/23/2023 08:25:42 PM,HPD,Department of Housing Preservation and Development,WATER LEAK,SLOW LEAK,AT WALL OR CEILING,RESIDENTIAL BUILDING,11426,92-63 240 STREET,240 STREET,,,,,ADDRESS,BELLEROSE,,,Closed,,The Department of Housing Preservation and Development inspected the following conditions. Violations were issued. Information about specific violations is available at www.nyc.gov/hpd,06/23/2023 12:00:00 AM,13 QUEENS,23,Precinct 105,4080020022,QUEENS,1059587,203790,PHONE,Unspecified,QUEENS,,,,,,,,40.725712362724884,-73.72819545925341,POINT (-73.728195459253 40.725712362725)
57962115,06/22/2023 01:14:28 AM,06/22/2023 02:23:15 AM,NYPD,New York City Police Department,Noise - Street/Sidewalk,Loud Music/Party,,Street/Sidewalk,10039,159-20 HARLEM RIVER DRIVE,HARLEM RIVER DRIVE,FREDERICK DOUGLASS BOULEVARD,HARLEM RIVER DRIVE EXIT   23 SB,FREDERICK DOUGLASS BOULEVARD,HARLEM RIVER DRIVE EXIT   23 SB,ADDRESS,NEW YORK,HARLEM RIVER DRIVE SERVICE RD W,,Closed,,The Police Department responded to the complaint and with the information available observed no evidence of the violation at that time.,06/22/2023 02:23:18 AM,10 MANHATTAN,09,Precinct 32,1021060320,MANHATTAN,1002118,242603,MOBILE,Unspecified,MANHATTAN,,,,,,,,40.83254651332819,-73.93543153557164,POINT (-73.935431535572 40.832546513328)
57967731,06/21/2023 07:43:21 PM,06/22/2023 08:02:45 AM,DSNY,Department of Sanitation,Illegal Dumping,Removal Request,N/A,Street,10304,35 GEO COURT,GEO COURT,MOSEL AVENUE,DEAD END,MOSEL AVENUE,DEAD END,ADDRESS,STATEN ISLAND,GEO COURT,,Closed,,The Department of Sanitation investigated and found this complaint to be out of jurisdiction. The Department of Sanitation reviewed this and found it not to be meeting the criteria for a complaint or service request.,06/22/2023 08:02:45 AM,01 STATEN ISLAND,49,Precinct 120,5028990195,STATEN ISLAND,962768,162820,ONLINE,Unspecified,STATEN ISLAND,,,,,,,,40.61355365402818,-74.07737348446041,POINT (-74.07737348446 40.613553654028)
57968127,06/21/2023 01:33:23 AM,07/06/2023 06:42:21 PM,HPD,Department of Housing Preservation and Development,DOOR/WINDOW,DOOR FRAME,FRAME BROKEN,RESIDENTIAL BUILDING,11203,792 CLARKSON AVENUE,CLARKSON AVENUE,,,,,ADDRESS,BROOKLYN,,,Closed,,The Department of Housing Preservation and Development inspected the following conditions. No violations were issued. The complaint has been closed.,07/06/2023 12:00:00 AM,17 BROOKLYN,41,Precinct 67,3046350006,BROOKLYN,1003005,178463,PHONE,Unspecified,BROOKLYN,,,,,,,,40.656496542114304,-73.9324050941799,POINT (-73.93240509418 40.656496542114)
57963681,06/21/2023 05:15:03 PM,06/22/2023 12:00:00 AM,DOB,Department of Buildings,General Construction/Plumbing,Cons - Contrary/Beyond Approved Plans/Permits,,,11225,245 MIDWOOD STREET,MIDWOOD STREET,,,,,ADDRESS,BROOKLYN,,,Closed,,"The Department of Buildings reviewed this complaint and closed it. If the problem still exists, please call 311 and file a new complaint. If you are outside of New York City, please call (212) NEW-YORK (212-639-9675).",06/22/2023 12:00:00 AM,09 BROOKLYN,40,Precinct 71,3050330069,BROOKLYN,997456,179740,UNKNOWN,Unspecified,BROOKLYN,,,,,,,,40.66001164030999,-73.95240174251533,POINT (-73.952401742515 40.66001164031)
57965247,06/21/2023 06:09:36 PM,06/22/2023 02:03:02 AM,NYPD,New York City Police Department,Illegal Parking,Blocked Crosswalk,,Street/Sidewalk,10471,201 WEST  251 STREET,WEST  251 STREET,BROADWAY,OLD ALBANY POST ROAD,BROADWAY,OLD ALBANY POST ROAD,ADDRESS,BRONX,WEST  251 STREET,,Closed,,The Police Department responded and upon arrival those responsible for the condition were gone.,06/22/2023 02:03:07 AM,08 BRONX,11,Precinct 50,2058251576,BRONX,1012782,265661,ONLINE,Unspecified,BRONX,,,,,,,,40.89580568320298,-73.89679757346741,POINT (-73.896797573467 40.895805683203)
57966138,06/21/2023 08:21:55 PM,06/27/2023 10:34:16 AM,DOT,Department of Transportation,Sidewalk Condition,Sidewalk Violation,Dismiss Violation Owner Fixed,Sidewalk,11214,8807 21 AVENUE,21 AVENUE,BATH AVENUE,CROPSEY AVENUE,BATH AVENUE,CROPSEY AVENUE,ADDRESS,BROOKLYN,21 AVENUE,,Closed,,A sidewalk dismissal inspection (work done by owner) has been scheduled. Department of Transportation is in direct contact with the responsible party.,06/27/2023 10:34:23 AM,11 BROOKLYN,47,Precinct 62,3064450013,BROOKLYN,984164,157565,PHONE,Unspecified,BROOKLYN,,,,,,,,40.59915579343713,-74.00030968643193,POINT (-74.000309686432 40.599155793437)
58006134,06/25/2023 05:09:58 AM,06/25/2023 02:29:53 PM,NYPD,New York City Police Department,Noise - Residential,Loud Music/Party,,Residential Building/House,10466,760 EAST  237 STREET,EAST  237 STREET,BYRON AVENUE,BARNES AVENUE,BYRON AVENUE,BARNES AVENUE,ADDRESS,BRONX,EAST  237 STREET,,Closed,,The Police Department responded to the complaint and took action to fix the condition.,06/25/2023 02:29:57 PM,12 BRONX,11,Precinct 47,2050450043,BRONX,1024873,265947,ONLINE,Unspecified,BRONX,,,,,,,,40.896543278768625,-73.85306183613265,POINT (-73.853061836133 40.896543278769)
57964968,06/21/2023 05:46:29 PM,06/24/2023 10:58:18 AM,DSNY,Department of Sanitation,Litter Basket Complaint,Overflowing,N/A,Street,10464,KING AVENUE,KING AVENUE,KING AVENUE,TIER STREET,KING AVENUE,TIER STREET,INTERSECTION,,,,Closed,,The Department of Sanitation removed the items.,06/23/2023 07:54:41 AM,10 BRONX,13,Precinct 45,,BRONX,1043808,248617,ONLINE,Unspecified,BRONX,,,,,,,,40.84887039846649,-73.78472599845364,POINT (-73.784725998454 40.848870398466)
57962880,06/21/2023 09:49:37 AM,08/03/2023 09:02:26 AM,HPD,Department of Housing Preservation and Development,DOOR/WINDOW,DOOR FRAME,FRAME BROKEN,RESIDENTIAL BUILDING,10453,226 WEST TREMONT AVENUE,WEST TREMONT AVENUE,,,,,ADDRESS,BRONX,,,Closed,,"The Department of Housing Preservation and Development was not able to gain access to inspect the following conditions. The complaint has been closed. If the condition still exists, please file a new complaint.",08/03/2023 12:00:00 AM,05 BRONX,14,Precinct 46,2028770516,BRONX,1006965,249944,PHONE,Unspecified,BRONX,,,,,,,,40.85268426685802,-73.91789138105312,POINT (-73.917891381053 40.852684266858)
57972420,06/22/2023 08:43:23 AM,06/22/2023 09:08:42 AM,NYPD,New York City Police Department,Illegal Parking,Posted Parking Sign Violation,,Street/Sidewalk,10040,349 CABRINI BOULEVARD,CABRINI BOULEVARD,WEST  187 STREET,WEST  190 STREET,WEST  187 STREET,WEST  190 STREET,ADDRESS,NEW YORK,CABRINI BOULEVARD,,Closed,,The Police Department issued a summons in response to the complaint.,06/22/2023 09:08:47 AM,12 MANHATTAN,10,Precinct 34,1021790365,MANHATTAN,1001662,251417,MOBILE,Unspecified,MANHATTAN,,,,,,,,40.85673926227583,-73.93705646699208,POINT (-73.937056466992 40.856739262276)
57965922,06/21/2023 04:36:58 AM,06/21/2023 01:37:50 PM,NYPD,New York City Police Department,Illegal Parking,Blocked Hydrant,,Street/Sidewalk,11378,53-04 64 STREET,64 STREET,53 AVENUE,63 STREET,53 AVENUE,63 STREET,ADDRESS,MASPETH,64 STREET,,Closed,,The Police Department responded and upon arrival those responsible for the condition were gone.,06/21/2023 01:37:54 PM,05 QUEENS,30,Precinct 104,4023720153,QUEENS,1011650,205725,ONLINE,Unspecified,QUEENS,,,,,,,,40.73130183676223,-73.9011367755374,POINT (-73.901136775537 40.731301836762)
57976470,06/22/2023 06:27:56 AM,06/23/2023 07:02:41 AM,DOT,Department of Transportation,Street Condition,Cave-in,N/A,Street,10463,3930 ORLOFF AVENUE,ORLOFF AVENUE,CANNON PLACE,VAN CORTLANDT AVENUE WEST,CANNON PLACE,VAN CORTLANDT AVENUE WEST,ADDRESS,BRONX,ORLOFF AVENUE,,Closed,,The Department of Transportation inspected and has requested the Department of Environmental Protection address the issue. The condition will be re-inspected in 60 days.,06/23/2023 07:02:47 AM,08 BRONX,11,Precinct 50,,BRONX,1013611,261263,PHONE,Unspecified,BRONX,,,,,,,,40.883731850105,-73.89381830283425,POINT (-73.893818302834 40.883731850105)
57976227,06/22/2023 05:26:07 AM,06/22/2023 07:18:16 PM,HPD,Department of Housing Preservation and Development,ELECTRIC,POWER OUTAGE,ENTIRE APARTMENT,RESIDENTIAL BUILDING,11432,90-14 161 STREET,161 STREET,,,,,ADDRESS,JAMAICA,,,Closed,,The Department of Housing Preservation and Development inspected the following conditions. No violations were issued. The complaint has been closed.,06/22/2023 12:00:00 AM,12 QUEENS,27,Precinct 103,4097577501,QUEENS,1039903,196262,ONLINE,Unspecified,QUEENS,,,,,,,,40.70519559958017,-73.79927430744581,POINT (-73.799274307446 40.70519559958)
57969900,06/21/2023 03:38:24 PM,06/23/2023 01:40:01 PM,DSNY,Department of Sanitation,Illegal Posting,Sticker or Decal,Utility Pole,Sidewalk,11375,108-01 QUEENS BOULEVARD,QUEENS BOULEVARD,71 AVENUE,71 ROAD,71 AVENUE,71 ROAD,ADDRESS,FOREST HILLS,QUEENS BOULEVARD,,Closed,,The Department of Sanitation observed illegal postings at the location. The Department will issue a Summons to the responsible party once it is identified.,06/23/2023 01:40:08 PM,06 QUEENS,29,Precinct 112,4022240009,QUEENS,1027545,202136,ONLINE,Unspecified,QUEENS,,,,,,,,40.72138739951734,-73.8438084701882,POINT (-73.843808470188 40.721387399517)
57961602,06/21/2023 02:51:38 PM,06/27/2023 08:35:10 PM,HPD,Department of Housing Preservation and Development,PLUMBING,BATHTUB/SHOWER,BROKEN OR MISSING,RESIDENTIAL BUILDING,10458,384 EAST  194 STREET,EAST  194 STREET,,,,,ADDRESS,BRONX,,,Closed,,The Department of Housing Preservation and Development inspected the following conditions. No violations were issued. The complaint has been closed.,06/27/2023 12:00:00 AM,07 BRONX,15,Precinct 52,2032760005,BRONX,1014700,253831,PHONE,Unspecified,BRONX,,,,,,,,40.86332962016092,-73.88991380335999,POINT (-73.88991380336 40.863329620161)
57977343,06/22/2023 12:40:00 PM,06/22/2023 02:40:00 PM,DOT,Department of Transportation,Traffic Signal Condition,Controller,Operating Improperly,,11236,,,,,FLATLANDS AVENUE,EAST 107 STREET,INTERSECTION,BROOKLYN,,N/A,Closed,,Service Request status for this request is available on the Department of Transportationâs website. Please click the âLearn Moreâ link below.,06/22/2023 02:40:00 PM,18 BROOKLYN,46,Precinct 69,,BROOKLYN,1013866,175537,UNKNOWN,Unspecified,BROOKLYN,,,,,,,,40.64843565093987,-73.89327383821534,POINT (-73.893273838215 40.64843565094)
57978405,06/22/2023 10:29:00 PM,06/23/2023 01:10:00 AM,DEP,Department of Environmental Protection,Sewer,Sewer Backup (Use Comments) (SA),SA,,11433,111-29 179 PLACE,179 PLACE,SAYRES AVE,180 ST,,,ADDRESS,JAMAICA,,,Closed,,The Department of Environmental Protection investigated this complaint and found there was no sewer back up in the city system at the time of the inspection.,06/23/2023 01:10:00 AM,12 QUEENS,27,Precinct 113,4102980067,QUEENS,1047005,193902,PHONE,Unspecified,QUEENS,,,,,,,,40.69867045602746,-73.77368136566929,POINT (-73.773681365669 40.698670456027)
57976920,06/22/2023 05:27:16 PM,06/22/2023 05:59:13 PM,NYPD,New York City Police Department,Noise - Residential,Loud Talking,,Residential Building/House,11213,255 SCHENECTADY AVENUE,SCHENECTADY AVENUE,LINCOLN PLACE,EASTERN PARKWAY,LINCOLN PLACE,EASTERN PARKWAY,ADDRESS,BROOKLYN,SCHENECTADY AVENUE,,Closed,,The Police Department responded to the complaint and with the information available observed no evidence of the violation at that time.,06/22/2023 05:59:17 PM,08 BROOKLYN,35,Precinct 77,3013900011,BROOKLYN,1002615,183303,ONLINE,Unspecified,BROOKLYN,,,,,,,,40.66978208484425,-73.9337975094931,POINT (-73.933797509493 40.669782084844)
57966696,06/21/2023 10:24:33 PM,06/21/2023 11:13:01 PM,NYPD,New York City Police Department,Noise - Street/Sidewalk,Loud Talking,,Street/Sidewalk,11432,161-01 89 AVENUE,89 AVENUE,161 STREET,162 STREET,161 STREET,162 STREET,ADDRESS,JAMAICA,89 AVENUE,,Closed,,The Police Department responded and upon arrival those responsible for the condition were gone.,06/21/2023 11:13:06 PM,12 QUEENS,24,Precinct 103,4097670001,QUEENS,1039742,196713,MOBILE,Unspecified,QUEENS,,,,,,,,40.70643449618068,-73.79985127329999,POINT (-73.7998512733 40.706434496181)
57974022,06/22/2023 02:36:43 PM,06/26/2023 05:27:53 PM,DOT,Department of Transportation,Street Condition,Line/Marking - After Repaving,N/A,Bike Lane,11217,DEAN STREET,DEAN STREET,5 AVENUE,FLATBUSH AVENUE,5 AVENUE,FLATBUSH AVENUE,BLOCKFACE,,,,Closed,,"The Department of Transportation inspected the condition you reported. You can find additional information in the ""Notes to Customer"" field.",06/26/2023 05:27:57 PM,Unspecified BROOKLYN,,Precinct 78,,BROOKLYN,,,ONLINE,Unspecified,BROOKLYN,,,,,,,,,,
57974337,06/22/2023 09:25:57 AM,06/22/2023 09:57:50 AM,NYPD,New York City Police Department,Encampment,N/A,,Street/Sidewalk,10003,6 WASHINGTON PLACE,WASHINGTON PLACE,BROADWAY,MERCER STREET,BROADWAY,MERCER STREET,ADDRESS,NEW YORK,WASHINGTON PLACE,,Closed,,The Police Department visited the location and no Encampment was found.,06/22/2023 09:57:54 AM,02 MANHATTAN,02,Precinct 6,1005460031,MANHATTAN,985793,204995,ONLINE,Unspecified,MANHATTAN,,,,,,,,40.72934047017624,-73.99443279441009,POINT (-73.99443279441 40.729340470176)
57963564,06/20/2023 02:26:25 PM,06/21/2023 11:45:00 AM,DOT,Department of Transportation,Street Condition,Pothole,,,11223,,,,,AVENUE W,EAST 2 STREET,INTERSECTION,BROOKLYN,,N/A,Closed,,The Department of Transportation inspected this complaint and repaired the problem.,06/21/2023 11:45:00 AM,15 BROOKLYN,47,Precinct 61,,BROOKLYN,992922,155276,UNKNOWN,Unspecified,BROOKLYN,,,,,,,,40.59286870782657,-73.96877502396744,POINT (-73.968775023967 40.592868707827)
57963600,06/21/2023 07:12:47 PM,07/15/2023 11:59:10 AM,DSNY,Department of Sanitation,Missed Collection,Trash,N/A,Street,11411,117-10 231 STREET,231 STREET,LINDEN BOULEVARD,118 AVENUE,LINDEN BOULEVARD,118 AVENUE,ADDRESS,CAMBRIA HEIGHTS,231 STREET,,Closed,,The Department of Sanitation collected the requested items.,06/22/2023 12:17:37 PM,13 QUEENS,27,Precinct 105,4127470160,QUEENS,1058897,191385,ONLINE,Unspecified,QUEENS,,,,,,,,40.69166958571326,-73.73082238788746,POINT (-73.730822387887 40.691669585713)
57970998,06/21/2023 08:55:55 PM,06/21/2023 09:30:06 PM,NYPD,New York City Police Department,Noise - Street/Sidewalk,Loud Music/Party,,Street/Sidewalk,11694,124 BEACH  129 STREET,BEACH  129 STREET,OCEAN PROMENADE,ROCKAWAY BEACH BOULEVARD,OCEAN PROMENADE,ROCKAWAY BEACH BOULEVARD,ADDRESS,FAR ROCKAWAY,BEACH  129 STREET,,Closed,,The Police Department responded to the complaint and took action to fix the condition.,06/21/2023 09:30:10 PM,14 QUEENS,32,Precinct 100,4162380062,QUEENS,1026705,148643,MOBILE,Unspecified,QUEENS,,,,,,,,40.57456502982871,-73.84717553853693,POINT (-73.847175538537 40.574565029829)
57973761,06/23/2023 12:27:48 AM,06/23/2023 12:56:04 AM,NYPD,New York City Police Department,Noise - Vehicle,Engine Idling,,Street/Sidewalk,10128,3 AVENUE,3 AVENUE,3 AVENUE,EAST   88 STREET,3 AVENUE,EAST   88 STREET,INTERSECTION,,,,Closed,,The Police Department responded to the complaint and with the information available observed no evidence of the violation at that time.,06/23/2023 12:56:09 AM,08 MANHATTAN,05,Precinct 19,,MANHATTAN,997257,223501,PHONE,Unspecified,MANHATTAN,,,,,,,,40.78012529840929,-73.95303443006732,POINT (-73.953034430067 40.780125298409)
57967983,06/21/2023 05:56:44 PM,06/21/2023 07:27:16 PM,NYPD,New York City Police Department,Encampment,N/A,,Street/Sidewalk,11208,475 EUCLID AVENUE,EUCLID AVENUE,GLENMORE AVENUE,PITKIN AVENUE,GLENMORE AVENUE,PITKIN AVENUE,ADDRESS,BROOKLYN,EUCLID AVENUE,,Closed,,The Police Department visited the location and no Encampment was found.,06/21/2023 07:27:20 PM,05 BROOKLYN,42,Precinct 75,3042140001,BROOKLYN,1019761,185482,ONLINE,Unspecified,BROOKLYN,,,,,,,,40.67571077368222,-73.87197787959688,POINT (-73.871977879597 40.675710773682)
57973626,06/22/2023 10:41:46 PM,06/23/2023 12:32:07 AM,NYPD,New York City Police Department,Illegal Parking,Blocked Hydrant,,Street/Sidewalk,11235,2818 HARING STREET,HARING STREET,DUNNE PLACE,EMMONS AVENUE,DUNNE PLACE,EMMONS AVENUE,ADDRESS,BROOKLYN,HARING STREET,,Closed,,The Police Department responded to the complaint and determined that police action was not necessary.,06/23/2023 12:32:13 AM,15 BROOKLYN,48,Precinct 61,3087960048,BROOKLYN,1001524,152399,ONLINE,Unspecified,BROOKLYN,,,,,,,,40.584959328843816,-73.9378094569346,POINT (-73.937809456935 40.584959328844)
57968181,06/21/2023 04:19:38 PM,06/24/2023 02:32:22 PM,HPD,Department of Housing Preservation and Development,HEAT/HOT WATER,APARTMENT ONLY,NO HOT WATER,RESIDENTIAL BUILDING,11212,406 EAST   96 STREET,EAST   96 STREET,,,,,ADDRESS,BROOKLYN,,,Closed,,The complaint you filed is a duplicate of a condition already reported by another tenant for a building-wide condition. The original complaint is still open. HPD may attempt to contact you to verify the correction of the condition or may conduct an inspection of your unit if the original complainant is not available for verification.,06/24/2023 12:00:00 AM,17 BROOKLYN,41,Precinct 67,3046700067,BROOKLYN,1007057,178940,ONLINE,Unspecified,BROOKLYN,,,,,,,,40.65779629257829,-73.91779967332414,POINT (-73.917799673324 40.657796292578)
57967407,06/21/2023 10:13:30 AM,06/22/2023 08:04:38 AM,DOT,Department of Transportation,Broken Parking Meter,Out of Order,N/A,Street,11209,8714 5 AVENUE,5 AVENUE,87 STREET,88 STREET,87 STREET,88 STREET,ADDRESS,BROOKLYN,5 AVENUE,,Closed,,The Department of Transportation inspected the condition you reported and found that the condition meets its standards and/or there is a valid permit to conduct work.,06/22/2023 08:04:48 AM,10 BROOKLYN,47,Precinct 68,3060500040,BROOKLYN,976784,165423,MOBILE,Unspecified,BROOKLYN,,,,,,,,40.620721244401075,-74.02689379020426,POINT (-74.026893790204 40.620721244401)
57961773,06/21/2023 08:21:28 PM,06/21/2023 08:45:13 PM,NYPD,New York City Police Department,Abandoned Vehicle,With License Plate,,Street/Sidewalk,11238,576 PARK PLACE,PARK PLACE,CLASSON AVENUE,FRANKLIN AVENUE SHUTTLE LINE,CLASSON AVENUE,FRANKLIN AVENUE SHUTTLE LINE,ADDRESS,BROOKLYN,PARK PLACE,,Closed,,The Police Department responded to the complaint and determined that police action was not necessary.,06/21/2023 08:45:16 PM,08 BROOKLYN,35,Precinct 77,3011680024,BROOKLYN,995664,185056,ONLINE,Unspecified,BROOKLYN,,,,,,,,40.674605366629606,-73.95885162917199,POINT (-73.958851629172 40.67460536663)
57963483,06/21/2023 01:45:39 PM,06/22/2023 02:00:14 AM,NYPD,New York City Police Department,Illegal Parking,Posted Parking Sign Violation,,Street/Sidewalk,11385,CODY AVENUE,CODY AVENUE,CODY AVENUE,WYCKOFF AVENUE,CODY AVENUE,WYCKOFF AVENUE,INTERSECTION,,,,Closed,,The Police Department responded to the complaint and with the information available observed no evidence of the violation at that time.,06/22/2023 02:00:17 AM,05 QUEENS,34,Precinct 104,,QUEENS,1011653,192078,PHONE,Unspecified,QUEENS,,,,,,,,40.69384408721559,-73.90118149919233,POINT (-73.901181499192 40.693844087216)
57973581,06/22/2023 11:21:00 AM,06/23/2023 06:36:00 PM,DOT,Department of Transportation,Street Light Condition,Lamppost Base Door/Cover Open,Location Type: Park,,11365,KISSENA CORRIDOR PARK EAST,KISSENA CORRIDOR PARK EAST,BOOTH MEMORIAL AVE,COLDEN ST,,,PLACENAME,FRESH MEADOWS,,,Closed,,Service Request status for this request is available on the Department of Transportationâs website. Please click the âLearn Moreâ link below.,06/23/2023 06:36:00 PM,11 QUEENS,20,Precinct 111,4056610002,QUEENS,1043405,210558,UNKNOWN,Unspecified,QUEENS,,,,,,,,40.74441181443794,-73.78651790499485,POINT (-73.786517904995 40.744411814438)
57974679,06/22/2023 10:39:03 PM,09/30/2023 05:30:32 PM,HPD,Department of Housing Preservation and Development,UNSANITARY CONDITION,GARBAGE/RECYCLING STORAGE,ACCUMULATION,RESIDENTIAL BUILDING,11216,1199 DEAN STREET,DEAN STREET,,,,,ADDRESS,BROOKLYN,,,Closed,,The Department of Housing Preservation and Development inspected the following conditions. No violations were issued. The complaint has been closed.,09/30/2023 12:00:00 AM,08 BROOKLYN,36,Precinct 77,3012070071,BROOKLYN,998293,185878,PHONE,Unspecified,BROOKLYN,,,,,,,,40.67685779093586,-73.94937216587957,POINT (-73.94937216588 40.676857790936)
57962763,06/22/2023 01:42:02 AM,06/22/2023 01:50:03 AM,NYPD,New York City Police Department,Noise - Commercial,Loud Music/Party,,Club/Bar/Restaurant,11103,28-28 STEINWAY STREET,STEINWAY STREET,28 AVENUE,30 AVENUE,28 AVENUE,30 AVENUE,ADDRESS,ASTORIA,STEINWAY STREET,,Closed,,The Police Department made an arrest in response to the complaint.,06/22/2023 01:50:12 AM,01 QUEENS,22,Precinct 114,4006620031,QUEENS,1008093,218078,ONLINE,Unspecified,QUEENS,,,,,,,,40.76521799994562,-73.91392714932479,POINT (-73.913927149325 40.765217999946)
57977901,06/22/2023 08:17:10 PM,06/26/2023 11:42:31 AM,DOT,Department of Transportation,Street Condition,Blocked - Construction,N/A,Street,11206,159 BOERUM STREET,BOERUM STREET,GRAHAM AVENUE,HUMBOLDT STREET,GRAHAM AVENUE,HUMBOLDT STREET,ADDRESS,BROOKLYN,BOERUM STREET,,Closed,,The Department of Transportation inspected the condition you reported and found that the condition meets its standards and/or there is a valid permit to conduct work.,06/26/2023 11:42:37 AM,01 BROOKLYN,34,Precinct 90,3030710040,BROOKLYN,1000243,196480,PHONE,Unspecified,BROOKLYN,,,,,,,,40.70595452049041,-73.9423168567599,POINT (-73.94231685676 40.70595452049)
57969360,06/21/2023 09:17:00 AM,06/23/2023 01:10:00 PM,DEP,Department of Environmental Protection,Sewer,Catch Basin Clogged/Flooding (Use Comments) (SC),SC,,11420,,,,,130 STREET,SUTTER AVENUE,INTERSECTION,QUEENS,,,Closed,,"The Department of Environment Protection inspected your complaint but could not find the problem you reported. If the condition persists, please call 311 (or 212-639-9675 if calling from a non-New York City area code) with more detailed information to submit a new complaint.",06/23/2023 01:10:00 PM,10 QUEENS,28,Precinct 106,,QUEENS,1037309,184236,PHONE,Unspecified,QUEENS,,,,,,,,40.67220300650358,-73.80872486237016,POINT (-73.80872486237 40.672203006504)
57964284,06/21/2023 11:23:11 AM,06/26/2023 11:04:13 AM,HPD,Department of Housing Preservation and Development,PAINT/PLASTER,CEILING,COLLAPSING OR FALLING,RESIDENTIAL BUILDING,11377,41-41 51 STREET,51 STREET,,,,,ADDRESS,WOODSIDE,,,Closed,,The Department of Housing Preservation and Development inspected the following conditions. Violations were issued. Information about specific violations is available at www.nyc.gov/hpd,06/26/2023 12:00:00 AM,02 QUEENS,26,Precinct 108,4013140003,QUEENS,1008184,210617,PHONE,Unspecified,QUEENS,,,,,,,,40.74473921638608,-73.91362519919949,POINT (-73.913625199199 40.744739216386)
57968307,06/21/2023 01:33:23 AM,06/26/2023 06:43:34 PM,HPD,Department of Housing Preservation and Development,PLUMBING,TOILET,FLUSH HANDLE BROKEN OR MISSING,RESIDENTIAL BUILDING,11203,792 CLARKSON AVENUE,CLARKSON AVENUE,,,,,ADDRESS,BROOKLYN,,,Closed,,The Department of Housing Preservation and Development inspected the following conditions. No violations were issued. The complaint has been closed.,06/26/2023 12:00:00 AM,17 BROOKLYN,41,Precinct 67,3046350006,BROOKLYN,1003005,178463,PHONE,Unspecified,BROOKLYN,,,,,,,,40.656496542114304,-73.9324050941799,POINT (-73.93240509418 40.656496542114)
57975849,06/22/2023 10:24:31 AM,08/03/2023 09:02:31 AM,HPD,Department of Housing Preservation and Development,FLOORING/STAIRS,FLOOR,FLOOR COVERING TORN OR MISSING,RESIDENTIAL BUILDING,11212,92 ROCKAWAY PARKWAY,ROCKAWAY PARKWAY,,,,,ADDRESS,BROOKLYN,,,Closed,,"The Department of Housing Preservation and Development was not able to gain access to inspect the following conditions. The complaint has been closed. If the condition still exists, please file a new complaint.",08/03/2023 12:00:00 AM,17 BROOKLYN,41,Precinct 67,3046150006,BROOKLYN,1005521,181194,PHONE,Unspecified,BROOKLYN,,,,,,,,40.66398684612476,-73.92332856642508,POINT (-73.923328566425 40.663986846125)
57977199,06/22/2023 06:50:50 PM,06/23/2023 04:37:36 AM,DSNY,Department of Sanitation,Dirty Condition,Trash,Not Cleaned by Property Owner,Gutter,10470,516 EAST  234 STREET,EAST  234 STREET,VIREO AVENUE,PETERS PLACE,VIREO AVENUE,PETERS PLACE,ADDRESS,BRONX,EAST  234 STREET,,Closed,,The Department of Sanitation investigated this complaint and found no condition at the location.,06/23/2023 04:37:41 AM,12 BRONX,11,Precinct 47,2033950037,BRONX,1021952,266208,ONLINE,Unspecified,BRONX,,,,,,,,40.89727260439592,-73.86362594884059,POINT (-73.863625948841 40.897272604396)
57978081,06/22/2023 01:47:45 PM,06/28/2023 03:43:08 PM,DOT,Department of Transportation,Outdoor Dining,Barrier Condition,Hollow,Street,10002,107 ELDRIDGE STREET,ELDRIDGE STREET,GRAND STREET,BROOME STREET,GRAND STREET,BROOME STREET,ADDRESS,NEW YORK,ELDRIDGE STREET,,Closed,,The Department of Transportation inspected the condition and determined that it is in compliance with its standards.,06/28/2023 03:43:12 PM,03 MANHATTAN,01,Precinct 5,1004180048,MANHATTAN,986462,200889,ONLINE,Unspecified,MANHATTAN,,,,,,,,40.71807035293164,-73.992020365249,POINT (-73.992020365249 40.718070352932)
57965490,06/21/2023 03:57:30 AM,06/21/2023 04:20:34 AM,NYPD,New York City Police Department,Noise - Vehicle,Car/Truck Music,,Street/Sidewalk,10458,EAST  189 STREET,EAST  189 STREET,PHIL FOGLIA WAY,CAMBRELENG AVENUE,PHIL FOGLIA WAY,CAMBRELENG AVENUE,BLOCKFACE,,,,Closed,,The Police Department responded to the complaint and took action to fix the condition.,06/21/2023 04:20:38 AM,Unspecified BRONX,,Precinct 48,,BRONX,,,ONLINE,Unspecified,BRONX,,,,,,,,,,
57966966,06/21/2023 12:58:23 PM,06/23/2023 02:35:32 PM,HPD,Department of Housing Preservation and Development,SAFETY,FIRE ESCAPE,WINDOW BROKEN OR BLOCKED,RESIDENTIAL BUILDING,10468,125 WEST  195 STREET,WEST  195 STREET,,,,,ADDRESS,BRONX,,,Closed,,"The Department of Housing Preservation and Development contacted an occupant of the apartment and verified that the following conditions were corrected. The complaint has been closed. If the condition still exists, please file a new complaint.",06/23/2023 12:00:00 AM,08 BRONX,14,Precinct 50,2032490120,BRONX,1011703,256354,PHONE,Unspecified,BRONX,,,,,,,,40.87026431264594,-73.90073854234258,POINT (-73.900738542343 40.870264312646)
57963951,06/21/2023 02:55:57 PM,06/22/2023 07:25:53 AM,DSNY,Department of Sanitation,Residential Disposal Complaint,Waste Set Out Too Early or Too Late,N/A,Sidewalk,10470,255 EAST  237 STREET,EAST  237 STREET,KEPLER AVENUE,KATONAH AVENUE,KEPLER AVENUE,KATONAH AVENUE,ADDRESS,BRONX,EAST  237 STREET,,Closed,,The Department of Sanitation cleaned the location.,06/22/2023 07:25:59 AM,12 BRONX,11,Precinct 47,2033780075,BRONX,1020457,266759,ONLINE,Unspecified,BRONX,,,,,,,,40.8987911829973,-73.86903061037395,POINT (-73.869030610374 40.898791182997)
57966183,06/21/2023 08:21:56 AM,06/21/2023 08:25:44 AM,NYPD,New York City Police Department,Illegal Parking,Blocked Sidewalk,,Street/Sidewalk,11210,1538 NEW YORK AVENUE,NEW YORK AVENUE,FARRAGUT ROAD,GLENWOOD ROAD,FARRAGUT ROAD,GLENWOOD ROAD,ADDRESS,BROOKLYN,NEW YORK AVENUE,,Closed,,The Police Department responded to the complaint and took action to fix the condition.,06/21/2023 08:25:50 AM,17 BROOKLYN,45,Precinct 67,3050070062,BROOKLYN,999513,170729,MOBILE,Unspecified,BROOKLYN,,,,,,,,40.635275093306504,-73.94500810845659,POINT (-73.945008108457 40.635275093307)
57976407,06/22/2023 04:11:50 AM,,EDC,Economic Development Corporation,Noise - Helicopter,News Gathering,Hovering,Above Address,10024,153 WEST   82 STREET,WEST   82 STREET,COLUMBUS AVENUE,AMSTERDAM AVENUE,COLUMBUS AVENUE,AMSTERDAM AVENUE,ADDRESS,NEW YORK,WEST   82 STREET,,In Progress,,,,07 MANHATTAN,06,Precinct 20,1012130007,MANHATTAN,991025,225104,ONLINE,Unspecified,MANHATTAN,,,,,,,,40.784532081629564,-73.97553526679249,POINT (-73.975535266792 40.78453208163)
57964608,06/21/2023 12:25:56 PM,02/05/2024 07:28:32 AM,DPR,Department of Parks and Recreation,Dead/Dying Tree,Planted More Than 2 Years Ago,N/A,Street,11209,9453 RIDGE BOULEVARD,RIDGE BOULEVARD,95 STREET,SHORE ROAD,95 STREET,SHORE ROAD,ADDRESS,BROOKLYN,RIDGE BOULEVARD,,Closed,,NYC Parks visited the site and inspected the condition. No work is necessary at this time.,02/05/2024 07:28:38 AM,10 BROOKLYN,47,Precinct 68,3061150025,BROOKLYN,973874,164311,PHONE,Unspecified,BROOKLYN,,,,,,,,40.61766610575724,-74.03737439047569,POINT (-74.037374390476 40.617666105757)
57978189,06/22/2023 12:10:40 PM,06/28/2023 06:27:48 PM,HPD,Department of Housing Preservation and Development,FLOORING/STAIRS,FLOOR,BROKEN OR DEFECTIVE,RESIDENTIAL BUILDING,11225,75 HAWTHORNE STREET,HAWTHORNE STREET,,,,,ADDRESS,BROOKLYN,,,Closed,,The Department of Housing Preservation and Development inspected the following conditions. Violations were issued. Information about specific violations is available at www.nyc.gov/hpd,06/28/2023 12:00:00 AM,09 BROOKLYN,40,Precinct 71,3050420073,BROOKLYN,995916,178779,PHONE,Unspecified,BROOKLYN,,,,,,,,40.65737606978733,-73.95795401120309,POINT (-73.957954011203 40.657376069787)
57973743,06/22/2023 10:50:15 AM,07/17/2023 10:47:49 AM,DSNY,Department of Sanitation,Missed Collection,Trash,N/A,Street,11434,177-64 MEADOW DRIVE,MEADOW DRIVE,145 AVENUE,BROADWAY,145 AVENUE,BROADWAY,ADDRESS,JAMAICA,MEADOW DRIVE,,Closed,,The Department of Sanitation investigated this complaint and found no condition at the location.,06/23/2023 12:44:59 PM,13 QUEENS,31,Precinct 105,4133120097,QUEENS,1048291,182024,ONLINE,Unspecified,QUEENS,,,,,,,,40.666058949995595,-73.76915646338524,POINT (-73.769156463385 40.666058949996)
57978117,06/22/2023 07:33:50 PM,06/22/2023 08:39:12 PM,NYPD,New York City Police Department,Noise - Residential,Loud Music/Party,,Residential Building/House,10453,27 BUCHANAN PLACE,BUCHANAN PLACE,DAVIDSON AVENUE,GRAND AVENUE,DAVIDSON AVENUE,GRAND AVENUE,ADDRESS,BRONX,BUCHANAN PLACE,,Closed,,The Police Department responded to the complaint and took action to fix the condition.,06/22/2023 08:39:16 PM,05 BRONX,14,Precinct 46,2031960066,BRONX,1010422,251920,ONLINE,Unspecified,BRONX,,,,,,,,40.8580982232415,-73.90538754968105,POINT (-73.905387549681 40.858098223242)
57973959,06/22/2023 01:08:00 PM,06/23/2023 07:38:00 AM,DSNY,Department of Sanitation,Derelict Vehicles,Derelict Vehicles,,Street,,,,,,135 STREET,135 STREET,INTERSECTION,,,DSNY Garage,Closed,,The vehicle you reported exceeds the monetary value eligible for collection as junk. The Department of Sanitation has forwarded the request to the NYPD for further action.,06/23/2023 12:00:00 PM,09 QUEENS,,Unspecified,,QUEENS,,,PHONE,Unspecified,QUEENS,,,,,,,,,,
57966174,06/21/2023 07:44:00 PM,06/22/2023 02:15:00 AM,DEP,Department of Environmental Protection,Noise,"Noise, Other Animals (NR6)",NR6,,11204,1449 WEST    9 STREET,WEST    9 STREET,BAY PKWY,AVENUE O,,,ADDRESS,BROOKLYN,,N/A,Closed,,"The Department of Environmental Protection (DEP) didn't observe a violation of the NYC Air or Noise Code at the time of inspection and couldn't issue a summons.  If the problem still exists, please go to nyc.gov/311 or call 311 to file a new Service Request. If you're outside of New York City, please call (212) NEW-YORK (212-639-9675).",06/22/2023 02:15:00 AM,11 BROOKLYN,43,Precinct 62,3065760067,BROOKLYN,988918,161942,ONLINE,Unspecified,BROOKLYN,,,,,,,,40.611168536254105,-73.98318748364159,POINT (-73.983187483642 40.611168536254)
57974787,06/22/2023 06:36:51 PM,06/22/2023 06:46:05 PM,NYPD,New York City Police Department,Illegal Parking,Posted Parking Sign Violation,,Street/Sidewalk,11356,20-49 126 STREET,126 STREET,20 AVENUE,22 AVENUE,20 AVENUE,22 AVENUE,ADDRESS,COLLEGE POINT,126 STREET,,Closed,,The Police Department responded to the complaint and determined that police action was not necessary.,06/22/2023 06:46:13 PM,07 QUEENS,19,Precinct 109,4041710001,QUEENS,1027920,224006,MOBILE,Unspecified,QUEENS,,,,,,,,40.781413076066286,-73.84231359153593,POINT (-73.842313591536 40.781413076066)
57965166,06/21/2023 09:42:36 AM,06/21/2023 12:35:27 PM,DSNY,Department of Sanitation,Illegal Dumping,Removal Request,N/A,Sidewalk,10019,1767 BROADWAY,BROADWAY,WEST   56 STREET,WEST   57 STREET,WEST   56 STREET,WEST   57 STREET,ADDRESS,NEW YORK,BROADWAY,,Closed,,The Department of Sanitation investigated this complaint and no DSNY related conditions/violations were observed. Location will be referred to the appropriate agency for further action.,06/21/2023 12:35:27 PM,05 MANHATTAN,06,Precinct 18,1010280056,MANHATTAN,989264,218373,ONLINE,Unspecified,MANHATTAN,,,,,,,,40.76605842880682,-73.98189931414595,POINT (-73.981899314146 40.766058428807)
57964797,06/21/2023 06:10:26 PM,06/23/2023 09:03:48 AM,DOT,Department of Transportation,Street Condition,Blocked - Construction,N/A,Street,11232,8 AVENUE,8 AVENUE,8 AVENUE,44 STREET,8 AVENUE,44 STREET,INTERSECTION,,,,Closed,,The Department of Transportation inspected the condition you reported and found that the condition meets its standards and/or there is a valid permit to conduct work.,06/23/2023 09:03:52 AM,07 BROOKLYN,38,Precinct 72,,BROOKLYN,984191,174077,PHONE,Unspecified,BROOKLYN,,,,,,,,40.6444777866358,-74.00021260360874,POINT (-74.000212603609 40.644477786636)
57970791,06/21/2023 09:33:00 PM,06/23/2023 04:20:00 AM,DSNY,Department of Sanitation,Derelict Vehicles,Derelict Vehicles,,Street,11413,137-22 SLOAN STREET,SLOAN STREET,137 AVENUE,139 AVENUE,,,ADDRESS,SPRINGFIELD GARDENS,,,Closed,,The owner claimed the vehicle.Â Your request is now closed and no further action will be taken.,06/23/2023 12:00:00 PM,12 QUEENS,27,Precinct 113,4130270056,QUEENS,1051649,185501,PHONE,Unspecified,QUEENS,,,,,,,,40.6755775742213,-73.75701744098085,POINT (-73.757017440981 40.675577574221)
57969909,06/21/2023 04:32:35 PM,06/28/2023 12:00:00 AM,DSNY,Department of Sanitation,Graffiti,Graffiti,,Mixed Use,11221,1240 HANCOCK STREET,HANCOCK STREET,,,,,ADDRESS,BROOKLYN,,N/A,Closed,07/21/2023 04:32:35 PM,The City has removed the graffiti from this property.,07/05/2023 12:29:13 PM,04 BROOKLYN,37,Precinct 83,3033980007,BROOKLYN,1008979,191612,UNKNOWN,Unspecified,BROOKLYN,,,,,,,,40.6925729014018,-73.91082596720855,POINT (-73.910825967209 40.692572901402)
57978486,06/23/2023 12:17:57 AM,06/23/2023 12:37:52 AM,NYPD,New York City Police Department,Illegal Parking,Commercial Overnight Parking,,Street/Sidewalk,10302,52 DERBY COURT,DERBY COURT,BACHE STREET,KRAMER PLACE,BACHE STREET,KRAMER PLACE,ADDRESS,STATEN ISLAND,DERBY COURT,,Closed,,The Police Department responded to the complaint and took action to fix the condition.,06/23/2023 12:37:58 AM,01 STATEN ISLAND,49,Precinct 121,5010390154,STATEN ISLAND,947627,168514,MOBILE,Unspecified,STATEN ISLAND,,,,,,,,40.62913283390612,-74.1319388927387,POINT (-74.131938892739 40.629132833906)
57971925,06/22/2023 08:12:18 PM,06/22/2023 08:46:32 PM,NYPD,New York City Police Department,Noise - Residential,Banging/Pounding,,Residential Building/House,10035,1428 5 AVENUE,5 AVENUE,EAST  116 STREET,EAST  117 STREET,EAST  116 STREET,EAST  117 STREET,ADDRESS,NEW YORK,5 AVENUE,,Closed,,This complaint does not fall under the Police Department's jurisdiction.,06/22/2023 08:46:36 PM,10 MANHATTAN,09,Precinct 28,1016000021,MANHATTAN,999167,231162,ONLINE,Unspecified,MANHATTAN,,,,,,,,40.8011496612852,-73.94612080473502,POINT (-73.946120804735 40.801149661285)
57970701,06/21/2023 07:05:32 PM,06/21/2023 07:08:04 PM,NYPD,New York City Police Department,Noise - Residential,Loud Music/Party,,Residential Building/House,11221,150 MALCOLM X BOULEVARD,MALCOLM X BOULEVARD,GATES AVENUE,MONROE STREET,GATES AVENUE,MONROE STREET,ADDRESS,BROOKLYN,MALCOLM X BOULEVARD,,Closed,,The Police Department responded to the complaint and with the information available observed no evidence of the violation at that time.,06/21/2023 07:08:08 PM,03 BROOKLYN,36,Precinct 81,3016360024,BROOKLYN,1003623,190063,ONLINE,Unspecified,BROOKLYN,,,,,,,,40.688334599490894,-73.93014442097454,POINT (-73.930144420975 40.688334599491)
57971313,06/22/2023 02:03:56 AM,06/22/2023 03:27:45 AM,NYPD,New York City Police Department,Illegal Parking,Blocked Hydrant,,Street/Sidewalk,11420,135-15 ROCKAWAY BOULEVARD,ROCKAWAY BOULEVARD,135 PLACE,VAN WYCK EXPRESSWAY,135 PLACE,VAN WYCK EXPRESSWAY,ADDRESS,SOUTH OZONE PARK,ROCKAWAY BOULEVARD,,Closed,,The Police Department responded to the complaint and took action to fix the condition.,06/22/2023 03:27:50 AM,10 QUEENS,28,Precinct 106,4117020001,QUEENS,1039007,185066,ONLINE,Unspecified,QUEENS,,,,,,,,40.674470824654335,-73.8025969318123,POINT (-73.802596931812 40.674470824654)
57969324,06/21/2023 10:47:31 PM,06/21/2023 10:59:32 PM,NYPD,New York City Police Department,Noise - Residential,Loud Music/Party,,Residential Building/House,11433,107-38 159 STREET,159 STREET,107 AVENUE,108 AVENUE,107 AVENUE,108 AVENUE,ADDRESS,JAMAICA,159 STREET,,Closed,,The Police Department responded to the complaint and with the information available observed no evidence of the violation at that time.,06/21/2023 10:59:37 PM,12 QUEENS,28,Precinct 103,4101250033,QUEENS,1041234,192905,ONLINE,Unspecified,QUEENS,,,,,,,,40.695972973618375,-73.79450216305685,POINT (-73.794502163057 40.695972973618)
57970485,06/21/2023 09:44:10 AM,06/21/2023 01:07:51 PM,NYPD,New York City Police Department,Blocked Driveway,Partial Access,,Street/Sidewalk,11417,97-24 134 AVENUE,134 AVENUE,97 STREET,HAWTREE STREET,97 STREET,HAWTREE STREET,ADDRESS,OZONE PARK,134 AVENUE,,Closed,,The Police Department responded to the complaint and determined that police action was not necessary.,06/21/2023 01:07:58 PM,10 QUEENS,32,Precinct 106,4114990111,QUEENS,1028830,185479,ONLINE,Unspecified,QUEENS,,,,,,,,40.67566151411926,-73.83928295225681,POINT (-73.839282952257 40.675661514119)
57977109,06/22/2023 09:21:53 AM,06/25/2023 07:32:48 PM,HPD,Department of Housing Preservation and Development,UNSANITARY CONDITION,MOLD,N/A,RESIDENTIAL BUILDING,10032,629 WEST  170 STREET,WEST  170 STREET,,,,,ADDRESS,NEW YORK,,,Closed,,The Department of Housing Preservation and Development inspected the following conditions. No violations were issued. The complaint has been closed.,06/25/2023 12:00:00 AM,12 MANHATTAN,10,Precinct 33,1021420009,MANHATTAN,1000843,246328,PHONE,Unspecified,MANHATTAN,,,,,,,,40.84277304296271,-73.94002970569613,POINT (-73.940029705696 40.842773042963)
57970125,06/21/2023 09:08:12 PM,07/27/2023 12:19:10 PM,EDC,Economic Development Corporation,Noise - Helicopter,Other,Flying Too Low,Above Address,10023,41 WEST   74 STREET,WEST   74 STREET,CENTRAL PARK WEST,COLUMBUS AVENUE,CENTRAL PARK WEST,COLUMBUS AVENUE,ADDRESS,NEW YORK,WEST   74 STREET,,Closed,,"The New York City Economic Development Corporation determined that this issue is not within its jurisdiction because the helicopter did not belong to a tour company departing from a NYC heliport.Â  Instead, it was most likely a law enforcement or news gathering helicopter not subject to the routing protocols established for tour helicopters. It may also have been a helicopter that departed as a charter or tour from another City but flew over NYC airspace. Helicopter tours originating from outside NYC are not subject to the same City regulations as tours departing from heliports managed by NYCEDC. Any City regulation of these flights is pre-empted by federal law and subject only to the jurisdiction of the Federal Aviation Administration. To file a complaint with the FAA, you can contact the New York Flight Standards District Office at the following web address:Â https://www.faa.gov/about/office_org/field_offices/fsdo/",07/27/2023 12:19:17 PM,07 MANHATTAN,06,Precinct 20,1011270012,MANHATTAN,990834,222745,ONLINE,Unspecified,MANHATTAN,,,,,,,,40.778057396482616,-73.97622728541329,POINT (-73.976227285413 40.778057396483)
57964986,06/21/2023 11:47:27 AM,06/26/2023 02:09:41 PM,DSNY,Department of Sanitation,Missed Collection,Recycling - Paper,N/A,Street,10455,627 WALES AVENUE,WALES AVENUE,EAST  151 STREET,EAST  152 STREET,EAST  151 STREET,EAST  152 STREET,ADDRESS,BRONX,WALES AVENUE,,Closed,,The Department of Sanitation collected the requested items.,06/22/2023 12:26:39 PM,01 BRONX,08,Precinct 40,2026430047,BRONX,1010131,236205,PHONE,Unspecified,BRONX,,,,,,,,40.81496598157052,-73.90650015950133,POINT (-73.906500159501 40.814965981571)
57963051,06/21/2023 12:47:32 PM,,DPR,Department of Parks and Recreation,Damaged Tree,Branch Cracked and Will Fall,Hanging from Other Branches,Street,11223,1841 WEST    6 STREET,WEST    6 STREET,HIGHLAWN AVENUE,AVENUE S,HIGHLAWN AVENUE,AVENUE S,ADDRESS,BROOKLYN,WEST    6 STREET,,In Progress,,"NYC Parks created a work order for the tree condition and expects to address the issue within 120 days from the date of the tree assessment, barring any weather-related requests.   NYC Parks work priority categories range from Category A through D, with A being the most critical and time-sensitive. We will complete all work in Category A first and address work in lower priority categories in accordance with available resources. For more information about the Tree Risk Management Program, visit the NYC Urban Forest page on the NYC Parks website at nyc.gov/parks/trees.",06/26/2023 09:54:43 AM,11 BROOKLYN,43,Precinct 62,3066750067,BROOKLYN,990183,158789,ONLINE,Unspecified,BROOKLYN,,,,,,,,40.60251343954462,-73.97863416256064,POINT (-73.978634162561 40.602513439545)
57970899,06/21/2023 07:59:27 PM,06/21/2023 09:42:08 PM,NYPD,New York City Police Department,Blocked Driveway,Partial Access,,Street/Sidewalk,11230,1544 EAST   16 STREET,EAST   16 STREET,AVENUE O,AVENUE P,AVENUE O,AVENUE P,ADDRESS,BROOKLYN,EAST   16 STREET,,Closed,,The Police Department responded to the complaint and determined that police action was not necessary.,06/21/2023 09:42:11 PM,14 BROOKLYN,48,Precinct 70,3067620023,BROOKLYN,995928,162207,PHONE,Unspecified,BROOKLYN,,,,,,,,40.611889440860956,-73.95793944031398,POINT (-73.957939440314 40.611889440861)
57966354,06/21/2023 08:43:55 AM,06/22/2023 10:26:25 AM,DSNY,Department of Sanitation,Dirty Condition,Trash,Littering,Sidewalk,11222,159 CALYER STREET,CALYER STREET,GUERNSEY STREET,LORIMER STREET,GUERNSEY STREET,LORIMER STREET,ADDRESS,BROOKLYN,CALYER STREET,,Closed,,The Department of Sanitation investigated this complaint and found no violation at the location.,06/22/2023 10:26:50 AM,01 BROOKLYN,33,Precinct 94,3025690051,BROOKLYN,996832,204401,MOBILE,Unspecified,BROOKLYN,,,,,,,,40.72770127136689,-73.95460475643492,POINT (-73.954604756435 40.727701271367)
57961800,06/21/2023 06:03:04 AM,07/21/2023 11:41:49 AM,DPR,Department of Parks and Recreation,New Tree Request,For One Address,Street Tree,Street,11218,DITMAS AVENUE,DITMAS AVENUE,DITMAS AVENUE,EAST    9 STREET,DITMAS AVENUE,EAST    9 STREET,INTERSECTION,,,,Closed,,"The Service Request submitted did not have sufficient location or complaint information for NYC Parks to respond.  Please submit a new Service Request with adequate site details, including a full street address and descriptive location information.",07/21/2023 11:41:55 AM,12 BROOKLYN,39,Precinct 66,,BROOKLYN,992754,171174,UNKNOWN,Unspecified,BROOKLYN,,,,,,,,40.63650559137238,-73.96935991300896,POINT (-73.969359913009 40.636505591372)
57973455,06/22/2023 04:29:10 PM,06/27/2023 09:23:18 AM,HPD,Department of Housing Preservation and Development,PLUMBING,BASIN/SINK,SINK DETACHED FROM WALL,RESIDENTIAL BUILDING,11226,1900 ALBEMARLE ROAD,ALBEMARLE ROAD,,,,,ADDRESS,BROOKLYN,,,Closed,,The Department of Housing Preservation and Development inspected the following conditions. No violations were issued. The complaint has been closed.,06/27/2023 12:00:00 AM,14 BROOKLYN,40,Precinct 70,3051230001,BROOKLYN,994936,175044,ONLINE,Unspecified,BROOKLYN,,,,,,,,40.64712554619708,-73.96149199333054,POINT (-73.961491993331 40.647125546197)
57974742,06/22/2023 07:59:10 AM,06/22/2023 08:16:47 AM,NYPD,New York City Police Department,Illegal Parking,Posted Parking Sign Violation,,Street/Sidewalk,11235,2964 BRIGHTON   12 STREET,BRIGHTON   12 STREET,CORBIN PLACE,OCEAN VIEW AVENUE,CORBIN PLACE,OCEAN VIEW AVENUE,ADDRESS,BROOKLYN,BRIGHTON   12 STREET,,Closed,,The Police Department responded and upon arrival those responsible for the condition were gone.,06/22/2023 08:17:09 AM,13 BROOKLYN,48,Precinct 60,3087110041,BROOKLYN,996415,150787,PHONE,Unspecified,BROOKLYN,,,,,,,,40.580543192368715,-73.95620598007746,POINT (-73.956205980077 40.580543192369)
57975480,06/22/2023 12:50:38 PM,09/19/2023 10:24:25 AM,DPR,Department of Parks and Recreation,New Tree Request,For One Address,Street Tree,Street,11218,18 AVENUE,18 AVENUE,18 AVENUE,EAST    8 STREET,18 AVENUE,EAST    8 STREET,INTERSECTION,,,,Closed,,"The Service Request submitted did not have sufficient location or complaint information for NYC Parks to respond.  Please submit a new Service Request with adequate site details, including a full street address and descriptive location information.",09/19/2023 10:24:30 AM,12 BROOKLYN,40,Precinct 66,,BROOKLYN,992613,170332,ONLINE,Unspecified,BROOKLYN,,,,,,,,40.63419461480787,-73.9698689823935,POINT (-73.969868982393 40.634194614808)
57964581,06/21/2023 03:59:37 PM,06/21/2023 08:56:21 PM,NYPD,New York City Police Department,Illegal Parking,Blocked Sidewalk,,Street/Sidewalk,11101,35-25 38 STREET,38 STREET,35 AVENUE,36 AVENUE,35 AVENUE,36 AVENUE,ADDRESS,LONG ISLAND CITY,38 STREET,,Closed,,The Police Department responded to the complaint and with the information available observed no evidence of the violation at that time.,06/21/2023 08:56:25 PM,01 QUEENS,26,Precinct 114,4006680005,QUEENS,1005500,214354,ONLINE,Unspecified,QUEENS,,,,,,,,40.75500319150197,-73.92329960423129,POINT (-73.923299604231 40.755003191502)
57973302,06/22/2023 11:45:25 PM,06/23/2023 12:13:06 AM,NYPD,New York City Police Department,Noise - Residential,Loud Talking,,Residential Building/House,11204,1652 74 STREET,74 STREET,NEW UTRECHT AVENUE,17 AVENUE,NEW UTRECHT AVENUE,17 AVENUE,ADDRESS,BROOKLYN,74 STREET,,Closed,,The Police Department responded and upon arrival those responsible for the condition were gone.,06/23/2023 12:13:09 AM,11 BROOKLYN,38,Precinct 62,3062140039,BROOKLYN,984567,163737,ONLINE,Unspecified,BROOKLYN,,,,,,,,40.61609666472317,-73.99885819170531,POINT (-73.998858191705 40.616096664723)
57969540,06/21/2023 02:18:46 PM,06/21/2023 03:43:39 PM,NYPD,New York City Police Department,Noise - Commercial,Banging/Pounding,,Store/Commercial,10453,1707 UNIVERSITY AVENUE,UNIVERSITY AVENUE,WEST  176 STREET,MACOMBS ROAD,WEST  176 STREET,MACOMBS ROAD,ADDRESS,BRONX,UNIVERSITY AVENUE,,Closed,,The Police Department responded to the complaint and with the information available observed no evidence of the violation at that time.,06/21/2023 03:43:42 PM,05 BRONX,14,Precinct 46,2028780222,BRONX,1007188,248725,ONLINE,Unspecified,BRONX,,,,,,,,40.84933789808303,-73.9170894670808,POINT (-73.917089467081 40.849337898083)
57970044,06/21/2023 11:04:52 AM,06/21/2023 04:01:13 PM,NYPD,New York City Police Department,Abandoned Vehicle,With License Plate,,Street/Sidewalk,11417,83 STREET,83 STREET,83 STREET,SUTTER AVENUE,83 STREET,SUTTER AVENUE,INTERSECTION,,,,Closed,,The Police Department responded to the complaint and a report was prepared.,06/21/2023 04:01:16 PM,10 QUEENS,32,Precinct 106,,QUEENS,1024863,185374,PHONE,Unspecified,QUEENS,,,,,,,,40.67539240178165,-73.85358513909388,POINT (-73.853585139094 40.675392401782)
57972060,06/22/2023 09:53:32 PM,06/29/2023 07:16:20 PM,HPD,Department of Housing Preservation and Development,APPLIANCE,ELECTRIC/GAS RANGE,CONTROL KNOB BROKEN OR MISSING,RESIDENTIAL BUILDING,11220,6715 8 AVENUE,8 AVENUE,,,,,ADDRESS,BROOKLYN,,,Closed,,The Department of Housing Preservation and Development inspected the following conditions. No violations were issued. The complaint has been closed.,06/29/2023 12:00:00 AM,10 BROOKLYN,43,Precinct 68,3057630004,BROOKLYN,980401,169290,PHONE,Unspecified,BROOKLYN,,,,,,,,40.63133765725669,-74.01386695207366,POINT (-74.013866952074 40.631337657257)
57965076,06/21/2023 10:29:02 AM,12/20/2023 11:07:09 AM,DSNY,Department of Sanitation,Graffiti,Graffiti,,Residential,10003,206 EAST    9 STREET,EAST    9 STREET,,,,,ADDRESS,NEW YORK,,N/A,Closed,11/11/2023 11:14:39 AM,,12/20/2023 11:07:09 AM,03 MANHATTAN,02,Precinct 9,1004640013,MANHATTAN,987358,205178,UNKNOWN,Unspecified,MANHATTAN,,,,,,,,40.72984234898822,-73.98878612746272,POINT (-73.988786127463 40.729842348988)
57969873,06/21/2023 08:34:45 PM,07/27/2023 12:15:25 PM,EDC,Economic Development Corporation,Noise - Helicopter,Other,Flying Too Low,Above Address,10023,16 WEST   72 STREET,WEST   72 STREET,CENTRAL PARK EXIT WEST   72 ST,COLUMBUS AVENUE,CENTRAL PARK EXIT WEST   72 ST,COLUMBUS AVENUE,ADDRESS,NEW YORK,WEST   72 STREET,,Closed,,"The New York City Economic Development Corporation determined that this issue is not within its jurisdiction because the helicopter did not belong to a tour company departing from a NYC heliport.Â  Instead, it was most likely a law enforcement or news gathering helicopter not subject to the routing protocols established for tour helicopters. It may also have been a helicopter that departed as a charter or tour from another City but flew over NYC airspace. Helicopter tours originating from outside NYC are not subject to the same City regulations as tours departing from heliports managed by NYCEDC. Any City regulation of these flights is pre-empted by federal law and subject only to the jurisdiction of the Federal Aviation Administration. To file a complaint with the FAA, you can contact the New York Flight Standards District Office at the following web address:Â https://www.faa.gov/about/office_org/field_offices/fsdo/",07/27/2023 12:15:32 PM,07 MANHATTAN,06,Precinct 20,1011240042,MANHATTAN,990609,222237,ONLINE,Unspecified,MANHATTAN,,,,,,,,40.77666323507691,-73.97704016905178,POINT (-73.977040169052 40.776663235077)
57972303,06/22/2023 10:14:27 AM,06/22/2023 08:18:52 PM,HPD,Department of Housing Preservation and Development,PAINT/PLASTER,CEILING,HOLE OR CRACKED,RESIDENTIAL BUILDING,11373,88-36 ELMHURST AVENUE,ELMHURST AVENUE,,,,,ADDRESS,ELMHURST,,,Closed,,The Department of Housing Preservation and Development inspected the following conditions. No violations were issued. The complaint has been closed.,06/22/2023 12:00:00 AM,04 QUEENS,25,Precinct 110,4015540001,QUEENS,1018210,211222,ONLINE,Unspecified,QUEENS,,,,,,,,40.746366969929255,-73.87743960950525,POINT (-73.877439609505 40.746366969929)
57968037,06/22/2023 12:21:39 AM,06/22/2023 12:59:14 AM,NYPD,New York City Police Department,Noise - Residential,Banging/Pounding,,Residential Building/House,10455,760 FOX STREET,FOX STREET,EAST  156 STREET,LONGWOOD AVENUE,EAST  156 STREET,LONGWOOD AVENUE,ADDRESS,BRONX,FOX STREET,,Closed,,The Police Department responded to the complaint and took action to fix the condition.,06/22/2023 12:59:19 AM,02 BRONX,17,Precinct 41,2027200052,BRONX,1012473,236522,ONLINE,Unspecified,BRONX,,,,,,,,40.81582888553991,-73.89803793096316,POINT (-73.898037930963 40.81582888554)
57977424,06/21/2023 06:56:17 AM,06/21/2023 12:03:00 PM,DOT,Department of Transportation,Street Condition,Pothole,,,10475,2284 TILLOTSON AVENUE,TILLOTSON AVENUE,NET NB ENTRANCE TILLOTSON AVE,CONNER STREET,,,ADDRESS,BRONX,,N/A,Closed,,The Department of Transportation inspected this complaint and repaired the problem.,06/21/2023 12:03:00 PM,10 BRONX,12,Precinct 45,2052500001,BRONX,1032242,260916,UNKNOWN,Unspecified,BRONX,,,,,,,,40.88269779376806,-73.82644341688123,POINT (-73.826443416881 40.882697793768)
57977397,06/22/2023 05:15:43 PM,06/22/2023 05:29:14 PM,NYPD,New York City Police Department,Illegal Parking,Commercial Overnight Parking,,Street/Sidewalk,11426,82-51 COMMONWEALTH BOULEVARD,COMMONWEALTH BOULEVARD,82 AVENUE,83 AVENUE,82 AVENUE,83 AVENUE,ADDRESS,BELLEROSE,COMMONWEALTH BOULEVARD,,Closed,,The Police Department responded to the complaint and took action to fix the condition.,06/22/2023 05:29:17 PM,13 QUEENS,23,Precinct 105,4085770013,QUEENS,1061032,207993,ONLINE,Unspecified,QUEENS,,,,,,,,40.73723608497877,-73.72293418931243,POINT (-73.722934189312 40.737236084979)
57967641,06/21/2023 06:11:29 AM,06/21/2023 11:26:25 AM,DSNY,Department of Sanitation,Missed Collection,Recycling - Paper,N/A,Street,11215,310 14 STREET,14 STREET,5 AVENUE,6 AVENUE,5 AVENUE,6 AVENUE,ADDRESS,BROOKLYN,14 STREET,,Closed,,The Department of Sanitation investigated and found this complaint to be out of jurisdiction. The Department of Sanitation reviewed this and found it not to be meeting the criteria for a complaint or service request.,06/21/2023 11:26:25 AM,06 BROOKLYN,39,Precinct 78,3010420038,BROOKLYN,987847,181664,PHONE,Unspecified,BROOKLYN,,,,,,,,40.66530171226472,-73.98703434023928,POINT (-73.987034340239 40.665301712265)
57962925,06/21/2023 10:56:59 AM,06/22/2023 06:18:36 PM,HPD,Department of Housing Preservation and Development,PAINT/PLASTER,CEILING,COLLAPSING OR FALLING,RESIDENTIAL BUILDING,11221,841A GREENE AVENUE,GREENE AVENUE,,,,,ADDRESS,BROOKLYN,,,Closed,,The Department of Housing Preservation and Development inspected the following conditions. Violations were issued. Information about specific violations is available at www.nyc.gov/hpd,06/22/2023 12:00:00 AM,03 BROOKLYN,36,Precinct 81,3016150055,BROOKLYN,1002421,190788,ONLINE,Unspecified,BROOKLYN,,,,,,,,40.69032710659287,-73.93447666123713,POINT (-73.934476661237 40.690327106593)
57965877,06/21/2023 05:15:25 AM,,EDC,Economic Development Corporation,Noise - Helicopter,Other,Flying Too Low,Above Address,10017,343 EAST   43 STREET,EAST   43 STREET,TUDOR CITY PLACE,BEND,TUDOR CITY PLACE,BEND,ADDRESS,NEW YORK,EAST   43 STREET,,In Progress,,,,06 MANHATTAN,04,Precinct 17,1013360023,MANHATTAN,992588,212427,ONLINE,Unspecified,MANHATTAN,,,,,,,,40.74973566861844,-73.9699069523492,POINT (-73.969906952349 40.749735668618)
57964851,06/21/2023 10:13:13 PM,06/21/2023 10:45:46 PM,NYPD,New York City Police Department,Illegal Parking,Blocked Hydrant,,Street/Sidewalk,11215,123 EIGHTH STREET,EIGHTH STREET,2 AVENUE,3 AVENUE,2 AVENUE,3 AVENUE,ADDRESS,BROOKLYN,8 STREET,,Closed,,The Police Department responded to the complaint and determined that police action was not necessary.,06/21/2023 10:45:52 PM,06 BROOKLYN,39,Precinct 78,3009960017,BROOKLYN,986547,184345,MOBILE,Unspecified,BROOKLYN,,,,,,,,40.672660891669594,-73.99171937543134,POINT (-73.991719375431 40.67266089167)
57969405,06/21/2023 10:53:06 PM,06/22/2023 08:29:48 PM,HPD,Department of Housing Preservation and Development,DOOR/WINDOW,DOOR,NOT SELF-CLOSING,RESIDENTIAL BUILDING,10458,2886 BRIGGS AVENUE,BRIGGS AVENUE,,,,,ADDRESS,BRONX,,,Closed,,The Department of Housing Preservation and Development inspected the following conditions. Violations were issued. Information about specific violations is available at www.nyc.gov/hpd,06/22/2023 12:00:00 AM,07 BRONX,15,Precinct 52,2032960027,BRONX,1015216,256152,ONLINE,Unspecified,BRONX,,,,,,,,40.86969825972811,-73.88803758016827,POINT (-73.888037580168 40.869698259728)
57964824,06/21/2023 02:17:30 AM,06/21/2023 08:31:18 AM,NYPD,New York City Police Department,Illegal Parking,Blocked Hydrant,,Street/Sidewalk,11419,125-02 103 AVENUE,103 AVENUE,125 STREET,126 STREET,125 STREET,126 STREET,ADDRESS,SOUTH RICHMOND HILL,103 AVENUE,,Closed,,The Police Department responded to the complaint and determined that police action was not necessary.,06/21/2023 08:31:25 AM,10 QUEENS,29,Precinct 106,4095620001,QUEENS,1034226,190504,ONLINE,Unspecified,QUEENS,,,,,,,,40.68942514764557,-73.81979241170292,POINT (-73.819792411703 40.689425147646)
57969513,06/21/2023 07:59:50 AM,06/21/2023 10:43:47 AM,DPR,Department of Parks and Recreation,Animal in a Park,Dog Off Leash,N/A,Park,11211,350 MASPETH AVENUE,MASPETH AVENUE,VANDERVOORT AVENUE,DEAD END,VANDERVOORT AVENUE,DEAD END,ADDRESS,BROOKLYN,MASPETH AVENUE,,Closed,,"Upon inspection the reported condition was not found, and, therefore, no action was taken.",06/21/2023 10:43:51 AM,01 BROOKLYN,34,Precinct 90,,BROOKLYN,1003716,201052,ONLINE,Unspecified,BROOKLYN,,,,,,,,40.71849660931797,-73.92977731468619,POINT (-73.929777314686 40.718496609318)
57968847,06/21/2023 01:35:02 PM,06/21/2023 02:39:31 PM,NYPD,New York City Police Department,Illegal Parking,Posted Parking Sign Violation,,Street/Sidewalk,11208,453 LOGAN STREET,LOGAN STREET,GLENMORE AVENUE,PITKIN AVENUE,GLENMORE AVENUE,PITKIN AVENUE,ADDRESS,BROOKLYN,LOGAN STREET,,Closed,,The Police Department responded and upon arrival those responsible for the condition were gone.,06/21/2023 02:39:36 PM,05 BROOKLYN,42,Precinct 75,3042090043,BROOKLYN,1018569,185285,MOBILE,Unspecified,BROOKLYN,,,,,,,,40.67517475499441,-73.8762762035718,POINT (-73.876276203572 40.675174754994)
57964041,06/21/2023 09:42:48 PM,06/21/2023 10:03:38 PM,NYPD,New York City Police Department,Noise - Residential,Loud Music/Party,,Residential Building/House,11249,111 NORTH   12 STREET,NORTH   12 STREET,WYTHE AVENUE,BERRY STREET,WYTHE AVENUE,BERRY STREET,ADDRESS,BROOKLYN,NORTH   12 STREET,,Closed,,The Police Department responded to the complaint and took action to fix the condition.,06/21/2023 10:03:42 PM,01 BROOKLYN,33,Precinct 94,3022830001,BROOKLYN,996160,202334,MOBILE,Unspecified,BROOKLYN,,,,,,,,40.72202878901314,-73.95703295734614,POINT (-73.957032957346 40.722028789013)
57975075,06/22/2023 10:35:29 PM,06/22/2023 11:05:23 PM,NYPD,New York City Police Department,Blocked Driveway,Partial Access,,Street/Sidewalk,11103,30-31 43 STREET,43 STREET,30 AVENUE,31 AVENUE,30 AVENUE,31 AVENUE,ADDRESS,ASTORIA,43 STREET,,Closed,,The Police Department issued a summons in response to the complaint.,06/22/2023 11:05:26 PM,01 QUEENS,22,Precinct 114,4006970054,QUEENS,1008301,216919,MOBILE,Unspecified,QUEENS,,,,,,,,40.762036281839215,-73.91318041995028,POINT (-73.91318041995 40.762036281839)
57973950,06/22/2023 03:36:18 PM,06/26/2023 11:55:05 AM,DOHMH,Department of Health and Mental Hygiene,Rodent,Rat Sighting,,3+ Family Apt. Building,10034,116 SEAMAN AVENUE,SEAMAN AVENUE,WEST 204 STREET,PAYSON AVENUE,WEST  204 STREET,PAYSON AVENUE,ADDRESS,NEW YORK,SEAMAN AVENUE,,Closed,,This service request was closed because the Department of Health and Mental Hygiene received an earlier complaint about the same location.  You can find inspection results for this address by going to the online Rat Portal at www.nyc.gov/rats.,06/22/2023 03:36:18 PM,12 MANHATTAN,10,Precinct 34,1022480109,MANHATTAN,1005317,255724,PHONE,Unspecified,MANHATTAN,,,,,,,,40.86855270713376,-73.92383028741098,POINT (-73.923830287411 40.868552707134)
57968586,06/21/2023 07:54:05 PM,06/22/2023 02:15:39 AM,NYPD,New York City Police Department,Blocked Driveway,No Access,,Street/Sidewalk,11368,111-12 39 AVENUE,39 AVENUE,111 STREET,112 STREET,111 STREET,112 STREET,ADDRESS,CORONA,39 AVENUE,,Closed,,The Police Department responded and upon arrival those responsible for the condition were gone.,06/22/2023 02:15:42 AM,03 QUEENS,21,Precinct 115,4017840006,QUEENS,1024161,213458,MOBILE,Unspecified,QUEENS,,,,,,,,40.752479362119395,-73.85594943506246,POINT (-73.855949435062 40.752479362119)
57975696,06/22/2023 03:12:19 AM,06/22/2023 03:16:11 AM,NYPD,New York City Police Department,Noise - Residential,Loud Music/Party,,Residential Building/House,10456,1465 WASHINGTON AVENUE,WASHINGTON AVENUE,ST PAULS PLACE,EAST  171 STREET,ST PAULS PLACE,EAST  171 STREET,ADDRESS,BRONX,WASHINGTON AVENUE,,Closed,,The Police Department responded to the complaint and determined that police action was not necessary.,06/22/2023 03:16:15 AM,03 BRONX,16,Precinct 42,2029020036,BRONX,1010885,244212,ONLINE,Unspecified,BRONX,,,,,,,,40.83694066292417,-73.90374441298103,POINT (-73.903744412981 40.836940662924)
57970719,06/21/2023 08:06:54 PM,06/21/2023 08:44:05 PM,NYPD,New York City Police Department,Noise - Street/Sidewalk,Loud Music/Party,,Street/Sidewalk,10033,68 CABRINI BOULEVARD,CABRINI BOULEVARD,WEST  180 STREET,WEST  181 STREET,WEST  180 STREET,WEST  181 STREET,ADDRESS,NEW YORK,CABRINI BOULEVARD,,Closed,,The Police Department responded to the complaint and took action to fix the condition.,06/21/2023 08:44:10 PM,12 MANHATTAN,10,Precinct 34,1021770174,MANHATTAN,1000692,249141,MOBILE,Unspecified,MANHATTAN,,,,,,,,40.85049418083834,-73.94056855083767,POINT (-73.940568550838 40.850494180838)
57963645,06/21/2023 11:25:10 AM,09/28/2023 12:00:00 AM,DOB,Department of Buildings,General Construction/Plumbing,"Building - Vacant, Open And Unguarded",,,10301,55 FRANKLIN AVENUE,FRANKLIN AVENUE,,,,,ADDRESS,STATEN ISLAND,,,Closed,,The Department of Buildings investigated this complaint and determined that no further action was necessary.,09/28/2023 12:00:00 AM,01 STATEN ISLAND,49,Precinct 120,5000600048,STATEN ISLAND,958594,173978,UNKNOWN,Unspecified,STATEN ISLAND,,,,,,,,40.64416889256877,-74.09244972790911,POINT (-74.092449727909 40.644168892569)
57976650,06/22/2023 11:38:57 AM,06/23/2023 02:27:00 PM,DOT,Department of Transportation,Outdoor Dining,Sidewalk Zone Blocked,Pedestrian Path Less Than 8 Feet,Sidewalk,10461,3252 EAST TREMONT AVENUE,EAST TREMONT AVENUE,WATERBURY AVENUE,PURITAN AVENUE,WATERBURY AVENUE,PURITAN AVENUE,ADDRESS,BRONX,EAST TREMONT AVENUE,,Closed,,The Department of Transportation inspected the condition and determined that it is in compliance with its standards.,06/23/2023 02:27:05 PM,10 BRONX,13,Precinct 45,,BRONX,1030488,243742,PHONE,Unspecified,BRONX,,,,,,,,40.835569771820424,-73.83290497734512,POINT (-73.832904977345 40.83556977182)
57964482,06/22/2023 01:01:33 AM,06/22/2023 02:05:57 AM,NYPD,New York City Police Department,Noise - Street/Sidewalk,Loud Talking,,Street/Sidewalk,11355,41-17 MAIN STREET,MAIN STREET,41 AVENUE,41 ROAD,41 AVENUE,41 ROAD,ADDRESS,FLUSHING,MAIN STREET,,Closed,,The Police Department responded to the complaint and with the information available observed no evidence of the violation at that time.,06/22/2023 02:06:00 AM,07 QUEENS,20,Precinct 109,4050430011,QUEENS,1031554,215404,ONLINE,Unspecified,QUEENS,,,,,,,,40.757784167085475,-73.82925229006634,POINT (-73.829252290066 40.757784167085)
57964761,06/21/2023 11:00:59 AM,06/21/2023 11:07:59 AM,NYPD,New York City Police Department,Illegal Parking,Blocked Sidewalk,,Street/Sidewalk,11104,41-20 39 STREET,39 STREET,SKILLMAN AVENUE,43 AVENUE,SKILLMAN AVENUE,43 AVENUE,ADDRESS,SUNNYSIDE,39 STREET,,Closed,,The Police Department responded to the complaint and took action to fix the condition.,06/21/2023 11:08:03 AM,02 QUEENS,26,Precinct 108,4002150016,QUEENS,1004884,211497,MOBILE,Unspecified,QUEENS,,,,,,,,40.747162910421295,-73.92553177882772,POINT (-73.925531778828 40.747162910421)
57964347,06/21/2023 02:01:05 PM,07/22/2023 05:58:38 PM,HPD,Department of Housing Preservation and Development,UNSANITARY CONDITION,PESTS,OTHER,RESIDENTIAL BUILDING,11211,322 SOUTH    4 STREET,SOUTH    4 STREET,,,,,ADDRESS,BROOKLYN,,,Closed,,The Department of Housing Preservation and Development inspected the following conditions. No violations were issued. The complaint has been closed.,07/22/2023 12:00:00 AM,01 BROOKLYN,34,Precinct 90,3024490013,BROOKLYN,996667,197614,ONLINE,Unspecified,BROOKLYN,,,,,,,,40.70907282287113,-73.95521258829159,POINT (-73.955212588292 40.709072822871)
57969162,06/21/2023 08:32:33 PM,06/21/2023 09:30:53 PM,NYPD,New York City Police Department,Blocked Driveway,Partial Access,,Street/Sidewalk,11422,259-42 147 DRIVE,147 DRIVE,259 STREET,FRANCIS LEWIS BOULEVARD,259 STREET,FRANCIS LEWIS BOULEVARD,ADDRESS,ROSEDALE,147 DRIVE,,Closed,,The Police Department issued a summons in response to the complaint.,06/21/2023 09:30:57 PM,13 QUEENS,31,Precinct 105,4136840089,QUEENS,1059641,178262,ONLINE,Unspecified,QUEENS,,,,,,,,40.65564376674053,-73.72828631998195,POINT (-73.728286319982 40.655643766741)
57968397,06/21/2023 11:29:24 PM,06/26/2023 01:07:52 PM,HPD,Department of Housing Preservation and Development,PLUMBING,WATER SUPPLY,NO HOT WATER,RESIDENTIAL BUILDING,11379,62-01 84 STREET,84 STREET,,,,,ADDRESS,MIDDLE VILLAGE,,,Closed,,The Department of Housing Preservation and Development inspected the following conditions. No violations were issued. The complaint has been closed.,06/26/2023 12:00:00 AM,05 QUEENS,29,Precinct 104,4029740060,QUEENS,1019560,203467,PHONE,Unspecified,QUEENS,,,,,,,,40.725076143938004,-73.87260821784547,POINT (-73.872608217845 40.725076143938)
57963195,06/21/2023 10:11:38 AM,06/21/2023 11:18:26 AM,NYPD,New York City Police Department,Abandoned Vehicle,With License Plate,,Street/Sidewalk,10306,6 CHARLES COURT,CHARLES COURT,DEAD END,NEVADA AVENUE,DEAD END,NEVADA AVENUE,ADDRESS,STATEN ISLAND,CHARLES COURT,,Closed,,The Police Department responded to the complaint and took action to fix the condition.,06/21/2023 11:18:30 AM,02 STATEN ISLAND,50,Precinct 122,5009520165,STATEN ISLAND,949012,151016,PHONE,Unspecified,STATEN ISLAND,,,,,,,,40.58111006311385,-74.12685797348736,POINT (-74.126857973487 40.581110063114)
57966714,06/21/2023 12:21:57 PM,06/21/2023 12:36:15 PM,NYPD,New York City Police Department,Non-Emergency Police Matter,Other (complaint details),,Street/Sidewalk,10019,300 WEST   54 STREET,WEST   54 STREET,8 AVENUE,9 AVENUE,8 AVENUE,9 AVENUE,ADDRESS,NEW YORK,WEST   54 STREET,,Closed,,The Police Department responded to the complaint and determined that police action was not necessary.,06/21/2023 12:36:22 PM,04 MANHATTAN,03,Precinct 18,1010447501,MANHATTAN,988485,217974,ONLINE,Unspecified,MANHATTAN,,,,,,,,40.764963684473265,-73.98471177813548,POINT (-73.984711778135 40.764963684473)
57972897,06/22/2023 05:03:57 PM,06/23/2023 12:37:52 AM,NYPD,New York City Police Department,Blocked Driveway,No Access,,Street/Sidewalk,11385,1866 WOODBINE STREET,WOODBINE STREET,ONDERDONK AVENUE,MYRTLE AVENUE LINE,ONDERDONK AVENUE,MYRTLE AVENUE LINE,ADDRESS,RIDGEWOOD,WOODBINE STREET,,Closed,,The Police Department responded and upon arrival those responsible for the condition were gone.,06/23/2023 12:37:58 AM,05 QUEENS,34,Precinct 104,4034700011,QUEENS,1010389,195614,MOBILE,Unspecified,QUEENS,,,,,,,,40.703553400489724,-73.90572590784895,POINT (-73.905725907849 40.70355340049)
57963780,06/21/2023 09:20:08 PM,06/21/2023 10:20:08 PM,NYPD,New York City Police Department,Blocked Driveway,No Access,,Street/Sidewalk,11432,161-20 89 AVENUE,89 AVENUE,161 STREET,162 STREET,161 STREET,162 STREET,ADDRESS,JAMAICA,89 AVENUE,,Closed,,The Police Department responded to the complaint and took action to fix the condition.,06/21/2023 10:20:12 PM,12 QUEENS,27,Precinct 103,4097600045,QUEENS,1039777,196723,MOBILE,Unspecified,QUEENS,,,,,,,,40.70646172417981,-73.79972495316272,POINT (-73.799724953163 40.70646172418)
57969648,06/21/2023 05:30:46 PM,06/27/2023 09:57:28 AM,HPD,Department of Housing Preservation and Development,DOOR/WINDOW,DOOR,BROKEN OR MISSING,RESIDENTIAL BUILDING,11213,1515 ST JOHNS PLACE,ST JOHNS PLACE,,,,,ADDRESS,BROOKLYN,,,Closed,,The Department of Housing Preservation and Development inspected the following conditions. No violations were issued. The complaint has been closed.,06/27/2023 12:00:00 AM,08 BROOKLYN,36,Precinct 77,3013800074,BROOKLYN,1004370,183529,PHONE,Unspecified,BROOKLYN,,,,,,,,40.67039858960956,-73.92747038135592,POINT (-73.927470381356 40.67039858961)
57963339,06/21/2023 01:56:22 PM,06/04/2024 12:52:52 AM,DOHMH,Department of Health and Mental Hygiene,Food Establishment,Rodents/Insects/Garbage,Rodent Infestation,Restaurant/Bar/Deli/Bakery,11207,1111 PENNSYLVANIA AVENUE,PENNSYLVANIA AVENUE,COZINE AVENUE,FLATLANDS AVENUE,COZINE AVENUE,FLATLANDS AVENUE,ADDRESS,BROOKLYN,PENNSYLVANIA AVENUE,,Closed,,This SR was administratively closed. The issue you reported was addressed.,06/04/2024 12:52:57 AM,05 BROOKLYN,42,Precinct 75,3044130001,BROOKLYN,1015670,177356,PHONE,Unspecified,BROOKLYN,,,,,,,,40.65342218970172,-73.88676435878874,POINT (-73.886764358789 40.653422189702)
57961656,06/21/2023 02:54:43 PM,07/09/2023 11:58:38 AM,HPD,Department of Housing Preservation and Development,UNSANITARY CONDITION,GARBAGE/RECYCLING STORAGE,ACCUMULATION,RESIDENTIAL BUILDING,10022,335 EAST   52 STREET,EAST   52 STREET,,,,,ADDRESS,NEW YORK,,,Closed,,The Department of Housing Preservation and Development inspected the following conditions. No violations were issued. The complaint has been closed.,07/09/2023 12:00:00 AM,06 MANHATTAN,04,Precinct 17,1013450017,MANHATTAN,993497,214610,PHONE,Unspecified,MANHATTAN,,,,,,,,40.755726546169285,-73.96662323820448,POINT (-73.966623238204 40.755726546169)
57962286,06/21/2023 01:45:51 PM,06/21/2023 01:45:51 PM,DOB,Department of Buildings,Real Time Enforcement,Work Without A Permit - Occupied Multiple Dwelling,,,11206,500 WILLOUGHBY AVENUE,WILLOUGHBY AVENUE,,,,,ADDRESS,BROOKLYN,,,Closed,,The Department of Buildings investigated this complaint and determined that no further action was necessary.,06/21/2023 12:00:00 AM,03 BROOKLYN,36,Precinct 79,3017660036,BROOKLYN,998139,192044,UNKNOWN,Unspecified,BROOKLYN,,,,,,,,40.69378229157198,-73.94991465644918,POINT (-73.949914656449 40.693782291572)
57973392,06/22/2023 03:39:41 PM,06/27/2023 07:38:38 PM,HPD,Department of Housing Preservation and Development,FLOORING/STAIRS,FLOOR,TILE BROKEN OR MISSING,RESIDENTIAL BUILDING,11230,1170 OCEAN AVENUE,OCEAN AVENUE,,,,,ADDRESS,BROOKLYN,,,Closed,,The Department of Housing Preservation and Development inspected the following conditions. No violations were issued. The complaint has been closed.,06/27/2023 12:00:00 AM,14 BROOKLYN,45,Precinct 70,3052400017,BROOKLYN,995923,170222,PHONE,Unspecified,BROOKLYN,,,,,,,,40.633888944680244,-73.95794358913294,POINT (-73.957943589133 40.63388894468)
57966120,06/21/2023 09:53:51 AM,06/28/2023 10:13:36 AM,DOT,Department of Transportation,Sidewalk Condition,Broken Sidewalk,1-3 Residential Units,Sidewalk,11379,69-19 62 DRIVE,62 DRIVE,69 STREET,69 PLACE,69 STREET,69 PLACE,ADDRESS,MIDDLE VILLAGE,62 DRIVE,,Closed,,"The Department of Transportation will inspect the complaint location and notify the property owner within 180 days if a defective sidewalk condition exists. The property owner is responsible for maintaining, repairing and installing sidewalks adjoining their property, according to Section 19-152 of the New York City Administrative Code.",06/28/2023 10:13:42 AM,05 QUEENS,30,Precinct 104,4029520034,QUEENS,1015320,200405,MOBILE,Unspecified,QUEENS,,,,,,,,40.71668760794689,-73.88791945049876,POINT (-73.887919450499 40.716687607947)
57977946,06/23/2023 12:25:18 AM,06/23/2023 05:29:21 AM,NYPD,New York City Police Department,Illegal Parking,Blocked Hydrant,,Street/Sidewalk,10461,1615 EDISON AVENUE,EDISON AVENUE,MIDDLETOWN ROAD,ROBERTS AVENUE,MIDDLETOWN ROAD,ROBERTS AVENUE,ADDRESS,BRONX,EDISON AVENUE,,Closed,,The Police Department issued a summons in response to the complaint.,06/23/2023 05:29:26 AM,10 BRONX,13,Precinct 45,2041580054,BRONX,1030487,246808,MOBILE,Unspecified,BRONX,,,,,,,,40.84398503941034,-73.83288745358294,POINT (-73.832887453583 40.84398503941)
57969549,06/21/2023 02:00:52 PM,07/23/2023 02:30:08 PM,HPD,Department of Housing Preservation and Development,APPLIANCE,ELECTRIC/GAS RANGE,NO GAS OR ELECTRICITY,RESIDENTIAL BUILDING,10027,1423 AMSTERDAM AVENUE,AMSTERDAM AVENUE,,,,,ADDRESS,NEW YORK,,,Closed,,The Department of Housing Preservation and Development inspected the following conditions. No violations were issued. The complaint has been closed.,07/23/2023 12:00:00 AM,09 MANHATTAN,07,Precinct 26,1019700002,MANHATTAN,996854,236510,PHONE,Unspecified,MANHATTAN,,,,,,,,40.81583204114581,-73.95446516150811,POINT (-73.954465161508 40.815832041146)
57962718,06/21/2023 10:04:32 PM,06/21/2023 10:28:05 PM,NYPD,New York City Police Department,Noise - Commercial,Loud Music/Party,,Store/Commercial,11249,168 WYTHE AVENUE,WYTHE AVENUE,NORTH    7 STREET,NORTH    6 STREET,NORTH    7 STREET,NORTH    6 STREET,ADDRESS,BROOKLYN,WYTHE AVENUE,,Closed,,The Police Department responded to the complaint and took action to fix the condition.,06/21/2023 10:28:08 PM,01 BROOKLYN,33,Precinct 94,3023250018,BROOKLYN,995191,201392,MOBILE,Unspecified,BROOKLYN,,,,,,,,40.71944447795797,-73.96053029535764,POINT (-73.960530295358 40.719444477958)
57965328,06/21/2023 09:02:55 PM,06/21/2023 10:13:17 PM,NYPD,New York City Police Department,Noise - Residential,Loud Music/Party,,Residential Building/House,11205,470 DEKALB AVENUE,DEKALB AVENUE,KENT AVENUE,FRANKLIN AVENUE,KENT AVENUE,FRANKLIN AVENUE,ADDRESS,BROOKLYN,DEKALB AVENUE,,Closed,,The Police Department responded to the complaint and took action to fix the condition.,06/21/2023 10:13:22 PM,03 BROOKLYN,36,Precinct 79,3019380001,BROOKLYN,995861,190879,ONLINE,Unspecified,BROOKLYN,,,,,,,,40.690587917840816,-73.95813139506514,POINT (-73.958131395065 40.690587917841)
57968379,06/21/2023 04:47:42 PM,08/01/2023 07:08:46 AM,HPD,Department of Housing Preservation and Development,WATER LEAK,HEAVY FLOW,AT WALL OR CEILING,RESIDENTIAL BUILDING,10038,31 OLIVER STREET,OLIVER STREET,,,,,ADDRESS,NEW YORK,,,Closed,,The Department of Housing Preservation and Development inspected the following conditions. No violations were issued. The complaint has been closed.,08/01/2023 12:00:00 AM,03 MANHATTAN,01,Precinct 5,1002790002,MANHATTAN,984852,198726,PHONE,Unspecified,MANHATTAN,,,,,,,,40.71213369113007,-73.99782852067393,POINT (-73.997828520674 40.71213369113)
57967254,06/21/2023 05:28:40 AM,06/21/2023 05:55:59 AM,NYPD,New York City Police Department,Illegal Parking,Blocked Hydrant,,Street/Sidewalk,11233,159 SUMPTER STREET,SUMPTER STREET,RALPH AVENUE,HOWARD AVENUE,RALPH AVENUE,HOWARD AVENUE,ADDRESS,BROOKLYN,SUMPTER STREET,,Closed,,The Police Department issued a summons in response to the complaint.,06/21/2023 05:56:03 AM,03 BROOKLYN,41,Precinct 81,3015180038,BROOKLYN,1006485,187035,PHONE,Unspecified,BROOKLYN,,,,,,,,40.680016706746194,-73.91983455746586,POINT (-73.919834557466 40.680016706746)
57965337,06/21/2023 05:11:10 PM,06/21/2023 06:34:31 PM,NYPD,New York City Police Department,Noise - Residential,Loud Talking,,Residential Building/House,11414,84-20 153 AVENUE,153 AVENUE,84 STREET,88 STREET,84 STREET,88 STREET,ADDRESS,HOWARD BEACH,153 AVENUE,,Closed,,The Police Department responded to the complaint and took action to fix the condition.,06/21/2023 06:34:36 PM,10 QUEENS,32,Precinct 106,4114460012,QUEENS,1025872,182091,ONLINE,Unspecified,QUEENS,,,,,,,,40.66637662809284,-73.84996784843865,POINT (-73.849967848439 40.666376628093)
57975192,06/22/2023 04:16:51 AM,07/27/2023 12:04:52 PM,EDC,Economic Development Corporation,Noise - Helicopter,Other,Flying Too Low,Above Address,11201,1 PIERREPONT STREET,PIERREPONT STREET,CLARK STREET,PIERREPONT STREET,CLARK STREET,PIERREPONT STREET,ADDRESS,BROOKLYN,PIERREPONT STREET,,Closed,,The New York City Economic Development Corporation determined that the helicopter tour operator was operating within the limits of the New York City Helicopter Sightseeing Plan which establishes specific over water routing for tour flights.,07/27/2023 12:04:56 PM,02 BROOKLYN,33,Precinct 84,3002340008,BROOKLYN,985073,193057,ONLINE,Unspecified,BROOKLYN,,,,,,,,40.696573601808964,-73.99703204253264,POINT (-73.997032042533 40.696573601809)
57971862,06/22/2023 07:03:36 AM,07/12/2023 09:17:51 AM,TLC,Taxi and Limousine Commission,Taxi Complaint,Driver Complaint - Non Passenger,Unauthorized Pick-Up Location,Street,10019,9 AVENUE,9 AVENUE,9 AVENUE,WEST   50 STREET,9 AVENUE,WEST   50 STREET,INTERSECTION,,,,Closed,,"Based on the information provided by the customer, the Taxi and Limousine Commission has determined that a hearing is not necessary or not possible.",07/12/2023 09:17:53 AM,04 MANHATTAN,03,Precinct 18,,MANHATTAN,987312,217435,PHONE,Unspecified,MANHATTAN,,,"9 AVENUE AND WEST   50 STREET, MANHATTAN, NY, 10019",,,,,40.763484752641574,-73.98894651811928,POINT (-73.988946518119 40.763484752642)
57969603,06/21/2023 09:50:33 AM,08/14/2023 09:53:47 AM,HPD,Department of Housing Preservation and Development,UNSANITARY CONDITION,PESTS,ROACHES,RESIDENTIAL BUILDING,10467,3800 CARPENTER AVENUE,CARPENTER AVENUE,,,,,ADDRESS,BRONX,,,Closed,,"The Department of Housing Preservation and Development was not able to gain access to inspect the following conditions. The complaint has been closed. If the condition still exists, please file a new complaint.",08/14/2023 12:00:00 AM,12 BRONX,12,Precinct 47,2046540001,BRONX,1021416,261586,PHONE,Unspecified,BRONX,,,,,,,,40.88458896447199,-73.86559039482232,POINT (-73.865590394822 40.884588964472)
57964734,06/21/2023 12:17:00 PM,06/21/2023 03:17:21 PM,NYPD,New York City Police Department,Illegal Parking,Blocked Hydrant,,Street/Sidewalk,11223,1828 WEST   12 STREET,WEST   12 STREET,HIGHLAWN AVENUE,AVENUE S,HIGHLAWN AVENUE,AVENUE S,ADDRESS,BROOKLYN,WEST   12 STREET,,Closed,,The Police Department responded to the complaint and determined that police action was not necessary.,06/21/2023 03:17:27 PM,11 BROOKLYN,43,Precinct 62,3066680019,BROOKLYN,988606,158616,MOBILE,Unspecified,BROOKLYN,,,,,,,,40.60203950517432,-73.98431334454479,POINT (-73.984313344545 40.602039505174)
57968577,06/21/2023 07:29:57 PM,06/21/2023 08:10:04 PM,NYPD,New York City Police Department,Illegal Parking,Blocked Hydrant,,Street/Sidewalk,11215,611 CARROLL STREET,CARROLL STREET,5 AVENUE,6 AVENUE,5 AVENUE,6 AVENUE,ADDRESS,BROOKLYN,CARROLL STREET,,Closed,,The Police Department responded to the complaint and with the information available observed no evidence of the violation at that time.,06/21/2023 08:10:10 PM,06 BROOKLYN,39,Precinct 78,3009590086,BROOKLYN,989550,185193,MOBILE,Unspecified,BROOKLYN,,,,,,,,40.67498717253024,-73.98089297287497,POINT (-73.980892972875 40.67498717253)
57976488,06/22/2023 03:24:21 PM,,DPR,Department of Parks and Recreation,Damaged Tree,Branch Cracked and Will Fall,Hanging from Other Branches,Street,11209,555 OVINGTON AVENUE,OVINGTON AVENUE,5 AVENUE,6 AVENUE,5 AVENUE,6 AVENUE,ADDRESS,BROOKLYN,OVINGTON AVENUE,,In Progress,,"NYC Parks created a work order for the tree condition and expects to address the issue within 120 days from the date of the tree assessment, barring any weather-related requests.   NYC Parks work priority categories range from Category A through D, with A being the most critical and time-sensitive. We will complete all work in Category A first and address work in lower priority categories in accordance with available resources. For more information about the Tree Risk Management Program, visit the NYC Urban Forest page on the NYC Parks website at nyc.gov/parks/trees.",07/18/2023 12:29:26 PM,10 BROOKLYN,47,Precinct 68,3058740063,BROOKLYN,978741,169492,ONLINE,Unspecified,BROOKLYN,,,,,,,,40.63189122768691,-74.01984766770063,POINT (-74.019847667701 40.631891227687)
57967740,06/21/2023 11:11:27 AM,06/22/2023 12:14:23 PM,DSNY,Department of Sanitation,Missed Collection,Trash,N/A,Street,10461,1363 EDWARDS AVENUE,EDWARDS AVENUE,WATERBURY AVENUE,LATTING STREET,WATERBURY AVENUE,LATTING STREET,ADDRESS,BRONX,EDWARDS AVENUE,,Closed,,The Department of Sanitation collected the requested items.,06/21/2023 11:10:26 PM,10 BRONX,13,Precinct 45,2053490029,BRONX,1029639,244538,ONLINE,Unspecified,BRONX,,,,,,,,40.837758961726685,-73.83596770222842,POINT (-73.835967702228 40.837758961727)
57976560,06/22/2023 02:49:00 PM,06/23/2023 08:03:00 PM,DSNY,Department of Sanitation,Derelict Vehicles,Derelict Vehicles,,Street,10455,771 DAWSON STREET,DAWSON STREET,EAST 156 STREET,LONGWOOD AVENUE,,,ADDRESS,BRONX,,DSNY Garage,Closed,,DSNY already has a request to investigate this reportedly abandoned vehicle and cannot open multiple service requests for the same vehicle at once. Your request is being closed while we action the prior report.,06/23/2023 12:00:00 PM,02 BRONX,17,Precinct 41,2026950033,BRONX,1011946,237141,PHONE,Unspecified,BRONX,,,,,,,,40.81752953379223,-73.89993928335888,POINT (-73.899939283359 40.817529533792)
57977091,06/22/2023 04:36:08 PM,07/20/2023 11:03:42 AM,HPD,Department of Housing Preservation and Development,PLUMBING,BASIN/SINK,SINK DETACHED FROM WALL,RESIDENTIAL BUILDING,10452,1220 SHAKESPEARE AVENUE,SHAKESPEARE AVENUE,,,,,ADDRESS,BRONX,,,Closed,,"The Department of Housing Preservation and Development was not able to gain access to inspect the following conditions. The complaint has been closed. If the condition still exists, please file a new complaint.",07/20/2023 12:00:00 AM,04 BRONX,16,Precinct 44,2025060024,BRONX,1005479,244390,PHONE,Unspecified,BRONX,,,,,,,,40.837443871036854,-73.92328045193604,POINT (-73.923280451936 40.837443871037)
57967812,06/21/2023 09:23:43 PM,06/21/2023 09:46:26 PM,NYPD,New York City Police Department,Blocked Driveway,No Access,,Street/Sidewalk,11231,56 SUMMIT STREET,SUMMIT STREET,VAN BRUNT STREET,COLUMBIA STREET,VAN BRUNT STREET,COLUMBIA STREET,ADDRESS,BROOKLYN,SUMMIT STREET,,Closed,,The Police Department responded to the complaint and with the information available observed no evidence of the violation at that time.,06/21/2023 09:46:31 PM,06 BROOKLYN,39,Precinct 76,3003570013,BROOKLYN,982837,188001,MOBILE,Unspecified,BROOKLYN,,,,,,,,40.68269597054563,-74.0050945943622,POINT (-74.005094594362 40.682695970546)
57968685,06/21/2023 10:52:41 AM,06/23/2023 12:00:00 AM,DOB,Department of Buildings,Elevator,Elevator - Multiple Devices On Property,,,11207,245 WORTMAN AVENUE,WORTMAN AVENUE,,,,,ADDRESS,BROOKLYN,,,Closed,,The Department of Buildings investigated this complaint and issued an Office of Administrative Trials and Hearings (OATH) summons.,06/23/2023 12:00:00 AM,05 BROOKLYN,42,Precinct 75,3043710001,BROOKLYN,1016373,178763,UNKNOWN,Unspecified,BROOKLYN,,,,,,,,40.65728157125961,-73.88422409341273,POINT (-73.884224093413 40.65728157126)
57968883,06/21/2023 04:18:08 PM,06/21/2023 04:18:08 PM,DOHMH,Department of Health and Mental Hygiene,Rodent,Signs of Rodents,,3+ Family Apt. Building,11220,450 63 STREET,63 STREET,4 AVENUE,5 AVENUE,4 AVENUE,5 AVENUE,ADDRESS,BROOKLYN,63 STREET,,Closed,,The Department of Health and Mental Hygiene inspected the property you reported and did not find any violations at the time of the inspection. The property passed inspection.,06/21/2023 04:18:08 PM,07 BROOKLYN,38,Precinct 72,3058090025,BROOKLYN,978972,171870,MOBILE,Unspecified,BROOKLYN,,,,,,,,40.638418472641284,-74.019017287505,POINT (-74.019017287505 40.638418472641)
57983652,06/23/2023 03:28:07 AM,,EDC,Economic Development Corporation,Noise - Helicopter,Other,Hovering,Above Address,11231,380 VAN BRUNT STREET,VAN BRUNT STREET,WOLCOTT STREET,DIKEMAN STREET,WOLCOTT STREET,DIKEMAN STREET,ADDRESS,BROOKLYN,VAN BRUNT STREET,,In Progress,,,,06 BROOKLYN,38,Precinct 76,3005750025,BROOKLYN,980560,185934,ONLINE,Unspecified,BROOKLYN,,,,,,,,40.67702186794198,-74.01330322280423,POINT (-74.013303222804 40.677021867942)
57978792,06/22/2023 09:17:26 PM,06/23/2023 09:47:27 PM,DSNY,Department of Sanitation,Commercial Disposal Complaint,Waste Left in Front of Residence,N/A,Sidewalk,11233,1751 FULTON STREET,FULTON STREET,STUYVESANT AVENUE,MALCOLM X BOULEVARD,STUYVESANT AVENUE,MALCOLM X BOULEVARD,ADDRESS,BROOKLYN,FULTON STREET,,Closed,,The Department of Sanitation investigated this complaint and found no violation at the location.,06/23/2023 09:47:35 PM,03 BROOKLYN,36,Precinct 81,3016910012,BROOKLYN,1003877,186768,PHONE,Unspecified,BROOKLYN,,,,,,,,40.67929001936309,-73.92923814044846,POINT (-73.929238140448 40.679290019363)
57969468,06/21/2023 11:18:57 AM,06/24/2023 09:43:38 PM,DSNY,Department of Sanitation,Obstruction,Merchandise,Sidewalk,Sidewalk,11235,BRIGHTON BEACH AVENUE,BRIGHTON BEACH AVENUE,BRIGHTON BEACH AVENUE,CONEY ISLAND AVENUE,BRIGHTON BEACH AVENUE,CONEY ISLAND AVENUE,INTERSECTION,,,,Closed,,The Department of Sanitation investigated this complaint and found no violation at the location.,06/24/2023 09:43:42 PM,13 BROOKLYN,48,Precinct 60,,BROOKLYN,995463,149858,PHONE,Unspecified,BROOKLYN,,,,,,,,40.57799452613772,-73.95963472224898,POINT (-73.959634722249 40.577994526138)
57978954,06/22/2023 02:01:16 AM,06/04/2024 12:53:34 AM,DOHMH,Department of Health and Mental Hygiene,Food Establishment,Letter Grading,Letter Grade Missing/Not Visible,Restaurant/Bar/Deli/Bakery,10003,80 EAST    4 STREET,EAST    4 STREET,BOWERY,2 AVENUE,BOWERY,2 AVENUE,ADDRESS,NEW YORK,EAST    4 STREET,,Closed,,This SR was administratively closed. The issue you reported was addressed.,06/04/2024 12:53:37 AM,03 MANHATTAN,02,Precinct 9,1004590029,MANHATTAN,987044,203919,ONLINE,Unspecified,MANHATTAN,,,,,,,,40.726386805840875,-73.98991958326387,POINT (-73.989919583264 40.726386805841)
57974490,06/22/2023 04:08:11 PM,07/07/2023 12:00:00 AM,DOB,Department of Buildings,General Construction/Plumbing,Building Permit - None,,,11416,95-11 107 STREET,107 STREET,,,,,ADDRESS,OZONE PARK,,,Closed,,The Department of Buildings investigated this complaint and determined that no further action was necessary.,07/07/2023 12:00:00 AM,09 QUEENS,29,Precinct 102,4093910036,QUEENS,1029260,190584,UNKNOWN,Unspecified,QUEENS,,,,,,,,40.68967137678224,-73.83769864691874,POINT (-73.837698646919 40.689671376782)
57962583,06/21/2023 08:34:00 AM,06/21/2023 11:39:00 PM,DSNY,Department of Sanitation,Derelict Vehicles,Derelict Vehicles,,Street,11423,201-17 100 AVENUE,100 AVENUE,201 STREET,202 STREET,,,ADDRESS,HOLLIS,,,Closed,,The Department of Sanitation (DSNY) couldn't find the condition. Please file a new Service Request with more details about the location.,06/21/2023 12:00:00 PM,12 QUEENS,27,Precinct 103,4108480018,QUEENS,1051253,198343,PHONE,Unspecified,QUEENS,,,,,,,,40.71082876538582,-73.75831733302257,POINT (-73.758317333023 40.710828765386)
57976812,06/22/2023 08:47:35 PM,06/22/2023 08:58:41 PM,NYPD,New York City Police Department,Noise - Street/Sidewalk,Loud Music/Party,,Street/Sidewalk,10002,193 ELDRIDGE STREET,ELDRIDGE STREET,RIVINGTON STREET,STANTON STREET,RIVINGTON STREET,STANTON STREET,ADDRESS,NEW YORK,ELDRIDGE STREET,,Closed,,The Police Department responded to the complaint and took action to fix the condition.,06/22/2023 08:58:47 PM,03 MANHATTAN,01,Precinct 5,1004217501,MANHATTAN,986865,201924,MOBILE,Unspecified,MANHATTAN,,,,,,,,40.720911068855344,-73.99056616894214,POINT (-73.990566168942 40.720911068855)
57969729,06/21/2023 11:56:36 AM,06/23/2023 11:07:21 AM,DCWP,Department of Consumer and Worker Protection,Consumer Complaint,Tobacco Sales,Sold to Minor,Business,10014,115 GREENWICH AVENUE,GREENWICH AVENUE,JANE STREET,HORATIO STREET,JANE STREET,HORATIO STREET,ADDRESS,NEW YORK,GREENWICH AVENUE,,Closed,,"The Department of Consumer and Worker Protection (DCWP) closed your NYC311 Service Request.   DCWP couldn't take action on your complaint because it didn't include important details, such as your contact information or the business's name or location.  If you would like to pursue this complaint, you can file a new NYC311 Service Request. Please provide more information about the complaint so DCWP can help you.",06/23/2023 11:07:25 AM,02 MANHATTAN,03,Precinct 6,1006160027,MANHATTAN,983669,208230,PHONE,Unspecified,MANHATTAN,,,,,,,,40.73821986471887,-74.0020965505511,POINT (-74.002096550551 40.738219864719)
57978243,06/22/2023 12:45:28 PM,04/12/2024 08:24:26 PM,HPD,Department of Housing Preservation and Development,ELECTRIC,LIGHTING,DIMS OR FLICKERS,RESIDENTIAL BUILDING,11236,521 EAST   88 STREET,EAST   88 STREET,,,,,ADDRESS,BROOKLYN,,,Closed,,The Department of Housing Preservation and Development inspected the following conditions. No violations were issued. The complaint has been closed.,04/12/2024 12:00:00 AM,18 BROOKLYN,42,Precinct 69,3079670026,BROOKLYN,1008559,173817,PHONE,Unspecified,BROOKLYN,,,,,,,,40.64373078204529,-73.91240467582705,POINT (-73.912404675827 40.643730782045)
57970143,06/21/2023 12:53:02 PM,07/17/2023 10:31:07 AM,DSNY,Department of Sanitation,Missed Collection,Recycling - Paper/Metal/Glass/Rigid Plastic,N/A,Street,11364,221-11 69 AVENUE,69 AVENUE,SPRINGFIELD BOULEVARD,222 STREET,SPRINGFIELD BOULEVARD,222 STREET,ADDRESS,OAKLAND GARDENS,69 AVENUE,,Closed,,The Department of Sanitation collected the requested items.,06/22/2023 11:34:24 PM,11 QUEENS,23,Precinct 111,4076680163,QUEENS,1052477,210279,PHONE,Unspecified,QUEENS,,,,,,,,40.74358069464851,-73.75378132097197,POINT (-73.753781320972 40.743580694649)
57965580,06/21/2023 05:03:20 PM,06/30/2023 03:50:53 PM,HPD,Department of Housing Preservation and Development,GENERAL,MAILBOX,BOX BROKEN OR MISSING,RESIDENTIAL BUILDING,10454,534 EAST  138 STREET,EAST  138 STREET,,,,,ADDRESS,BRONX,,,Closed,,The Department of Housing Preservation and Development inspected the following conditions. Violations were issued. Information about specific violations is available at www.nyc.gov/hpd,06/30/2023 12:00:00 AM,01 BRONX,08,Precinct 40,2022650037,BRONX,1006895,233338,PHONE,Unspecified,BRONX,,,,,,,,40.807105754508946,-73.91820046541295,POINT (-73.918200465413 40.807105754509)
57962007,06/21/2023 03:53:22 PM,06/23/2023 09:48:07 AM,DOT,Department of Transportation,Street Condition,Cave-in,N/A,Street,11223,94 AVENUE T,AVENUE T,WEST   11 STREET,WEST   10 STREET,WEST   11 STREET,WEST   10 STREET,ADDRESS,BROOKLYN,AVENUE T,,Closed,,The Department of Transportation inspected the condition you reported and found that the condition meets its standards and/or there is a valid permit to conduct work.,06/23/2023 09:48:12 AM,11 BROOKLYN,43,Precinct 62,3070950009,BROOKLYN,989275,157259,ONLINE,Unspecified,BROOKLYN,,,,,,,,40.598314461194754,-73.98190517763895,POINT (-73.981905177639 40.598314461195)
57975858,06/22/2023 04:39:11 PM,06/27/2023 09:23:19 AM,HPD,Department of Housing Preservation and Development,UNSANITARY CONDITION,PESTS,ROACHES,RESIDENTIAL BUILDING,11226,1900 ALBEMARLE ROAD,ALBEMARLE ROAD,,,,,ADDRESS,BROOKLYN,,,Closed,,The Department of Housing Preservation and Development inspected the following conditions. No violations were issued. The complaint has been closed.,06/27/2023 12:00:00 AM,14 BROOKLYN,40,Precinct 70,3051230001,BROOKLYN,994936,175044,ONLINE,Unspecified,BROOKLYN,,,,,,,,40.64712554619708,-73.96149199333054,POINT (-73.961491993331 40.647125546197)
57966633,06/21/2023 09:55:38 PM,06/21/2023 11:24:30 PM,NYPD,New York City Police Department,Noise - Residential,Loud Music/Party,,Residential Building/House,10465,1018 LOGAN AVENUE,LOGAN AVENUE,BARKLEY AVENUE,OTIS AVENUE,BARKLEY AVENUE,OTIS AVENUE,ADDRESS,BRONX,LOGAN AVENUE,,Closed,,The Police Department responded to the complaint and took action to fix the condition.,06/21/2023 11:24:33 PM,10 BRONX,13,Precinct 45,2054210078,BRONX,1032723,242681,ONLINE,Unspecified,BRONX,,,,,,,,40.83264565417042,-73.82483581585217,POINT (-73.824835815852 40.83264565417)
57974445,06/22/2023 05:49:53 PM,06/26/2023 08:37:09 PM,HPD,Department of Housing Preservation and Development,DOOR/WINDOW,WINDOW FRAME,LOOSE OR DEFECTIVE,RESIDENTIAL BUILDING,10460,2140 REAR DALY AVENUE,DALY AVENUE,,,,,ADDRESS,BRONX,,,Closed,,The Department of Housing Preservation and Development inspected the following conditions. No violations were issued. The complaint has been closed.,06/26/2023 12:00:00 AM,06 BRONX,15,Precinct 48,2031290005,BRONX,1017199,247371,PHONE,Unspecified,BRONX,,,,,,,,40.845589888131535,-73.8809109049457,POINT (-73.880910904946 40.845589888132)
57963888,06/21/2023 09:06:00 PM,06/21/2023 09:37:42 PM,NYPD,New York City Police Department,Noise - Commercial,Loud Music/Party,,Store/Commercial,11249,96 WYTHE AVENUE,WYTHE AVENUE,NORTH   11 STREET,NORTH   10 STREET,NORTH   11 STREET,NORTH   10 STREET,ADDRESS,BROOKLYN,WYTHE AVENUE,,Closed,,The Police Department responded to the complaint and with the information available observed no evidence of the violation at that time.,06/21/2023 09:37:46 PM,01 BROOKLYN,33,Precinct 94,3022950021,BROOKLYN,995800,202137,MOBILE,Unspecified,BROOKLYN,,,,,,,,40.72148854900699,-73.95833204713233,POINT (-73.958332047132 40.721488549007)
57972357,06/23/2023 01:06:51 AM,06/23/2023 01:54:56 AM,NYPD,New York City Police Department,Illegal Parking,Commercial Overnight Parking,,Street/Sidewalk,11368,104-71 48 AVENUE,48 AVENUE,104 STREET,108 STREET,104 STREET,108 STREET,ADDRESS,CORONA,48 AVENUE,,Closed,,The Police Department responded to the complaint and with the information available observed no evidence of the violation at that time.,06/23/2023 01:55:00 AM,04 QUEENS,21,Precinct 110,4019910049,QUEENS,1023393,210810,MOBILE,Unspecified,QUEENS,,,,,,,,40.74521471164212,-73.85873678131725,POINT (-73.858736781317 40.745214711642)
57975318,06/22/2023 11:49:18 AM,06/22/2023 12:16:29 PM,NYPD,New York City Police Department,Blocked Driveway,Partial Access,,Street/Sidewalk,11232,966 3 AVENUE,3 AVENUE,36 STREET,37 STREET,36 STREET,37 STREET,ADDRESS,BROOKLYN,3 AVENUE,,Closed,,The Police Department issued a summons in response to the complaint.,06/22/2023 12:16:33 PM,07 BROOKLYN,38,Precinct 72,3006950045,BROOKLYN,982337,177942,PHONE,Unspecified,BROOKLYN,,,,,,,,40.655086166326036,-74.00689449791624,POINT (-74.006894497916 40.655086166326)
57968541,06/21/2023 10:19:59 PM,06/22/2023 09:35:35 AM,NYPD,New York City Police Department,Noise - Residential,Banging/Pounding,,Residential Building/House,10466,3946 BARNES AVENUE,BARNES AVENUE,EAST  223 STREET,EAST  224 STREET,EAST  223 STREET,EAST  224 STREET,ADDRESS,BRONX,BARNES AVENUE,,Closed,,The Police Department responded to the complaint and with the information available observed no evidence of the violation at that time.,06/22/2023 09:35:43 AM,12 BRONX,12,Precinct 47,2048480042,BRONX,1023499,262120,ONLINE,Unspecified,BRONX,,,,,,,,40.88604560697285,-73.8580541779348,POINT (-73.858054177935 40.886045606973)
57972708,06/22/2023 08:47:39 AM,06/22/2023 09:44:51 PM,NYPD,New York City Police Department,Blocked Driveway,No Access,,Street/Sidewalk,10465,2970 CROSS BRONX EXPRESSWAY SR SOUTH,CROSS BRONX EXPRESSWAY SR SOUTH,CALHOUN AVENUE,REVERE AVENUE,CALHOUN AVENUE,REVERE AVENUE,ADDRESS,BRONX,CROSS BRONX EXPRESSWAY SR SOUTH,,Closed,,The Police Department responded and upon arrival those responsible for the condition were gone.,06/22/2023 09:45:02 PM,10 BRONX,13,Precinct 45,2055610001,BRONX,1033539,239265,ONLINE,Unspecified,BRONX,,,,,,,,40.82326521272622,-73.82191218621062,POINT (-73.821912186211 40.823265212726)
57974994,06/22/2023 09:03:35 AM,06/23/2023 12:24:17 PM,DSNY,Department of Sanitation,Missed Collection,Trash,N/A,Street,11226,403 EAST   19 STREET,EAST   19 STREET,DORCHESTER ROAD,DITMAS AVENUE,DORCHESTER ROAD,DITMAS AVENUE,ADDRESS,BROOKLYN,EAST   19 STREET,,Closed,,The Department of Sanitation collected the requested items.,06/23/2023 05:36:14 AM,14 BROOKLYN,40,Precinct 70,3051830001,BROOKLYN,995234,172662,ONLINE,Unspecified,BROOKLYN,,,,,,,,40.64058710492481,-73.9604220007266,POINT (-73.960422000727 40.640587104925)
57976155,06/22/2023 08:07:42 AM,06/22/2023 08:33:18 AM,NYPD,New York City Police Department,Illegal Parking,Blocked Sidewalk,,Street/Sidewalk,10027,122 CLAREMONT AVENUE,CLAREMONT AVENUE,WEST  122 STREET,LA SALLE STREET,WEST  122 STREET,LA SALLE STREET,ADDRESS,NEW YORK,CLAREMONT AVENUE,,Closed,,The Police Department responded and upon arrival those responsible for the condition were gone.,06/22/2023 08:33:22 AM,09 MANHATTAN,07,Precinct 26,1019930001,MANHATTAN,994798,235304,ONLINE,Unspecified,MANHATTAN,,,,,,,,40.81252460248008,-73.96189482695117,POINT (-73.961894826951 40.81252460248)
57965220,06/21/2023 09:27:15 PM,06/23/2023 03:36:06 PM,DOT,Department of Transportation,Outdoor Dining,Site Setup Condition,Blocking Building Entrance,Sidewalk,10012,75 THOMPSON STREET,THOMPSON STREET,BROOME STREET,SPRING STREET,BROOME STREET,SPRING STREET,ADDRESS,NEW YORK,THOMPSON STREET,,Closed,,The Department of Transportation inspected this location and determined that the establishment must remove all of the items immediately.,06/23/2023 03:36:10 PM,02 MANHATTAN,01,Precinct 1,1004890028,MANHATTAN,983433,203234,ONLINE,Unspecified,MANHATTAN,,,,,,,,40.72450705075436,-74.00294755481669,POINT (-74.002947554817 40.724507050754)
57970089,06/21/2023 08:39:13 PM,06/22/2023 12:31:20 PM,DOHMH,Department of Health and Mental Hygiene,Rodent,Rat Sighting,,3+ Family Apt. Building,10023,44 WEST   73 STREET,WEST   73 STREET,CENTRAL PARK WEST,COLUMBUS AVENUE,CENTRAL PARK WEST,COLUMBUS AVENUE,ADDRESS,NEW YORK,WEST   73 STREET,,Closed,,This service request was closed because the Department of Health and Mental Hygiene received an earlier complaint about the same location.  You can find inspection results for this address by going to the online Rat Portal at www.nyc.gov/rats.,06/21/2023 08:39:13 PM,07 MANHATTAN,06,Precinct 20,1011250160,MANHATTAN,990506,222620,PHONE,Unspecified,MANHATTAN,,,,,,,,40.77771454268375,-73.9774117046569,POINT (-73.977411704657 40.777714542684)
57967749,06/21/2023 11:15:59 AM,06/21/2023 11:31:07 AM,NYPD,New York City Police Department,Illegal Parking,Blocked Crosswalk,,Street/Sidewalk,11412,118-97 RIVERTON STREET,RIVERTON STREET,118 ROAD,119 ROAD,118 ROAD,119 ROAD,ADDRESS,SAINT ALBANS,RIVERTON STREET,,Closed,,The Police Department responded to the complaint and took action to fix the condition.,06/21/2023 11:31:09 AM,12 QUEENS,27,Precinct 113,4124500004,QUEENS,1050051,189944,ONLINE,Unspecified,QUEENS,,,,,,,,40.68778457662473,-73.76273503468796,POINT (-73.762735034688 40.687784576625)
58006251,06/25/2023 03:34:34 AM,06/25/2023 03:54:49 AM,NYPD,New York City Police Department,Noise - Vehicle,Car/Truck Music,,Street/Sidewalk,10459,1011 TIFFANY STREET,TIFFANY STREET,WESTCHESTER AVENUE,EAST  165 STREET,WESTCHESTER AVENUE,EAST  165 STREET,ADDRESS,BRONX,TIFFANY STREET,,Closed,,The Police Department responded to the complaint and took action to fix the condition.,06/25/2023 03:54:54 AM,02 BRONX,17,Precinct 41,2027150023,BRONX,1013342,239343,ONLINE,Unspecified,BRONX,,,,,,,,40.823568910976945,-73.89488624239483,POINT (-73.894886242395 40.823568910977)
57974328,06/22/2023 02:30:35 PM,06/26/2023 08:36:50 PM,HPD,Department of Housing Preservation and Development,DOOR/WINDOW,WINDOW FRAME,LOCK BROKEN OR MISSING,RESIDENTIAL BUILDING,11432,90-38 170 STREET,170 STREET,,,,,ADDRESS,JAMAICA,,,Closed,,The Department of Housing Preservation and Development inspected the following conditions. No violations were issued. The complaint has been closed.,06/26/2023 12:00:00 AM,12 QUEENS,27,Precinct 103,4098020058,QUEENS,1042380,197343,ONLINE,Unspecified,QUEENS,,,,,,,,40.70814675509626,-73.79033112297238,POINT (-73.790331122972 40.708146755096)
57972006,06/22/2023 05:49:27 AM,12/20/2023 11:07:09 AM,DSNY,Department of Sanitation,Graffiti,Graffiti,,Residential,10014,32 DOWNING STREET,DOWNING STREET,,,,,ADDRESS,NEW YORK,,N/A,Closed,11/11/2023 11:14:39 AM,,12/20/2023 11:07:09 AM,02 MANHATTAN,03,Precinct 6,1005270010,MANHATTAN,983289,205015,UNKNOWN,Unspecified,MANHATTAN,,,,,,,,40.72939544766689,-74.00346732921815,POINT (-74.003467329218 40.729395447667)
57968235,06/21/2023 02:03:50 AM,06/29/2023 06:29:27 AM,HPD,Department of Housing Preservation and Development,PAINT/PLASTER,WALL,TILE BROKEN OR MISSING,RESIDENTIAL BUILDING,10460,1864 GUERLAIN STREET,GUERLAIN STREET,,,,,ADDRESS,BRONX,,,Closed,,The Department of Housing Preservation and Development inspected the following conditions. Violations were issued. Information about specific violations is available at www.nyc.gov/hpd,06/29/2023 12:00:00 AM,09 BRONX,18,Precinct 43,2039230004,BRONX,1021717,245285,PHONE,Unspecified,BRONX,,,,,,,,40.83984642043935,-73.86459296749572,POINT (-73.864592967496 40.839846420439)
57965004,06/21/2023 07:30:46 PM,06/22/2023 12:49:37 PM,DSNY,Department of Sanitation,Obstruction,Cone,Street,Street,11369,24-10 ERICSSON STREET,ERICSSON STREET,24 AVENUE,25 AVENUE,24 AVENUE,25 AVENUE,ADDRESS,EAST ELMHURST,ERICSSON STREET,,Closed,,The Department of Sanitation investigated this complaint and found no condition at the location.,06/22/2023 12:49:42 PM,03 QUEENS,21,Precinct 115,4016450010,QUEENS,1020729,218573,PHONE,Unspecified,QUEENS,,,,,,,,40.76653353601455,-73.86830876074374,POINT (-73.868308760744 40.766533536015)
57971538,06/22/2023 07:31:41 AM,06/29/2023 09:54:22 AM,DPR,Department of Parks and Recreation,Damaged Tree,Branch or Limb Has Fallen Down,Blocking Sidewalk,Street,11375,102-27 62 DRIVE,62 DRIVE,102 STREET,YELLOWSTONE BOULEVARD,102 STREET,YELLOWSTONE BOULEVARD,ADDRESS,FOREST HILLS,62 DRIVE,,Closed,,NYC Parks performed the work necessary to correct the condition.,06/29/2023 09:54:28 AM,06 QUEENS,24,Precinct 112,4021220055,QUEENS,1024402,206883,MOBILE,Unspecified,QUEENS,,,,,,,,40.73443156298852,-73.85511884655836,POINT (-73.855118846558 40.734431562989)
57965796,06/21/2023 04:25:05 PM,06/21/2023 04:25:05 PM,DOHMH,Department of Health and Mental Hygiene,Rodent,Rat Sighting,,3+ Family Apt. Building,11374,99-44 62 AVENUE,62 AVENUE,99 STREET,102 STREET,99 STREET,102 STREET,ADDRESS,REGO PARK,62 AVENUE,,Closed,,The Department of Health and Mental Hygiene found violations on the property you reported. Follow-up inspections will be scheduled.,06/21/2023 04:25:05 PM,06 QUEENS,24,Precinct 112,4021070024,QUEENS,1023609,207125,PHONE,Unspecified,QUEENS,,,,,,,,40.73509935689471,-73.8579788213209,POINT (-73.857978821321 40.735099356895)
57968838,06/21/2023 08:20:31 AM,06/21/2023 09:08:13 AM,NYPD,New York City Police Department,Illegal Parking,Double Parked Blocking Traffic,,Street/Sidewalk,11368,112 STREET,112 STREET,112 STREET,ROOSEVELT AVENUE,112 STREET,ROOSEVELT AVENUE,INTERSECTION,,,,Closed,,The Police Department responded to the complaint and took action to fix the condition.,06/21/2023 09:08:20 AM,03 QUEENS,21,Precinct 115,,QUEENS,1024548,213270,PHONE,Unspecified,QUEENS,,,,,,,,40.75196159518511,-73.8545537671856,POINT (-73.854553767186 40.751961595185)
57965373,06/21/2023 07:07:39 PM,06/21/2023 09:05:32 PM,NYPD,New York City Police Department,Noise - Street/Sidewalk,Loud Talking,,Street/Sidewalk,11212,73 LOTT AVENUE,LOTT AVENUE,AMBOY STREET,THOMAS S BOYLAND STREET,AMBOY STREET,THOMAS S BOYLAND STREET,ADDRESS,BROOKLYN,LOTT AVENUE,,Closed,,The Police Department responded to the complaint and took action to fix the condition.,06/21/2023 09:05:38 PM,16 BROOKLYN,41,Precinct 73,3036110007,BROOKLYN,1008911,178815,ONLINE,Unspecified,BROOKLYN,,,,,,,,40.657448225800536,-73.91111800194045,POINT (-73.91111800194 40.657448225801)
57978990,06/22/2023 05:44:00 AM,06/22/2023 12:25:00 PM,DSNY,Department of Sanitation,Derelict Vehicles,Derelict Vehicles,,Street,11208,528 RIDGEWOOD AVENUE,RIDGEWOOD AVENUE,LINCOLN AVENUE,NICHOLS AVENUE,,,ADDRESS,BROOKLYN,,DSNY Garage,Closed,,The Department of Sanitation (DSNY) couldn't find the condition. Please file a new Service Request with more details about the location.,06/22/2023 12:00:00 PM,05 BROOKLYN,37,Precinct 75,3041340020,BROOKLYN,1020408,189297,PHONE,Unspecified,BROOKLYN,,,,,,,,40.68617945158653,-73.86962488740929,POINT (-73.869624887409 40.686179451587)
57971745,06/22/2023 05:01:11 PM,06/26/2023 02:18:22 PM,DPR,Department of Parks and Recreation,Damaged Tree,Tree Trunk Split,N/A,Street,10471,665 WEST  246 STREET,WEST  246 STREET,INDEPENDENCE AVENUE,BEND,INDEPENDENCE AVENUE,BEND,ADDRESS,BRONX,WEST  246 STREET,,Closed,,"The Service Request submitted did not have sufficient location or complaint information for NYC Parks to respond.  Please submit a new Service Request with adequate site details, including a full street address and descriptive location information.",06/26/2023 02:18:25 PM,08 BRONX,11,Precinct 50,2059240518,BRONX,1008305,264286,MOBILE,Unspecified,BRONX,,,,,,,,40.892045088026954,-73.91299615307845,POINT (-73.912996153078 40.892045088027)
57972546,06/21/2023 07:04:05 AM,06/21/2023 10:05:00 AM,DOT,Department of Transportation,Street Condition,Pothole,,,10465,3068 OTIS AVENUE,OTIS AVENUE,THROGS NECK EXPRESSWAY,HOLLYWOOD AVENUE,,,ADDRESS,BRONX,,N/A,Closed,,The Department of Transportation inspected this complaint and repaired the problem.,06/21/2023 10:05:00 AM,10 BRONX,13,Precinct 45,,BRONX,1032927,243223,UNKNOWN,Unspecified,BRONX,,,,,,,,40.83413216303732,-73.82409470129683,POINT (-73.824094701297 40.834132163037)
57964995,06/21/2023 03:44:00 PM,06/23/2023 10:15:00 AM,DEP,Department of Environmental Protection,Sewer,RAIN GARDEN PLANTING (GIRGP),GIRGP,,11104,43-38 39 PLACE,39 PLACE,43 AVE,QUEENS BLVD,,,ADDRESS,SUNNYSIDE,,,Closed,,,06/23/2023 10:15:00 AM,02 QUEENS,26,Precinct 108,4001910040,QUEENS,1005036,210706,ONLINE,Unspecified,QUEENS,,,,,,,,40.744991458607615,-73.9249856549032,POINT (-73.924985654903 40.744991458608)
57965868,06/22/2023 01:01:48 AM,06/22/2023 12:05:08 PM,NYPD,New York City Police Department,Illegal Parking,Posted Parking Sign Violation,,Street/Sidewalk,11379,63-18 ELIOT AVENUE,ELIOT AVENUE,63 STREET,64 STREET,63 STREET,64 STREET,ADDRESS,MIDDLE VILLAGE,ELIOT AVENUE,,Closed,,The Police Department responded and upon arrival those responsible for the condition were gone.,06/22/2023 12:05:13 PM,05 QUEENS,30,Precinct 104,4027650021,QUEENS,1012229,200015,ONLINE,Unspecified,QUEENS,,,,,,,,40.71562746741465,-73.89907139831863,POINT (-73.899071398319 40.715627467415)
57962448,06/21/2023 08:44:00 PM,06/23/2023 10:10:00 AM,DEP,Department of Environmental Protection,Sewer,Catch Basin Clogged/Flooding (Use Comments) (SC),SC,,10002,198 DELANCEY STREET,DELANCEY STREET,RIDGE ST,PITT ST,,,ADDRESS,NEW YORK,,,Closed,,"The Department of Environmental Protection inspected your complaint and cleaned the catch basin or inlet. If the condition returns, please call 311 (or 212-639-9675 if calling from a non-New York City area code) to submit a new complaint.",06/23/2023 10:10:00 AM,03 MANHATTAN,01,Precinct 7,1003437501,MANHATTAN,988695,200558,ONLINE,Unspecified,MANHATTAN,,,,,,,,40.71716099725299,-73.98396519318098,POINT (-73.983965193181 40.717160997253)
57973320,06/22/2023 11:27:56 PM,06/22/2023 11:57:49 PM,NYPD,New York City Police Department,Noise - Street/Sidewalk,Loud Music/Party,,Street/Sidewalk,10009,AVENUE A,AVENUE A,AVENUE A,ST MARKS PLACE,AVENUE A,ST MARKS PLACE,INTERSECTION,,,,Closed,,The Police Department responded to the complaint and took action to fix the condition.,06/22/2023 11:57:53 PM,03 MANHATTAN,02,Precinct 9,,MANHATTAN,988937,204021,ONLINE,Unspecified,MANHATTAN,,,,,,,,40.72666597054709,-73.98308979550706,POINT (-73.983089795507 40.726665970547)
57972627,06/22/2023 08:05:21 AM,06/24/2023 05:09:15 AM,DSNY,Department of Sanitation,Dirty Condition,Trash,Not Cleaned by Property Owner,Sidewalk,10467,3121 DECATUR AVENUE,DECATUR AVENUE,EAST  204 STREET,EAST  205 STREET,EAST  204 STREET,EAST  205 STREET,ADDRESS,BRONX,DECATUR AVENUE,,Closed,,The Department of Sanitation cleaned the location.,06/24/2023 05:09:19 AM,07 BRONX,11,Precinct 52,2033490046,BRONX,1018194,257022,PHONE,Unspecified,BRONX,,,,,,,,40.872075191576286,-73.87726576113167,POINT (-73.877265761132 40.872075191576)
57963366,06/21/2023 06:50:50 AM,07/27/2023 12:10:20 PM,EDC,Economic Development Corporation,Noise - Helicopter,Other,Passing By,Above Address,11201,1 PIERREPONT STREET,PIERREPONT STREET,CLARK STREET,PIERREPONT STREET,CLARK STREET,PIERREPONT STREET,ADDRESS,BROOKLYN,PIERREPONT STREET,,Closed,,"The New York City Economic Development Corporation determined that this issue is not within its jurisdiction because the helicopter did not belong to a tour company departing from a NYC heliport.Â  Instead, it was most likely a law enforcement or news gathering helicopter not subject to the routing protocols established for tour helicopters. It may also have been a helicopter that departed as a charter or tour from another City but flew over NYC airspace. Helicopter tours originating from outside NYC are not subject to the same City regulations as tours departing from heliports managed by NYCEDC. Any City regulation of these flights is pre-empted by federal law and subject only to the jurisdiction of the Federal Aviation Administration. To file a complaint with the FAA, you can contact the New York Flight Standards District Office at the following web address:Â https://www.faa.gov/about/office_org/field_offices/fsdo/",07/27/2023 12:10:25 PM,02 BROOKLYN,33,Precinct 84,3002340008,BROOKLYN,985073,193057,ONLINE,Unspecified,BROOKLYN,,,,,,,,40.696573601808964,-73.99703204253264,POINT (-73.997032042533 40.696573601809)
57977829,06/22/2023 12:05:54 PM,,DPR,Department of Parks and Recreation,Overgrown Tree/Branches,Hitting Building,N/A,Street,11375,68-49 NANSEN STREET,NANSEN STREET,SELFRIDGE STREET,69 AVENUE,SELFRIDGE STREET,69 AVENUE,ADDRESS,FOREST HILLS,NANSEN STREET,,In Progress,,"NYC Parks created a work order for the tree condition and expects to address the issue within 120 days from the date of the tree assessment, barring any weather-related requests.   NYC Parks work priority categories range from Category A through D, with A being the most critical and time-sensitive. We will complete all work in Category A first and address work in lower priority categories in accordance with available resources. For more information about the Tree Risk Management Program, visit the NYC Urban Forest page on the NYC Parks website at nyc.gov/parks/trees.",04/18/2024 11:50:10 AM,06 QUEENS,29,Precinct 112,4031940042,QUEENS,1024273,199188,ONLINE,Unspecified,QUEENS,,,,,,,,40.713311266093065,-73.8556300800347,POINT (-73.855630080035 40.713311266093)
57972843,06/22/2023 04:34:53 PM,11/01/2023 02:42:05 PM,TLC,Taxi and Limousine Commission,For Hire Vehicle Complaint,Driver Complaint - Non Passenger,Unsafe Driving,Street,11205,88 WASHINGTON AVENUE,WASHINGTON AVENUE,FLUSHING AVENUE,PARK AVENUE,FLUSHING AVENUE,PARK AVENUE,ADDRESS,BROOKLYN,WASHINGTON AVENUE,,Closed,,A hearing was scheduled at the OATH/Taxi and Limousine Tribunal.,09/04/2024 07:25:33 PM,02 BROOKLYN,35,Precinct 88,3018740001,BROOKLYN,993270,192943,ONLINE,Unspecified,BROOKLYN,,,"88 WASHINGTON AVENUE, BROOKLYN, NY, 11205",,,,,40.696256139789135,-73.96747162880499,POINT (-73.967471628805 40.696256139789)
57968208,06/21/2023 05:40:24 PM,06/21/2023 05:42:03 PM,NYPD,New York City Police Department,Non-Emergency Police Matter,Other (complaint details),,Street/Sidewalk,10035,242 EAST  122 STREET,EAST  122 STREET,3 AVENUE,2 AVENUE,3 AVENUE,2 AVENUE,ADDRESS,NEW YORK,EAST  122 STREET,,Closed,,The Police Department responded to the complaint and took action to fix the condition.,06/21/2023 05:42:06 PM,11 MANHATTAN,08,Precinct 25,1017860031,MANHATTAN,1001907,231231,ONLINE,Unspecified,MANHATTAN,,,,,,,,40.801333996792515,-73.93622393179888,POINT (-73.936223931799 40.801333996793)
57965949,06/21/2023 05:31:50 AM,07/21/2023 11:39:48 AM,DPR,Department of Parks and Recreation,New Tree Request,For One Address,Street Tree,Street,11236,CONKLIN AVENUE,CONKLIN AVENUE,CONKLIN AVENUE,EAST   96 STREET,CONKLIN AVENUE,EAST   96 STREET,INTERSECTION,,,,Closed,,"The Service Request submitted did not have sufficient location or complaint information for NYC Parks to respond.  Please submit a new Service Request with adequate site details, including a full street address and descriptive location information.",07/21/2023 11:39:53 AM,18 BROOKLYN,46,Precinct 69,,BROOKLYN,1011398,173839,UNKNOWN,Unspecified,BROOKLYN,,,,,,,,40.64378291997874,-73.90217451080643,POINT (-73.902174510806 40.643782919979)
57969477,06/21/2023 04:15:16 PM,06/21/2023 04:40:27 PM,NYPD,New York City Police Department,Noise - Residential,Loud Music/Party,,Residential Building/House,10457,265 EAST  182 STREET,EAST  182 STREET,RYER AVENUE,VALENTINE AVENUE,RYER AVENUE,VALENTINE AVENUE,ADDRESS,BRONX,EAST  182 STREET,,Closed,,The Police Department responded to the complaint and with the information available observed no evidence of the violation at that time.,06/21/2023 04:40:34 PM,05 BRONX,15,Precinct 46,2031500045,BRONX,1012093,251000,ONLINE,Unspecified,BRONX,,,,,,,,40.85556798829767,-73.89935066841451,POINT (-73.899350668415 40.855567988298)
57972096,06/22/2023 01:21:40 PM,06/22/2023 01:33:47 PM,NYPD,New York City Police Department,Blocked Driveway,No Access,,Street/Sidewalk,11230,1968 OCEAN AVENUE,OCEAN AVENUE,AVENUE N,AVENUE O,AVENUE N,AVENUE O,ADDRESS,BROOKLYN,OCEAN AVENUE,,Closed,,The Police Department responded to the complaint and took action to fix the condition.,06/22/2023 01:33:51 PM,14 BROOKLYN,48,Precinct 70,3067570046,BROOKLYN,996959,163047,ONLINE,Unspecified,BROOKLYN,,,,,,,,40.61419364856413,-73.95422451547816,POINT (-73.954224515478 40.614193648564)
57968613,06/21/2023 03:37:41 PM,07/12/2023 10:30:09 AM,DPR,Department of Parks and Recreation,Damaged Tree,Tree Alive - in Poor Condition,Hollow,Street,10011,130 WEST   16 STREET,WEST   16 STREET,AVENUE OF THE AMERICAS,7 AVENUE,AVENUE OF THE AMERICAS,7 AVENUE,ADDRESS,NEW YORK,WEST   16 STREET,,Closed,,"NYC Parks created a work order for the tree condition.  Please note that addressing this work can take up to a year or more depending on the higher priority work identified during this period and resources available to address this work.    NYC Parks work priority categories range from Category A through D, with A being the most critical and time-sensitive. We will complete all work in Category A first and address work in lower priority categories in accordance with available resources. For more information about the Tree Risk Management Program, visit the NYC Urban Forest page on the NYC Parks website at nyc.gov/parks/trees.   Alternatively, you may choose complete the work yourself by hiring an independent contractor. The contractor must complete a Tree Work Permit application on the NYC Parks website at nyc.gov/parks/trees.",07/12/2023 10:30:19 AM,04 MANHATTAN,03,Precinct 13,1007910062,MANHATTAN,985105,208556,UNKNOWN,Unspecified,MANHATTAN,,,,,,,,40.739114631655205,-73.99691467333221,POINT (-73.996914673332 40.739114631655)
59449149,10/05/2023 10:35:47 AM,10/05/2023 01:30:00 PM,DEP,Department of Environmental Protection,Sewer Maintenance,Catch Basin Sunken,N/A,Sewer,11427,85-25 215 STREET,215 STREET,85 AVENUE,86 AVENUE,85 AVENUE,86 AVENUE,ADDRESS,QUEENS VILLAGE,215 STREET,,Closed,,,10/05/2023 01:30:00 PM,11 QUEENS,23,Precinct 111,4078190063,QUEENS,1052370,205330,PHONE,Unspecified,QUEENS,,,,,,,,40.72999779135876,-73.75421757421066,POINT (-73.754217574211 40.729997791359)
57961638,06/21/2023 12:55:14 PM,06/22/2023 07:38:03 PM,HPD,Department of Housing Preservation and Development,UNSANITARY CONDITION,PESTS,ROACHES,RESIDENTIAL BUILDING,11226,25 TENNIS COURT,TENNIS COURT,,,,,ADDRESS,BROOKLYN,,,Closed,,The Department of Housing Preservation and Development inspected the following conditions. Violations were issued. Information about specific violations is available at www.nyc.gov/hpd,06/22/2023 12:00:00 AM,14 BROOKLYN,40,Precinct 70,3050990021,BROOKLYN,994862,175559,PHONE,Unspecified,BROOKLYN,,,,,,,,40.648539198578376,-73.96175784905559,POINT (-73.961757849056 40.648539198578)
57964158,06/21/2023 05:42:24 PM,06/25/2023 03:15:48 PM,HPD,Department of Housing Preservation and Development,DOOR/WINDOW,WINDOW PANE,GLASS BROKEN OR MISSING,RESIDENTIAL BUILDING,10460,2090 CROTONA PARKWAY,CROTONA PARKWAY,,,,,ADDRESS,BRONX,,,Closed,,The Department of Housing Preservation and Development inspected the following conditions. No violations were issued. The complaint has been closed.,06/25/2023 12:00:00 AM,06 BRONX,15,Precinct 48,2031180156,BRONX,1016223,247327,PHONE,Unspecified,BRONX,,,,,,,,40.84547270911545,-73.8844387125434,POINT (-73.884438712543 40.845472709115)
57975354,06/22/2023 05:02:42 AM,06/22/2023 05:31:47 AM,NYPD,New York City Police Department,Noise - Residential,Loud Music/Party,,Residential Building/House,11433,159-02 109 AVENUE,109 AVENUE,159 STREET,160 STREET,159 STREET,160 STREET,ADDRESS,JAMAICA,109 AVENUE,,Closed,,The Police Department responded to the complaint and with the information available observed no evidence of the violation at that time.,06/22/2023 05:31:52 AM,12 QUEENS,28,Precinct 103,4121480100,QUEENS,1041708,192122,ONLINE,Unspecified,QUEENS,,,,,,,,40.69382076139127,-73.7927994919037,POINT (-73.792799491904 40.693820761391)
57967506,06/21/2023 01:56:15 PM,07/05/2023 10:03:09 AM,DOT,Department of Transportation,Curb Condition,Broken Curb,1-3 Residential Units,Sidewalk,10308,30 DRIGGS STREET,DRIGGS STREET,NELSON AVENUE,WIMAN AVENUE,NELSON AVENUE,WIMAN AVENUE,ADDRESS,STATEN ISLAND,DRIGGS STREET,,Closed,,"The Department of Transportation inspected the condition you reported. You can find additional information in the ""Notes to Customer"" field.",07/05/2023 10:03:12 AM,03 STATEN ISLAND,51,Precinct 122,5052710017,STATEN ISLAND,943107,137073,ONLINE,Unspecified,STATEN ISLAND,,,,,,,,40.54281383532907,-74.14803130721951,POINT (-74.14803130722 40.542813835329)
57962871,06/21/2023 11:54:59 AM,06/30/2023 08:22:30 PM,HPD,Department of Housing Preservation and Development,APPLIANCE,ELECTRIC/GAS RANGE,NO GAS OR ELECTRICITY,RESIDENTIAL BUILDING,10451,750 GRAND CONCOURSE,GRAND CONCOURSE,,,,,ADDRESS,BRONX,,,Closed,,The Department of Housing Preservation and Development inspected the following conditions. No violations were issued. The complaint has been closed.,06/30/2023 12:00:00 AM,04 BRONX,17,Precinct 44,2024580026,BRONX,1005104,239088,PHONE,Unspecified,BRONX,,,,,,,,40.822892299365904,-73.92465214640484,POINT (-73.924652146405 40.822892299366)
57962520,06/21/2023 03:16:55 PM,06/21/2023 05:03:43 PM,DSNY,Department of Sanitation,Vendor Enforcement,Non-Food Vendor,Unlicensed,Street,11372,82-02 37 AVENUE,37 AVENUE,82 STREET,83 STREET,82 STREET,83 STREET,ADDRESS,JACKSON HEIGHTS,37 AVENUE,,Closed,,N/A,06/21/2023 05:03:50 PM,03 QUEENS,25,Precinct 115,4014700001,QUEENS,1016348,212453,ONLINE,Unspecified,QUEENS,,,,,,,,40.749752706865934,-73.88415361560237,POINT (-73.884153615602 40.749752706866)
58009941,06/26/2023 08:54:49 AM,06/28/2023 12:43:10 PM,DSNY,Department of Sanitation,Missed Collection,Bulky Trash,N/A,Street,11223,445 AVENUE Y,AVENUE Y,WEST STREET,EAST    1 STREET,WEST STREET,EAST    1 STREET,ADDRESS,BROOKLYN,AVENUE Y,,Closed,,The Department of Sanitation collected the requested items.,06/28/2023 12:27:12 PM,15 BROOKLYN,47,Precinct 61,3071960044,BROOKLYN,992735,153676,ONLINE,Unspecified,BROOKLYN,,,,,,,,40.588477209329824,-73.96945035764331,POINT (-73.969450357643 40.58847720933)
57976578,06/22/2023 11:24:18 PM,06/23/2023 02:07:48 AM,NYPD,New York City Police Department,Noise - Residential,Banging/Pounding,,Residential Building/House,10457,197 EAST  175 STREET,EAST  175 STREET,EASTBURN AVENUE,WEEKS AVENUE,EASTBURN AVENUE,WEEKS AVENUE,ADDRESS,BRONX,EAST  175 STREET,,Closed,,The Police Department responded to the complaint and with the information available observed no evidence of the violation at that time.,06/23/2023 02:07:52 AM,05 BRONX,14,Precinct 46,,BRONX,1009828,247802,ONLINE,Unspecified,BRONX,,,,,,,,40.84679728372647,-73.90755058455358,POINT (-73.907550584554 40.846797283726)
57968145,06/21/2023 10:34:27 AM,07/31/2023 11:50:42 AM,HPD,Department of Housing Preservation and Development,ELECTRIC,OUTLET/SWITCH,OUTLET SEALED OR DEFECTIVE,RESIDENTIAL BUILDING,10466,731 EAST  236 STREET,EAST  236 STREET,,,,,ADDRESS,BRONX,,,Closed,,"The Department of Housing Preservation and Development was not able to gain access to inspect the following conditions. The complaint has been closed. If the condition still exists, please file a new complaint.",07/31/2023 12:00:00 AM,12 BRONX,11,Precinct 47,2050440006,BRONX,1024362,265470,PHONE,Unspecified,BRONX,,,,,,,,40.89523640541444,-73.85491303748196,POINT (-73.854913037482 40.895236405414)
57976074,06/22/2023 05:05:39 PM,06/22/2023 06:22:26 PM,NYPD,New York City Police Department,Illegal Parking,Blocked Hydrant,,Street/Sidewalk,11372,37-27 86 STREET,86 STREET,37 AVENUE,ROOSEVELT AVENUE,37 AVENUE,ROOSEVELT AVENUE,ADDRESS,JACKSON HEIGHTS,86 STREET,,Closed,,The Police Department responded to the complaint and determined that police action was not necessary.,06/22/2023 06:22:32 PM,03 QUEENS,21,Precinct 115,4014740058,QUEENS,1017374,212337,MOBILE,Unspecified,QUEENS,,,,,,,,40.74943053261506,-73.88045120718839,POINT (-73.880451207188 40.749430532615)
57961593,06/21/2023 05:42:24 PM,06/25/2023 03:15:48 PM,HPD,Department of Housing Preservation and Development,PAINT/PLASTER,CEILING,DIRTY OR UNSANITARY,RESIDENTIAL BUILDING,10460,2090 CROTONA PARKWAY,CROTONA PARKWAY,,,,,ADDRESS,BRONX,,,Closed,,The Department of Housing Preservation and Development inspected the following conditions. No violations were issued. The complaint has been closed.,06/25/2023 12:00:00 AM,06 BRONX,15,Precinct 48,2031180156,BRONX,1016223,247327,PHONE,Unspecified,BRONX,,,,,,,,40.84547270911545,-73.8844387125434,POINT (-73.884438712543 40.845472709115)
57963618,06/21/2023 04:25:02 PM,06/21/2023 09:58:17 PM,DSNY,Department of Sanitation,Dirty Condition,Trash,Not Cleaned by Property Owner,Sidewalk,11691,222 BEACH   40 STREET,BEACH   40 STREET,DEAD END,ROCKAWAY BEACH BOULEVARD,DEAD END,ROCKAWAY BEACH BOULEVARD,ADDRESS,FAR ROCKAWAY,BEACH   40 STREET,,Closed,,The Department of Sanitation found an open service request already exists for the same location.,06/21/2023 09:58:22 PM,14 QUEENS,31,Precinct 101,4158480050,QUEENS,1047595,155704,ONLINE,Unspecified,QUEENS,,,,,,,,40.59382136167409,-73.77191230180858,POINT (-73.771912301809 40.593821361674)
57964455,06/21/2023 07:02:50 AM,07/27/2023 12:14:36 PM,EDC,Economic Development Corporation,Noise - Helicopter,Other,Flying Too Low,Above Address,10128,50 EAST   96 STREET,EAST   96 STREET,MADISON AVENUE,PARK AVENUE,MADISON AVENUE,PARK AVENUE,ADDRESS,NEW YORK,EAST   96 STREET,,Closed,,"The New York City Economic Development Corporation determined that this issue is not within its jurisdiction because the helicopter did not belong to a tour company departing from a NYC heliport.Â  Instead, it was most likely a law enforcement or news gathering helicopter not subject to the routing protocols established for tour helicopters. It may also have been a helicopter that departed as a charter or tour from another City but flew over NYC airspace. Helicopter tours originating from outside NYC are not subject to the same City regulations as tours departing from heliports managed by NYCEDC. Any City regulation of these flights is pre-empted by federal law and subject only to the jurisdiction of the Federal Aviation Administration. To file a complaint with the FAA, you can contact the New York Flight Standards District Office at the following web address:Â https://www.faa.gov/about/office_org/field_offices/fsdo/",07/27/2023 12:14:39 PM,08 MANHATTAN,05,Precinct 19,1015070050,MANHATTAN,997019,226043,ONLINE,Unspecified,MANHATTAN,,,,,,,,40.78710275822787,-73.95388896675728,POINT (-73.953888966757 40.787102758228)
57976776,06/22/2023 03:29:38 PM,06/27/2023 10:03:00 AM,HPD,Department of Housing Preservation and Development,APPLIANCE,ELECTRIC/GAS RANGE,PILOT LIGHT OUT,RESIDENTIAL BUILDING,10040,540 WEST  189 STREET,WEST  189 STREET,,,,,ADDRESS,NEW YORK,,,Closed,,The Department of Housing Preservation and Development inspected the following conditions. Violations were issued. Information about specific violations is available at www.nyc.gov/hpd,06/27/2023 12:00:00 AM,12 MANHATTAN,10,Precinct 34,1021590043,MANHATTAN,1004061,250270,PHONE,Unspecified,MANHATTAN,,,,,,,,40.85358603323482,-73.92838759203849,POINT (-73.928387592038 40.853586033235)
57969954,06/21/2023 09:23:16 PM,06/21/2023 10:00:45 PM,NYPD,New York City Police Department,Illegal Parking,Posted Parking Sign Violation,,Street/Sidewalk,11231,101 HAMILTON AVENUE,HAMILTON AVENUE,SUMMIT STREET,WOODHULL STREET,SUMMIT STREET,WOODHULL STREET,ADDRESS,BROOKLYN,HAMILTON AVENUE,,Closed,,The Police Department issued a summons in response to the complaint.,06/21/2023 10:00:51 PM,06 BROOKLYN,39,Precinct 76,3003570013,BROOKLYN,982621,187823,MOBILE,Unspecified,BROOKLYN,,,,,,,,40.682207363946745,-74.00587334282378,POINT (-74.005873342824 40.682207363947)
57971529,06/22/2023 10:30:54 AM,06/22/2023 02:36:11 PM,NYPD,New York City Police Department,Abandoned Vehicle,With License Plate,,Street/Sidewalk,11421,83-07 94 STREET,94 STREET,DEAD END,PARK LANE SOUTH,DEAD END,PARK LANE SOUTH,ADDRESS,WOODHAVEN,94 STREET,,Closed,,The Police Department responded to the complaint and took action to fix the condition.,06/22/2023 02:36:15 PM,09 QUEENS,32,Precinct 102,4039070146,QUEENS,1025339,193681,ONLINE,Unspecified,QUEENS,,,,,,,,40.69819098437166,-73.85181844350463,POINT (-73.851818443505 40.698190984372)
57977289,06/22/2023 06:29:51 AM,06/22/2023 06:31:22 AM,NYPD,New York City Police Department,Illegal Parking,Blocked Hydrant,,Street/Sidewalk,11209,51 70 STREET,70 STREET,NARROWS AVENUE,LOUISE TERRACE,NARROWS AVENUE,LOUISE TERRACE,ADDRESS,BROOKLYN,70 STREET,,Closed,,The Police Department responded to the complaint and took action to fix the condition.,06/22/2023 06:31:28 AM,10 BROOKLYN,47,Precinct 68,3058690079,BROOKLYN,974857,171499,ONLINE,Unspecified,BROOKLYN,,,,,,,,40.637396748914355,-74.03384362439535,POINT (-74.033843624395 40.637396748914)
57976866,06/22/2023 07:35:58 PM,06/23/2023 07:43:11 PM,HPD,Department of Housing Preservation and Development,APPLIANCE,ELECTRIC/GAS RANGE,CONTROL KNOB BROKEN OR MISSING,RESIDENTIAL BUILDING,11417,83-02 133 AVENUE,133 AVENUE,,,,,ADDRESS,OZONE PARK,,,Closed,,The Department of Housing Preservation and Development inspected the following conditions. No violations were issued. The complaint has been closed.,06/23/2023 12:00:00 AM,10 QUEENS,32,Precinct 106,4113630001,QUEENS,1025013,184832,PHONE,Unspecified,QUEENS,,,,,,,,40.67390404639589,-73.85304764962594,POINT (-73.853047649626 40.673904046396)
57971493,06/21/2023 10:20:53 PM,07/26/2024 12:00:00 AM,DOB,Department of Buildings,Building/Use,SRO - Illegal Work/No Permit/Change In Occupancy/Use,,,11360,28-46 215 STREET,215 STREET,,,,,ADDRESS,BAYSIDE,,,Closed,,"The Department of Buildings attempted to investigate this complaint twice but could not gain access to the location. If the problem still exists, please call 311 and file a new complaint with additional access information. If you are outside of New York City, please call (212) NEW-YORK (212-639-9675).",07/26/2024 12:00:00 AM,11 QUEENS,19,Precinct 111,4060160061,QUEENS,1047219,222433,UNKNOWN,Unspecified,QUEENS,,,,,,,,40.77697919742679,-73.77264254416868,POINT (-73.772642544169 40.776979197427)
57973104,06/22/2023 07:43:39 PM,06/22/2023 07:54:20 PM,NYPD,New York City Police Department,Blocked Driveway,No Access,,Street/Sidewalk,11361,45-28 OCEANIA STREET,OCEANIA STREET,45 ROAD,45 DRIVE,45 ROAD,45 DRIVE,ADDRESS,BAYSIDE,OCEANIA STREET,,Closed,,The Police Department responded to the complaint and determined that police action was not necessary.,06/22/2023 07:54:24 PM,11 QUEENS,19,Precinct 111,4073060032,QUEENS,1046912,215569,PHONE,Unspecified,QUEENS,,,,,,,,40.75814154232726,-73.77381499410602,POINT (-73.773814994106 40.758141542327)
57961998,06/21/2023 06:12:20 PM,06/22/2023 05:52:05 AM,NYPD,New York City Police Department,Illegal Parking,Blocked Sidewalk,,Street/Sidewalk,10452,171 WEST  167 STREET,WEST  167 STREET,OGDEN AVENUE,UNIVERSITY AVENUE,OGDEN AVENUE,UNIVERSITY AVENUE,ADDRESS,BRONX,WEST  167 STREET,,Closed,,The Police Department responded to the complaint and with the information available observed no evidence of the violation at that time.,06/22/2023 05:52:11 AM,04 BRONX,16,Precinct 44,2025280044,BRONX,1004332,244351,MOBILE,Unspecified,BRONX,,,,,,,,40.837339510139756,-73.92742571356557,POINT (-73.927425713566 40.83733951014)
57975309,06/22/2023 02:36:22 AM,06/22/2023 03:30:28 AM,NYPD,New York City Police Department,Blocked Driveway,No Access,,Street/Sidewalk,11428,93-48 215 PLACE,215 PLACE,93 AVENUE,94 ROAD,93 AVENUE,94 ROAD,ADDRESS,QUEENS VILLAGE,215 PLACE,,Closed,,The Police Department responded to the complaint and determined that police action was not necessary.,06/22/2023 03:30:33 AM,13 QUEENS,23,Precinct 105,4106180053,QUEENS,1055931,201538,PHONE,Unspecified,QUEENS,,,,,,,,40.719561575752785,-73.7414096624792,POINT (-73.741409662479 40.719561575753)
57969621,06/21/2023 01:40:00 PM,06/21/2023 03:45:00 PM,DOT,Department of Transportation,Traffic Signal Condition,Controller,Operating Improperly,,10035,,,,,3 AVENUE,EAST 125 STREET,INTERSECTION,MANHATTAN,,N/A,Closed,,Service Request status for this request is available on the Department of Transportationâs website. Please click the âLearn Moreâ link below.,06/21/2023 03:45:00 PM,11 MANHATTAN,08,Precinct 25,,MANHATTAN,1002019,232093,UNKNOWN,Unspecified,MANHATTAN,,,,,,,,40.8036997253151,-73.93581711311548,POINT (-73.935817113115 40.803699725315)
57973860,06/22/2023 03:16:42 PM,01/10/2025 06:02:13 PM,DOHMH,Department of Health and Mental Hygiene,Day Care,Day Care Facility,Illegal Day Care,Apartment,11372,74-15 35 AVENUE,35 AVENUE,74 STREET,75 STREET,74 STREET,75 STREET,ADDRESS,JACKSON HEIGHTS,35 AVENUE,,Closed,,The NYC Health Department has investigated your complaint. You can get the status by calling 311 or (646) 632-6101 on weekdays between 9 AM and 5 PM. This service request has been closed.,01/10/2025 06:02:16 PM,03 QUEENS,25,Precinct 115,4012610035,QUEENS,1014204,212918,ONLINE,Unspecified,QUEENS,,,,,,,,40.75103653607601,-73.89188954630265,POINT (-73.891889546303 40.751036536076)
57973599,06/22/2023 09:06:00 AM,06/22/2023 10:25:00 AM,DOT,Department of Transportation,Traffic Signal Condition,Controller,Operating Improperly,,10310,,,,,CASTLETON AVENUE,BARD AVENUE,INTERSECTION,STATEN ISLAND,,N/A,Closed,,Service Request status for this request is available on the Department of Transportationâs website. Please click the âLearn Moreâ link below.,06/22/2023 10:25:00 AM,01 STATEN ISLAND,49,Precinct 120,,STATEN ISLAND,954681,170532,UNKNOWN,Unspecified,STATEN ISLAND,,,,,,,,40.63469816684867,-74.10653485405736,POINT (-74.106534854057 40.634698166849)
57964644,06/21/2023 12:16:55 PM,06/21/2023 12:16:55 PM,DOB,Department of Buildings,General Construction/Plumbing,Debris - Excessive,,,11206,1100 MYRTLE AVENUE,MYRTLE AVENUE,,,,,ADDRESS,BROOKLYN,,,Closed,,"The Department of Buildings reviewed this complaint and closed it. If the problem still exists, please call 311 and file a new complaint. If you are outside of New York City, please call (212) NEW-YORK (212-639-9675).",06/21/2023 12:00:00 AM,03 BROOKLYN,36,Precinct 81,3015860012,BROOKLYN,1001810,193149,UNKNOWN,Unspecified,BROOKLYN,,,,,,,,40.696808736861826,-73.93667372847628,POINT (-73.936673728476 40.696808736862)
57967155,06/21/2023 06:03:11 PM,06/21/2023 06:35:17 PM,NYPD,New York City Police Department,Illegal Parking,Blocked Bike Lane,,Street/Sidewalk,10002,243 BOWERY,BOWERY,PRINCE STREET,STANTON STREET,PRINCE STREET,STANTON STREET,ADDRESS,NEW YORK,BOWERY,,Closed,,The Police Department responded to the complaint and took action to fix the condition.,06/21/2023 06:35:22 PM,03 MANHATTAN,01,Precinct 5,1004260016,MANHATTAN,986154,202570,MOBILE,Unspecified,MANHATTAN,,,,,,,,40.72268436441008,-73.99313097810565,POINT (-73.993130978106 40.72268436441)
57967533,06/22/2023 12:36:45 AM,06/22/2023 02:32:57 AM,NYPD,New York City Police Department,Illegal Parking,Double Parked Blocking Traffic,,Street/Sidewalk,10463,216 WEST  238 STREET,WEST  238 STREET,PUTNAM AVENUE WEST,REVIEW PLACE,PUTNAM AVENUE WEST,REVIEW PLACE,ADDRESS,BRONX,WEST  238 STREET,,Closed,,The Police Department responded to the complaint and with the information available observed no evidence of the violation at that time.,06/22/2023 02:33:01 AM,08 BRONX,11,Precinct 50,2032700054,BRONX,1012030,261635,MOBILE,Unspecified,BRONX,,,,,,,,40.88475799146684,-73.8995343141952,POINT (-73.899534314195 40.884757991467)
57966300,06/21/2023 11:19:50 AM,07/17/2023 10:34:52 AM,DSNY,Department of Sanitation,Missed Collection,Trash,N/A,Street,11365,53-03 190 STREET,190 STREET,53 AVENUE,UNDERHILL AVENUE,53 AVENUE,UNDERHILL AVENUE,ADDRESS,FRESH MEADOWS,190 STREET,,Closed,,The Department of Sanitation collected the requested items.,06/22/2023 09:56:30 AM,11 QUEENS,20,Precinct 111,4056620001,QUEENS,1043234,211170,ONLINE,Unspecified,QUEENS,,,,,,,,40.7460927383945,-73.78712965039881,POINT (-73.787129650399 40.746092738395)
57965724,06/21/2023 04:12:00 PM,06/23/2023 11:42:00 AM,DSNY,Department of Sanitation,Electronics Waste Appointment,Ewaste appointment,,Sidewalk,10314,20 GLOBE AVENUE,GLOBE AVENUE,LAMBERTS LANE,DEAD END,,,ADDRESS,STATEN ISLAND,,,Closed,,The Department of Sanitation collected the E-waste.,06/23/2023 11:42:00 AM,02 STATEN ISLAND,50,Precinct 121,5016110014,STATEN ISLAND,940229,163212,PHONE,Unspecified,STATEN ISLAND,,,,,,,,40.61454630034097,-74.1585564763705,POINT (-74.15855647637 40.614546300341)
57967002,06/21/2023 12:45:54 PM,06/29/2023 06:29:51 AM,HPD,Department of Housing Preservation and Development,UNSANITARY CONDITION,PESTS,ROACHES,RESIDENTIAL BUILDING,10458,3029 BRIGGS AVENUE,BRIGGS AVENUE,,,,,ADDRESS,BRONX,,,Closed,,The Department of Housing Preservation and Development inspected the following conditions. Violations were issued. Information about specific violations is available at www.nyc.gov/hpd,06/29/2023 12:00:00 AM,07 BRONX,11,Precinct 52,2033080065,BRONX,1016526,257294,ONLINE,Unspecified,BRONX,,,,,,,,40.872828004393156,-73.8832955745111,POINT (-73.883295574511 40.872828004393)
57973851,06/22/2023 06:22:18 AM,06/22/2023 07:02:51 AM,NYPD,New York City Police Department,Blocked Driveway,Partial Access,,Street/Sidewalk,11234,5701 AVENUE L,AVENUE L,EAST   57 STREET,EAST   58 STREET,EAST   57 STREET,EAST   58 STREET,ADDRESS,BROOKLYN,AVENUE L,,Closed,,The Police Department issued a summons in response to the complaint.,06/22/2023 07:02:54 AM,18 BROOKLYN,46,Precinct 63,3078370010,BROOKLYN,1006323,166625,ONLINE,Unspecified,BROOKLYN,,,,,,,,40.62399613141061,-73.9204854232051,POINT (-73.920485423205 40.623996131411)
57975039,06/22/2023 11:54:28 AM,06/30/2023 12:00:00 AM,DOB,Department of Buildings,General Construction/Plumbing,"Building - Vacant, Open And Unguarded",,,10470,4420 MATILDA AVENUE,MATILDA AVENUE,,,,,ADDRESS,BRONX,,,Closed,,The Department of Buildings investigated this complaint and determined that no further action was necessary.,06/30/2023 12:00:00 AM,12 BRONX,11,Precinct 47,2050680008,BRONX,1024115,267085,UNKNOWN,Unspecified,BRONX,,,,,,,,40.89967017787778,-73.8557968299489,POINT (-73.855796829949 40.899670177878)
57961683,06/21/2023 09:49:29 AM,06/27/2023 05:45:40 PM,HPD,Department of Housing Preservation and Development,UNSANITARY CONDITION,PESTS,ROACHES,RESIDENTIAL BUILDING,10467,2922 BARNES AVENUE,BARNES AVENUE,,,,,ADDRESS,BRONX,,,Closed,,The Department of Housing Preservation and Development inspected the following conditions. Violations were issued. Information about specific violations is available at www.nyc.gov/hpd,06/27/2023 12:00:00 AM,11 BRONX,13,Precinct 49,2045500012,BRONX,1022026,255655,PHONE,Unspecified,BRONX,,,,,,,,40.868307630679645,-73.86341779743378,POINT (-73.863417797434 40.86830763068)
57976614,06/23/2023 12:46:49 AM,06/23/2023 01:03:37 AM,NYPD,New York City Police Department,Noise - Residential,Loud Talking,,Residential Building/House,10035,112 EAST  128 STREET,EAST  128 STREET,PARK AVENUE,LEXINGTON AVENUE,PARK AVENUE,LEXINGTON AVENUE,ADDRESS,NEW YORK,EAST  128 STREET,,Closed,,The Police Department responded to the complaint and with the information available observed no evidence of the violation at that time.,06/23/2023 01:03:41 AM,11 MANHATTAN,09,Precinct 25,1017750165,MANHATTAN,1001707,233177,MOBILE,Unspecified,MANHATTAN,,,,,,,,40.806675628037624,-73.93694126018204,POINT (-73.936941260182 40.806675628038)
57963924,06/21/2023 10:55:16 PM,06/29/2023 07:32:16 PM,DHS,Department of Homeless Services,Homeless Person Assistance,,,Subway,,,,,,,,ADDRESS,,,,Closed,,The mobile outreach response team went to the location provided but could not find the individual that you reported.,06/29/2023 07:32:16 PM,Unspecified MANHATTAN,,Unspecified,,MANHATTAN,984669,210807,ONLINE,Unspecified,MANHATTAN,,,,C,,W 23 St & 8 Av NW and SW corners (to Dow,Entrance,40.74529309693587,-73.998487869284,POINT (-73.998487869284 40.745293096936)
57974427,06/23/2023 01:39:18 AM,06/23/2023 01:49:18 AM,NYPD,New York City Police Department,Noise - Street/Sidewalk,Loud Music/Party,,Street/Sidewalk,10002,134 ELDRIDGE STREET,ELDRIDGE STREET,BROOME STREET,DELANCEY STREET,BROOME STREET,DELANCEY STREET,ADDRESS,NEW YORK,ELDRIDGE STREET,,Closed,,The Police Department reviewed your complaint and provided additional information below.,06/23/2023 01:49:21 AM,03 MANHATTAN,01,Precinct 5,1004140001,MANHATTAN,986588,201196,ONLINE,Unspecified,MANHATTAN,,,,,,,,40.7189129617464,-73.99156572246149,POINT (-73.991565722461 40.718912961746)
57967992,06/21/2023 12:17:00 PM,06/21/2023 01:30:00 PM,DEP,Department of Environmental Protection,Water System,Leak (Use Comments) (WA2),WA2,,11225,,,,,EMPIRE BOULEVARD,NOSTRAND AVENUE,INTERSECTION,BROOKLYN,,,Closed,,The Department of Environmental Protection determined that this complaint is a duplicate of a previously filed complaint. The original complaint is being addressed.,06/21/2023 01:30:00 PM,09 BROOKLYN,35,Precinct 71,,BROOKLYN,997851,181159,PHONE,Unspecified,BROOKLYN,,,,,,,,40.6639058833396,-73.95097518576361,POINT (-73.950975185764 40.66390588334)
57973788,06/22/2023 09:03:12 AM,07/11/2023 05:34:10 PM,DSNY,Department of Sanitation,Illegal Dumping,Removal Request,N/A,Street,10024,350 WEST   88 STREET,WEST   88 STREET,WEST END AVENUE,RIVERSIDE DRIVE,WEST END AVENUE,RIVERSIDE DRIVE,ADDRESS,NEW YORK,WEST   88 STREET,,Closed,,The Department of Sanitation investigated this complaint and found no condition at the location.,06/22/2023 02:13:24 PM,07 MANHATTAN,06,Precinct 24,1012490054,MANHATTAN,990328,227337,ONLINE,Unspecified,MANHATTAN,,,,,,,,40.79066157543726,-73.97805013458935,POINT (-73.978050134589 40.790661575437)
57962088,06/21/2023 08:52:19 PM,06/22/2023 08:33:50 AM,NYPD,New York City Police Department,Illegal Parking,Commercial Overnight Parking,,Street/Sidewalk,10466,4218 WICKHAM AVENUE,WICKHAM AVENUE,BUSSING AVENUE,PITMAN AVENUE,BUSSING AVENUE,PITMAN AVENUE,ADDRESS,BRONX,WICKHAM AVENUE,,Closed,,The Police Department responded to the complaint and took action to fix the condition.,06/22/2023 08:33:54 AM,12 BRONX,12,Precinct 47,2050120035,BRONX,1025949,265335,MOBILE,Unspecified,BRONX,,,,,,,,40.89485851669767,-73.8491736368449,POINT (-73.849173636845 40.894858516698)
57970170,06/21/2023 02:49:16 PM,06/21/2023 03:21:55 PM,NYPD,New York City Police Department,Illegal Parking,Double Parked Blocking Traffic,,Street/Sidewalk,11249,166 BEDFORD AVENUE,BEDFORD AVENUE,NORTH    8 STREET,NORTH    7 STREET,NORTH    8 STREET,NORTH    7 STREET,ADDRESS,BROOKLYN,BEDFORD AVENUE,,Closed,,The Police Department responded and upon arrival those responsible for the condition were gone.,06/21/2023 03:22:02 PM,01 BROOKLYN,33,Precinct 94,3023190018,BROOKLYN,996092,200961,MOBILE,Unspecified,BROOKLYN,,,,,,,,40.718260326553214,-73.9572806927308,POINT (-73.957280692731 40.718260326553)
57965346,06/21/2023 04:56:16 AM,06/21/2023 05:18:15 AM,NYPD,New York City Police Department,Noise - Residential,Loud Music/Party,,Residential Building/House,11433,108-26 159 STREET,159 STREET,108 AVENUE,109 AVENUE,108 AVENUE,109 AVENUE,ADDRESS,JAMAICA,159 STREET,,Closed,,The Police Department responded to the complaint and with the information available observed no evidence of the violation at that time.,06/21/2023 05:18:19 AM,12 QUEENS,28,Precinct 103,4101460051,QUEENS,1041463,192497,ONLINE,Unspecified,QUEENS,,,,,,,,40.694851633900804,-73.79367980321378,POINT (-73.793679803214 40.694851633901)
57973221,06/22/2023 12:20:00 AM,06/22/2023 06:10:00 AM,DEP,Department of Environmental Protection,Water System,Hydrant Running Full (WA4),WA4,,10305,736 SEAVIEW AVENUE,SEAVIEW AVENUE,QUINCY AVE,OCEANSIDE AVE,,,ADDRESS,STATEN ISLAND,,,Closed,,The Department of Environmental Protection determined that this complaint is a duplicate of a previously filed complaint. The original complaint is being addressed.,06/22/2023 06:10:00 AM,02 STATEN ISLAND,50,Precinct 122,5034810011,STATEN ISLAND,962208,150613,MOBILE,Unspecified,STATEN ISLAND,,,,,,,,40.580046540855264,-74.07935065357486,POINT (-74.079350653575 40.580046540855)
57964410,06/21/2023 11:58:50 AM,08/12/2023 03:39:03 PM,DPR,Department of Parks and Recreation,Overgrown Tree/Branches,Dead Branches in Tree,N/A,Street,11219,1253 48 STREET,48 STREET,12 AVENUE,13 AVENUE,12 AVENUE,13 AVENUE,ADDRESS,BROOKLYN,48 STREET,,Closed,,NYC Parks visited the site and inspected the condition. No work is necessary at this time.,08/12/2023 03:39:07 PM,12 BROOKLYN,44,Precinct 66,3056280053,BROOKLYN,986308,171071,ONLINE,Unspecified,BROOKLYN,,,,,,,,40.63622672149419,-73.99258501478084,POINT (-73.992585014781 40.636226721494)
57964221,06/21/2023 01:06:19 PM,06/21/2023 01:34:15 PM,DHS,Department of Homeless Services,Homeless Person Assistance,,,Street/Sidewalk,10021,2 AVENUE,2 AVENUE,2 AVENUE,EAST   72 STREET,2 AVENUE,EAST 72 STREET,INTERSECTION,MANHATTAN,,,Closed,,The Department of Homeless Services did not have enough information to act on your request.,06/21/2023 01:34:15 PM,08 MANHATTAN,04,Precinct 19,,MANHATTAN,995783,219373,MOBILE,Unspecified,MANHATTAN,,,,,,,,40.768797068314726,-73.95836382115831,POINT (-73.958363821158 40.768797068315)
57964329,06/21/2023 03:22:06 AM,06/26/2023 03:03:50 PM,HPD,Department of Housing Preservation and Development,UNSANITARY CONDITION,PESTS,ROACHES,RESIDENTIAL BUILDING,10468,2407 MORRIS AVENUE,MORRIS AVENUE,,,,,ADDRESS,BRONX,,,Closed,,The Department of Housing Preservation and Development inspected the following conditions. Violations were issued. Information about specific violations is available at www.nyc.gov/hpd,06/26/2023 12:00:00 AM,05 BRONX,14,Precinct 46,2031840066,BRONX,1011799,252885,ONLINE,Unspecified,BRONX,,,,,,,,40.86074266712049,-73.90040569732251,POINT (-73.900405697323 40.86074266712)
57969684,06/21/2023 07:43:00 PM,06/22/2023 07:32:48 PM,HPD,Department of Housing Preservation and Development,HEAT/HOT WATER,ENTIRE BUILDING,NO HOT WATER,RESIDENTIAL BUILDING,11221,10 PATCHEN AVENUE,PATCHEN AVENUE,,,,,ADDRESS,BROOKLYN,,,Closed,,The complaint you filed is a duplicate of a condition already reported by another tenant for a building-wide condition. The original complaint is still open. HPD may attempt to contact you to verify the correction of the condition or may conduct an inspection of your unit if the original complainant is not available for verification.,06/22/2023 12:00:00 AM,03 BROOKLYN,36,Precinct 81,3016120039,BROOKLYN,1004224,191564,PHONE,Unspecified,BROOKLYN,,,,,,,,40.69245316147029,-73.92797287293008,POINT (-73.92797287293 40.69245316147)
57976416,06/22/2023 03:09:28 PM,07/18/2023 03:40:04 PM,DOHMH,Department of Health and Mental Hygiene,Rodent,Rat Sighting,,3+ Family Apt. Building,11212,1574 PITKIN AVENUE,PITKIN AVENUE,HERZL STREET,AMBOY STREET,HERZL STREET,AMBOY STREET,ADDRESS,BROOKLYN,PITKIN AVENUE,,Closed,,This service request was closed because the Department of Health and Mental Hygiene received an earlier complaint about the same location.  You can find inspection results for this address by going to the online Rat Portal at www.nyc.gov/rats.,06/22/2023 03:09:28 PM,16 BROOKLYN,41,Precinct 73,3035170031,BROOKLYN,1007750,183023,PHONE,Unspecified,BROOKLYN,,,,,,,,40.66900140652604,-73.91528775323039,POINT (-73.91528775323 40.669001406526)
57974463,06/22/2023 08:12:58 PM,06/22/2023 09:06:09 PM,NYPD,New York City Police Department,Non-Emergency Police Matter,Other (complaint details),,Street/Sidewalk,11106,11-25 BROADWAY,BROADWAY,11 STREET,12 STREET,11 STREET,12 STREET,ADDRESS,ASTORIA,BROADWAY,,Closed,,The Police Department responded to the complaint and took action to fix the condition.,06/22/2023 09:06:13 PM,01 QUEENS,22,Precinct 114,4005020038,QUEENS,1002084,218869,ONLINE,Unspecified,QUEENS,,,,,,,,40.7674032535732,-73.93561743585337,POINT (-73.935617435853 40.767403253573)
57974904,06/21/2023 09:23:18 PM,06/21/2023 09:23:18 PM,DOB,Department of Buildings,Emergency Response Team (ERT),After Hours Work - Illegal,,,,164 STREET,164 STREET,,,,,ADDRESS,,,N/A,Closed,,"The Department of Buildings attempted to investigate this complaint but could not locate the premises. If the problem still exists, please call 311 and file a new complaint with additional information about how to locate the building. If you are outside of New York City, please call (212) NEW-YORK (212-639-9675).",06/21/2023 12:00:00 AM,Unspecified QUEENS,,Unspecified,,QUEENS,,,UNKNOWN,Unspecified,QUEENS,,,,,,,,,,
57978333,06/22/2023 12:41:00 PM,06/22/2023 01:00:00 PM,DEP,Department of Environmental Protection,Water System,Hydrant Knocked Over/Missing (WC),WC,,11236,659 EAST   92 STREET,EAST   92 STREET,AVENUE A,AVENUE B,,,ADDRESS,BROOKLYN,,,Closed,,The Department of Environmental Protection determined that this complaint is a duplicate of a previously filed complaint. The original complaint is being addressed.,06/22/2023 01:00:00 PM,17 BROOKLYN,42,Precinct 67,3047520022,BROOKLYN,1007645,176561,PHONE,Unspecified,BROOKLYN,,,,,,,,40.65126492645071,-73.91568867478699,POINT (-73.915688674787 40.651264926451)
57973491,06/22/2023 09:49:45 AM,06/30/2023 07:46:46 AM,HPD,Department of Housing Preservation and Development,UNSANITARY CONDITION,MOLD,N/A,RESIDENTIAL BUILDING,10458,2366 LORILLARD PLACE,LORILLARD PLACE,,,,,ADDRESS,BRONX,,,Closed,,The Department of Housing Preservation and Development inspected the following conditions. No violations were issued. The complaint has been closed.,06/30/2023 12:00:00 AM,06 BRONX,15,Precinct 48,2030540012,BRONX,1014700,251017,PHONE,Unspecified,BRONX,,,,,,,,40.855606041678485,-73.8899265872049,POINT (-73.889926587205 40.855606041678)
57975372,06/22/2023 09:10:19 AM,06/22/2023 09:45:52 AM,NYPD,New York City Police Department,Encampment,N/A,,Park/Playground,11206,TEN EYCK PLAZA,TEN EYCK PLAZA,UNION AVENUE,LORIMER STREET,UNION AVENUE,LORIMER STREET,UNRECOGNIZED,BROOKLYN,TEN EYCK PLAZA,,Closed,,The Police Department visited the location and has referred the complaint to the Department of Homeless Services (DHS) for further action. DHS will inspect the condition and update your Service Request with more information.,06/22/2023 09:45:58 AM,01 BROOKLYN,34,Precinct 90,3030220020,BROOKLYN,998291,197714,PHONE,Unspecified,BROOKLYN,,,,,,,,40.709344871029096,-73.94935470548768,POINT (-73.949354705488 40.709344871029)
57978720,06/22/2023 10:56:00 AM,06/26/2023 06:36:00 AM,DEP,Department of Environmental Protection,Noise,Noise: Alarms (NR3),NR3,,10001,304 5 AVENUE,5 AVENUE,E 31 ST,E 32 ST,,,ADDRESS,NEW YORK,,N/A,Closed,,The Department of Environmental Protection researched this complaint and determined that it could be closed.,06/26/2023 06:36:00 AM,05 MANHATTAN,03,Precinct 14,1008330040,MANHATTAN,988179,211330,ONLINE,Unspecified,MANHATTAN,,,,,,,,40.746727737884136,-73.98582031133945,POINT (-73.985820311339 40.746727737884)
57973725,06/22/2023 03:55:46 AM,06/22/2023 04:13:11 AM,NYPD,New York City Police Department,Illegal Parking,Blocked Crosswalk,,Street/Sidewalk,11236,1690 RALPH AVENUE,RALPH AVENUE,EAST   76 STREET,GLENWOOD ROAD,EAST   76 STREET,GLENWOOD ROAD,ADDRESS,BROOKLYN,RALPH AVENUE,,Closed,,The Police Department responded to the complaint and took action to fix the condition.,06/22/2023 04:13:16 AM,18 BROOKLYN,45,Precinct 63,3079780001,BROOKLYN,1006744,170758,ONLINE,Unspecified,BROOKLYN,,,,,,,,40.63533928067907,-73.91895506169136,POINT (-73.918955061691 40.635339280679)
57965895,06/21/2023 05:19:25 PM,06/21/2023 08:35:50 PM,NYPD,New York City Police Department,Abandoned Vehicle,With License Plate,,Street/Sidewalk,11413,197-52 NASHVILLE BOULEVARD,NASHVILLE BOULEVARD,197 STREET,122 AVENUE,197 STREET,122 AVENUE,ADDRESS,SPRINGFIELD GARDENS,NASHVILLE BOULEVARD,,Closed,,The Police Department responded to the complaint and took action to fix the condition.,06/21/2023 08:36:00 PM,12 QUEENS,27,Precinct 113,4127330022,QUEENS,1053559,189792,PHONE,Unspecified,QUEENS,,,,,,,,40.68734059795101,-73.75008753379821,POINT (-73.750087533798 40.687340597951)
57968136,06/21/2023 01:51:04 PM,06/27/2023 08:23:39 PM,HPD,Department of Housing Preservation and Development,DOOR/WINDOW,DOOR,LOCK BROKEN OR MISSING,RESIDENTIAL BUILDING,10472,1035 BOYNTON AVENUE,BOYNTON AVENUE,,,,,ADDRESS,BRONX,,,Closed,,The Department of Housing Preservation and Development inspected the following conditions. No violations were issued. The complaint has been closed.,06/27/2023 12:00:00 AM,09 BRONX,18,Precinct 43,2037140050,BRONX,1018197,239789,ONLINE,Unspecified,BRONX,,,,,,,,40.82477572866116,-73.87734216435173,POINT (-73.877342164352 40.824775728661)
57970845,06/21/2023 06:45:51 PM,06/27/2023 04:19:50 PM,DSNY,Department of Sanitation,Sanitation Worker or Vehicle Complaint,Spilled Garbage,DSNY White Truck,Street,11235,2519 HUBBARD STREET,HUBBARD STREET,AVENUE Y,AVENUE Z,AVENUE Y,AVENUE Z,ADDRESS,BROOKLYN,HUBBARD STREET,,Closed,,The Department of Sanitation investigated this complaint and found no condition at the location.,06/24/2023 01:09:08 PM,13 BROOKLYN,48,Precinct 60,3072230070,BROOKLYN,994458,153702,PHONE,Unspecified,BROOKLYN,,,,,,,,40.588546757326526,-73.96324677940105,POINT (-73.963246779401 40.588546757327)
57974589,06/22/2023 08:02:00 PM,06/23/2023 08:28:00 AM,DEP,Department of Environmental Protection,Water Conservation,Illegal Use Of A Hydrant (CIN),CIN,,11434,119-30 165 STREET,165 STREET,119 AVE,120 AVE,,,ADDRESS,JAMAICA,,,Closed,,The Department of Environmental Protection scheduled an inspection.,06/23/2023 08:28:00 AM,12 QUEENS,27,Precinct 113,4123590041,QUEENS,1045280,188024,PHONE,Unspecified,QUEENS,,,,,,,,40.68254881593156,-73.77995560181891,POINT (-73.779955601819 40.682548815932)
57972915,06/22/2023 05:20:00 AM,06/22/2023 06:15:00 AM,DEP,Department of Environmental Protection,Noise,Noise: Construction Before/After Hours (NM1),NM1,,11435,147-36 94 AVENUE,94 AVENUE,SUTPHIN BLVD,148 ST,,,ADDRESS,JAMAICA,,N/A,Closed,,The Department of Environmental Protection determined that this complaint is a duplicate of a previously filed complaint. The original complaint is being addressed.,06/22/2023 06:15:00 AM,12 QUEENS,27,Precinct 103,4099997501,QUEENS,1037968,194094,ONLINE,Unspecified,QUEENS,,,,,,,,40.699256921088654,-73.80627061223024,POINT (-73.80627061223 40.699256921089)
57970080,06/21/2023 07:46:54 PM,06/22/2023 08:04:11 AM,DSNY,Department of Sanitation,Illegal Dumping,Removal Request,N/A,Street,10304,39 GEO COURT,GEO COURT,MOSEL AVENUE,DEAD END,MOSEL AVENUE,DEAD END,ADDRESS,STATEN ISLAND,GEO COURT,,Closed,,The Department of Sanitation investigated and found this complaint to be out of jurisdiction. The Department of Sanitation reviewed this and found it not to be meeting the criteria for a complaint or service request.,06/22/2023 08:04:11 AM,01 STATEN ISLAND,49,Precinct 120,5028990197,STATEN ISLAND,962781,162838,ONLINE,Unspecified,STATEN ISLAND,,,,,,,,40.6136030918028,-74.07732671854731,POINT (-74.077326718547 40.613603091803)
57978999,06/22/2023 11:17:50 AM,07/03/2023 01:14:21 PM,TLC,Taxi and Limousine Commission,For Hire Vehicle Complaint,Driver Complaint - Non Passenger,Unsafe Driving,Street,11218,415 OCEAN PARKWAY,OCEAN PARKWAY,AVENUE C,CORTELYOU ROAD,AVENUE C,CORTELYOU ROAD,ADDRESS,BROOKLYN,OCEAN PARKWAY,,Closed,,"Based on the information provided by the customer, the Taxi and Limousine Commission has determined that a hearing is not necessary or not possible.",07/03/2023 01:14:25 PM,12 BROOKLYN,39,Precinct 66,3053750049,BROOKLYN,991674,172056,ONLINE,Unspecified,BROOKLYN,,,"415 OCEAN PARKWAY, BROOKLYN, NY, 11218",,,,,40.63892746412587,-73.97325020454049,POINT (-73.97325020454 40.638927464126)
57970962,06/21/2023 11:47:45 PM,06/22/2023 08:24:33 PM,HPD,Department of Housing Preservation and Development,HEAT/HOT WATER,ENTIRE BUILDING,NO HOT WATER,RESIDENTIAL BUILDING,10457,2237 BATHGATE AVENUE,BATHGATE AVENUE,,,,,ADDRESS,BRONX,,,Closed,,The Department of Housing Preservation and Development inspected the following conditions. Violations were issued. Information about specific violations is available at www.nyc.gov/hpd,06/22/2023 12:00:00 AM,06 BRONX,15,Precinct 48,2030500086,BRONX,1013982,250376,ONLINE,Unspecified,BRONX,,,,,,,,40.85384913626262,-73.89252491883597,POINT (-73.892524918836 40.853849136263)
57974139,06/22/2023 09:51:24 PM,06/22/2023 10:17:01 PM,NYPD,New York City Police Department,Noise - Street/Sidewalk,Loud Music/Party,,Street/Sidewalk,10002,134 ELDRIDGE STREET,ELDRIDGE STREET,BROOME STREET,DELANCEY STREET,BROOME STREET,DELANCEY STREET,ADDRESS,NEW YORK,ELDRIDGE STREET,,Closed,,The Police Department responded to the complaint and took action to fix the condition.,06/22/2023 10:17:04 PM,03 MANHATTAN,01,Precinct 5,1004140001,MANHATTAN,986588,201196,ONLINE,Unspecified,MANHATTAN,,,,,,,,40.7189129617464,-73.99156572246149,POINT (-73.991565722461 40.718912961746)
57967371,06/21/2023 08:32:31 AM,06/28/2023 08:59:15 AM,DOT,Department of Transportation,Street Condition,Cave-in,N/A,Street,11101,24 STREET,24 STREET,24 STREET,41 AVENUE,24 STREET,41 AVENUE,INTERSECTION,,,,Closed,,"The Department of Transportation inspected the location for the condition you reported and could not find the problem. It you would like to pursue the complaint, please call 311 or (212) 639-9675 with additional information.",06/28/2023 08:59:18 AM,01 QUEENS,26,Precinct 114,,QUEENS,1000909,213490,UNKNOWN,Unspecified,QUEENS,,,,,,,,40.75264157307053,-73.93987263381857,POINT (-73.939872633819 40.752641573071)
57961989,06/21/2023 06:03:07 AM,07/21/2023 11:44:50 AM,DPR,Department of Parks and Recreation,New Tree Request,For One Address,Street Tree,Street,11236,CONKLIN AVENUE,CONKLIN AVENUE,CONKLIN AVENUE,EAST   96 STREET,CONKLIN AVENUE,EAST   96 STREET,INTERSECTION,,,,Closed,,"The Service Request submitted did not have sufficient location or complaint information for NYC Parks to respond.  Please submit a new Service Request with adequate site details, including a full street address and descriptive location information.",07/21/2023 11:44:53 AM,18 BROOKLYN,46,Precinct 69,,BROOKLYN,1011398,173839,UNKNOWN,Unspecified,BROOKLYN,,,,,,,,40.64378291997874,-73.90217451080643,POINT (-73.902174510806 40.643782919979)
57967632,06/21/2023 09:39:38 AM,06/22/2023 02:37:18 PM,DSNY,Department of Sanitation,Illegal Dumping,Removal Request,N/A,Sidewalk,11385,490 GRANDVIEW AVENUE,GRANDVIEW AVENUE,HARMAN STREET,GREENE AVENUE,HARMAN STREET,GREENE AVENUE,ADDRESS,RIDGEWOOD,GRANDVIEW AVENUE,,Closed,,The Department of Sanitation investigated this complaint and found no condition at the location.,06/21/2023 04:19:43 PM,05 QUEENS,30,Precinct 104,4033810054,QUEENS,1009743,197931,ONLINE,Unspecified,QUEENS,,,,,,,,40.70991489971567,-73.90804702662658,POINT (-73.908047026627 40.709914899716)
57963798,06/21/2023 09:31:37 AM,06/21/2023 10:40:43 AM,NYPD,New York City Police Department,Blocked Driveway,Partial Access,,Street/Sidewalk,11219,1216 BAY RIDGE AVENUE,BAY RIDGE AVENUE,12 AVENUE,13 AVENUE,12 AVENUE,13 AVENUE,ADDRESS,BROOKLYN,BAY RIDGE AVENUE,,Closed,,The Police Department responded and upon arrival those responsible for the condition were gone.,06/21/2023 10:40:49 AM,10 BROOKLYN,38,Precinct 68,3061550012,BROOKLYN,982738,166846,PHONE,Unspecified,BROOKLYN,,,,,,,,40.62463009884384,-74.00544679770093,POINT (-74.005446797701 40.624630098844)
57977604,06/22/2023 09:04:48 AM,06/22/2023 09:25:01 AM,NYPD,New York City Police Department,Non-Emergency Police Matter,Trespassing,,Residential Building/House,10040,600 WEST  192 STREET,WEST  192 STREET,ST NICHOLAS AVENUE,WADSWORTH AVENUE,ST NICHOLAS AVENUE,WADSWORTH AVENUE,ADDRESS,NEW YORK,WEST  192 STREET,,Closed,,The Police Department responded to the complaint and took action to fix the condition.,06/22/2023 09:25:08 AM,12 MANHATTAN,10,Precinct 34,1021690029,MANHATTAN,1003928,251236,ONLINE,Unspecified,MANHATTAN,,,,,,,,40.85623771170069,-73.92886552195142,POINT (-73.928865521951 40.856237711701)
57970872,06/21/2023 08:48:33 PM,06/22/2023 01:05:58 AM,NYPD,New York City Police Department,Blocked Driveway,No Access,,Street/Sidewalk,11432,85-36 165 STREET,165 STREET,85 AVENUE,DEAD END,85 AVENUE,DEAD END,ADDRESS,JAMAICA,165 STREET,,Closed,,The Police Department responded and upon arrival those responsible for the condition were gone.,06/22/2023 01:06:04 AM,08 QUEENS,24,Precinct 107,4098470049,QUEENS,1039689,198906,MOBILE,Unspecified,QUEENS,,,,,,,,40.71245407790534,-73.80002437614951,POINT (-73.80002437615 40.712454077905)
57966381,06/21/2023 10:53:44 AM,06/27/2023 12:00:00 AM,DOB,Department of Buildings,Boilers,Boiler - Defective/Inoperative/No Permit,,,10468,2290 DAVIDSON AVENUE,DAVIDSON AVENUE,,,,,ADDRESS,BRONX,,N/A,Closed,,The Department of Buildings investigated this complaint and issued an Office of Administrative Trials and Hearings (OATH) summons.,06/27/2023 12:00:00 AM,07 BRONX,14,Precinct 52,2031970023,BRONX,1010639,252289,UNKNOWN,Unspecified,BRONX,,,,,,,,40.85911037097102,-73.9046016370002,POINT (-73.904601637 40.859110370971)
57962610,06/21/2023 09:38:32 PM,06/21/2023 09:40:43 PM,NYPD,New York City Police Department,Noise - Commercial,Loud Music/Party,,Store/Commercial,11249,111 NORTH   12 STREET,NORTH   12 STREET,WYTHE AVENUE,BERRY STREET,WYTHE AVENUE,BERRY STREET,ADDRESS,BROOKLYN,NORTH   12 STREET,,Closed,,The Police Department responded to the complaint and took action to fix the condition.,06/21/2023 09:40:47 PM,01 BROOKLYN,33,Precinct 94,3022830001,BROOKLYN,996160,202334,MOBILE,Unspecified,BROOKLYN,,,,,,,,40.72202878901314,-73.95703295734614,POINT (-73.957032957346 40.722028789013)
57970026,06/21/2023 11:41:00 AM,06/23/2023 05:00:00 PM,DEP,Department of Environmental Protection,Air Quality,"Air: Dust, Other (Use Comments) (AE5)",AE5,,10308,190 GIFFORDS LANE,GIFFORDS LANE,GIBSON AVE,HOWTON AVE,,,ADDRESS,STATEN ISLAND,,N/A,Closed,,"The Department of Environmental Protection (DEP) didn't observe a violation of the NYC Air or Noise Code at the time of inspection and couldn't issue a summons.  If the problem still exists, please go to nyc.gov/311 or call 311 to file a new Service Request. If you're outside of New York City, please call (212) NEW-YORK (212-639-9675).",06/23/2023 05:00:00 PM,03 STATEN ISLAND,51,Precinct 122,5054420191,STATEN ISLAND,941885,141900,PHONE,Unspecified,STATEN ISLAND,,,,,,,,40.556057260258484,-74.15245824562587,POINT (-74.152458245626 40.556057260258)
57969639,06/21/2023 04:23:00 PM,06/22/2023 03:28:00 AM,DSNY,Department of Sanitation,Derelict Vehicles,Derelict Vehicles,,Street,11224,2817 WEST   12 STREET,WEST   12 STREET,NEPTUNE AVENUE,BRIGHTON/CULVER LINE,,,ADDRESS,BROOKLYN,,DSNY Garage,Closed,,The owner claimed the vehicle.Â Your request is now closed and no further action will be taken.,06/22/2023 12:00:00 PM,13 BROOKLYN,48,Precinct 60,3072680001,BROOKLYN,989916,150203,PHONE,Unspecified,BROOKLYN,,,,,,,,40.57894676371923,-73.97960287893667,POINT (-73.979602878937 40.578946763719)
57963267,06/21/2023 12:36:28 PM,06/21/2023 12:36:28 PM,DOHMH,Department of Health and Mental Hygiene,Rodent,Rat Sighting,,Vacant Lot,11221,857 LAFAYETTE AVENUE,LAFAYETTE AVENUE,MARCUS GARVEY BOULEVARD,LEWIS AVENUE,MARCUS GARVEY BOULEVARD,LEWIS AVENUE,ADDRESS,BROOKLYN,LAFAYETTE AVENUE,,Closed,,The Department of Health and Mental Hygiene found violations on the property you reported. Follow-up inspections will be scheduled.,06/21/2023 12:36:28 PM,03 BROOKLYN,36,Precinct 81,3016050062,BROOKLYN,1001366,191174,MOBILE,Unspecified,BROOKLYN,,,,,,,,40.691388690509996,-73.93827993449325,POINT (-73.938279934493 40.69138869051)
57966759,06/21/2023 08:20:02 AM,06/21/2023 08:28:44 AM,NYPD,New York City Police Department,Non-Emergency Police Matter,Other (complaint details),,Street/Sidewalk,10019,300 WEST   54 STREET,WEST   54 STREET,8 AVENUE,9 AVENUE,8 AVENUE,9 AVENUE,ADDRESS,NEW YORK,WEST   54 STREET,,Closed,,The Police Department responded to the complaint and determined that police action was not necessary.,06/21/2023 08:28:47 AM,04 MANHATTAN,03,Precinct 18,1010447501,MANHATTAN,988485,217974,ONLINE,Unspecified,MANHATTAN,,,,,,,,40.764963684473265,-73.98471177813548,POINT (-73.984711778135 40.764963684473)
57977595,06/22/2023 10:13:38 PM,06/22/2023 10:52:55 PM,NYPD,New York City Police Department,Blocked Driveway,Partial Access,,Street/Sidewalk,11691,824 MEEHAN AVENUE,MEEHAN AVENUE,DEAD END,BEACH    9 STREET,DEAD END,BEACH    9 STREET,ADDRESS,FAR ROCKAWAY,MEEHAN AVENUE,,Closed,,The Police Department responded to the complaint and with the information available observed no evidence of the violation at that time.,06/22/2023 10:53:00 PM,14 QUEENS,31,Precinct 101,4155990641,QUEENS,1055335,157415,ONLINE,Unspecified,QUEENS,,,,,,,,40.59845899467388,-73.74402486501,POINT (-73.74402486501 40.598458994674)
57966264,06/21/2023 10:27:39 AM,07/01/2023 01:23:35 PM,DSNY,Department of Sanitation,Illegal Dumping,Removal Request,N/A,Sidewalk,11419,109-12 LIBERTY AVENUE,LIBERTY AVENUE,109 STREET,110 STREET,109 STREET,110 STREET,ADDRESS,SOUTH RICHMOND HILL,LIBERTY AVENUE,,Closed,,The Department of Sanitation removed the items.,06/21/2023 10:03:44 PM,10 QUEENS,28,Precinct 106,4095320006,QUEENS,1030675,188576,PHONE,Unspecified,QUEENS,,,,,,,,40.684152577789085,-73.83261015326809,POINT (-73.832610153268 40.684152577789)
57977730,06/22/2023 08:07:16 AM,06/22/2023 09:23:36 AM,NYPD,New York City Police Department,Blocked Driveway,No Access,,Street/Sidewalk,10314,668 TRAVIS AVENUE,TRAVIS AVENUE,GADSEN PLACE,STEINWAY AVENUE,GADSEN PLACE,STEINWAY AVENUE,ADDRESS,STATEN ISLAND,TRAVIS AVENUE,,Closed,,The Police Department issued a summons in response to the complaint.,06/22/2023 09:23:42 AM,02 STATEN ISLAND,51,Precinct 121,5023680012,STATEN ISLAND,939470,155153,MOBILE,Unspecified,STATEN ISLAND,,,,,,,,40.59242222008846,-74.16123683550192,POINT (-74.161236835502 40.592422220088)
57978135,06/22/2023 07:10:21 PM,06/22/2023 07:37:03 PM,NYPD,New York City Police Department,Noise - Street/Sidewalk,Loud Music/Party,,Street/Sidewalk,10031,541 WEST  142 STREET,WEST  142 STREET,HAMILTON PLACE,BROADWAY,HAMILTON PLACE,BROADWAY,ADDRESS,NEW YORK,WEST  142 STREET,,Closed,,The Police Department responded to the complaint and took action to fix the condition.,06/22/2023 07:37:06 PM,09 MANHATTAN,07,Precinct 30,1020740007,MANHATTAN,997936,239477,MOBILE,Unspecified,MANHATTAN,,,,,,,,40.82397400846211,-73.95055013833444,POINT (-73.950550138334 40.823974008462)
57979035,06/22/2023 06:02:52 PM,06/22/2023 10:48:03 PM,DHS,Department of Homeless Services,Encampment,N/A,,Street/Sidewalk,10025,CENTRAL PARK WEST,CENTRAL PARK WEST,CENTRAL PARK WEST,WEST   94 STREET,CENTRAL PARK WEST,WEST   94 STREET,INTERSECTION,,,,Closed,,The Department of Homeless Services (DHS) visited the location and is coordinating with their agency partners to address the condition. No further information will be available with 311.,06/22/2023 10:48:10 PM,07 MANHATTAN,06,Precinct 24,,MANHATTAN,993768,227230,ONLINE,Unspecified,MANHATTAN,,,,,,,,40.790364853794436,-73.96562719792148,POINT (-73.965627197921 40.790364853794)
57964626,06/21/2023 05:50:16 PM,06/22/2023 08:31:46 AM,NYPD,New York City Police Department,Illegal Parking,Commercial Overnight Parking,,Street/Sidewalk,10466,4452 BAYCHESTER AVENUE,BAYCHESTER AVENUE,CAMP STREET,EAST  241 STREET,CAMP STREET,EAST  241 STREET,ADDRESS,BRONX,BAYCHESTER AVENUE,,Closed,,The Police Department responded to the complaint and took action to fix the condition.,06/22/2023 08:31:49 AM,12 BRONX,11,Precinct 47,2050950076,BRONX,1026618,267552,MOBILE,Unspecified,BRONX,,,,,,,,40.90094027667404,-73.84673982147382,POINT (-73.846739821474 40.900940276674)
57964572,06/21/2023 11:04:55 AM,06/21/2023 04:00:23 PM,NYPD,New York City Police Department,Abandoned Vehicle,With License Plate,,Street/Sidewalk,11420,130-06 135 AVENUE,135 AVENUE,130 STREET,130 PLACE,130 STREET,130 PLACE,ADDRESS,SOUTH OZONE PARK,135 AVENUE,,Closed,,The Police Department responded to the complaint and a report was prepared.,06/21/2023 04:00:26 PM,10 QUEENS,28,Precinct 106,,QUEENS,1037081,182882,ONLINE,Unspecified,QUEENS,,,,,,,,40.668487951600234,-73.80955740063682,POINT (-73.809557400637 40.6684879516)
57965715,06/21/2023 10:10:00 PM,06/22/2023 03:50:00 PM,DOT,Department of Transportation,Traffic Signal Condition,Underground,Need Utility Verify,,10025,,,,,CENTRAL PARK WEST,WEST 94 STREET,INTERSECTION,MANHATTAN,,N/A,Closed,,"Service Request status for this request is available on the Department of Transportation's website. Please click the ""Learn More"" link below.",06/22/2023 03:50:00 PM,07 MANHATTAN,06,Precinct 24,,MANHATTAN,993768,227230,UNKNOWN,Unspecified,MANHATTAN,,,,,,,,40.790364853794436,-73.96562719792148,POINT (-73.965627197921 40.790364853794)
57969369,06/21/2023 11:38:44 AM,06/21/2023 12:05:21 PM,NYPD,New York City Police Department,Non-Emergency Police Matter,Other (complaint details),,Street/Sidewalk,10032,524 WEST  169 STREET,WEST  169 STREET,AMSTERDAM AVENUE,AUDUBON AVENUE,AMSTERDAM AVENUE,AUDUBON AVENUE,ADDRESS,NEW YORK,WEST  169 STREET,,Closed,,The Police Department responded to the complaint and took action to fix the condition.,06/21/2023 12:05:27 PM,12 MANHATTAN,10,Precinct 33,1021250032,MANHATTAN,1001578,245628,ONLINE,Unspecified,MANHATTAN,,,,,,,,40.840850336148144,-73.93737508387434,POINT (-73.937375083874 40.840850336148)
57974247,06/22/2023 10:40:08 AM,06/27/2023 11:56:27 AM,DOT,Department of Transportation,Curb Condition,Broken Curb,1-3 Residential Units,Sidewalk,10302,295 TRANTOR PLACE,TRANTOR PLACE,DIXON AVENUE,DR M L KING EP NB EN FOREST AVE,DIXON AVENUE,DR M L KING EP NB EN FOREST AVE,ADDRESS,STATEN ISLAND,TRANTOR PLACE,,Closed,,"The Department of Transportation will inspect the condition to determine if the location can be added to a curb contract (3-5 years). The property owner will be notified if there are sidewalk defects. Property owners are responsible for repairing and installing sidewalks adjoining their property, according to Section 19-152 of the NYC Administrative Code. Community Boards and elected officials may contribute funding for curb, affecting timeframe for construction.",06/27/2023 11:56:31 AM,01 STATEN ISLAND,49,Precinct 121,5011410138,STATEN ISLAND,943928,167572,PHONE,Unspecified,STATEN ISLAND,,,,,,,,40.62653118100376,-74.14525934739831,POINT (-74.145259347398 40.626531181004)
57991851,06/24/2023 05:12:21 PM,06/29/2023 10:25:48 AM,DHS,Department of Homeless Services,Homeless Person Assistance,,,Subway,,,,,,,,ADDRESS,,,,Closed,,The mobile outreach response team went to the location provided but could not find the individual that you reported.,06/29/2023 10:25:48 AM,Unspecified MANHATTAN,,Unspecified,,MANHATTAN,989811,224885,MOBILE,Unspecified,MANHATTAN,,,,1,1 Uptown & The Bronx,,Platform,40.783931832198284,-73.97991923921681,POINT (-73.979919239217 40.783931832198)
57970188,06/21/2023 04:37:24 PM,06/23/2023 02:43:37 PM,DSNY,Department of Sanitation,Missed Collection,Trash,N/A,Street,11208,1124 LORING AVENUE,LORING AVENUE,HOLLY STREET,EUCLID AVENUE,HOLLY STREET,EUCLID AVENUE,ADDRESS,BROOKLYN,LORING AVENUE,,Closed,,The Department of Sanitation investigated this complaint and found no condition at the location.,06/23/2023 06:51:02 AM,05 BROOKLYN,42,Precinct 75,3045050050,BROOKLYN,1020277,182187,ONLINE,Unspecified,BROOKLYN,,,,,,,,40.6666646613422,-73.87013524091489,POINT (-73.870135240915 40.666664661342)
57968082,06/22/2023 12:35:54 AM,06/22/2023 12:37:52 AM,NYPD,New York City Police Department,Noise - Street/Sidewalk,Loud Music/Party,,Street/Sidewalk,10456,1465 WASHINGTON AVENUE,WASHINGTON AVENUE,ST PAULS PLACE,EAST  171 STREET,ST PAULS PLACE,EAST  171 STREET,ADDRESS,BRONX,WASHINGTON AVENUE,,Closed,,The Police Department responded to the complaint and with the information available observed no evidence of the violation at that time.,06/22/2023 12:37:58 AM,03 BRONX,16,Precinct 42,2029020036,BRONX,1010885,244212,ONLINE,Unspecified,BRONX,,,,,,,,40.83694066292417,-73.90374441298103,POINT (-73.903744412981 40.836940662924)
57987270,06/23/2023 05:46:08 PM,06/23/2023 06:17:32 PM,NYPD,New York City Police Department,Abandoned Vehicle,With License Plate,,Highway,,,,,,,,,,,,Closed,,The Police Department responded to the complaint and with the information available observed no evidence of the violation at that time.,06/23/2023 06:17:35 PM,Unspecified QUEENS,,Unspecified,,QUEENS,,182456,PHONE,Unspecified,QUEENS,,,,Van Wyck Expwy,North/Bronx Bound,Roadway,JFK International Airport - Van Wyck Service Roads,,,
57967884,06/21/2023 03:58:47 PM,06/21/2023 04:01:13 PM,TLC,Taxi and Limousine Commission,Lost Property,Electronics/Phones,Cell Phone,Taxi,10036,8 AVENUE,8 AVENUE,8 AVENUE,WEST   41 STREET,8 AVENUE,WEST   41 STREET,INTERSECTION,,,,Closed,,See notes for information.,06/21/2023 04:01:16 PM,04 MANHATTAN,03,Precinct 14,,MANHATTAN,986944,214915,UNKNOWN,Unspecified,MANHATTAN,,,"8 AVENUE AND WEST   41 STREET, MANHATTAN, NY, 10036",,,,,40.75656811838794,-73.99027596730664,POINT (-73.990275967307 40.756568118388)
57966273,06/21/2023 08:46:03 AM,06/21/2023 11:25:27 AM,DSNY,Department of Sanitation,Missed Collection,Recycling - Paper/Metal/Glass/Rigid Plastic,N/A,Street,11215,472 5 AVENUE,5 AVENUE,10 STREET,11 STREET,10 STREET,11 STREET,ADDRESS,BROOKLYN,5 AVENUE,,Closed,,The Department of Sanitation investigated and found this complaint to be out of jurisdiction. The Department of Sanitation reviewed this and found it not to be meeting the criteria for a complaint or service request.,06/21/2023 11:25:27 AM,06 BROOKLYN,38,Precinct 78,3010160041,BROOKLYN,987828,182730,ONLINE,Unspecified,BROOKLYN,,,,,,,,40.66822765282249,-73.98710226141864,POINT (-73.987102261419 40.668227652822)
57962385,06/21/2023 09:26:00 AM,06/22/2023 06:27:00 AM,DEP,Department of Environmental Protection,Noise,Noise: Construction Equipment (NC1),NC1,,10025,251 WEST   92 STREET,WEST   92 STREET,BROADWAY,WEST END AVE,,,ADDRESS,NEW YORK,,N/A,Closed,,The Department of Environmental Protection determined that this complaint is a duplicate of a previously filed complaint. The original complaint is being addressed.,06/22/2023 06:27:00 AM,07 MANHATTAN,06,Precinct 24,1012400010,MANHATTAN,991407,227940,ONLINE,Unspecified,MANHATTAN,,,,,,,,40.79231583995937,-73.97415283137067,POINT (-73.974152831371 40.792315839959)
57968937,06/21/2023 10:29:59 AM,12/13/2023 02:47:46 PM,DOT,Department of Transportation,Street Sign - Damaged,"No Parking, Standing, Stopping",,Street,11435,95 AVENUE,95 AVENUE,148 STREET,149 STREET,148 STREET,149 STREET,BLOCKFACE,,,,Closed,,The Department of Transportation has completed the request or corrected the condition.,12/13/2023 02:47:53 PM,Unspecified QUEENS,,Precinct 103,,QUEENS,,,PHONE,Unspecified,QUEENS,,,,,,,,,,
57969261,06/21/2023 07:54:00 AM,06/21/2023 08:44:45 AM,NYPD,New York City Police Department,Blocked Driveway,No Access,,Street/Sidewalk,11218,595 EAST    3 STREET,EAST    3 STREET,CORTELYOU ROAD,DITMAS AVENUE,CORTELYOU ROAD,DITMAS AVENUE,ADDRESS,BROOKLYN,EAST    3 STREET,,Closed,,The Police Department issued a summons in response to the complaint.,06/21/2023 08:44:48 AM,12 BROOKLYN,39,Precinct 66,3053870086,BROOKLYN,990842,171481,PHONE,Unspecified,BROOKLYN,,,,,,,,40.637349870227744,-73.9762485880474,POINT (-73.976248588047 40.637349870228)
57969864,06/21/2023 08:06:19 AM,06/21/2023 11:08:04 AM,NYPD,New York City Police Department,Abandoned Vehicle,With License Plate,,Street/Sidewalk,11358,40-29 165 STREET,165 STREET,STATION ROAD,NORTHERN BOULEVARD,STATION ROAD,NORTHERN BOULEVARD,ADDRESS,FLUSHING,165 STREET,,Closed,,The Police Department responded to the complaint and took action to fix the condition.,06/21/2023 11:08:08 AM,07 QUEENS,19,Precinct 109,4053400015,QUEENS,1039361,216594,MOBILE,Unspecified,QUEENS,,,,,,,,40.76100518861344,-73.80106261127736,POINT (-73.801062611277 40.761005188613)
57964419,06/21/2023 02:32:06 AM,06/21/2023 02:33:44 AM,NYPD,New York City Police Department,Drug Activity,Use Outside,,Street/Sidewalk,11366,159-06 UNION TURNPIKE,UNION TURNPIKE,159 STREET,160 STREET,159 STREET,160 STREET,ADDRESS,FRESH MEADOWS,UNION TURNPIKE,,Closed,,The Police Department responded to the complaint and determined that police action was not necessary.,06/21/2023 02:33:48 AM,08 QUEENS,24,Precinct 107,4068540028,QUEENS,1037538,201770,ONLINE,Unspecified,QUEENS,,,,,,,,40.720328269590894,-73.80776061338688,POINT (-73.807760613387 40.720328269591)
57968199,06/21/2023 09:03:50 PM,,DCWP,Department of Consumer and Worker Protection,Consumer Complaint,"Bodega, Deli, or Convenience Store",Air Conditioning Law Not Posted,Business,11378,61-01 GRAND AVENUE,GRAND AVENUE,61 STREET,64 STREET,61 STREET,64 STREET,ADDRESS,MASPETH,GRAND AVENUE,,In Progress,,The Department of Consumer and Worker Protection (DCWP) is reviewing your complaint. DCWP may contact you directly if it needs additional information.,06/22/2023 02:37:54 PM,05 QUEENS,30,Precinct 104,4027120001,QUEENS,1010848,202333,ONLINE,Unspecified,QUEENS,,,,,,,,40.721994075852315,-73.90404391368789,POINT (-73.904043913688 40.721994075852)
57967794,06/21/2023 08:51:01 PM,06/22/2023 10:10:00 AM,DOT,Department of Transportation,Street Condition,Pothole,,,10128,,,,,3 AVENUE,EAST 87 STREET,INTERSECTION,MANHATTAN,,N/A,Closed,,The Department of Transportation inspected this complaint and repaired the problem.,06/22/2023 10:10:00 AM,08 MANHATTAN,05,Precinct 19,,MANHATTAN,997130,223272,UNKNOWN,Unspecified,MANHATTAN,,,,,,,,40.779496940033354,-73.95349343954618,POINT (-73.953493439546 40.779496940033)
57961728,06/21/2023 12:14:26 PM,06/30/2023 03:18:42 PM,HPD,Department of Housing Preservation and Development,DOOR/WINDOW,WINDOW FRAME,LOOSE OR DEFECTIVE,RESIDENTIAL BUILDING,10034,61 POST AVENUE,POST AVENUE,,,,,ADDRESS,NEW YORK,,,Closed,,The Department of Housing Preservation and Development inspected the following conditions. No violations were issued. The complaint has been closed.,06/30/2023 12:00:00 AM,12 MANHATTAN,10,Precinct 34,1022180005,MANHATTAN,1005725,253954,ONLINE,Unspecified,MANHATTAN,,,,,,,,40.863693613378366,-73.92236079803905,POINT (-73.922360798039 40.863693613378)
57978009,06/22/2023 06:11:46 PM,06/22/2023 08:37:22 PM,NYPD,New York City Police Department,Non-Emergency Police Matter,Other (complaint details),,Street/Sidewalk,11432,150-01 HILLSIDE AVENUE,HILLSIDE AVENUE,150 STREET,153 STREET,150 STREET,153 STREET,ADDRESS,JAMAICA,HILLSIDE AVENUE,,Closed,,The Police Department responded to the complaint and took action to fix the condition.,06/22/2023 08:37:26 PM,08 QUEENS,24,Precinct 107,4097060098,QUEENS,1037960,196816,PHONE,Unspecified,QUEENS,,,,,,,,40.706728202441674,-73.80627775383498,POINT (-73.806277753835 40.706728202442)
57964932,06/21/2023 02:38:37 PM,06/22/2023 08:26:19 AM,DSNY,Department of Sanitation,Missed Collection,Recycling - Paper,N/A,Street,10312,451 CORTELYOU AVENUE,CORTELYOU AVENUE,LAMOKA AVENUE,COCO COURT,LAMOKA AVENUE,COCO COURT,ADDRESS,STATEN ISLAND,CORTELYOU AVENUE,,Closed,,The Department of Sanitation collected the requested items.,06/22/2023 07:47:50 AM,03 STATEN ISLAND,51,Precinct 122,5054810024,STATEN ISLAND,939252,138995,ONLINE,Unspecified,STATEN ISLAND,,,,,,,,40.54807063363752,-74.16191423609759,POINT (-74.161914236098 40.548070633638)
57972519,06/22/2023 08:50:43 AM,06/22/2023 10:57:17 AM,NYPD,New York City Police Department,Illegal Parking,Posted Parking Sign Violation,,Street/Sidewalk,11217,50 NEVINS STREET,NEVINS STREET,SCHERMERHORN STREET,STATE STREET,SCHERMERHORN STREET,STATE STREET,ADDRESS,BROOKLYN,NEVINS STREET,,Closed,,The Police Department responded to the complaint and with the information available observed no evidence of the violation at that time.,06/22/2023 10:57:20 AM,02 BROOKLYN,33,Precinct 84,3001727501,BROOKLYN,989264,189641,MOBILE,Unspecified,BROOKLYN,,,,,,,,40.68719608843765,-73.98192072171082,POINT (-73.981920721711 40.687196088438)
57966912,06/21/2023 08:52:20 AM,06/22/2023 05:47:46 PM,HPD,Department of Housing Preservation and Development,PAINT/PLASTER,CEILING,COLLAPSING OR FALLING,RESIDENTIAL BUILDING,10457,410 EAST  173 STREET,EAST  173 STREET,,,,,ADDRESS,BRONX,,,Closed,,The Department of Housing Preservation and Development inspected the following conditions. No violations were issued. The complaint has been closed.,06/22/2023 12:00:00 AM,03 BRONX,15,Precinct 42,2028970052,BRONX,1011066,246369,PHONE,Unspecified,BRONX,,,,,,,,40.84286044865053,-73.90308167736325,POINT (-73.903081677363 40.842860448651)
57964131,06/21/2023 06:00:46 AM,06/21/2023 06:53:05 AM,NYPD,New York City Police Department,Noise - Residential,Loud Music/Party,,Residential Building/House,11433,107-09 159 STREET,159 STREET,107 AVENUE,108 AVENUE,107 AVENUE,108 AVENUE,ADDRESS,JAMAICA,159 STREET,,Closed,,The Police Department responded to the complaint and with the information available observed no evidence of the violation at that time.,06/21/2023 06:53:10 AM,12 QUEENS,28,Precinct 103,4101250033,QUEENS,1041091,193174,ONLINE,Unspecified,QUEENS,,,,,,,,40.69671223371353,-73.79501558307801,POINT (-73.795015583078 40.696712233714)
57963159,06/21/2023 10:05:12 AM,06/21/2023 10:14:19 AM,NYPD,New York City Police Department,Illegal Parking,Blocked Sidewalk,,Street/Sidewalk,11104,41-20 39 STREET,39 STREET,SKILLMAN AVENUE,43 AVENUE,SKILLMAN AVENUE,43 AVENUE,ADDRESS,SUNNYSIDE,39 STREET,,Closed,,The Police Department responded to the complaint and took action to fix the condition.,06/21/2023 10:14:23 AM,02 QUEENS,26,Precinct 108,4002150016,QUEENS,1004884,211497,MOBILE,Unspecified,QUEENS,,,,,,,,40.747162910421295,-73.92553177882772,POINT (-73.925531778828 40.747162910421)
57978693,06/22/2023 09:01:31 AM,06/24/2023 02:28:37 PM,DSNY,Department of Sanitation,Missed Collection,Bulky Trash,N/A,Street,11235,2742 HARING STREET,HARING STREET,VOORHIES AVENUE,SHORE PARKWAY,VOORHIES AVENUE,SHORE PARKWAY,ADDRESS,BROOKLYN,HARING STREET,,Closed,,The Department of Sanitation collected the requested items.,06/24/2023 12:13:12 PM,15 BROOKLYN,48,Precinct 61,3087940023,BROOKLYN,1001384,153086,ONLINE,Unspecified,BROOKLYN,,,,,,,,40.586845278432676,-73.93831174853781,POINT (-73.938311748538 40.586845278433)
57972339,06/22/2023 12:14:00 PM,06/22/2023 03:55:00 PM,DOT,Department of Transportation,Traffic Signal Condition,Controller,Operating Improperly,,11215,,,,,5 AVENUE,3 STREET,INTERSECTION,BROOKLYN,,N/A,Closed,,Service Request status for this request is available on the Department of Transportationâs website. Please click the âLearn Moreâ link below.,06/22/2023 03:55:00 PM,06 BROOKLYN,39,Precinct 78,,BROOKLYN,988887,184395,UNKNOWN,Unspecified,BROOKLYN,,,,,,,,40.672797214041466,-73.98328370274999,POINT (-73.98328370275 40.672797214041)
57973770,06/22/2023 08:24:29 PM,06/23/2023 09:10:21 AM,DSNY,Department of Sanitation,Missed Collection,Recycling - Paper/Metal/Glass/Rigid Plastic,N/A,Street,10310,27 BRITTON STREET,BRITTON STREET,DEAD END,BROADWAY,DEAD END,BROADWAY,ADDRESS,STATEN ISLAND,BRITTON STREET,,Closed,,The Department of Sanitation investigated this complaint and found no condition at the location.,06/23/2023 03:01:51 AM,01 STATEN ISLAND,49,Precinct 120,5001780135,STATEN ISLAND,952056,170334,ONLINE,Unspecified,STATEN ISLAND,,,,,,,,40.634145547690736,-74.1159915738292,POINT (-74.115991573829 40.634145547691)
57975498,06/22/2023 05:54:08 PM,06/22/2023 07:38:12 PM,NYPD,New York City Police Department,Noise - Residential,Loud Music/Party,,Residential Building/House,10463,49 WEST  225 STREET,WEST  225 STREET,EXTERIOR STREET,BROADWAY,EXTERIOR STREET,BROADWAY,ADDRESS,BRONX,WEST  225 STREET,,Closed,,The Police Department responded to the complaint and with the information available observed no evidence of the violation at that time.,06/22/2023 07:38:16 PM,08 BRONX,10,Precinct 50,1022150116,BRONX,1009652,257603,ONLINE,Unspecified,BRONX,,,,,,,,40.87369857353044,-73.90814957564673,POINT (-73.908149575647 40.87369857353)
57971448,06/22/2023 09:42:25 AM,06/24/2023 01:47:31 PM,DSNY,Department of Sanitation,Missed Collection,Bulky Recycling,N/A,Street,11228,950 BAY RIDGE PARKWAY,BAY RIDGE PARKWAY,FORT HAMILTON PARKWAY,10 AVENUE,FORT HAMILTON PARKWAY,10 AVENUE,ADDRESS,BROOKLYN,BAY RIDGE PARKWAY,,Closed,,The Department of Sanitation investigated this complaint and found no condition at the location.,06/24/2023 11:49:13 AM,10 BROOKLYN,38,Precinct 68,3059450028,BROOKLYN,980002,166999,ONLINE,Unspecified,BROOKLYN,,,,,,,,40.625049162334534,-74.01530300397735,POINT (-74.015303003977 40.625049162335)
57975759,06/22/2023 01:51:00 PM,06/22/2023 02:56:54 PM,NYPD,New York City Police Department,Noise - Residential,Loud Music/Party,,Residential Building/House,10457,2000 VALENTINE AVENUE,VALENTINE AVENUE,EAST  178 STREET,EAST BURNSIDE AVENUE,EAST  178 STREET,EAST BURNSIDE AVENUE,ADDRESS,BRONX,VALENTINE AVENUE,,Closed,,The Police Department responded to the complaint and with the information available observed no evidence of the violation at that time.,06/22/2023 02:56:58 PM,05 BRONX,15,Precinct 46,2031420001,BRONX,1011718,249007,ONLINE,Unspecified,BRONX,,,,,,,,40.85009897385511,-73.90071441609523,POINT (-73.900714416095 40.850098973855)
57987315,06/23/2023 03:25:31 AM,,EDC,Economic Development Corporation,Noise - Helicopter,Other,Flying Too Low,Above Address,11238,41 EASTERN PARKWAY,EASTERN PARKWAY,UNDERHILL AVENUE,WASHINGTON AVENUE,UNDERHILL AVENUE,WASHINGTON AVENUE,ADDRESS,BROOKLYN,EASTERN PARKWAY,,In Progress,,,,08 BROOKLYN,35,Precinct 77,3011790096,BROOKLYN,993419,184429,ONLINE,Unspecified,BROOKLYN,,,,,,,,40.67288700256193,-73.96694588342999,POINT (-73.96694588343 40.672887002562)
57962358,06/21/2023 12:47:52 PM,06/21/2023 12:47:52 PM,DOB,Department of Buildings,Real Time Enforcement,Work Without A Permit - Occupied Multiple Dwelling,,,11221,184 STUYVESANT AVENUE,STUYVESANT AVENUE,,,,,ADDRESS,BROOKLYN,,,Closed,,The Department of Buildings investigated this complaint and determined that no further action was necessary.,06/21/2023 12:00:00 AM,03 BROOKLYN,36,Precinct 81,3016257501,BROOKLYN,1002753,190330,UNKNOWN,Unspecified,BROOKLYN,,,,,,,,40.689069314479454,-73.93328075110693,POINT (-73.933280751107 40.689069314479)
57978162,06/22/2023 08:56:55 PM,06/22/2023 09:13:37 PM,NYPD,New York City Police Department,Noise - Street/Sidewalk,Loud Talking,,Street/Sidewalk,11209,329 93 STREET,93 STREET,3 AVENUE,4 AVENUE,3 AVENUE,4 AVENUE,ADDRESS,BROOKLYN,93 STREET,,Closed,,The Police Department responded to the complaint and determined that police action was not necessary.,06/22/2023 09:13:42 PM,10 BROOKLYN,47,Precinct 68,3061030055,BROOKLYN,975342,164575,MOBILE,Unspecified,BROOKLYN,,,,,,,,40.61839232845792,-74.0320869978708,POINT (-74.032086997871 40.618392328458)
57965697,06/21/2023 10:28:20 AM,06/22/2023 08:41:19 PM,HPD,Department of Housing Preservation and Development,UNSANITARY CONDITION,MOLD,N/A,RESIDENTIAL BUILDING,10452,1328 PLIMPTON AVENUE,PLIMPTON AVENUE,,,,,ADDRESS,BRONX,,,Closed,,The Department of Housing Preservation and Development inspected the following conditions. Violations were issued. Information about specific violations is available at www.nyc.gov/hpd,06/22/2023 12:00:00 AM,04 BRONX,16,Precinct 44,2025210056,BRONX,1005196,245581,ONLINE,Unspecified,BRONX,,,,,,,,40.84071349434014,-73.9242994663853,POINT (-73.924299466385 40.84071349434)
57978369,06/22/2023 11:20:00 PM,06/23/2023 01:00:00 AM,DEP,Department of Environmental Protection,Air Quality,"Air: Odor/Fumes, Vehicle Idling (AD3)",AD3,,11420,126-14 VAN WYCK EXPRESSWAY SR WEST,VAN WYCK EXPRESSWAY SR WEST,ROCKAWAY BLVD,VAN WYCK EP SB EN ROCKAWAY BL,,,ADDRESS,SOUTH OZONE PARK,,N/A,Closed,,The Department of Environmental Protection will keep the location under observation for idling commercial vehicles.Â Summonses will be issued when warranted.,06/23/2023 01:00:00 AM,10 QUEENS,28,Precinct 106,4117600003,QUEENS,1039201,184895,ONLINE,Unspecified,QUEENS,,,,,,,,40.67400026720912,-73.80189894386517,POINT (-73.801898943865 40.674000267209)
57976596,06/22/2023 11:06:21 PM,06/22/2023 11:17:36 PM,NYPD,New York City Police Department,Noise - Residential,Loud Music/Party,,Residential Building/House,11204,7412 18 AVENUE,18 AVENUE,74 STREET,BAY RIDGE PARKWAY,74 STREET,BAY RIDGE PARKWAY,ADDRESS,BROOKLYN,18 AVENUE,,Closed,,The Police Department responded to the complaint and determined that police action was not necessary.,06/22/2023 11:17:43 PM,11 BROOKLYN,43,Precinct 62,3062150045,BROOKLYN,985493,162921,ONLINE,Unspecified,BROOKLYN,,,,,,,,40.61385683191012,-73.9955229650164,POINT (-73.995522965016 40.61385683191)
57968433,06/21/2023 09:38:38 AM,06/21/2023 12:11:21 PM,NYPD,New York City Police Department,Abandoned Vehicle,With License Plate,,Street/Sidewalk,11355,58-40 146 STREET,146 STREET,58 ROAD,59 AVENUE,58 ROAD,59 AVENUE,ADDRESS,FLUSHING,146 STREET,,Closed,,The Police Department responded to the complaint and took action to fix the condition.,06/21/2023 12:11:26 PM,07 QUEENS,20,Precinct 109,4064080056,QUEENS,1033478,210260,PHONE,Unspecified,QUEENS,,,,,,,,40.7436547125158,-73.82234512808694,POINT (-73.822345128087 40.743654712516)
58008969,06/26/2023 01:31:41 AM,,EDC,Economic Development Corporation,Noise - Helicopter,Other,Flying Too Low,Above Address,10017,765 UNITED NATIONS PLAZA,UNITED NATIONS PLAZA,SHARANSKY STEPS,EAST   44 STREET,SHARANSKY STEPS,EAST   44 STREET,ADDRESS,NEW YORK,UNITED NATIONS PLAZA,,In Progress,,,,06 MANHATTAN,04,Precinct 17,1013360024,MANHATTAN,992773,212396,ONLINE,Unspecified,MANHATTAN,,,,,,,,40.74965040506507,-73.9692392999421,POINT (-73.969239299942 40.749650405065)
57977775,06/22/2023 11:21:18 AM,06/22/2023 02:45:21 PM,NYPD,New York City Police Department,Blocked Driveway,No Access,,Street/Sidewalk,10456,1204 WASHINGTON AVENUE,WASHINGTON AVENUE,EAST  167 STREET,EAST  168 STREET,EAST  167 STREET,EAST  168 STREET,ADDRESS,BRONX,WASHINGTON AVENUE,,Closed,,The Police Department responded to the complaint and determined that police action was not necessary.,06/22/2023 02:45:25 PM,03 BRONX,16,Precinct 42,2023720018,BRONX,1009964,242023,PHONE,Unspecified,BRONX,,,,,,,,40.83093522214825,-73.9070811815831,POINT (-73.907081181583 40.830935222148)
57962142,06/21/2023 10:22:08 AM,06/21/2023 10:39:23 AM,NYPD,New York City Police Department,Illegal Parking,Posted Parking Sign Violation,,Street/Sidewalk,10069,42 RIVERSIDE BOULEVARD,RIVERSIDE BOULEVARD,WEST   61 STREET,WEST   62 STREET,WEST   61 STREET,WEST   62 STREET,ADDRESS,NEW YORK,RIVERSIDE BOULEVARD,,Closed,,The Police Department issued a summons in response to the complaint.,06/21/2023 10:39:30 AM,07 MANHATTAN,06,Precinct 20,1011717509,MANHATTAN,986539,221348,MOBILE,Unspecified,MANHATTAN,,,,,,,,40.77422515454484,-73.99173563007035,POINT (-73.99173563007 40.774225154545)
57966777,06/21/2023 02:59:13 PM,06/28/2023 09:24:28 PM,HPD,Department of Housing Preservation and Development,DOOR/WINDOW,WINDOW FRAME,LOCK BROKEN OR MISSING,RESIDENTIAL BUILDING,11374,66-15 THORNTON PLACE,THORNTON PLACE,,,,,ADDRESS,REGO PARK,,,Closed,,The Department of Housing Preservation and Development inspected the following conditions. No violations were issued. The complaint has been closed.,06/28/2023 12:00:00 AM,06 QUEENS,30,Precinct 112,4031540001,QUEENS,1023621,202851,PHONE,Unspecified,QUEENS,,,,,,,,40.72336823316271,-73.85796052817267,POINT (-73.857960528173 40.723368233163)
57969558,06/21/2023 08:29:53 PM,06/21/2023 09:13:53 PM,NYPD,New York City Police Department,Noise - Residential,Banging/Pounding,,Residential Building/House,10306,285 MILL ROAD,MILL ROAD,ISERNIA AVENUE,TYSENS LANE,ISERNIA AVENUE,TYSENS LANE,ADDRESS,STATEN ISLAND,MILL ROAD,,Closed,,The Police Department responded to the complaint and with the information available observed no evidence of the violation at that time.,06/21/2023 09:13:56 PM,03 STATEN ISLAND,50,Precinct 122,5039830001,STATEN ISLAND,953166,144058,ONLINE,Unspecified,STATEN ISLAND,,,,,,,,40.56202726674416,-74.11187146210581,POINT (-74.111871462106 40.562027266744)
57975723,06/22/2023 10:01:27 PM,06/22/2023 10:08:34 PM,NYPD,New York City Police Department,Noise - Residential,Banging/Pounding,,Residential Building/House,11373,60-70 WOODHAVEN BOULEVARD,WOODHAVEN BOULEVARD,60 ROAD,60 DRIVE,60 ROAD,60 DRIVE,ADDRESS,ELMHURST,WOODHAVEN BOULEVARD,,Closed,,The Police Department responded to the complaint and took action to fix the condition.,06/22/2023 10:08:39 PM,06 QUEENS,30,Precinct 112,4028857501,QUEENS,1019840,205328,ONLINE,Unspecified,QUEENS,,,,,,,,40.73018300778824,-73.87158818992353,POINT (-73.871588189924 40.730183007788)
57977235,06/22/2023 01:08:19 PM,06/22/2023 01:28:35 PM,NYPD,New York City Police Department,Illegal Parking,Blocked Hydrant,,Street/Sidewalk,11214,2113 SHORE PARKWAY,SHORE PARKWAY,BELT PKWY WB EN CROPSEY AVE SB,CROPSEY AVENUE,BELT PKWY WB EN CROPSEY AVE SB,CROPSEY AVENUE,ADDRESS,BROOKLYN,SHORE PARKWAY,,Closed,,The Police Department responded to the complaint and with the information available observed no evidence of the violation at that time.,06/22/2023 01:28:39 PM,13 BROOKLYN,47,Precinct 60,,BROOKLYN,987601,152474,MOBILE,Unspecified,BROOKLYN,,,,,,,,40.58518138646831,-73.98793555714343,POINT (-73.987935557143 40.585181386468)
57966093,06/21/2023 11:47:29 AM,06/27/2023 02:41:22 PM,DPR,Department of Parks and Recreation,Maintenance or Facility,Grass/Weeds,Weeds - Overgrown Lawn,Park,11415,80-30 PARK LANE,PARK LANE,FOREST PARK DRIVE,80 ROAD,FOREST PARK DRIVE,80 ROAD,ADDRESS,KEW GARDENS,PARK LANE,,Closed,,NYC Parks didn't take action because the issue you reported is out of their jurisdiction.,06/27/2023 02:41:33 PM,82 QUEENS,29,Precinct 102,4033122000,QUEENS,1029953,198339,ONLINE,Unspecified,QUEENS,,,,,,,,40.71095344959411,-73.83514714122289,POINT (-73.835147141223 40.710953449594)
57961710,06/21/2023 03:36:44 PM,06/21/2023 04:25:03 PM,NYPD,New York City Police Department,Illegal Parking,Blocked Bike Lane,,Street/Sidewalk,11215,162 7 AVENUE,7 AVENUE,GARFIELD PLACE,1 STREET,GARFIELD PLACE,1 STREET,ADDRESS,BROOKLYN,7 AVENUE,,Closed,,The Police Department responded to the complaint and determined that police action was not necessary.,06/21/2023 04:25:08 PM,06 BROOKLYN,39,Precinct 78,3009660043,BROOKLYN,990549,184124,ONLINE,Unspecified,BROOKLYN,,,,,,,,40.672052353298504,-73.97729247768575,POINT (-73.977292477686 40.672052353299)
57962223,06/21/2023 01:07:29 AM,06/21/2023 01:07:29 AM,DOB,Department of Buildings,General Construction/Plumbing,Building Permit - None,,,11435,90-37 143 STREET,143 STREET,,,,,ADDRESS,JAMAICA,,,Assigned,,The Department of Buildings has reviewed this complaint and has reassigned it to our Executive Inspections Unit.,06/21/2023 12:00:00 AM,12 QUEENS,24,Precinct 103,4099830032,QUEENS,1036547,194810,UNKNOWN,Unspecified,QUEENS,,,,,,,,40.70123068096921,-73.81138975169412,POINT (-73.811389751694 40.701230680969)
57970674,06/21/2023 05:34:34 PM,06/21/2023 05:39:14 PM,NYPD,New York City Police Department,Non-Emergency Police Matter,Other (complaint details),,Street/Sidewalk,10035,234 EAST  122 STREET,EAST  122 STREET,3 AVENUE,2 AVENUE,3 AVENUE,2 AVENUE,ADDRESS,NEW YORK,EAST  122 STREET,,Closed,,The Police Department responded to the complaint and took action to fix the condition.,06/21/2023 05:39:18 PM,11 MANHATTAN,08,Precinct 25,1017860034,MANHATTAN,1001872,231251,ONLINE,Unspecified,MANHATTAN,,,,,,,,40.801388961177175,-73.93635029725078,POINT (-73.936350297251 40.801388961177)
57966039,06/21/2023 06:22:30 AM,06/21/2023 09:22:09 AM,NYPD,New York City Police Department,Illegal Parking,Blocked Hydrant,,Street/Sidewalk,10460,1705 VAN BUREN STREET,VAN BUREN STREET,VAN NEST AVENUE,MORRIS PARK AVENUE,VAN NEST AVENUE,MORRIS PARK AVENUE,ADDRESS,BRONX,VAN BUREN STREET,,Closed,,The Police Department responded and upon arrival those responsible for the condition were gone.,06/21/2023 09:22:13 AM,11 BRONX,13,Precinct 49,2040160129,BRONX,1020121,245852,MOBILE,Unspecified,BRONX,,,,,,,,40.8414092956878,-73.87035792532029,POINT (-73.87035792532 40.841409295688)
57963294,06/22/2023 12:22:29 AM,08/31/2023 10:45:19 AM,TLC,Taxi and Limousine Commission,Taxi Complaint,Driver Complaint - Passenger,Fare/Tip Complaint - Credit Card,Street,10065,EAST   61 STREET,EAST   61 STREET,EAST   61 STREET,LEXINGTON AVENUE,EAST   61 STREET,LEXINGTON AVENUE,INTERSECTION,,,,Closed,,"Based on the information provided by the customer, the Taxi and Limousine Commission has determined that a hearing is not necessary or not possible.",08/31/2023 10:45:25 AM,08 MANHATTAN,04,Precinct 19,,MANHATTAN,993316,217435,PHONE,Unspecified,MANHATTAN,,,"EAST   61 STREET AND LEXINGTON AVENUE, MANHATTAN, NY, 10065",,,,,40.76348063446487,-73.96727274245596,POINT (-73.967272742456 40.763480634465)
57974958,06/22/2023 08:36:56 AM,07/12/2023 03:51:25 PM,DSNY,Department of Sanitation,Street Sweeping Complaint,Street Not Swept,N/A,Street,11212,2037 UNION STREET,UNION STREET,EAST NEW YORK AVENUE,SUTTER AVENUE,EAST NEW YORK AVENUE,SUTTER AVENUE,ADDRESS,BROOKLYN,UNION STREET,,Closed,,The Department of Sanitation cleaned the location.,06/23/2023 11:23:39 AM,16 BROOKLYN,41,Precinct 73,3035100017,BROOKLYN,1005979,182199,ONLINE,Unspecified,BROOKLYN,,,,,,,,40.666744234778655,-73.9216744647375,POINT (-73.921674464737 40.666744234779)
57978891,06/22/2023 06:27:36 AM,06/22/2023 06:50:13 AM,NYPD,New York City Police Department,Abandoned Vehicle,With License Plate,,Street/Sidewalk,10026,2119 8 AVENUE,8 AVENUE,WEST  114 STREET,WEST  115 STREET,WEST  114 STREET,WEST  115 STREET,ADDRESS,NEW YORK,8 AVENUE,,Closed,,The Police Department issued a summons in response to the complaint.,06/22/2023 06:50:17 AM,10 MANHATTAN,09,Precinct 28,1018480016,MANHATTAN,996404,231993,ONLINE,Unspecified,MANHATTAN,,,,,,,,40.803434760821894,-73.95609906776754,POINT (-73.956099067768 40.803434760822)
57974706,06/22/2023 04:27:49 PM,06/22/2023 05:27:12 PM,NYPD,New York City Police Department,Drug Activity,Use Outside,,Street/Sidewalk,11432,82-68 164 STREET,164 STREET,82 ROAD,GRAND CENTRAL PARKWAY,82 ROAD,GRAND CENTRAL PARKWAY,ADDRESS,JAMAICA,164 STREET,,Closed,,The Police Department responded to the complaint and determined that police action was not necessary.,06/22/2023 05:27:17 PM,08 QUEENS,24,Precinct 107,4068580001,QUEENS,1038740,200651,ONLINE,Unspecified,QUEENS,,,,,,,,40.71724956934783,-73.80343340538089,POINT (-73.803433405381 40.717249569348)
57966489,06/22/2023 01:25:37 AM,06/22/2023 01:46:18 AM,NYPD,New York City Police Department,Blocked Driveway,No Access,,Street/Sidewalk,10310,55 BRITTON STREET,BRITTON STREET,DEAD END,BROADWAY,DEAD END,BROADWAY,ADDRESS,STATEN ISLAND,BRITTON STREET,,Closed,,The Police Department issued a summons in response to the complaint.,06/22/2023 01:46:20 AM,01 STATEN ISLAND,49,Precinct 120,,STATEN ISLAND,951907,170311,MOBILE,Unspecified,STATEN ISLAND,,,,,,,,40.63408187483532,-74.11652829418851,POINT (-74.116528294189 40.634081874835)
57964077,06/21/2023 01:54:21 PM,06/21/2023 01:57:00 PM,NYPD,New York City Police Department,Noise - Residential,Banging/Pounding,,Residential Building/House,10454,600 EAST  137 STREET,EAST  137 STREET,ST ANNS AVENUE,CYPRESS AVENUE,ST ANNS AVENUE,CYPRESS AVENUE,ADDRESS,BRONX,EAST  137 STREET,,Closed,,The Police Department responded to the complaint and with the information available observed no evidence of the violation at that time.,06/21/2023 01:57:03 PM,01 BRONX,08,Precinct 40,2025480001,BRONX,1007288,232796,MOBILE,Unspecified,BRONX,,,,,,,,40.80561709866251,-73.91678270964402,POINT (-73.916782709644 40.805617098663)
57976740,06/23/2023 12:10:40 AM,06/23/2023 12:35:27 AM,NYPD,New York City Police Department,Noise - Residential,Banging/Pounding,,Residential Building/House,11233,1334 EASTERN PARKWAY,EASTERN PARKWAY,PORTAL STREET,RALPH AVENUE,PORTAL STREET,RALPH AVENUE,ADDRESS,BROOKLYN,EASTERN PARKWAY,,Closed,,The Police Department responded to the complaint but officers were unable to gain entry into the premises.,06/23/2023 12:35:33 AM,08 BROOKLYN,41,Precinct 77,3013990024,BROOKLYN,1005276,182814,ONLINE,Unspecified,BROOKLYN,,,,,,,,40.66843396962115,-73.92420661735183,POINT (-73.924206617352 40.668433969621)
57966525,06/21/2023 08:30:56 AM,06/21/2023 10:02:39 AM,DSNY,Department of Sanitation,Vendor Enforcement,Food Vendor,Unlicensed,Street,11216,764 NOSTRAND AVENUE,NOSTRAND AVENUE,STERLING PLACE,ST JOHNS PLACE,STERLING PLACE,ST JOHNS PLACE,ADDRESS,BROOKLYN,NOSTRAND AVENUE,,Closed,,N/A,06/21/2023 10:02:43 AM,08 BROOKLYN,35,Precinct 77,3012470039,BROOKLYN,998044,184252,ONLINE,Unspecified,BROOKLYN,,,,,,,,40.67239517901951,-73.95027318841761,POINT (-73.950273188418 40.67239517902)
57970008,06/21/2023 10:18:28 AM,07/27/2023 12:10:32 PM,EDC,Economic Development Corporation,Noise - Helicopter,Other,Flying Too Low,Above Address,11238,840 WASHINGTON AVENUE,WASHINGTON AVENUE,ST JOHNS PLACE,LINCOLN PLACE,ST JOHNS PLACE,LINCOLN PLACE,ADDRESS,BROOKLYN,WASHINGTON AVENUE,,Closed,,"The New York City Economic Development Corporation determined that this issue is not within its jurisdiction because the helicopter did not belong to a tour company departing from a NYC heliport.Â  Instead, it was most likely a law enforcement or news gathering helicopter not subject to the routing protocols established for tour helicopters. It may also have been a helicopter that departed as a charter or tour from another City but flew over NYC airspace. Helicopter tours originating from outside NYC are not subject to the same City regulations as tours departing from heliports managed by NYCEDC. Any City regulation of these flights is pre-empted by federal law and subject only to the jurisdiction of the Federal Aviation Administration. To file a complaint with the FAA, you can contact the New York Flight Standards District Office at the following web address:Â https://www.faa.gov/about/office_org/field_offices/fsdo/",07/27/2023 12:10:36 PM,08 BROOKLYN,35,Precinct 77,3011760098,BROOKLYN,994554,184484,ONLINE,Unspecified,BROOKLYN,,,,,,,,40.673036716903944,-73.96285414071265,POINT (-73.962854140713 40.673036716904)
57967875,06/21/2023 09:59:00 AM,06/23/2023 09:30:00 AM,DEP,Department of Environmental Protection,Water System,Leak (Use Comments) (WA2),WA2,,11212,93 EAST   93 STREET,EAST   93 STREET,DEAD END,RUTLAND RD,,,ADDRESS,BROOKLYN,,,Closed,,The Department of Environmental Protection determined that this complaint is a duplicate of a previously filed complaint. The original complaint is being addressed.,06/23/2023 09:30:00 AM,17 BROOKLYN,41,Precinct 67,3045960049,BROOKLYN,1004526,180629,PHONE,Unspecified,BROOKLYN,,,,,,,,40.66243838119648,-73.92691674666612,POINT (-73.926916746666 40.662438381196)
57965454,06/21/2023 09:25:04 PM,06/21/2023 09:36:10 PM,NYPD,New York City Police Department,Noise - Residential,Loud Music/Party,,Residential Building/House,11385,78-38 83 STREET,83 STREET,78 ROAD,MYRTLE AVENUE,78 ROAD,MYRTLE AVENUE,ADDRESS,RIDGEWOOD,83 STREET,,Closed,,The Police Department responded to the complaint and took action to fix the condition.,06/21/2023 09:36:15 PM,05 QUEENS,32,Precinct 104,4038330064,QUEENS,1021453,195931,MOBILE,Unspecified,QUEENS,,,,,,,,40.704383890249495,-73.8658202900494,POINT (-73.865820290049 40.704383890249)
57978846,06/22/2023 12:22:29 PM,06/24/2023 12:16:14 PM,DSNY,Department of Sanitation,Dirty Condition,Trash,Littering,Yard,11204,1751 68 STREET,68 STREET,17 AVENUE,18 AVENUE,17 AVENUE,18 AVENUE,ADDRESS,BROOKLYN,68 STREET,,Closed,,The Department of Sanitation investigated this complaint and found no condition at the location.,06/24/2023 12:16:19 PM,11 BROOKLYN,43,Precinct 62,3055680052,BROOKLYN,986174,164462,PHONE,Unspecified,BROOKLYN,,,,,,,,40.61808643616824,-73.99306970142835,POINT (-73.993069701428 40.618086436168)
57968703,06/21/2023 06:37:44 PM,06/22/2023 12:54:55 AM,NYPD,New York City Police Department,Illegal Parking,Blocked Hydrant,,Street/Sidewalk,11365,65-47 160 STREET,160 STREET,65 AVENUE,161 STREET,65 AVENUE,161 STREET,ADDRESS,FRESH MEADOWS,160 STREET,,Closed,,The Police Department issued a summons in response to the complaint.,06/22/2023 12:55:01 AM,08 QUEENS,24,Precinct 107,4067910001,QUEENS,1037250,207430,ONLINE,Unspecified,QUEENS,,,,,,,,40.73586528219185,-73.80875500709244,POINT (-73.808755007092 40.735865282192)
57977685,06/22/2023 10:44:36 AM,06/04/2024 12:04:01 AM,DOHMH,Department of Health and Mental Hygiene,Smoking,Smoking Violation,Smoking Ban Not Enforced,Residential Building,10036,605 WEST   42 STREET,WEST   42 STREET,11 AVENUE,12 AVENUE,11 AVENUE,12 AVENUE,ADDRESS,NEW YORK,WEST   42 STREET,,Closed,,This SR was administratively closed. The issue you reported was addressed.,06/04/2024 12:04:04 AM,04 MANHATTAN,03,Precinct 10,1010907502,MANHATTAN,984633,216515,ONLINE,Unspecified,MANHATTAN,,,,,,,,40.76096011122231,-73.99861746470174,POINT (-73.998617464702 40.760960111222)
57974031,06/22/2023 11:07:12 AM,,DCWP,Department of Consumer and Worker Protection,Consumer Complaint,Garage or Parking Lot,Overcharge,Business,11368,41 SEAVER WAY,SEAVER WAY,36 AVENUE,37 AVENUE,36 AVENUE,37 AVENUE,ADDRESS,CORONA,126 STREET,,In Progress,,"The Department of Consumer and Worker Protection (DCWP) sent you a complaint form.  To help you, DCWP must get the completed form and any requested documents within 30 days.  You can send requested information by email, fax, or mail. Contact information is on the complaint form.  You may also be able to submit requested information at nyc.gov/dcwp. You must enter your NYC311 Service Request number.  If you didn't receive the complaint form within 15 days from the date you filed your Service Request, call DCWP Consumer Services at (212) 487-4110. You must provide your NYC311 Service Request number.  DCWP will contact you about 30 days after getting your completed form and documents.",06/23/2023 02:38:16 PM,81 QUEENS,21,Precinct 110,4017870020,QUEENS,1027294,215501,PHONE,Unspecified,QUEENS,,,,,,,,40.75807217227946,-73.84462845838746,POINT (-73.844628458387 40.758072172279)
57964896,06/21/2023 04:47:49 AM,06/21/2023 05:13:45 AM,NYPD,New York City Police Department,Illegal Parking,Posted Parking Sign Violation,,Street/Sidewalk,11208,528 RIDGEWOOD AVENUE,RIDGEWOOD AVENUE,LINCOLN AVENUE,NICHOLS AVENUE,LINCOLN AVENUE,NICHOLS AVENUE,ADDRESS,BROOKLYN,RIDGEWOOD AVENUE,,Closed,,The Police Department issued a summons in response to the complaint.,06/21/2023 05:13:49 AM,05 BROOKLYN,37,Precinct 75,3041340020,BROOKLYN,1020408,189297,PHONE,Unspecified,BROOKLYN,,,,,,,,40.68617945158653,-73.86962488740929,POINT (-73.869624887409 40.686179451587)
57973158,06/22/2023 11:46:03 PM,06/23/2023 02:06:02 AM,NYPD,New York City Police Department,Noise - Street/Sidewalk,Loud Talking,,Street/Sidewalk,10453,55 EAST  179 STREET,EAST  179 STREET,WALTON AVENUE,MORRIS AVENUE,WALTON AVENUE,MORRIS AVENUE,ADDRESS,BRONX,EAST  179 STREET,,Closed,,The Police Department responded to the complaint and took action to fix the condition.,06/23/2023 02:06:12 AM,05 BRONX,14,Precinct 46,2028290030,BRONX,1009859,249748,ONLINE,Unspecified,BRONX,,,,,,,,40.85213838561079,-73.90743110503962,POINT (-73.90743110504 40.852138385611)
57961575,06/21/2023 08:21:18 AM,08/12/2023 04:34:41 PM,HPD,Department of Housing Preservation and Development,GENERAL,JANITOR/SUPER,NO JANITOR AVAILABLE,RESIDENTIAL BUILDING,11218,110 CATON AVENUE,CATON AVENUE,,,,,ADDRESS,BROOKLYN,,,Closed,,The Department of Housing Preservation and Development inspected the following conditions. No violations were issued. The complaint has been closed.,08/12/2023 12:00:00 AM,12 BROOKLYN,39,Precinct 66,3053240001,BROOKLYN,989792,175113,PHONE,Unspecified,BROOKLYN,,,,,,,,40.64731964918592,-73.98002882380783,POINT (-73.980028823808 40.647319649186)
57967488,06/21/2023 03:10:13 PM,06/21/2023 03:10:13 PM,DOHMH,Department of Health and Mental Hygiene,Standing Water,Sewer or Drain,,Other,10019,1754 BROADWAY,BROADWAY,BROADWAY,WEST 56 STREET,BROADWAY,WEST   56 STREET,ADDRESS,NEW YORK,,,Closed,,An inspection of the property was conducted and no violations were found.,06/21/2023 03:10:13 PM,05 MANHATTAN,04,Precinct 18,1010280017,MANHATTAN,989251,218221,PHONE,Unspecified,MANHATTAN,,,,,,,,40.76564123549659,-73.98194635761396,POINT (-73.981946357614 40.765641235497)
57966687,06/21/2023 09:22:15 PM,06/21/2023 10:26:19 PM,NYPD,New York City Police Department,Noise - Commercial,Loud Music/Party,,Club/Bar/Restaurant,11201,128 SMITH STREET,SMITH STREET,DEAN STREET,BERGEN STREET,DEAN STREET,BERGEN STREET,ADDRESS,BROOKLYN,SMITH STREET,,Closed,,The Police Department responded to the complaint and with the information available observed no evidence of the violation at that time.,06/21/2023 10:26:24 PM,02 BROOKLYN,33,Precinct 84,3001930020,BROOKLYN,986993,189669,ONLINE,Unspecified,BROOKLYN,,,,,,,,40.68727393717941,-73.99010939010812,POINT (-73.990109390108 40.687273937179)
57975390,06/23/2023 12:12:00 AM,06/26/2023 12:13:00 PM,DSNY,Department of Sanitation,Electronics Waste Appointment,Ewaste appointment,,Sidewalk,10303,358 HARBOR ROAD,HARBOR ROAD,BREEZY COURT,FOREST AVENUE,,,ADDRESS,STATEN ISLAND,,,Closed,,The Department of Sanitation did not find any E-Waste at the location. Call 311 to make another appointment if you still need E-Waste removal.,06/26/2023 12:13:00 PM,01 STATEN ISLAND,49,Precinct 121,5012490083,STATEN ISLAND,939706,167913,PHONE,Unspecified,STATEN ISLAND,,,,,,,,40.627446929906974,-74.16047125154324,POINT (-74.160471251543 40.627446929907)
57979044,06/23/2023 01:24:17 AM,06/23/2023 02:34:56 AM,NYPD,New York City Police Department,Noise - Residential,Banging/Pounding,,Residential Building/House,10467,2759 BARKER AVENUE,BARKER AVENUE,ALLERTON AVENUE,BRITTON STREET,ALLERTON AVENUE,BRITTON STREET,ADDRESS,BRONX,BARKER AVENUE,,Closed,,The Police Department responded to the complaint and determined that police action was not necessary.,06/23/2023 02:35:01 AM,11 BRONX,12,Precinct 49,2045060001,BRONX,1020440,254841,PHONE,Unspecified,BRONX,,,,,,,,40.86608009567504,-73.86915649686496,POINT (-73.869156496865 40.866080095675)
57972888,06/22/2023 11:53:00 PM,06/24/2023 12:37:00 AM,DEP,Department of Environmental Protection,Noise,Noise: Alarms (NR3),NR3,,10040,30 FAIRVIEW AVENUE,FAIRVIEW AVENUE,BEND,WADSWORTH TER,,,ADDRESS,NEW YORK,,N/A,Closed,,The Department of Environmental Protection researched this complaint and determined that it could be closed.,06/24/2023 12:37:00 AM,12 MANHATTAN,10,Precinct 34,1021700361,MANHATTAN,1003837,251665,ONLINE,Unspecified,MANHATTAN,,,,,,,,40.857415390337756,-73.92919322636077,POINT (-73.929193226361 40.857415390338)
57982248,06/23/2023 09:12:47 AM,07/11/2023 10:23:41 AM,DOHMH,Department of Health and Mental Hygiene,Rodent,Rat Sighting,,3+ Family Apt. Building,11368,40-66 98 STREET,98 STREET,40 ROAD,41 AVENUE,40 ROAD,41 AVENUE,ADDRESS,CORONA,98 STREET,,Closed,,This service request was closed because the Department of Health and Mental Hygiene received an earlier complaint about the same location.  You can find inspection results for this address by going to the online Rat Portal at www.nyc.gov/rats.,06/23/2023 09:12:47 AM,04 QUEENS,21,Precinct 110,4016060034,QUEENS,1021149,211885,PHONE,Unspecified,QUEENS,,,,,,,,40.748174961297586,-73.86682924473946,POINT (-73.866829244739 40.748174961298)
57985902,06/23/2023 08:56:08 AM,06/26/2023 07:38:28 PM,HPD,Department of Housing Preservation and Development,UNSANITARY CONDITION,MOLD,N/A,RESIDENTIAL BUILDING,11230,1280 OCEAN AVENUE,OCEAN AVENUE,,,,,ADDRESS,BROOKLYN,,,Closed,,The Department of Housing Preservation and Development inspected the following conditions. No violations were issued. The complaint has been closed.,06/26/2023 12:00:00 AM,14 BROOKLYN,45,Precinct 70,3066940072,BROOKLYN,996062,169251,PHONE,Unspecified,BROOKLYN,,,,,,,,40.63122357140459,-73.95744448853068,POINT (-73.957444488531 40.631223571405)
57972582,06/22/2023 11:49:01 PM,06/23/2023 12:38:03 AM,NYPD,New York City Police Department,Noise - Vehicle,Engine Idling,,Street/Sidewalk,10019,834 SEVENTH AVENUE,SEVENTH AVENUE,WEST   53 STREET,WEST   54 STREET,WEST   53 STREET,WEST   54 STREET,ADDRESS,NEW YORK,7 AVENUE,,Closed,,The Police Department responded to the complaint and with the information available observed no evidence of the violation at that time.,06/23/2023 12:38:08 AM,05 MANHATTAN,03,Precinct 18,1010257501,MANHATTAN,989338,217382,MOBILE,Unspecified,MANHATTAN,,,,,,,,40.76333834746232,-73.98163292212682,POINT (-73.981632922127 40.763338347462)
57994056,06/24/2023 06:03:56 AM,,EDC,Economic Development Corporation,Noise - Helicopter,Other,Hovering,Above Address,10025,214 WEST  102 STREET,WEST  102 STREET,AMSTERDAM AVENUE,BROADWAY,AMSTERDAM AVENUE,BROADWAY,ADDRESS,NEW YORK,WEST  102 STREET,,In Progress,,,,07 MANHATTAN,07,Precinct 24,1018730041,MANHATTAN,993042,230062,ONLINE,Unspecified,MANHATTAN,,,,,,,,40.798138679135754,-73.96824532821826,POINT (-73.968245328218 40.798138679136)
57980673,06/22/2023 01:46:03 PM,07/06/2023 09:34:51 AM,DHS,Department of Homeless Services,Encampment,N/A,,Store/Commercial,11101,36-80 38 STREET,38 STREET,36 AVENUE,NORTHERN BOULEVARD,36 AVENUE,NORTHERN BOULEVARD,ADDRESS,LONG ISLAND CITY,38 STREET,,Closed,,"The Department of Homeless Services (DHS) visited the location but could not find the condition you reported. If it still exists, please submit a new Service Request.",07/06/2023 09:34:56 AM,01 QUEENS,26,Precinct 114,,QUEENS,1004967,213496,ONLINE,Unspecified,QUEENS,,,,,,,,40.75264946504723,-73.92522607322076,POINT (-73.925226073221 40.752649465047)
57977505,06/22/2023 04:28:36 PM,06/23/2023 01:31:38 PM,DSNY,Department of Sanitation,Dirty Condition,Trash,Not Cleaned by Property Owner,Sidewalk,11368,108-07 35 AVENUE,35 AVENUE,108 STREET,109 STREET,108 STREET,109 STREET,ADDRESS,CORONA,35 AVENUE,,Closed,,The Department of Sanitation investigated this complaint and found no condition at the location.,06/23/2023 01:31:43 PM,03 QUEENS,21,Precinct 115,4017500028,QUEENS,1022950,214547,ONLINE,Unspecified,QUEENS,,,,,,,,40.75547376991721,-73.86031401578575,POINT (-73.860314015786 40.755473769917)
57976992,06/22/2023 07:44:48 AM,07/01/2023 06:09:58 PM,HPD,Department of Housing Preservation and Development,UNSANITARY CONDITION,MOLD,N/A,RESIDENTIAL BUILDING,10456,639 EAST  169 STREET,EAST  169 STREET,,,,,ADDRESS,BRONX,,,Closed,,The following complaint conditions are still open. HPD may attempt to contact you to verify the correction of the condition or may conduct an inspection.,07/01/2023 12:00:00 AM,03 BRONX,16,Precinct 42,2029330065,BRONX,1011639,242191,ONLINE,Unspecified,BRONX,,,,,,,,40.83139129811194,-73.9010278048278,POINT (-73.901027804828 40.831391298112)
57982563,06/23/2023 12:57:34 PM,06/23/2023 09:05:37 PM,NYPD,New York City Police Department,Illegal Parking,Posted Parking Sign Violation,,Street/Sidewalk,10475,3441 STEENWICK AVENUE,STEENWICK AVENUE,REEDS MILL LANE,HOLLERS AVENUE,REEDS MILL LANE,HOLLERS AVENUE,ADDRESS,BRONX,STEENWICK AVENUE,,Closed,,The Police Department responded and upon arrival those responsible for the condition were gone.,06/23/2023 09:05:42 PM,12 BRONX,12,Precinct 47,2052630192,BRONX,1031157,261033,MOBILE,Unspecified,BRONX,,,,,,,,40.88302475525154,-73.83036634348,POINT (-73.83036634348 40.883024755252)
57982518,06/23/2023 06:36:15 PM,06/23/2023 06:52:07 PM,NYPD,New York City Police Department,Illegal Parking,Posted Parking Sign Violation,,Street/Sidewalk,11238,632 VANDERBILT AVENUE,VANDERBILT AVENUE,PROSPECT PLACE,PARK PLACE,PROSPECT PLACE,PARK PLACE,ADDRESS,BROOKLYN,VANDERBILT AVENUE,,Closed,,The Police Department responded to the complaint and took action to fix the condition.,06/23/2023 06:52:11 PM,08 BROOKLYN,35,Precinct 78,3011580047,BROOKLYN,992848,186036,MOBILE,Unspecified,BROOKLYN,,,,,,,,40.67729842843445,-73.9690022802311,POINT (-73.969002280231 40.677298428434)
57979836,06/21/2023 09:56:46 PM,06/27/2023 12:00:00 AM,DOB,Department of Buildings,Real Time Enforcement,Work Without A Permit - Occupied Multiple Dwelling,,,11423,99-16 191 STREET,191 STREET,,,,,ADDRESS,HOLLIS,,,Closed,,"The Department of Buildings attempted to investigate this complaint twice but could not gain access to the location. If the problem still exists, please call 311 and file a new complaint with additional access information. If you are outside of New York City, please call (212) NEW-YORK (212-639-9675).",06/27/2023 12:00:00 AM,12 QUEENS,27,Precinct 103,4108370039,QUEENS,1048813,197691,UNKNOWN,Unspecified,QUEENS,,,,,,,,40.70905732768623,-73.76712472658036,POINT (-73.76712472658 40.709057327686)
57974985,06/22/2023 08:42:38 AM,07/11/2023 04:55:03 PM,DSNY,Department of Sanitation,Illegal Dumping,Chronic Dumping,N/A,Street,10034,10 PARK TERRACE EAST,PARK TERRACE EAST,DEAD END,WEST  215 STREET,DEAD END,WEST  215 STREET,ADDRESS,NEW YORK,PARK TERRACE EAST,,Closed,,The Department of Sanitation investigated this complaint and found no condition at the location.,06/23/2023 12:01:10 PM,12 MANHATTAN,10,Precinct 34,1022430045,MANHATTAN,1007030,256180,MOBILE,Unspecified,MANHATTAN,,,,,,,,40.86980003289866,-73.9176352286794,POINT (-73.917635228679 40.869800032899)
57986973,06/23/2023 11:09:58 PM,06/23/2023 11:18:22 PM,NYPD,New York City Police Department,Noise - Street/Sidewalk,Loud Music/Party,,Street/Sidewalk,10031,530 WEST  147 STREET,WEST  147 STREET,AMSTERDAM AVENUE,BROADWAY,AMSTERDAM AVENUE,BROADWAY,ADDRESS,NEW YORK,WEST  147 STREET,,Closed,,The Police Department responded to the complaint and took action to fix the condition.,06/23/2023 11:18:26 PM,09 MANHATTAN,07,Precinct 30,1020780051,MANHATTAN,998734,240559,MOBILE,Unspecified,MANHATTAN,,,,,,,,40.8269425177046,-73.94766449262218,POINT (-73.947664492622 40.826942517705)
57985092,06/23/2023 11:26:42 PM,06/23/2023 11:28:15 PM,NYPD,New York City Police Department,Noise - Vehicle,Car/Truck Horn,,Street/Sidewalk,10036,555 11 AVENUE,11 AVENUE,WEST   42 STREET,WEST   43 STREET,WEST   42 STREET,WEST   43 STREET,ADDRESS,NEW YORK,11 AVENUE,,Closed,,The Police Department responded to the complaint and took action to fix the condition.,06/23/2023 11:28:19 PM,04 MANHATTAN,03,Precinct 10,1010907502,MANHATTAN,984757,216542,MOBILE,Unspecified,MANHATTAN,,,,,,,,40.76103421305012,-73.9981698533262,POINT (-73.998169853326 40.76103421305)
57981753,06/24/2023 01:08:19 AM,06/24/2023 02:00:08 AM,NYPD,New York City Police Department,Noise - Residential,Loud Music/Party,,Residential Building/House,10462,2043 HOLLAND AVENUE,HOLLAND AVENUE,ANTIN PLACE,BRADY AVENUE,ANTIN PLACE,BRADY AVENUE,ADDRESS,BRONX,HOLLAND AVENUE,,Closed,,The Police Department responded to the complaint and took action to fix the condition.,06/24/2023 02:00:13 AM,11 BRONX,13,Precinct 49,2042850016,BRONX,1021359,249597,ONLINE,Unspecified,BRONX,,,,,,,,40.851683091061616,-73.86586292660624,POINT (-73.865862926606 40.851683091062)
57975885,06/22/2023 08:36:37 AM,06/23/2023 12:00:00 AM,DOB,Department of Buildings,General Construction/Plumbing,Working Contrary To Stop Work Order,,,11211,476 HUMBOLT STREET,HUMBOLT STREET,,,,,ADDRESS,BROOKLYN,,,Closed,,"The Department of Buildings determined that the conditions described in this complaint were addressed under another service request number. Click on ""Learn More"" in the ""Did You Know"" section below for more information.",06/23/2023 12:00:00 AM,01 BROOKLYN,34,Precinct 94,3028570004,BROOKLYN,999958,201058,UNKNOWN,Unspecified,BROOKLYN,,,,,,,,40.71852054860496,-73.94333410583087,POINT (-73.943334105831 40.718520548605)
57987216,06/23/2023 03:10:05 PM,07/09/2023 05:00:15 PM,HPD,Department of Housing Preservation and Development,UNSANITARY CONDITION,PESTS,OTHER,RESIDENTIAL BUILDING,11435,111-41 146 STREET,146 STREET,,,,,ADDRESS,JAMAICA,,,Closed,,The Department of Housing Preservation and Development inspected the following conditions. No violations were issued. The complaint has been closed.,07/09/2023 12:00:00 AM,12 QUEENS,28,Precinct 113,4119630069,QUEENS,1040243,189696,ONLINE,Unspecified,QUEENS,,,,,,,,40.68717135806896,-73.79810260412921,POINT (-73.798102604129 40.687171358069)
57974922,06/22/2023 06:58:44 PM,07/03/2023 03:46:23 PM,DSNY,Department of Sanitation,Missed Collection,Recycling - Paper,N/A,Street,11205,740 MYRTLE AVENUE,MYRTLE AVENUE,SANDFORD STREET,NOSTRAND AVENUE,SANDFORD STREET,NOSTRAND AVENUE,ADDRESS,BROOKLYN,MYRTLE AVENUE,,Closed,,The Department of Sanitation collected the requested items.,06/24/2023 10:46:03 AM,03 BROOKLYN,33,Precinct 79,3017530021,BROOKLYN,997207,192451,ONLINE,Unspecified,BROOKLYN,,,,,,,,40.69490082569455,-73.95327477291536,POINT (-73.953274772915 40.694900825695)
57985371,06/23/2023 11:08:00 AM,06/30/2023 03:45:00 PM,DEP,Department of Environmental Protection,Noise,Noise: Construction Equipment (NC1),NC1,,10012,83 THOMPSON STREET,THOMPSON STREET,BROOME ST,SPRING ST,,,ADDRESS,NEW YORK,,N/A,Closed,,"The Department of Environmental Protection (DEP) didn't observe a violation of the NYC Air or Noise Code at the time of inspection and couldn't issue a summons.  If the problem still exists, please go to nyc.gov/311 or call 311 to file a new Service Request. If you're outside of New York City, please call (212) NEW-YORK (212-639-9675).",06/30/2023 03:45:00 PM,02 MANHATTAN,01,Precinct 1,1004890025,MANHATTAN,983479,203306,ONLINE,Unspecified,MANHATTAN,,,,,,,,40.72470467741676,-74.0027816052666,POINT (-74.002781605267 40.724704677417)
57987000,06/23/2023 06:29:18 PM,06/23/2023 06:43:43 PM,NYPD,New York City Police Department,Non-Emergency Police Matter,Other (complaint details),,Residential Building/House,11377,50-49 43 STREET,43 STREET,CELTIC AVENUE,51 AVENUE,CELTIC AVENUE,51 AVENUE,ADDRESS,WOODSIDE,43 STREET,,Closed,,The Police Department responded to the complaint and took action to fix the condition.,06/23/2023 06:43:46 PM,02 QUEENS,26,Precinct 108,4022930014,QUEENS,1005618,207564,ONLINE,Unspecified,QUEENS,,,,,,,,40.73636606619511,-73.92289526409203,POINT (-73.922895264092 40.736366066195)
57976551,06/22/2023 08:04:00 PM,06/26/2023 12:35:00 PM,DSNY,Department of Sanitation,Derelict Vehicles,Derelict Vehicles,,Street,,,,,,SHERIDAN AVENUE,SHERIDAN AVENUE,INTERSECTION,,,DSNY Garage,Closed,,The Department of Sanitation (DSNY) couldn't find the condition. Please file a new Service Request with more details about the location.,06/26/2023 12:00:00 PM,05 BROOKLYN,,Unspecified,,BROOKLYN,,,PHONE,Unspecified,BROOKLYN,,,,,,,,,,
57977181,06/22/2023 08:59:00 AM,06/23/2023 11:20:00 AM,DEP,Department of Environmental Protection,Water Conservation,Illegal Use Of A Hydrant (CIN),CIN,,11235,BRIGHTON BEACH,BRIGHTON BEACH,CONEY ISLAND BEACH SHORELINE,CONEY ISLAND BEACH SHORELINE,,,PLACENAME,BROOKLYN,,,Closed,,The Department of Environmental Protection researched this complaint and determined that it could be closed.,06/23/2023 11:20:00 AM,13 BROOKLYN,48,Precinct 60,3087250001,BROOKLYN,995791,148616,ONLINE,Unspecified,BROOKLYN,,,,,,,,40.57458505962574,-73.95845608738573,POINT (-73.958456087386 40.574585059626)
57971673,06/22/2023 01:22:33 PM,07/14/2023 12:00:00 AM,DOB,Department of Buildings,General Construction/Plumbing,Vent/Exhaust - Illegal/Improper,,,10037,53 EAST  131 STREET,EAST  131 STREET,,,,,ADDRESS,NEW YORK,,,Closed,,"The Department of Buildings reviewed this complaint and closed it. If the problem still exists, please call 311 and file a new complaint. If you are outside of New York City, please call (212) NEW-YORK (212-639-9675).",07/14/2023 12:00:00 AM,11 MANHATTAN,09,Precinct 25,1017560030,MANHATTAN,1001583,234144,UNKNOWN,Unspecified,MANHATTAN,,,,,,,,40.8093300190546,-73.93738668006867,POINT (-73.937386680069 40.809330019055)
57971619,06/22/2023 02:34:03 PM,10/17/2023 02:08:54 PM,DPR,Department of Parks and Recreation,Overgrown Tree/Branches,Hitting Building,N/A,Street,11209,529 82 STREET,82 STREET,5 AVENUE,6 AVENUE,5 AVENUE,6 AVENUE,ADDRESS,BROOKLYN,82 STREET,,Closed,,"Under NYC Parksâ Tree Risk Management Program, work is prioritized to address the conditions with the highest risk first.  NYC Parks determined that the issue will be addressed in the next pruning cycle through the routine block pruning program.  For more information about the Tree Risk Management Program, visit the NYC Urban Forest page on the NYC Parks website at nyc.gov/parks/trees.   To learn more about the trees in your neighborhood, visit the NYC Tree Map at nyc.gov/parks/treemap.",10/17/2023 02:08:57 PM,10 BROOKLYN,47,Precinct 68,3059990079,BROOKLYN,977610,166555,PHONE,Unspecified,BROOKLYN,,,,,,,,40.62382900546409,-74.02391951261438,POINT (-74.023919512614 40.623829005464)
57980970,06/23/2023 10:01:52 AM,06/23/2023 10:01:52 AM,DOHMH,Department of Health and Mental Hygiene,Rodent,Rat Sighting,,Other (Explain Below),11219,1104 11 AVENUE,11 AVENUE,11 AVENUE,62 STREET,11 AVENUE,62 STREET,INTERSECTION,BROOKLYN,,,Closed,,The Department of Health and Mental Hygiene inspected the property you reported and did not find any violations at the time of the inspection. The property passed inspection.,06/23/2023 10:01:52 AM,10 BROOKLYN,38,Precinct 68,,BROOKLYN,983102,168935,PHONE,Unspecified,BROOKLYN,,,,,,,,40.63036401909992,-74.00413588689898,POINT (-74.004135886899 40.6303640191)
57976884,06/22/2023 09:21:41 PM,06/22/2023 10:10:33 PM,NYPD,New York City Police Department,Panhandling,N/A,,Store/Commercial,11418,116-08 METROPOLITAN AVENUE,METROPOLITAN AVENUE,116 STREET,GROSVENOR LANE,116 STREET,GROSVENOR LANE,ADDRESS,RICHMOND HILL,METROPOLITAN AVENUE,,Closed,,The Police Department responded and upon arrival those responsible for the condition were gone.,06/22/2023 10:10:38 PM,09 QUEENS,29,Precinct 102,4033210001,QUEENS,1029746,197064,ONLINE,Unspecified,QUEENS,,,,,,,,40.707454949677086,-73.83590241351132,POINT (-73.835902413511 40.707454949677)
57973401,06/22/2023 05:43:56 PM,06/23/2023 07:53:09 PM,HPD,Department of Housing Preservation and Development,UNSANITARY CONDITION,MOLD,N/A,RESIDENTIAL BUILDING,11218,39 TURNER PLACE,TURNER PLACE,,,,,ADDRESS,BROOKLYN,,,Closed,,The Department of Housing Preservation and Development inspected the following conditions. No violations were issued. The complaint has been closed.,06/23/2023 12:00:00 AM,14 BROOKLYN,40,Precinct 70,3051120029,BROOKLYN,992487,174396,ONLINE,Unspecified,BROOKLYN,,,,,,,,40.64534954262103,-73.97031798578249,POINT (-73.970317985782 40.645349542621)
57981420,06/24/2023 01:34:47 AM,06/24/2023 01:54:05 AM,NYPD,New York City Police Department,Noise - Street/Sidewalk,Loud Music/Party,,Street/Sidewalk,11378,53-17 43 STREET,43 STREET,54 AVENUE,BEND,54 AVENUE,BEND,ADDRESS,MASPETH,43 STREET,,Closed,,The Police Department responded to the complaint and took action to fix the condition.,06/24/2023 01:54:08 AM,02 QUEENS,26,Precinct 108,4025140003,QUEENS,1005188,206105,MOBILE,Unspecified,QUEENS,,,,,,,,40.73236250040534,-73.92445142481172,POINT (-73.924451424812 40.732362500405)
57986424,06/23/2023 09:10:39 AM,07/05/2023 09:53:51 AM,DSNY,Department of Sanitation,Missed Collection,Bulky Trash,N/A,Street,11436,146-10 133 AVENUE,133 AVENUE,146 STREET,147 STREET,146 STREET,147 STREET,ADDRESS,JAMAICA,133 AVENUE,,Closed,,The Department of Sanitation collected the requested items.,06/23/2023 10:22:49 AM,12 QUEENS,28,Precinct 113,4121130038,QUEENS,1041795,182972,ONLINE,Unspecified,QUEENS,,,,,,,,40.668705595831476,-73.79256389714722,POINT (-73.792563897147 40.668705595831)
57972294,06/22/2023 10:14:43 AM,06/22/2023 10:53:34 AM,NYPD,New York City Police Department,Drug Activity,Use Outside,,Street/Sidewalk,11432,82-68 164 STREET,164 STREET,82 ROAD,GRAND CENTRAL PARKWAY,82 ROAD,GRAND CENTRAL PARKWAY,ADDRESS,JAMAICA,164 STREET,,Closed,,The Police Department responded to the complaint and determined that police action was not necessary.,06/22/2023 10:53:39 AM,08 QUEENS,24,Precinct 107,4068580001,QUEENS,1038740,200651,ONLINE,Unspecified,QUEENS,,,,,,,,40.71724956934783,-73.80343340538089,POINT (-73.803433405381 40.717249569348)
57983409,06/23/2023 04:03:27 PM,06/25/2023 02:27:14 PM,HPD,Department of Housing Preservation and Development,PLUMBING,WATER SUPPLY,NO WATER,RESIDENTIAL BUILDING,10460,2132 DALY AVENUE,DALY AVENUE,,,,,ADDRESS,BRONX,,,Closed,,The Department of Housing Preservation and Development inspected the following conditions. No violations were issued. The complaint has been closed.,06/25/2023 12:00:00 AM,06 BRONX,15,Precinct 48,2031290001,BRONX,1017186,247347,PHONE,Unspecified,BRONX,,,,,,,,40.84552406374189,-73.88095800927209,POINT (-73.880958009272 40.845524063742)
57977811,06/22/2023 03:33:47 PM,08/09/2023 02:29:31 PM,TLC,Taxi and Limousine Commission,For Hire Vehicle Complaint,Driver Complaint - Non Passenger,Unsafe Driving,Street,10028,285 EAST   85 STREET,EAST   85 STREET,3 AVENUE,2 AVENUE,3 AVENUE,2 AVENUE,ADDRESS,NEW YORK,EAST   85 STREET,,Closed,,The Taxi and Limousine Commission (TLC) reviewed your complaint. The driver or owner pled guilty to a violation and paid a fine. TLC has sent you a written confirmation of this outcome.,08/09/2023 02:29:36 PM,08 MANHATTAN,05,Precinct 19,,MANHATTAN,997323,222522,ONLINE,Unspecified,MANHATTAN,,,"285 EAST   85 STREET, MANHATTAN (NEW YORK), NY, 10028",,,,,40.77743810488422,-73.95279802267382,POINT (-73.952798022674 40.777438104884)
57973752,06/22/2023 08:05:06 PM,06/23/2023 01:37:08 PM,DSNY,Department of Sanitation,Commercial Disposal Complaint,Private Carter Decal Not Posted,N/A,Street,10022,1050 2 AVENUE,2 AVENUE,EAST   55 STREET,EAST   56 STREET,EAST   55 STREET,EAST   56 STREET,ADDRESS,NEW YORK,2 AVENUE,,Closed,,The Department of Sanitation investigated this complaint and found no violation at the location.,06/23/2023 01:37:13 PM,06 MANHATTAN,04,Precinct 17,1013480049,MANHATTAN,993651,215521,ONLINE,Unspecified,MANHATTAN,,,,,,,,40.758226846199264,-73.96606610619004,POINT (-73.96606610619 40.758226846199)
57973644,06/22/2023 10:00:50 AM,06/22/2023 10:12:29 AM,NYPD,New York City Police Department,Illegal Parking,Posted Parking Sign Violation,,Street/Sidewalk,11218,613 CORTELYOU ROAD,CORTELYOU ROAD,OCEAN PARKWAY,EAST    7 STREET,OCEAN PARKWAY,EAST    7 STREET,ADDRESS,BROOKLYN,CORTELYOU ROAD,,Closed,,The Police Department responded to the complaint and determined that police action was not necessary.,06/22/2023 10:12:34 AM,12 BROOKLYN,39,Precinct 66,3053750049,BROOKLYN,991838,171933,MOBILE,Unspecified,BROOKLYN,,,,,,,,40.63858971644337,-73.97265942608698,POINT (-73.972659426087 40.638589716443)
57970980,06/21/2023 06:46:26 PM,06/21/2023 09:49:29 PM,NYPD,New York City Police Department,Noise - Residential,Loud Music/Party,,Residential Building/House,11433,155-01 109 AVENUE,109 AVENUE,155 STREET,156 STREET,155 STREET,156 STREET,ADDRESS,JAMAICA,109 AVENUE,,Closed,,The Police Department responded to the complaint and with the information available observed no evidence of the violation at that time.,06/21/2023 09:49:32 PM,12 QUEENS,28,Precinct 103,4101440045,QUEENS,1040859,191654,ONLINE,Unspecified,QUEENS,,,,,,,,40.69254168445434,-73.7958650104744,POINT (-73.795865010474 40.692541684454)
57971115,06/21/2023 08:14:54 AM,06/21/2023 06:00:40 PM,HPD,Department of Housing Preservation and Development,PLUMBING,STEAM PIPE/RISER,LEAKING,RESIDENTIAL BUILDING,10466,4027 WILDER AVENUE,WILDER AVENUE,,,,,ADDRESS,BRONX,,,Closed,,The Department of Housing Preservation and Development inspected the following conditions. No violations were issued. The complaint has been closed.,06/21/2023 12:00:00 AM,12 BRONX,12,Precinct 47,2049830088,BRONX,1028147,264102,ONLINE,Unspecified,BRONX,,,,,,,,40.89146366727422,-73.84123151417496,POINT (-73.841231514175 40.891463667274)
57982041,06/23/2023 09:53:02 AM,06/23/2023 11:32:49 AM,NYPD,New York City Police Department,Illegal Parking,Double Parked Blocking Vehicle,,Street/Sidewalk,11208,475 EUCLID AVENUE,EUCLID AVENUE,GLENMORE AVENUE,PITKIN AVENUE,GLENMORE AVENUE,PITKIN AVENUE,ADDRESS,BROOKLYN,EUCLID AVENUE,,Closed,,This complaint does not fall under the Police Department's jurisdiction.,06/23/2023 11:32:55 AM,05 BROOKLYN,42,Precinct 75,3042140001,BROOKLYN,1019761,185482,PHONE,Unspecified,BROOKLYN,,,,,,,,40.67571077368222,-73.87197787959688,POINT (-73.871977879597 40.675710773682)
57982554,06/23/2023 10:31:27 AM,07/06/2023 12:00:00 AM,DSNY,Department of Sanitation,Graffiti,Graffiti,,Mixed Use,11219,4701 NEW UTRECHT AVENUE,NEW UTRECHT AVENUE,,,,,ADDRESS,BROOKLYN,,N/A,Closed,07/23/2023 10:31:27 AM,The City has removed the graffiti from this property.,07/11/2023 05:56:52 AM,12 BROOKLYN,44,Precinct 66,3056270046,BROOKLYN,985765,171782,UNKNOWN,Unspecified,BROOKLYN,,,,,,,,40.638178374422104,-73.99454128709773,POINT (-73.994541287098 40.638178374422)
57980025,06/22/2023 08:42:36 PM,06/22/2023 09:21:02 PM,NYPD,New York City Police Department,Blocked Driveway,No Access,,Street/Sidewalk,10038,151 MAIDEN LANE,MAIDEN LANE,FRONT STREET,SOUTH STREET,FRONT STREET,SOUTH STREET,ADDRESS,NEW YORK,MAIDEN LANE,,Closed,,The Police Department responded and upon arrival those responsible for the condition were gone.,06/22/2023 09:21:08 PM,01 MANHATTAN,01,Precinct 1,1000720007,MANHATTAN,982753,196387,PHONE,Unspecified,MANHATTAN,,,,,,,,40.705713583966244,-74.00539932139957,POINT (-74.0053993214 40.705713583966)
57971610,06/22/2023 08:01:02 PM,06/22/2023 08:58:44 PM,NYPD,New York City Police Department,Illegal Parking,Blocked Crosswalk,,Street/Sidewalk,11368,103-26 ALSTYNE AVENUE,ALSTYNE AVENUE,104 STREET,51 AVENUE,104 STREET,51 AVENUE,ADDRESS,CORONA,ALSTYNE AVENUE,,Closed,,The Police Department responded and upon arrival those responsible for the condition were gone.,06/22/2023 08:58:47 PM,04 QUEENS,21,Precinct 110,4019340023,QUEENS,1023462,210111,MOBILE,Unspecified,QUEENS,,,,,,,,40.743295828261495,-73.85849184271237,POINT (-73.858491842712 40.743295828261)
57986397,06/23/2023 11:58:27 AM,07/14/2023 11:04:46 AM,DSNY,Department of Sanitation,Illegal Dumping,Removal Request,N/A,Sidewalk,11203,233 EAST   49 STREET,EAST   49 STREET,CLARKSON AVENUE,LENOX ROAD,CLARKSON AVENUE,LENOX ROAD,ADDRESS,BROOKLYN,EAST   49 STREET,,Closed,,The Department of Sanitation investigated this complaint and found no condition at the location.,06/24/2023 09:13:05 AM,17 BROOKLYN,41,Precinct 67,3046360001,BROOKLYN,1003152,178409,PHONE,Unspecified,BROOKLYN,,,,,,,,40.65634801142152,-73.93187544296929,POINT (-73.931875442969 40.656348011422)
57977766,06/22/2023 08:58:53 AM,07/27/2023 12:19:52 PM,EDC,Economic Development Corporation,Noise - Helicopter,Other,Flying Too Low,Above Address,11414,88-12 151 AVENUE,151 AVENUE,88 STREET,89 STREET,88 STREET,89 STREET,ADDRESS,HOWARD BEACH,151 AVENUE,,Closed,,"The New York City Economic Development Corporation determined that this issue is not within its jurisdiction because the helicopter did not belong to a tour company departing from a NYC heliport.Â  Instead, it was most likely a law enforcement or news gathering helicopter not subject to the routing protocols established for tour helicopters. It may also have been a helicopter that departed as a charter or tour from another City but flew over NYC airspace. Helicopter tours originating from outside NYC are not subject to the same City regulations as tours departing from heliports managed by NYCEDC. Any City regulation of these flights is pre-empted by federal law and subject only to the jurisdiction of the Federal Aviation Administration. To file a complaint with the FAA, you can contact the New York Flight Standards District Office at the following web address:Â https://www.faa.gov/about/office_org/field_offices/fsdo/",07/27/2023 12:19:57 PM,10 QUEENS,32,Precinct 106,4114340007,QUEENS,1026729,182858,ONLINE,Unspecified,QUEENS,,,,,,,,40.6684777987759,-73.84687384879807,POINT (-73.846873848798 40.668477798776)
57971295,06/22/2023 09:40:00 AM,06/22/2023 09:40:00 AM,DOT,Department of Transportation,Street Light Condition,Fixture/Luminaire Out Of Position,Location Type: Intersection,,,,,,,COLLEGE POINT BLVD,31 AVE,INTERSECTION,,,,Closed,,Service Request status for this request is available on the Department of Transportationâs website. Please click the âLearn Moreâ link below.,06/21/2023 09:40:00 AM,Unspecified QUEENS,,Unspecified,,QUEENS,,,UNKNOWN,Unspecified,QUEENS,,,,,,,,,,
57978585,06/22/2023 04:42:01 PM,,DCWP,Department of Consumer and Worker Protection,Consumer Complaint,Used Car Dealer,Overcharge,Business,11418,134-01 ATLANTIC AVENUE,ATLANTIC AVENUE,134 STREET,VAN WYCK EXPRESSWAY,134 STREET,VAN WYCK EXPRESSWAY,ADDRESS,RICHMOND HILL,ATLANTIC AVENUE,,In Progress,,"The Department of Consumer and Worker Protection (DCWP) sent you a complaint form.  To help you, DCWP must get the completed form and any requested documents within 30 days.  You can send requested information by email, fax, or mail. Contact information is on the complaint form.  You may also be able to submit requested information at nyc.gov/dcwp. You must enter your NYC311 Service Request number.  If you didn't receive the complaint form within 15 days from the date you filed your Service Request, call DCWP Consumer Services at (212) 487-4110. You must provide your NYC311 Service Request number.  DCWP will contact you about 30 days after getting your completed form and documents.",06/23/2023 11:07:25 AM,09 QUEENS,29,Precinct 102,4093750220,QUEENS,1035492,193234,PHONE,Unspecified,QUEENS,,,,,,,,40.69691111040111,-73.81520661091679,POINT (-73.815206610917 40.696911110401)
57977406,06/22/2023 01:40:37 PM,06/22/2023 02:10:54 PM,NYPD,New York City Police Department,Illegal Parking,Posted Parking Sign Violation,,Street/Sidewalk,10025,601 WEST  115 STREET,WEST  115 STREET,BROADWAY,RIVERSIDE DRIVE,BROADWAY,RIVERSIDE DRIVE,ADDRESS,NEW YORK,WEST  115 STREET,,Closed,,The Police Department responded to the complaint and determined that police action was not necessary.,06/22/2023 02:11:00 PM,09 MANHATTAN,07,Precinct 26,1018960065,MANHATTAN,994058,233445,ONLINE,Unspecified,MANHATTAN,,,,,,,,40.80742301620198,-73.96457082955617,POINT (-73.964570829556 40.807423016202)
57977586,06/22/2023 07:08:01 AM,06/22/2023 08:35:50 AM,NYPD,New York City Police Department,Blocked Driveway,No Access,,Street/Sidewalk,11427,89-49 PONTIAC STREET,PONTIAC STREET,88 AVENUE,BRADDOCK AVENUE,88 AVENUE,BRADDOCK AVENUE,ADDRESS,QUEENS VILLAGE,PONTIAC STREET,,Closed,,The Police Department responded to the complaint and with the information available observed no evidence of the violation at that time.,06/22/2023 08:35:55 AM,13 QUEENS,23,Precinct 105,4079700114,QUEENS,1057917,204943,PHONE,Unspecified,QUEENS,,,,,,,,40.728891117479726,-73.73420790814654,POINT (-73.734207908147 40.72889111748)
57973572,06/22/2023 04:34:30 PM,06/22/2023 04:52:33 PM,NYPD,New York City Police Department,Illegal Parking,Blocked Sidewalk,,Street/Sidewalk,11206,424 BUSHWICK AVENUE,BUSHWICK AVENUE,COOK STREET,FLUSHING AVENUE,COOK STREET,FLUSHING AVENUE,ADDRESS,BROOKLYN,BUSHWICK AVENUE,,Closed,,The Police Department responded to the complaint and determined that police action was not necessary.,06/22/2023 04:52:36 PM,01 BROOKLYN,34,Precinct 90,3031290001,BROOKLYN,1001635,195275,MOBILE,Unspecified,BROOKLYN,,,,,,,,40.70264445429902,-73.9372993393305,POINT (-73.93729933933 40.702644454299)
57982284,06/23/2023 01:58:35 PM,01/11/2025 08:16:27 PM,DOHMH,Department of Health and Mental Hygiene,Tattooing,Tattoo Artist Unlicensed,N/A,Tattoo Parlor,11237,1329 WILLOUGHBY AVENUE,WILLOUGHBY AVENUE,WYCKOFF AVENUE,ST NICHOLAS AVENUE,WYCKOFF AVENUE,ST NICHOLAS AVENUE,ADDRESS,BROOKLYN,WILLOUGHBY AVENUE,,Closed,,"The NYC Health Department has responded to your service request. For inspection results, please call (212) 676-1600 or email infobfscs@health.nyc.gov to request an inspection report. This service request has been closed.",01/11/2025 08:16:31 PM,04 BROOKLYN,34,Precinct 83,3032000035,BROOKLYN,1006136,196510,ONLINE,Unspecified,BROOKLYN,,,,,,,,40.706024249798475,-73.92106204757528,POINT (-73.921062047575 40.706024249798)
59453037,09/29/2023 01:18:56 PM,10/04/2023 12:00:00 AM,HPD,Department of Housing Preservation and Development,Water Leak,Heavy Flow,At Wall or Ceiling,Apartment,10030,148 WEST  143 STREET,WEST  143 STREET,LENOX AVENUE,ADAM CLAYTON POWELL JR BOULEVARD,LENOX AVENUE,ADAM CLAYTON POWELL JR BOULEVARD,ADDRESS,NEW YORK,WEST  143 STREET,,Closed,,,10/04/2023 12:00:00 AM,10 MANHATTAN,09,Precinct 32,,MANHATTAN,1001146,237988,PHONE,Unspecified,MANHATTAN,,,,,,,,40.81988156860035,-73.93895561123449,POINT (-73.938955611234 40.8198815686)
57984660,06/23/2023 01:20:58 PM,06/25/2023 06:05:55 PM,HPD,Department of Housing Preservation and Development,PLUMBING,WATER SUPPLY,NO WATER,RESIDENTIAL BUILDING,11434,145-70 177 PLACE,177 PLACE,,,,,ADDRESS,JAMAICA,,,Closed,,The complaint you filed is a duplicate of a condition already reported by another tenant for a building-wide condition. The original complaint is still open. HPD may attempt to contact you to verify the correction of the condition or may conduct an inspection of your unit if the original complainant is not available for verification.,06/25/2023 12:00:00 AM,13 QUEENS,31,Precinct 105,4133080039,QUEENS,1048197,181230,PHONE,Unspecified,QUEENS,,,,,,,,40.663880283115226,-73.76950282722804,POINT (-73.769502827228 40.663880283115)
57979089,06/22/2023 11:49:30 PM,06/23/2023 12:30:34 AM,NYPD,New York City Police Department,Noise - Residential,Banging/Pounding,,Residential Building/House,11225,1195 CARROLL STREET,CARROLL STREET,NOSTRAND AVENUE,NEW YORK AVENUE,NOSTRAND AVENUE,NEW YORK AVENUE,ADDRESS,BROOKLYN,CARROLL STREET,,Closed,,The Police Department responded to the complaint and took action to fix the condition.,06/23/2023 12:30:38 AM,09 BROOKLYN,35,Precinct 71,3012830060,BROOKLYN,998305,182327,ONLINE,Unspecified,BROOKLYN,,,,,,,,40.667111074431155,-73.94933630782339,POINT (-73.949336307823 40.667111074431)
57983886,06/23/2023 11:14:33 AM,06/23/2023 11:51:51 AM,NYPD,New York City Police Department,Illegal Parking,Posted Parking Sign Violation,,Street/Sidewalk,11433,108-29 155 STREET,155 STREET,108 AVENUE,109 AVENUE,108 AVENUE,109 AVENUE,ADDRESS,JAMAICA,155 STREET,,Closed,,The Police Department responded to the complaint and determined that police action was not necessary.,06/23/2023 11:51:56 AM,12 QUEENS,28,Precinct 103,4101440047,QUEENS,1040619,192009,MOBILE,Unspecified,QUEENS,,,,,,,,40.69351760661228,-73.79672748918149,POINT (-73.796727489181 40.693517606612)
57974211,06/22/2023 11:57:15 AM,06/23/2023 01:44:35 PM,DPR,Department of Parks and Recreation,Damaged Tree,Tree Alive - in Poor Condition,Hollow,Street,10462,1671 FOWLER AVENUE,FOWLER AVENUE,PIERCE AVENUE,VAN NEST AVENUE,PIERCE AVENUE,VAN NEST AVENUE,ADDRESS,BRONX,FOWLER AVENUE,,Closed,,NYC Parks visited the site and inspected the condition. No work is necessary at this time.,06/23/2023 01:44:39 PM,11 BRONX,13,Precinct 49,2040910007,BRONX,1023769,247172,MOBILE,Unspecified,BRONX,,,,,,,,40.84501673249044,-73.85716586138354,POINT (-73.857165861384 40.84501673249)
57985929,06/23/2023 09:15:39 AM,06/23/2023 09:50:36 AM,NYPD,New York City Police Department,Abandoned Vehicle,With License Plate,,Street/Sidewalk,11234,1514 COLEMAN STREET,COLEMAN STREET,FLATLANDS AVENUE,AVENUE P,FLATLANDS AVENUE,AVENUE P,ADDRESS,BROOKLYN,COLEMAN STREET,,Closed,,The Police Department responded to the complaint and took action to fix the condition.,06/23/2023 09:50:40 AM,18 BROOKLYN,45,Precinct 63,3078590049,BROOKLYN,1001903,165106,PHONE,Unspecified,BROOKLYN,,,,,,,,40.61983670449875,-73.93641175712229,POINT (-73.936411757122 40.619836704499)
57977010,06/22/2023 10:56:19 AM,06/23/2023 03:39:20 PM,DOT,Department of Transportation,Outdoor Dining,Sidewalk Zone Blocked,Siamese Water Connection,Sidewalk,10003,250 PARK AVENUE SOUTH,PARK AVENUE SOUTH,EAST   19 STREET,EAST   20 STREET,EAST   19 STREET,EAST   20 STREET,ADDRESS,NEW YORK,PARK AVENUE SOUTH,,Closed,,The Department of Transportation inspected this location and determined that the establishment must remove all of the items immediately.,06/23/2023 03:39:23 PM,05 MANHATTAN,02,Precinct 13,1008480043,MANHATTAN,987626,208234,ONLINE,Unspecified,MANHATTAN,,,,,,,,40.73823021846895,-73.98781763204387,POINT (-73.987817632044 40.738230218469)
57980340,06/22/2023 12:38:00 PM,08/17/2023 12:00:00 PM,DEP,Department of Environmental Protection,Water System,Hydrant Leaking (WC1),WC1,,11360,13-20 208 PLACE,208 PLACE,ROBERT RD,ESTATES DR,,,ADDRESS,BAYSIDE,,,Closed,,The Department of Environmental Protection investigated this complaint and repaired or replaced the hydrant.,08/17/2023 12:00:00 PM,07 QUEENS,19,Precinct 109,4058437503,QUEENS,1043943,226234,ONLINE,Unspecified,QUEENS,,,,,,,,40.78743463276578,-73.78443713066187,POINT (-73.784437130662 40.787434632766)
57984498,06/23/2023 10:44:00 AM,06/24/2023 12:19:00 PM,DSNY,Department of Sanitation,Derelict Vehicles,Derelict Vehicles,,Street,11416,95-01 CULLODEN PLACE,CULLODEN PLACE,ROCKAWAY BOULEVARD,97 AVENUE,,,ADDRESS,OZONE PARK,,DSNY Garage,Closed,,The owner claimed the vehicle.Â Your request is now closed and no further action will be taken.,06/24/2023 12:00:00 PM,09 QUEENS,32,Precinct 102,4090180071,QUEENS,1023800,188410,PHONE,Unspecified,QUEENS,,,,,,,,40.683730335600025,-73.85739956028236,POINT (-73.857399560282 40.6837303356)
57984471,06/23/2023 07:26:00 AM,06/24/2023 09:39:00 AM,DSNY,Department of Sanitation,Derelict Vehicles,Derelict Vehicles,,Street,10035,413 EAST  119 STREET,EAST  119 STREET,1 AVENUE,PLEASANT AVENUE,,,ADDRESS,NEW YORK,,DSNY Garage,Closed,,The owner claimed the vehicle.Â Your request is now closed and no further action will be taken.,06/24/2023 12:00:00 PM,11 MANHATTAN,08,Precinct 25,1018070009,MANHATTAN,1002674,229914,PHONE,Unspecified,MANHATTAN,,,,,,,,40.79771762617024,-73.93345718654459,POINT (-73.933457186545 40.79771762617)
57978567,06/22/2023 11:28:41 PM,06/22/2023 11:30:55 PM,NYPD,New York City Police Department,Illegal Parking,Posted Parking Sign Violation,,Street/Sidewalk,10468,2531 DAVIDSON AVENUE,DAVIDSON AVENUE,WEST  190 STREET,WEST  192 STREET,WEST  190 STREET,WEST  192 STREET,ADDRESS,BRONX,DAVIDSON AVENUE,,Closed,,The Police Department issued a summons in response to the complaint.,06/22/2023 11:30:58 PM,07 BRONX,14,Precinct 52,2032040040,BRONX,1011729,254397,MOBILE,Unspecified,BRONX,,,,,,,,40.86489286589889,-73.90065255960958,POINT (-73.90065255961 40.864892865899)
57970548,06/21/2023 02:01:27 PM,06/23/2023 02:28:47 PM,DOT,Department of Transportation,Outdoor Dining,Site Setup Condition,Abandoned,Sidewalk,10468,2968 JEROME AVENUE,JEROME AVENUE,EAST  199 STREET,BEDFORD PARK BOULEVARD,EAST  199 STREET,BEDFORD PARK BOULEVARD,ADDRESS,BRONX,JEROME AVENUE,,Closed,,"The Department of Transportation inspected the condition you reported. You can find additional information in the ""Notes to Customer.""",06/23/2023 02:28:50 PM,07 BRONX,14,Precinct 52,2033200008,BRONX,1014809,257377,PHONE,Unspecified,BRONX,,,,,,,,40.87306192529752,-73.88950356377207,POINT (-73.889503563772 40.873061925298)
57972474,06/22/2023 11:59:31 AM,06/22/2023 12:04:42 PM,NYPD,New York City Police Department,Illegal Parking,Posted Parking Sign Violation,,Street/Sidewalk,10455,787 HEWITT PLACE,HEWITT PLACE,MACY PLACE,LONGWOOD AVENUE,MACY PLACE,LONGWOOD AVENUE,ADDRESS,BRONX,HEWITT PLACE,,Closed,,The Police Department reviewed your complaint and provided additional information below.,06/22/2023 12:04:47 PM,02 BRONX,17,Precinct 41,2026880064,BRONX,1011795,237379,ONLINE,Unspecified,BRONX,,,,,,,,40.81818324863206,-73.90048384215514,POINT (-73.900483842155 40.818183248632)
57977820,06/22/2023 09:22:37 PM,06/28/2023 09:47:59 PM,DHS,Department of Homeless Services,Homeless Person Assistance,,,Subway,,,,,,,,ADDRESS,,,,Closed,,The mobile outreach response team went to the location provided but could not find the individual that you reported.,06/28/2023 09:47:59 PM,Unspecified BROOKLYN,,Unspecified,,BROOKLYN,991914,185945,MOBILE,Unspecified,BROOKLYN,,,,B,B Q to Brighton Beach & Coney Island,,Platform,40.677049511904656,-73.97236966310787,POINT (-73.972369663108 40.677049511905)
57987891,06/23/2023 04:05:12 PM,06/23/2023 04:48:34 PM,NYPD,New York City Police Department,Blocked Driveway,No Access,,Street/Sidewalk,11236,1229 EAST   91 STREET,EAST   91 STREET,FLATLANDS AVENUE,AVENUE J,FLATLANDS AVENUE,AVENUE J,ADDRESS,BROOKLYN,EAST   91 STREET,,Closed,,The Police Department issued a summons in response to the complaint.,06/23/2023 04:48:39 PM,18 BROOKLYN,46,Precinct 69,3081990009,BROOKLYN,1010919,172306,PHONE,Unspecified,BROOKLYN,,,,,,,,40.639576621735685,-73.9039066046342,POINT (-73.903906604634 40.639576621736)
57986172,06/23/2023 08:27:47 AM,06/23/2023 02:17:09 PM,DOHMH,Department of Health and Mental Hygiene,Rodent,Signs of Rodents,,Other (Explain Below),11233,354 CHAUNCEY STREET,CHAUNCEY STREET,HOWARD AVENUE,SARATOGA AVENUE,HOWARD AVENUE,SARATOGA AVENUE,ADDRESS,BROOKLYN,CHAUNCEY STREET,,Closed,,This service request was closed because the Department of Health and Mental Hygiene received an earlier complaint about the same location.  You can find inspection results for this address by going to the online Rat Portal at www.nyc.gov/rats.,06/23/2023 08:27:47 AM,03 BROOKLYN,41,Precinct 81,3015140018,BROOKLYN,1006877,187634,MOBILE,Unspecified,BROOKLYN,,,,,,,,40.6816598316675,-73.91841924123314,POINT (-73.918419241233 40.681659831668)
57974607,06/22/2023 08:38:05 PM,07/17/2023 07:46:03 AM,HPD,Department of Housing Preservation and Development,GENERAL,COOKING GAS,SHUT-OFF,RESIDENTIAL BUILDING,10014,550 HUDSON STREET,HUDSON STREET,,,,,ADDRESS,NEW YORK,,,Closed,,The Department of Housing Preservation and Development inspected the following conditions. No violations were issued. The complaint has been closed.,07/17/2023 12:00:00 AM,02 MANHATTAN,03,Precinct 6,1006210008,MANHATTAN,982566,207068,ONLINE,Unspecified,MANHATTAN,,,,,,,,40.735030320649706,-74.00607645805326,POINT (-74.006076458053 40.73503032065)
57973815,06/22/2023 07:49:02 AM,06/22/2023 12:05:59 PM,NYPD,New York City Police Department,Blocked Driveway,No Access,,Street/Sidewalk,11421,89-23 85 STREET,85 STREET,89 AVENUE,91 AVENUE,89 AVENUE,91 AVENUE,ADDRESS,WOODHAVEN,85 STREET,,Closed,,The Police Department responded and upon arrival those responsible for the condition were gone.,06/22/2023 12:06:03 PM,09 QUEENS,32,Precinct 102,4089670046,QUEENS,1023711,190268,ONLINE,Unspecified,QUEENS,,,,,,,,40.68883051076538,-73.85770957386931,POINT (-73.857709573869 40.688830510765)
57985290,06/23/2023 01:12:04 PM,06/29/2023 12:00:00 AM,DSNY,Department of Sanitation,Graffiti,Graffiti,,Comercial,11216,1236 ATLANTIC AVENUE,ATLANTIC AVENUE,,,,,ADDRESS,BROOKLYN,,N/A,Closed,07/23/2023 01:12:04 PM,The City has removed the graffiti from this property.,07/05/2023 12:29:13 PM,08 BROOKLYN,36,Precinct 77,3012000021,BROOKLYN,997686,186494,UNKNOWN,Unspecified,BROOKLYN,,,,,,,,40.67854951356229,-73.95155929418807,POINT (-73.951559294188 40.678549513562)
57981087,06/23/2023 08:10:35 PM,06/23/2023 08:22:23 PM,NYPD,New York City Police Department,Noise - Vehicle,Engine Idling,,Street/Sidewalk,11421,93-06 74 PLACE,74 PLACE,93 AVENUE,ATLANTIC AVENUE,93 AVENUE,ATLANTIC AVENUE,ADDRESS,WOODHAVEN,74 PLACE,,Closed,,The Police Department responded to the complaint and determined that police action was not necessary.,06/23/2023 08:22:27 PM,09 QUEENS,32,Precinct 102,4089400099,QUEENS,1021501,188596,MOBILE,Unspecified,QUEENS,,,,,,,,40.68425083648723,-73.86568773253701,POINT (-73.865687732537 40.684250836487)
57981726,06/23/2023 09:35:00 PM,06/26/2023 08:59:00 AM,DOT,Department of Transportation,Street Light Condition,Street Light Out,Location Type: Intersection,,11232,944 42 STREET,42 STREET,10 AVE,9 AVE,42 STREET,9 AVENUE,INTERSECTION,BROOKLYN,,,Closed,,Service Request status for this request is available on the Department of Transportationâs website. Please click the âLearn Moreâ link below.,06/26/2023 08:59:00 AM,12 BROOKLYN,38,Precinct 66,3055950019,BROOKLYN,985126,174000,UNKNOWN,Unspecified,BROOKLYN,,,,,,,,40.64426639509351,-73.996843386928,POINT (-73.996843386928 40.644266395094)
57973005,06/22/2023 02:43:45 PM,06/22/2023 02:53:16 PM,NYPD,New York City Police Department,Noise - Residential,Banging/Pounding,,Residential Building/House,11224,1711 NEPTUNE AVENUE,NEPTUNE AVENUE,CROPSEY AVENUE,WEST   19 STREET,CROPSEY AVENUE,WEST   19 STREET,ADDRESS,BROOKLYN,NEPTUNE AVENUE,,Closed,,The Police Department responded to the complaint and with the information available observed no evidence of the violation at that time.,06/22/2023 02:53:20 PM,13 BROOKLYN,47,Precinct 60,3069940001,BROOKLYN,988303,150194,ONLINE,Unspecified,BROOKLYN,,,,,,,,40.57892294467054,-73.98540954786047,POINT (-73.98540954786 40.578922944671)
57974616,06/22/2023 11:25:48 AM,06/24/2023 12:28:32 PM,DSNY,Department of Sanitation,Dirty Condition,Trash,Not Cleaned by Property Owner,Street,10462,1871A WHITE PLAINS ROAD,WHITE PLAINS ROAD,MORRIS PARK AVENUE,RHINELANDER AVENUE,MORRIS PARK AVENUE,RHINELANDER AVENUE,ADDRESS,BRONX,WHITE PLAINS ROAD,,Closed,,The Department of Sanitation investigated this complaint and found no condition at the location.,06/24/2023 12:28:38 PM,11 BRONX,13,Precinct 49,2040490041,BRONX,1021139,247781,ONLINE,Unspecified,BRONX,,,,,,,,40.84669963535313,-73.86666814591258,POINT (-73.866668145913 40.846699635353)
57984885,06/24/2023 01:33:01 AM,06/24/2023 02:58:19 AM,NYPD,New York City Police Department,Illegal Parking,Commercial Overnight Parking,,Street/Sidewalk,11365,HORACE HARDING EXPRESSWAY,HORACE HARDING EXPRESSWAY,198 STREET,HORACE HARDING EXPRESSWAY,198 STREET,HORACE HARDING EXPRESSWAY,INTERSECTION,,,,Closed,,The Police Department responded to the complaint and determined that police action was not necessary.,06/24/2023 02:58:27 AM,11 QUEENS,20,Precinct 111,,QUEENS,1045818,210166,MOBILE,Unspecified,QUEENS,,,,,,,,40.743319405651874,-73.77781335143,POINT (-73.77781335143 40.743319405652)
57982032,06/23/2023 10:11:25 AM,06/23/2023 11:20:46 AM,NYPD,New York City Police Department,Illegal Parking,Double Parked Blocking Traffic,,Street/Sidewalk,11223,2256 WEST    7 STREET,WEST    7 STREET,AVENUE V,86 STREET,AVENUE V,86 STREET,ADDRESS,BROOKLYN,WEST    7 STREET,,Closed,,The Police Department issued a summons in response to the complaint.,06/23/2023 11:20:50 AM,15 BROOKLYN,47,Precinct 61,3071430028,BROOKLYN,990392,155350,ONLINE,Unspecified,BROOKLYN,,,,,,,,40.59307393726083,-73.97788464135132,POINT (-73.977884641351 40.593073937261)
57983814,06/23/2023 04:29:03 PM,06/23/2023 10:27:46 PM,NYPD,New York City Police Department,Illegal Parking,Blocked Hydrant,,Street/Sidewalk,10466,2096 PITMAN AVENUE,PITMAN AVENUE,MURDOCK AVENUE,HILL AVENUE,MURDOCK AVENUE,HILL AVENUE,ADDRESS,BRONX,PITMAN AVENUE,,Closed,,The Police Department issued a summons in response to the complaint.,06/23/2023 10:27:51 PM,12 BRONX,12,Precinct 47,2050290008,BRONX,1028008,266274,MOBILE,Unspecified,BRONX,,,,,,,,40.897425797420276,-73.84172005939236,POINT (-73.841720059392 40.89742579742)
57978387,06/22/2023 07:44:00 PM,07/03/2023 08:00:00 PM,DEP,Department of Environmental Protection,Noise,Noise: Construction Before/After Hours (NM1),NM1,,10452,1476 JESUP AVENUE,JESUP AVENUE,JESUP PL,W 172 ST,,,ADDRESS,BRONX,,N/A,Closed,,The Department of Environmental Protection (DEP) observed a violation of the NYC Air or Noise Code during the inspection. DEP issued a summons.,07/03/2023 08:00:00 PM,04 BRONX,16,Precinct 44,2028720302,BRONX,1006529,246377,ONLINE,Unspecified,BRONX,,,,,,,,40.84289501858081,-73.91947925508464,POINT (-73.919479255085 40.842895018581)
57982833,06/23/2023 05:09:00 PM,06/23/2023 06:15:00 PM,DOT,Department of Transportation,Traffic Signal Condition,Controller,Operating Improperly,,11364,,,,,BELL BOULEVARD,UNION TURNPIKE,INTERSECTION,QUEENS,,N/A,Closed,,Service Request status for this request is available on the Department of Transportationâs website. Please click the âLearn Moreâ link below.,06/23/2023 06:15:00 PM,11 QUEENS,23,Precinct 111,,QUEENS,1052094,206897,UNKNOWN,Unspecified,QUEENS,,,,,,,,40.734300926235,-73.75519759871486,POINT (-73.755197598715 40.734300926235)
57971178,06/22/2023 12:31:51 PM,06/22/2023 12:48:27 PM,TLC,Taxi and Limousine Commission,Lost Property,Other,Passport,Taxi,11369,LAGUARDIA AIRPORT,LAGUARDIA AIRPORT,94 STREET,GRAND CENTRAL PARKWAY ET    7 EB,94 STREET,GRAND CENTRAL PARKWAY ET    7 EB,UNRECOGNIZED,EAST ELMHURST,LA GUARDIA AIRPORT,,Closed,,See notes for information.,06/22/2023 12:48:29 PM,80 QUEENS,21,Precinct 115,4009260001,QUEENS,1018236,221443,UNKNOWN,Unspecified,QUEENS,,,"LA GUARDIA AIRPORT, QUEENS (EAST ELMHURST) ,NY, 11369",,,,,40.77442086598845,-73.87729410513894,POINT (-73.877294105139 40.774420865988)
57975453,06/22/2023 11:36:02 PM,06/23/2023 02:04:45 AM,NYPD,New York City Police Department,Noise - Residential,Banging/Pounding,,Residential Building/House,10457,1872 MONROE AVENUE,MONROE AVENUE,MOUNT HOPE PLACE,EAST TREMONT AVENUE,MOUNT HOPE PLACE,EAST TREMONT AVENUE,ADDRESS,BRONX,MONROE AVENUE,,Closed,,The Police Department responded to the complaint but officers were unable to gain entry into the premises.,06/23/2023 02:04:50 AM,05 BRONX,15,Precinct 46,2028040001,BRONX,1010260,248435,ONLINE,Unspecified,BRONX,,,,,,,,40.848533419181855,-73.90598670450618,POINT (-73.905986704506 40.848533419182)
57978180,06/22/2023 04:17:12 PM,06/22/2023 04:53:33 PM,NYPD,New York City Police Department,Noise - Street/Sidewalk,Loud Music/Party,,Street/Sidewalk,10002,129 RIVINGTON STREET,RIVINGTON STREET,ESSEX STREET,NORFOLK STREET,ESSEX STREET,NORFOLK STREET,ADDRESS,NEW YORK,RIVINGTON STREET,,Closed,,The Police Department responded and upon arrival those responsible for the condition were gone.,06/22/2023 04:53:36 PM,03 MANHATTAN,01,Precinct 7,1003530024,MANHATTAN,987888,201454,ONLINE,Unspecified,MANHATTAN,,,,,,,,40.71962067058334,-73.98687586502436,POINT (-73.986875865024 40.719620670583)
57974085,06/22/2023 07:46:08 PM,06/23/2023 05:20:28 AM,DPR,Department of Parks and Recreation,Damaged Tree,Entire Tree Has Fallen Down,Blocking Sidewalk,Street,11101,48-18 NORTHERN BOULEVARD,NORTHERN BOULEVARD,34 AVENUE,49 STREET,34 AVENUE,49 STREET,ADDRESS,LONG ISLAND CITY,NORTHERN BOULEVARD,,Closed,,NYC Parks visited the location but could not find the tree condition you reported.,06/23/2023 05:20:35 AM,01 QUEENS,26,Precinct 114,4001200012,QUEENS,1008009,213852,ONLINE,Unspecified,QUEENS,,,,,,,,40.75361894380833,-73.91424532268624,POINT (-73.914245322686 40.753618943808)
57985866,06/23/2023 03:34:21 PM,06/27/2023 09:00:51 PM,HPD,Department of Housing Preservation and Development,UNSANITARY CONDITION,PESTS,ROACHES,RESIDENTIAL BUILDING,11415,83-34 LEFFERTS BOULEVARD,LEFFERTS BOULEVARD,,,,,ADDRESS,KEW GARDENS,,,Closed,,The Department of Housing Preservation and Development inspected the following conditions. Violations were issued. Information about specific violations is available at www.nyc.gov/hpd,06/27/2023 12:00:00 AM,09 QUEENS,29,Precinct 102,4033220119,QUEENS,1030770,196251,PHONE,Unspecified,QUEENS,,,,,,,,40.70521813609999,-73.83221461713791,POINT (-73.832214617138 40.7052181361)
57970386,06/21/2023 08:03:30 AM,06/22/2023 02:35:58 PM,DSNY,Department of Sanitation,Missed Collection,Recycling - Paper,N/A,Street,11418,86-40 132 STREET,132 STREET,METROPOLITAN AVENUE,JAMAICA AVENUE,METROPOLITAN AVENUE,JAMAICA AVENUE,ADDRESS,RICHMOND HILL,132 STREET,,Closed,,The Department of Sanitation collected the requested items.,06/22/2023 11:56:42 AM,09 QUEENS,29,Precinct 102,4092830017,QUEENS,1034033,195360,ONLINE,Unspecified,QUEENS,,,,,,,,40.70275479926089,-73.82045245465285,POINT (-73.820452454653 40.702754799261)
57981591,06/23/2023 09:24:10 AM,06/23/2023 10:28:01 AM,NYPD,New York City Police Department,Blocked Driveway,Partial Access,,Street/Sidewalk,10303,96 AMADOR STREET,AMADOR STREET,KNOLLWOOD COURT,BRIARWOOD ROAD,KNOLLWOOD COURT,BRIARWOOD ROAD,ADDRESS,STATEN ISLAND,AMADOR STREET,,Closed,,The Police Department issued a summons in response to the complaint.,06/23/2023 10:28:07 AM,01 STATEN ISLAND,49,Precinct 121,5016700288,STATEN ISLAND,938355,166522,PHONE,Unspecified,STATEN ISLAND,,,,,,,,40.62362203731939,-74.16532880503435,POINT (-74.165328805034 40.623622037319)
57970881,06/21/2023 10:02:58 AM,06/21/2023 11:23:38 AM,NYPD,New York City Police Department,Noise - Street/Sidewalk,Loud Music/Party,,Street/Sidewalk,11217,655 FULTON STREET,FULTON STREET,ROCKWELL PLACE,ASHLAND PLACE,ROCKWELL PLACE,ASHLAND PLACE,ADDRESS,BROOKLYN,FULTON STREET,,Closed,,The Police Department responded to the complaint and determined that police action was not necessary.,06/21/2023 11:23:44 AM,02 BROOKLYN,35,Precinct 88,3020957502,BROOKLYN,990073,189988,MOBILE,Unspecified,BROOKLYN,,,,,,,,40.68814802854289,-73.97900336244777,POINT (-73.979003362448 40.688148028543)
57981447,06/23/2023 09:12:09 PM,06/23/2023 09:43:17 PM,NYPD,New York City Police Department,Noise - Residential,Loud Talking,,Residential Building/House,11226,2409 BEVERLY ROAD,BEVERLY ROAD,BEDFORD AVENUE,LOTT STREET,BEDFORD AVENUE,LOTT STREET,ADDRESS,BROOKLYN,BEVERLEY ROAD,,Closed,,The Police Department responded to the complaint and determined that police action was not necessary.,06/23/2023 09:43:24 PM,17 BROOKLYN,40,Precinct 67,3051350039,BROOKLYN,996855,174195,MOBILE,Unspecified,BROOKLYN,,,,,,,,40.644792701370726,-73.95457828379143,POINT (-73.954578283791 40.644792701371)
57970503,06/21/2023 07:15:44 AM,06/22/2023 03:20:52 PM,DSNY,Department of Sanitation,Illegal Dumping,Chronic Dumping,N/A,Sidewalk,10304,634 ELBE AVENUE,ELBE AVENUE,MANTON PLACE,STEUBEN STREET,MANTON PLACE,STEUBEN STREET,ADDRESS,STATEN ISLAND,ELBE AVENUE,,Closed,,The Department of Sanitation will address the situation at the location by providing educational outreach about proper sanitation procedures.,06/22/2023 11:00:49 AM,01 STATEN ISLAND,49,Precinct 120,5028940001,STATEN ISLAND,961657,161142,MOBILE,Unspecified,STATEN ISLAND,,,,,,,,40.60894512797736,-74.08136944809824,POINT (-74.081369448098 40.608945127977)
57974643,06/22/2023 09:38:18 PM,03/21/2024 07:19:34 AM,HPD,Department of Housing Preservation and Development,WATER LEAK,SLOW LEAK,AT WALL OR CEILING,RESIDENTIAL BUILDING,11211,259 POWERS STREET,POWERS STREET,,,,,ADDRESS,BROOKLYN,,,Closed,,"The Department of Housing Preservation and Development was not able to gain access to inspect the following conditions. The complaint has been closed. If the condition still exists, please file a new complaint.",03/21/2024 12:00:00 AM,01 BROOKLYN,34,Precinct 90,3029200040,BROOKLYN,1001015,199054,ONLINE,Unspecified,BROOKLYN,,,,,,,,40.71301810961796,-73.93952601854794,POINT (-73.939526018548 40.713018109618)
57985038,06/23/2023 12:09:25 PM,06/23/2023 02:48:04 PM,NYPD,New York City Police Department,Illegal Parking,Double Parked Blocking Vehicle,,Street/Sidewalk,11238,433 PROSPECT PLACE,PROSPECT PLACE,GRAND AVENUE,CLASSON AVENUE,GRAND AVENUE,CLASSON AVENUE,ADDRESS,BROOKLYN,PROSPECT PLACE,,Closed,,The Police Department responded and upon arrival those responsible for the condition were gone.,06/23/2023 02:48:07 PM,08 BROOKLYN,35,Precinct 77,3011550086,BROOKLYN,994857,185630,PHONE,Unspecified,BROOKLYN,,,,,,,,40.67618187089861,-73.96176002413375,POINT (-73.961760024134 40.676181870899)
57974796,06/22/2023 11:01:23 AM,06/22/2023 11:01:23 AM,DOB,Department of Buildings,General Construction/Plumbing,Egress - Doors Locked/Blocked/Improper/No Secondary Means,,,10016,455 FIRST AVENUE,FIRST AVENUE,,,,,ADDRESS,NEW YORK,,N/A,Closed,,The Department of Buildings investigated this complaint and determined that no further action was necessary.,06/22/2023 12:00:00 AM,06 MANHATTAN,02,Precinct 13,1009320017,MANHATTAN,990653,208574,UNKNOWN,Unspecified,MANHATTAN,,,,,,,,40.739161760669404,-73.97689431479226,POINT (-73.976894314792 40.739161760669)
57981186,06/23/2023 05:41:00 PM,06/24/2023 11:15:00 AM,DEP,Department of Environmental Protection,Sewer,Street Flooding (SJ),SJ,,11429,113-53 SPRINGFIELD AVENUE,SPRINGFIELD AVENUE,113 DR,114 AVE,,,ADDRESS,QUEENS VILLAGE,,,Closed,,"The Department of Environment Protection inspected your complaint but could not find the problem you reported. If the condition persists, please call 311 (or 212-639-9675 if calling from a non-New York City area code) with more detailed information to submit a new complaint.",06/24/2023 11:15:00 AM,13 QUEENS,27,Precinct 105,4112330010,QUEENS,1056115,195342,PHONE,Unspecified,QUEENS,,,,,,,,40.70255360975133,-73.74081202020056,POINT (-73.740812020201 40.702553609751)
57975597,06/22/2023 01:01:18 PM,06/29/2023 09:19:43 PM,DHS,Department of Homeless Services,Homeless Person Assistance,,,Subway,,,,,,,,ADDRESS,,,,Closed,,The mobile outreach response team went to the location provided but could not find the individual that you reported.,06/29/2023 09:19:43 PM,Unspecified MANHATTAN,,Unspecified,,MANHATTAN,989009,217391,ONLINE,Unspecified,MANHATTAN,,,,B,,W 53 St & Broadway,Entrance,40.76336323336346,-73.98282056678894,POINT (-73.982820566789 40.763363233363)
58007070,06/25/2023 02:15:06 PM,06/25/2023 03:17:02 PM,NYPD,New York City Police Department,Noise - Residential,Loud Music/Party,,Residential Building/House,10457,2070 ARTHUR AVENUE,ARTHUR AVENUE,EAST  179 STREET,EAST  180 STREET,EAST  179 STREET,EAST  180 STREET,ADDRESS,BRONX,ARTHUR AVENUE,,Closed,,The Police Department responded to the complaint and with the information available observed no evidence of the violation at that time.,06/25/2023 03:17:05 PM,06 BRONX,15,Precinct 48,2030690063,BRONX,1014140,248518,ONLINE,Unspecified,BRONX,,,,,,,,40.848748947546916,-73.89196206534605,POINT (-73.891962065346 40.848748947547)
57978270,06/22/2023 10:36:24 AM,09/22/2023 02:16:21 PM,HPD,Department of Housing Preservation and Development,UNSANITARY CONDITION,GARBAGE/RECYCLING STORAGE,ACCUMULATION,RESIDENTIAL BUILDING,10468,2686 MORRIS AVENUE,MORRIS AVENUE,,,,,ADDRESS,BRONX,,,Closed,,"The Department of Housing Preservation and Development contacted a tenant in the building and verified that the following conditions were corrected. The complaint has been closed. If the condition still exists, please file a new complaint.",09/22/2023 12:00:00 AM,07 BRONX,14,Precinct 52,2033160013,BRONX,1013045,255370,ONLINE,Unspecified,BRONX,,,,,,,,40.86755925885792,-73.89589052322509,POINT (-73.895890523225 40.867559258858)
57972501,06/22/2023 01:36:56 PM,06/22/2023 02:30:57 PM,NYPD,New York City Police Department,Illegal Parking,Blocked Sidewalk,,Street/Sidewalk,11206,258 BUSHWICK AVENUE,BUSHWICK AVENUE,MONTROSE AVENUE,JOHNSON AVENUE,MONTROSE AVENUE,JOHNSON AVENUE,ADDRESS,BROOKLYN,BUSHWICK AVENUE,,Closed,,The Police Department responded to the complaint and took action to fix the condition.,06/22/2023 02:31:03 PM,01 BROOKLYN,34,Precinct 90,3030630017,BROOKLYN,1000951,196912,MOBILE,Unspecified,BROOKLYN,,,,,,,,40.7071389502689,-73.93976218978757,POINT (-73.939762189788 40.707138950269)
57973410,06/22/2023 02:58:40 PM,06/23/2023 08:47:22 AM,HPD,Department of Housing Preservation and Development,GENERAL,COOKING GAS,SHUT-OFF,RESIDENTIAL BUILDING,10027,2411 FREDERICK DOUGLAS BOULEVARD,FREDERICK DOUGLAS BOULEVARD,,,,,ADDRESS,NEW YORK,,,Closed,,The complaint you filed is a duplicate of a condition already reported by another tenant for a building-wide condition. The original complaint is still open. HPD may attempt to contact you to verify the correction of the condition or may conduct an inspection of your unit if the original complainant is not available for verification.,06/23/2023 12:00:00 AM,10 MANHATTAN,09,Precinct 32,1019550026,MANHATTAN,998301,235416,PHONE,Unspecified,MANHATTAN,,,,,,,,40.81282713425973,-73.94923983376826,POINT (-73.949239833768 40.81282713426)
57974184,06/22/2023 06:56:20 PM,06/23/2023 12:31:43 PM,DPR,Department of Parks and Recreation,Maintenance or Facility,Garbage or Litter,Overflowing Trash Can,Park,10307,298 SATTERLEE STREET,SATTERLEE STREET,HYLAN BOULEVARD,CRAIG AVENUE,HYLAN BOULEVARD,CRAIG AVENUE,ADDRESS,STATEN ISLAND,SATTERLEE STREET,,Closed,,NYC Parks has completed the requested work order and corrected the problem.,06/23/2023 12:31:46 PM,03 STATEN ISLAND,51,Precinct 123,5078570001,STATEN ISLAND,914324,122399,ONLINE,Unspecified,STATEN ISLAND,,,,,,,,40.50235636682173,-74.25143969756395,POINT (-74.251439697564 40.502356366822)
57983049,06/23/2023 10:00:57 PM,06/23/2023 10:06:28 PM,NYPD,New York City Police Department,Noise - Commercial,Loud Talking,,Store/Commercial,11221,1122 BUSHWICK AVENUE,BUSHWICK AVENUE,WOODBINE STREET,MADISON STREET,WOODBINE STREET,MADISON STREET,ADDRESS,BROOKLYN,BUSHWICK AVENUE,,Closed,,The Police Department responded to the complaint and determined that police action was not necessary.,06/23/2023 10:06:31 PM,04 BROOKLYN,37,Precinct 83,3033570042,BROOKLYN,1006846,190565,MOBILE,Unspecified,BROOKLYN,,,,,,,,40.689704832006264,-73.91852118096368,POINT (-73.918521180964 40.689704832006)
57977046,06/22/2023 05:07:11 PM,06/26/2023 05:06:49 PM,HPD,Department of Housing Preservation and Development,WATER LEAK,HEAVY FLOW,AT WALL OR CEILING,RESIDENTIAL BUILDING,10473,2025 SEWARD AVENUE,SEWARD AVENUE,,,,,ADDRESS,BRONX,,,Closed,,The Department of Housing Preservation and Development inspected the following conditions. No violations were issued. The complaint has been closed.,06/26/2023 12:00:00 AM,09 BRONX,18,Precinct 43,2036070002,BRONX,1024755,238220,ONLINE,Unspecified,BRONX,,,,,,,,40.82044163511422,-73.85365620697301,POINT (-73.853656206973 40.820441635114)
57972663,06/22/2023 11:18:25 AM,06/22/2023 11:18:25 AM,DOHMH,Department of Health and Mental Hygiene,Unsanitary Pigeon Condition,Pigeon Waste,,1-2 Family Dwelling,11224,2930 WEST    5 STREET,WEST    5 STREET,NEPTUNE AVENUE,WEST BRIGHTON AVENUE,NEPTUNE AVENUE,WEST BRIGHTON AVENUE,ADDRESS,BROOKLYN,WEST    5 STREET,,Closed,,"The Department of Health and Mental Hygiene tried to inspect the property you reported but could not access the site. If you have information that will help the inspector access the site, please go online to nyc.gov/311 or call 311 and refile your complaint with contact information.",06/22/2023 11:18:25 AM,13 BROOKLYN,48,Precinct 60,3072730025,BROOKLYN,991927,149916,PHONE,Unspecified,BROOKLYN,,,,,,,,40.57815749192933,-73.97236377529899,POINT (-73.972363775299 40.578157491929)
57973023,06/23/2023 12:43:36 AM,06/23/2023 01:12:45 AM,NYPD,New York City Police Department,Noise - Residential,Loud Music/Party,,Residential Building/House,11210,2528 FOSTER AVENUE,FOSTER AVENUE,EAST   25 STREET,EAST   26 STREET,EAST   25 STREET,EAST   26 STREET,ADDRESS,BROOKLYN,FOSTER AVENUE,,Closed,,The Police Department responded to the complaint and with the information available observed no evidence of the violation at that time.,06/23/2023 01:12:49 AM,14 BROOKLYN,45,Precinct 70,3052270031,BROOKLYN,997345,171873,ONLINE,Unspecified,BROOKLYN,,,,,,,,40.63841859948865,-73.95281709161866,POINT (-73.952817091619 40.638418599489)
57980304,06/22/2023 02:15:16 PM,07/10/2023 12:05:04 PM,HPD,Department of Housing Preservation and Development,GENERAL,CABINET,DAMAGED OR MISSING,RESIDENTIAL BUILDING,11204,1556 DAHILL ROAD,DAHILL ROAD,,,,,ADDRESS,BROOKLYN,,,Closed,,"The Department of Housing Preservation and Development was not able to gain access to inspect the following conditions. The complaint has been closed. If the condition still exists, please file a new complaint.",07/10/2023 12:00:00 AM,11 BROOKLYN,44,Precinct 62,3065620041,BROOKLYN,991382,161556,PHONE,Unspecified,BROOKLYN,,,,,,,,40.61010740499186,-73.9743134186555,POINT (-73.974313418655 40.610107404992)
57976263,06/23/2023 12:42:44 AM,06/23/2023 01:04:15 AM,NYPD,New York City Police Department,Noise - Vehicle,Engine Idling,,Street/Sidewalk,10026,234 WEST  114 STREET,WEST  114 STREET,ADAM CLAYTON POWELL JR BOULEVARD,FREDERICK DOUGLASS BOULEVARD,ADAM CLAYTON POWELL JR BOULEVARD,FREDERICK DOUGLASS BOULEVARD,ADDRESS,NEW YORK,WEST  114 STREET,,Closed,,The Police Department responded to the complaint and with the information available observed no evidence of the violation at that time.,06/23/2023 01:04:19 AM,10 MANHATTAN,09,Precinct 28,1018290050,MANHATTAN,996831,231602,ONLINE,Unspecified,MANHATTAN,,,,,,,,40.802360975539656,-73.95455745266254,POINT (-73.954557452663 40.80236097554)
57973059,06/22/2023 09:04:05 PM,06/24/2023 01:36:48 PM,DSNY,Department of Sanitation,Dumpster Complaint,Blocking Sidewalk or Street,N/A,Street,11235,1009 BRIGHTON BEACH AVENUE,BRIGHTON BEACH AVENUE,CONEY ISLAND AVENUE,BRIGHTON   11 STREET,CONEY ISLAND AVENUE,BRIGHTON   11 STREET,ADDRESS,BROOKLYN,BRIGHTON BEACH AVENUE,,Closed,,The Department of Sanitation investigated this complaint and issued a Notice of Violation.,06/24/2023 05:57:19 AM,13 BROOKLYN,48,Precinct 60,3087070452,BROOKLYN,995536,149881,PHONE,Unspecified,BROOKLYN,,,,,,,,40.5780575639694,-73.95937189379516,POINT (-73.959371893795 40.578057563969)
57982509,06/23/2023 10:59:21 AM,06/23/2023 11:07:03 AM,NYPD,New York City Police Department,Illegal Parking,Posted Parking Sign Violation,,Street/Sidewalk,10037,LENOX AVENUE,LENOX AVENUE,LENOX AVENUE,WEST  131 STREET,LENOX AVENUE,WEST  131 STREET,INTERSECTION,,,,Closed,,The Police Department responded to the complaint and with the information available observed no evidence of the violation at that time.,06/23/2023 11:07:09 AM,10 MANHATTAN,09,Precinct 32,,MANHATTAN,1000106,234958,PHONE,Unspecified,MANHATTAN,,,,,,,,40.811566996819884,-73.94272023562813,POINT (-73.942720235628 40.81156699682)
57976101,06/22/2023 06:24:09 PM,06/22/2023 06:33:59 PM,NYPD,New York City Police Department,Drug Activity,Use Outside,,Street/Sidewalk,11236,933 REMSEN AVENUE,REMSEN AVENUE,AVENUE D,KRIER PLACE,AVENUE D,KRIER PLACE,ADDRESS,BROOKLYN,REMSEN AVENUE,,Closed,,The Police Department responded to the complaint and took action to fix the condition.,06/22/2023 06:34:04 PM,18 BROOKLYN,42,Precinct 69,3081240027,BROOKLYN,1008662,174531,ONLINE,Unspecified,BROOKLYN,,,,,,,,40.64569027390154,-73.91203094096106,POINT (-73.912030940961 40.645690273902)
57985326,06/23/2023 07:01:54 PM,06/23/2023 07:38:48 PM,NYPD,New York City Police Department,Non-Emergency Police Matter,Trespassing,,Residential Building/House,11231,797 HICKS STREET,HICKS STREET,MILL STREET,CENTRE MALL,MILL STREET,CENTRE MALL,ADDRESS,BROOKLYN,HICKS STREET,,Closed,,The Police Department responded to the complaint and with the information available observed no evidence of the violation at that time.,06/23/2023 07:38:52 PM,06 BROOKLYN,38,Precinct 76,3005380001,BROOKLYN,982775,185410,ONLINE,Unspecified,BROOKLYN,,,,,,,,40.67558425232958,-74.00531756926743,POINT (-74.005317569267 40.67558425233)
57973536,06/22/2023 09:43:04 PM,06/22/2023 11:14:48 PM,NYPD,New York City Police Department,Illegal Parking,Double Parked Blocking Traffic,,Street/Sidewalk,10026,237 WEST  116 STREET,WEST  116 STREET,ST NICHOLAS AVENUE,FREDERICK DOUGLASS BOULEVARD,ST NICHOLAS AVENUE,FREDERICK DOUGLASS BOULEVARD,ADDRESS,NEW YORK,WEST  116 STREET,,Closed,,The Police Department responded and upon arrival those responsible for the condition were gone.,06/22/2023 11:14:51 PM,10 MANHATTAN,09,Precinct 28,1019220013,MANHATTAN,996965,232156,ONLINE,Unspecified,MANHATTAN,,,,,,,,40.803881361488216,-73.95407239585606,POINT (-73.954072395856 40.803881361488)
57983247,06/23/2023 08:10:09 PM,06/23/2023 08:22:06 PM,NYPD,New York City Police Department,Noise - Street/Sidewalk,Loud Talking,,Street/Sidewalk,11421,93-04 74 PLACE,74 PLACE,93 AVENUE,ATLANTIC AVENUE,93 AVENUE,ATLANTIC AVENUE,ADDRESS,WOODHAVEN,74 PLACE,,Closed,,The Police Department responded to the complaint and determined that police action was not necessary.,06/23/2023 08:22:09 PM,09 QUEENS,32,Precinct 102,4089400098,QUEENS,1021501,188601,MOBILE,Unspecified,QUEENS,,,,,,,,40.68426456032992,-73.8656877048948,POINT (-73.865687704895 40.68426456033)
57986262,06/24/2023 01:47:23 AM,,EDC,Economic Development Corporation,Noise - Helicopter,Other,Flying Too Low,Above Address,11238,840 WASHINGTON AVENUE,WASHINGTON AVENUE,ST JOHNS PLACE,LINCOLN PLACE,ST JOHNS PLACE,LINCOLN PLACE,ADDRESS,BROOKLYN,WASHINGTON AVENUE,,In Progress,,,,08 BROOKLYN,35,Precinct 77,3011760098,BROOKLYN,994554,184484,ONLINE,Unspecified,BROOKLYN,,,,,,,,40.673036716903944,-73.96285414071265,POINT (-73.962854140713 40.673036716904)
57987810,06/23/2023 07:42:42 AM,06/23/2023 07:42:42 AM,DOB,Department of Buildings,Real Time Enforcement,Work Without A Permit - Occupied Multiple Dwelling,,,11233,18 ROCKAWAY AVENUE,ROCKAWAY AVENUE,,,,,ADDRESS,BROOKLYN,,,Closed,,The Department of Buildings investigated this complaint and determined that no further action was necessary.,06/23/2023 12:00:00 AM,16 BROOKLYN,41,Precinct 73,3015110032,BROOKLYN,1008712,188149,UNKNOWN,Unspecified,BROOKLYN,,,,,,,,40.68306850781598,-73.91180135563229,POINT (-73.911801355632 40.683068507816)
57979566,06/22/2023 05:00:34 PM,08/07/2023 11:50:30 AM,HPD,Department of Housing Preservation and Development,PLUMBING,RADIATOR,CRACKED OR LEAKING,RESIDENTIAL BUILDING,10028,131 EAST   85 STREET,EAST   85 STREET,,,,,ADDRESS,NEW YORK,,,Closed,,The Department of Housing Preservation and Development inspected the following conditions. No violations were issued. The complaint has been closed.,08/07/2023 12:00:00 AM,08 MANHATTAN,04,Precinct 19,1015140016,MANHATTAN,996279,223101,PHONE,Unspecified,MANHATTAN,,,,,,,,40.77902878939431,-73.95656650005807,POINT (-73.956566500058 40.779028789394)
57972618,06/22/2023 04:27:36 PM,06/26/2023 06:55:49 AM,DSNY,Department of Sanitation,Abandoned Bike,Chained to Public Property,N/A,Street,11377,50-49 43 STREET,43 STREET,CELTIC AVENUE,51 AVENUE,CELTIC AVENUE,51 AVENUE,ADDRESS,WOODSIDE,43 STREET,,Closed,,The Department of Sanitation investigated and found this complaint to be out of jurisdiction. The Department of Sanitation reviewed this and found it not to be meeting the criteria for a complaint or service request.,06/26/2023 06:55:48 AM,02 QUEENS,26,Precinct 108,4022930014,QUEENS,1005618,207564,PHONE,Unspecified,QUEENS,,,,,,,,40.73636606619511,-73.92289526409203,POINT (-73.922895264092 40.736366066195)
57976317,06/22/2023 07:47:03 AM,06/26/2023 03:19:03 PM,DSNY,Department of Sanitation,Illegal Dumping,Removal Request,N/A,Sidewalk,11234,2343 UTICA AVENUE,UTICA AVENUE,FILLMORE AVENUE,FLATBUSH AVENUE,FILLMORE AVENUE,FLATBUSH AVENUE,ADDRESS,BROOKLYN,UTICA AVENUE,,Closed,,The Department of Sanitation cleaned the location.,06/22/2023 11:22:32 AM,18 BROOKLYN,46,Precinct 63,3085110026,BROOKLYN,1004691,163099,PHONE,Unspecified,BROOKLYN,,,,,,,,40.61432191384785,-73.92637512435311,POINT (-73.926375124353 40.614321913848)
57973311,06/22/2023 10:20:21 AM,06/25/2023 09:36:15 AM,HPD,Department of Housing Preservation and Development,ELECTRIC,WIRING,EXPOSED,RESIDENTIAL BUILDING,11212,243 BLAKE AVENUE,BLAKE AVENUE,,,,,ADDRESS,BROOKLYN,,,Closed,,The Department of Housing Preservation and Development inspected the following conditions. Violations were issued. Information about specific violations is available at www.nyc.gov/hpd,06/25/2023 12:00:00 AM,16 BROOKLYN,41,Precinct 73,3035430049,BROOKLYN,1009099,181759,PHONE,Unspecified,BROOKLYN,,,,,,,,40.66552832616327,-73.91042957215915,POINT (-73.910429572159 40.665528326163)
57975300,06/22/2023 02:31:28 PM,06/22/2023 07:21:43 PM,NYPD,New York City Police Department,Blocked Driveway,No Access,,Street/Sidewalk,11208,102 WELDON STREET,WELDON STREET,EUCLID AVENUE,CRESCENT STREET,EUCLID AVENUE,CRESCENT STREET,ADDRESS,BROOKLYN,WELDON STREET,,Closed,,The Police Department reviewed your complaint and provided additional information below.,06/22/2023 07:21:47 PM,05 BROOKLYN,37,Precinct 75,3041640031,BROOKLYN,1019863,187101,ONLINE,Unspecified,BROOKLYN,,,,,,,,40.6801541480904,-73.87160160050833,POINT (-73.871601600508 40.68015414809)
57976245,06/22/2023 01:25:04 PM,06/22/2023 01:49:45 PM,NYPD,New York City Police Department,Illegal Parking,Blocked Crosswalk,,Street/Sidewalk,11238,GRAND AVENUE,GRAND AVENUE,GRAND AVENUE,PARK PLACE,GRAND AVENUE,PARK PLACE,INTERSECTION,,,,Closed,,The Police Department responded to the complaint and determined that police action was not necessary.,06/22/2023 01:49:50 PM,08 BROOKLYN,35,Precinct 77,,BROOKLYN,994463,185392,MOBILE,Unspecified,BROOKLYN,,,,,,,,40.675529077932204,-73.96318081927802,POINT (-73.963180819278 40.675529077932)
57983427,06/23/2023 01:06:44 PM,07/03/2023 03:20:45 PM,HPD,Department of Housing Preservation and Development,UNSANITARY CONDITION,PESTS,MICE,RESIDENTIAL BUILDING,10301,101 DANIEL LOW TERRACE,DANIEL LOW TERRACE,,,,,ADDRESS,STATEN ISLAND,,,Closed,,The Department of Housing Preservation and Development inspected the following conditions. No violations were issued. The complaint has been closed.,07/03/2023 12:00:00 AM,01 STATEN ISLAND,49,Precinct 120,5000200008,STATEN ISLAND,961776,173341,PHONE,Unspecified,STATEN ISLAND,,,,,,,,40.64242911140708,-74.08098148276159,POINT (-74.080981482762 40.642429111407)
57976974,06/22/2023 12:22:28 PM,06/30/2023 09:39:47 AM,HPD,Department of Housing Preservation and Development,PAINT/PLASTER,WALL,CHIPPED/PEELING/FLAKING,RESIDENTIAL BUILDING,11213,1193 EASTERN PARKWAY,EASTERN PARKWAY,,,,,ADDRESS,BROOKLYN,,,Closed,,The Department of Housing Preservation and Development inspected the following conditions. No violations were issued. The complaint has been closed.,06/30/2023 12:00:00 AM,08 BROOKLYN,41,Precinct 77,3013910049,BROOKLYN,1003919,182909,PHONE,Unspecified,BROOKLYN,,,,,,,,40.66869784211098,-73.92909797784527,POINT (-73.929097977845 40.668697842111)
57982185,06/23/2023 10:28:21 AM,06/28/2023 10:18:00 AM,DOT,Department of Transportation,Street Condition,Pothole,,,11233,LEWIS AVENUE,LEWIS AVENUE,DECATUR STREET,MAC DONOUGH STREET,,,BLOCKFACE,BROOKLYN,,N/A,Closed,,The Department of Transportation inspected this complaint and repaired the problem.,06/28/2023 10:18:00 AM,03 BROOKLYN,,Precinct 81,,BROOKLYN,,,UNKNOWN,Unspecified,BROOKLYN,,,,,,,,,,
57973887,06/22/2023 07:09:39 PM,06/23/2023 07:34:55 AM,DPR,Department of Parks and Recreation,Overgrown Tree/Branches,Dead Branches in Tree,N/A,Street,11358,36-14 191 STREET,191 STREET,CROCHERON AVENUE,37 AVENUE,CROCHERON AVENUE,37 AVENUE,ADDRESS,FLUSHING,191 STREET,,Closed,,NYC Parks visited the site and inspected the condition. No work is necessary at this time.,06/23/2023 07:34:57 AM,11 QUEENS,19,Precinct 111,4053080028,QUEENS,1042132,217338,UNKNOWN,Unspecified,QUEENS,,,,,,,,40.76302956442763,-73.79105360199246,POINT (-73.791053601992 40.763029564428)
57974949,06/22/2023 09:40:43 AM,06/24/2023 06:30:20 AM,DSNY,Department of Sanitation,Missed Collection,Recycling - Paper/Metal/Glass/Rigid Plastic,N/A,Street,10310,77 DONGAN STREET,DONGAN STREET,RICHMOND TERRACE,DE GROOT PLACE,RICHMOND TERRACE,DE GROOT PLACE,ADDRESS,STATEN ISLAND,DONGAN STREET,,Closed,,The Department of Sanitation investigated this complaint and found no condition at the location.,06/23/2023 11:37:14 AM,01 STATEN ISLAND,49,Precinct 120,,STATEN ISLAND,949722,171028,ONLINE,Unspecified,STATEN ISLAND,,,,,,,,40.636041637825834,-74.12440426885931,POINT (-74.124404268859 40.636041637826)
57979530,06/22/2023 02:52:38 PM,08/03/2023 10:06:13 AM,HPD,Department of Housing Preservation and Development,APPLIANCE,ELECTRIC/GAS RANGE,NO GAS OR ELECTRICITY,RESIDENTIAL BUILDING,10027,2411 FREDERICK DOUGLAS BOULEVARD,FREDERICK DOUGLAS BOULEVARD,,,,,ADDRESS,NEW YORK,,,Closed,,The Department of Housing Preservation and Development inspected the following conditions. No violations were issued. The complaint has been closed.,08/03/2023 12:00:00 AM,10 MANHATTAN,09,Precinct 32,1019550026,MANHATTAN,998301,235416,PHONE,Unspecified,MANHATTAN,,,,,,,,40.81282713425973,-73.94923983376826,POINT (-73.949239833768 40.81282713426)
57983067,06/23/2023 11:37:37 PM,06/24/2023 12:22:46 AM,NYPD,New York City Police Department,Noise - Park,Loud Music/Party,,Park/Playground,11370,84-11 30 AVENUE,30 AVENUE,84 STREET,85 STREET,84 STREET,85 STREET,ADDRESS,EAST ELMHURST,30 AVENUE,,Closed,,The Police Department responded to the complaint and took action to fix the condition.,06/24/2023 12:22:50 AM,03 QUEENS,22,Precinct 115,4013580001,QUEENS,1016293,216712,ONLINE,Gorman Playground,QUEENS,,,,,,,,40.76144276705305,-73.88433182126218,POINT (-73.884331821262 40.761442767053)
57972438,06/21/2023 07:15:17 AM,06/21/2023 01:45:00 PM,DOT,Department of Transportation,Street Condition,Pothole,,,,,,,,BRUCKNER BOULEVARD,WESTCHESTER AVENUE,INTERSECTION,,,N/A,Closed,,The Department of Transportation inspected this complaint and repaired the problem.,06/21/2023 01:45:00 PM,Unspecified BRONX,,Unspecified,,BRONX,,,UNKNOWN,Unspecified,BRONX,,,,,,,,,,
57972330,06/22/2023 10:28:00 PM,06/23/2023 09:30:00 AM,DOT,Department of Transportation,Street Light Condition,Street Light Out,Location Type: Intersection,,11235,,,,,OCEAN AVENUE,HAMPTON AVENUE,INTERSECTION,BROOKLYN,,,Closed,,Service Request status for this request is available on the Department of Transportationâs website. Please click the âLearn Moreâ link below.,06/23/2023 09:30:00 AM,15 BROOKLYN,48,Precinct 61,,BROOKLYN,998774,150549,UNKNOWN,Unspecified,BROOKLYN,,,,,,,,40.579886378458134,-73.94771408948296,POINT (-73.947714089483 40.579886378458)
57974418,06/22/2023 10:15:41 PM,06/22/2023 10:36:49 PM,NYPD,New York City Police Department,Noise - Residential,Loud Music/Party,,Residential Building/House,11411,114-04 208 STREET,208 STREET,MURDOCK AVENUE,115 AVENUE,MURDOCK AVENUE,115 AVENUE,ADDRESS,CAMBRIA HEIGHTS,208 STREET,,Closed,,The Police Department responded to the complaint and took action to fix the condition.,06/22/2023 10:36:55 PM,13 QUEENS,27,Precinct 105,4110260370,QUEENS,1054499,195024,ONLINE,Unspecified,QUEENS,,,,,,,,40.701693754519006,-73.74664356266864,POINT (-73.746643562669 40.701693754519)
57974391,06/22/2023 09:03:04 PM,06/22/2023 10:09:11 PM,NYPD,New York City Police Department,Noise - Residential,Loud Music/Party,,Residential Building/House,10468,2721 CLAFLIN AVENUE,CLAFLIN AVENUE,EAMES PLACE,WEST  195 STREET,EAMES PLACE,WEST  195 STREET,ADDRESS,BRONX,CLAFLIN AVENUE,,Closed,,The Police Department responded to the complaint and took action to fix the condition.,06/22/2023 10:09:18 PM,08 BRONX,14,Precinct 50,2032480130,BRONX,1011635,256169,ONLINE,Unspecified,BRONX,,,,,,,,40.869756755734656,-73.90098516494284,POINT (-73.900985164943 40.869756755735)
57975831,06/22/2023 10:45:51 AM,06/28/2023 09:22:53 PM,HPD,Department of Housing Preservation and Development,UNSANITARY CONDITION,MOLD,N/A,RESIDENTIAL BUILDING,10467,3569 DEKALB AVENUE,DEKALB AVENUE,,,,,ADDRESS,BRONX,,,Closed,,The Department of Housing Preservation and Development inspected the following conditions. Violations were issued. Information about specific violations is available at www.nyc.gov/hpd,06/28/2023 12:00:00 AM,07 BRONX,11,Precinct 52,2033290040,BRONX,1017714,261433,PHONE,Unspecified,BRONX,,,,,,,,40.88418384207384,-73.878979301389,POINT (-73.878979301389 40.884183842074)
57985263,06/23/2023 01:51:10 PM,06/24/2023 12:00:00 AM,DOB,Department of Buildings,Emergency Response Team (ERT),After Hours Work - Illegal,,,11219,1456 58 STREET,58 STREET,,,,,ADDRESS,BROOKLYN,,N/A,Closed,,The Department of Buildings investigated this complaint and determined that no further action was necessary.,06/24/2023 12:00:00 AM,12 BROOKLYN,44,Precinct 66,3057060029,BROOKLYN,985927,168043,UNKNOWN,Unspecified,BROOKLYN,,,,,,,,40.62791558279882,-73.99395851229725,POINT (-73.993958512297 40.627915582799)
57980997,06/23/2023 07:23:33 PM,06/23/2023 08:08:20 PM,NYPD,New York City Police Department,Illegal Parking,Blocked Crosswalk,,Street/Sidewalk,10040,124 FT GEORGE AVENUE,FT GEORGE AVENUE,AUDUBON AVENUE,ST NICHOLAS AVENUE,AUDUBON AVENUE,ST NICHOLAS AVENUE,ADDRESS,NEW YORK,FORT GEORGE AVENUE,,Closed,,The Police Department issued a summons in response to the complaint.,06/23/2023 08:08:27 PM,12 MANHATTAN,10,Precinct 34,1021610033,MANHATTAN,1004299,251548,MOBILE,Unspecified,MANHATTAN,,,,,,,,40.85709322339035,-73.92752345251631,POINT (-73.927523452516 40.85709322339)
57977631,06/22/2023 08:31:43 PM,06/22/2023 08:31:43 PM,DOHMH,Department of Health and Mental Hygiene,Rodent,Rat Sighting,,3+ Family Apt. Building,11207,30 COOPER STREET,COOPER STREET,BROADWAY,BUSHWICK AVENUE,BROADWAY,BUSHWICK AVENUE,ADDRESS,BROOKLYN,COOPER STREET,,Closed,,The Department of Health and Mental Hygiene found violations on the property you reported. Follow-up inspections will be scheduled.,06/22/2023 08:31:43 PM,04 BROOKLYN,37,Precinct 83,3034380022,BROOKLYN,1008990,188575,MOBILE,Unspecified,BROOKLYN,,,,,,,,40.684237007419476,-73.91079745294861,POINT (-73.910797452949 40.684237007419)
57982923,06/23/2023 05:04:18 PM,07/14/2023 12:00:00 AM,DOB,Department of Buildings,General Construction/Plumbing,Building Permit - None,,,11203,507 RUTLAND ROAD,RUTLAND ROAD,,,,,ADDRESS,BROOKLYN,,,Closed,,"The Department of Buildings attempted to investigate this complaint twice but could not gain access to the location. If the problem still exists, please call 311 and file a new complaint with additional access information. If you are outside of New York City, please call (212) NEW-YORK (212-639-9675).",07/14/2023 12:00:00 AM,09 BROOKLYN,40,Precinct 71,3048030060,BROOKLYN,999815,179670,UNKNOWN,Unspecified,BROOKLYN,,,,,,,,40.65981567319813,-73.94389938546794,POINT (-73.943899385468 40.659815673198)
57987738,06/23/2023 08:24:42 AM,07/01/2023 01:16:05 PM,DSNY,Department of Sanitation,Missed Collection,Recycling - Paper/Metal/Glass/Rigid Plastic,N/A,Street,11693,346 OLD BEACH   88 STREET,OLD BEACH   88 STREET,BEACH   88 STREET,DORMANS COURT,BEACH   88 STREET,DORMANS COURT,ADDRESS,FAR ROCKAWAY,OLD BEACH   88 STREET,,Closed,,The Department of Sanitation collected the requested items.,06/26/2023 01:01:16 PM,14 QUEENS,32,Precinct 100,4161190045,QUEENS,1036116,154218,ONLINE,Unspecified,QUEENS,,,,,,,,40.58981720546659,-73.81325625065017,POINT (-73.81325625065 40.589817205467)
57978108,06/22/2023 10:35:41 PM,06/22/2023 11:15:59 PM,NYPD,New York City Police Department,Noise - Residential,Banging/Pounding,,Residential Building/House,11373,42-26 81 STREET,81 STREET,BROADWAY,45 AVENUE,BROADWAY,45 AVENUE,ADDRESS,ELMHURST,81 STREET,,Closed,,The Police Department responded to the complaint but officers were unable to gain entry into the premises.,06/22/2023 11:16:03 PM,04 QUEENS,25,Precinct 110,4015260016,QUEENS,1016365,209866,ONLINE,Unspecified,QUEENS,,,,,,,,40.742651985259975,-73.8841046132978,POINT (-73.884104613298 40.74265198526)
57972429,06/21/2023 10:59:33 PM,06/22/2023 10:20:00 PM,DOT,Department of Transportation,Street Condition,Pothole,,,11216,1043 BEDFORD AVENUE,BEDFORD AVENUE,CLIFTON PLACE,GREENE AVENUE,,,ADDRESS,BROOKLYN,,N/A,Closed,,The Department of Transportation inspected this complaint and repaired the problem.,06/22/2023 10:20:00 PM,03 BROOKLYN,36,Precinct 79,3017930003,BROOKLYN,996764,190031,UNKNOWN,Unspecified,BROOKLYN,,,,,,,,40.688259122463876,-73.95487680419025,POINT (-73.95487680419 40.688259122464)
57971853,06/22/2023 11:07:35 PM,06/22/2023 11:12:59 PM,NYPD,New York City Police Department,Noise - Commercial,Loud Music/Party,,Club/Bar/Restaurant,10032,3898 BROADWAY,BROADWAY,WEST  162 STREET,WEST  163 STREET,WEST  162 STREET,WEST  163 STREET,ADDRESS,NEW YORK,BROADWAY,,Closed,,The Police Department responded to the complaint and determined that police action was not necessary.,06/22/2023 11:13:06 PM,12 MANHATTAN,10,Precinct 33,1021220052,MANHATTAN,1000244,244481,ONLINE,Unspecified,MANHATTAN,,,,,,,,40.83770467226177,-73.94219901106423,POINT (-73.942199011064 40.837704672262)
57970638,06/21/2023 09:58:55 PM,06/21/2023 10:14:27 PM,NYPD,New York City Police Department,Noise - Residential,Loud Music/Party,,Residential Building/House,11238,506 LINCOLN PLACE,LINCOLN PLACE,CLASSON AVENUE,FRANKLIN AVENUE SHUTTLE LINE,CLASSON AVENUE,FRANKLIN AVENUE SHUTTLE LINE,ADDRESS,BROOKLYN,LINCOLN PLACE,,Closed,,The Police Department responded to the complaint and took action to fix the condition.,06/21/2023 10:14:32 PM,08 BROOKLYN,35,Precinct 77,,BROOKLYN,995422,184092,ONLINE,Unspecified,BROOKLYN,,,,,,,,40.671959712099934,-73.95972565597454,POINT (-73.959725655975 40.6719597121)
57984705,06/23/2023 01:17:11 PM,06/29/2023 06:13:52 PM,HPD,Department of Housing Preservation and Development,APPLIANCE,REFRIGERATOR,BROKEN DOOR SEAL,RESIDENTIAL BUILDING,10468,2820 SEDGWICK AVENUE,SEDGWICK AVENUE,,,,,ADDRESS,BRONX,,,Closed,,The Department of Housing Preservation and Development inspected the following conditions. Violations were issued. Information about specific violations is available at www.nyc.gov/hpd,06/29/2023 12:00:00 AM,08 BRONX,14,Precinct 50,2032500001,BRONX,1011342,257270,PHONE,Unspecified,BRONX,,,,,,,,40.87277956585497,-73.90204010051565,POINT (-73.902040100516 40.872779565855)
57978765,06/22/2023 04:54:56 PM,05/13/2025 04:52:16 PM,DPR,Department of Parks and Recreation,New Tree Request,For One Address,Street Tree,Street,11210,869 EAST   26 STREET,EAST   26 STREET,DEAD END,AVENUE I,DEAD END,AVENUE I,ADDRESS,BROOKLYN,EAST   26 STREET,,Closed,,"In an effort to more fully and efficiently service each city block, NYC Parks is shifting their street tree planting program to a neighborhood approach.  If the site that you requested meets the criteria for planting, NYC Parks will plant a tree through their new Neighborhood Tree Planting Program.   NYC Parks is no longer accepting new tree planting requests. Each neighborhood will be surveyed, inspected, and planted sequentially. NYC Parks foresters will be conducting tree removal, stump removal, and planting block by block and closing all unplantable tree beds. The most heat-vulnerable neighborhoods will be prioritized first.  To learn more about this program, visit nyc.gov/parks/street-tree-planting.  To learn more about the trees in your neighborhood, visit the NYC Tree Map at nyc.gov/parks/treemap.",05/13/2025 04:52:55 PM,14 BROOKLYN,45,Precinct 70,3075720016,BROOKLYN,997790,168599,UNKNOWN,Unspecified,BROOKLYN,,,,,,,,40.62943149662745,-73.95122027089297,POINT (-73.951220270893 40.629431496627)
57984696,06/23/2023 12:19:15 AM,09/28/2023 04:49:22 PM,HPD,Department of Housing Preservation and Development,WATER LEAK,HEAVY FLOW,AT WALL OR CEILING,RESIDENTIAL BUILDING,10034,228 NAGLE AVENUE,NAGLE AVENUE,,,,,ADDRESS,NEW YORK,,,Closed,,The Department of Housing Preservation and Development inspected the following conditions. No violations were issued. The complaint has been closed.,09/28/2023 12:00:00 AM,12 MANHATTAN,10,Precinct 34,1022180035,MANHATTAN,1005865,253577,ONLINE,Unspecified,MANHATTAN,,,,,,,,40.86265852104764,-73.92185586806289,POINT (-73.921855868063 40.862658521048)
57982626,06/23/2023 07:24:12 PM,06/24/2023 05:34:32 AM,DSNY,Department of Sanitation,Dirty Condition,Trash,Littering,Sidewalk,10002,105 STANTON STREET,STANTON STREET,LUDLOW STREET,ESSEX STREET,LUDLOW STREET,ESSEX STREET,ADDRESS,NEW YORK,STANTON STREET,,Closed,,The Department of Sanitation cleaned the location.,06/24/2023 05:34:38 AM,03 MANHATTAN,01,Precinct 7,1004110053,MANHATTAN,987673,202025,MOBILE,Unspecified,MANHATTAN,,,,,,,,40.72118801374137,-73.98765119007912,POINT (-73.987651190079 40.721188013741)
59452335,10/03/2023 10:45:32 AM,10/08/2023 12:00:00 AM,HPD,Department of Housing Preservation and Development,Plumbing,Water Supply,No Hot Water,Building-Wide,10029,1571 LEXINGTON AVENUE,LEXINGTON AVENUE,EAST  100 STREET,EAST  101 STREET,EAST  100 STREET,EAST  101 STREET,ADDRESS,NEW YORK,LEXINGTON AVENUE,,Closed,,,10/08/2023 12:00:00 AM,11 MANHATTAN,08,Precinct 23,1016280052,MANHATTAN,998399,226600,PHONE,Unspecified,MANHATTAN,,,,,,,,40.78862947218909,-73.94890437958705,POINT (-73.948904379587 40.788629472189)
57978594,06/22/2023 07:52:12 AM,06/22/2023 08:31:16 AM,NYPD,New York City Police Department,Illegal Parking,Blocked Hydrant,,Street/Sidewalk,11207,190 COVERT STREET,COVERT STREET,CENTRAL AVENUE,WILSON AVENUE,CENTRAL AVENUE,WILSON AVENUE,ADDRESS,BROOKLYN,COVERT STREET,,Closed,,The Police Department responded to the complaint and with the information available observed no evidence of the violation at that time.,06/22/2023 08:31:19 AM,04 BROOKLYN,37,Precinct 83,3034230027,BROOKLYN,1009554,190641,PHONE,Unspecified,BROOKLYN,,,,,,,,40.68990610644825,-73.90875613666084,POINT (-73.908756136661 40.689906106448)
57973428,06/22/2023 11:07:13 AM,08/04/2023 05:11:19 PM,HPD,Department of Housing Preservation and Development,GENERAL,CABINET,DAMAGED OR MISSING,RESIDENTIAL BUILDING,10452,1011 NELSON AVENUE,NELSON AVENUE,,,,,ADDRESS,BRONX,,,Closed,,The Department of Housing Preservation and Development inspected the following conditions. No violations were issued. The complaint has been closed.,08/04/2023 12:00:00 AM,04 BRONX,16,Precinct 44,2025120041,BRONX,1004037,242811,PHONE,Unspecified,BRONX,,,,,,,,40.833113322378146,-73.92849635571561,POINT (-73.928496355716 40.833113322378)
57973203,06/22/2023 03:41:05 PM,06/26/2023 01:08:00 PM,DOT,Department of Transportation,Street Condition,Pothole,,,11354,,,,,38 AVENUE,BOWNE STREET,INTERSECTION,QUEENS,,N/A,Closed,,The Department of Transportation inspected this complaint and repaired the problem.,06/26/2023 01:08:00 PM,07 QUEENS,20,Precinct 109,,QUEENS,1032747,216990,UNKNOWN,Unspecified,QUEENS,,,,,,,,40.76213085871101,-73.82493462783495,POINT (-73.824934627835 40.762130858711)
57973050,06/22/2023 12:57:00 PM,06/23/2023 06:36:00 AM,DSNY,Department of Sanitation,Derelict Vehicles,Derelict Vehicles,,Street,11385,70-20 FRESH POND ROAD,FRESH POND ROAD,70 AVENUE,71 AVENUE,,,ADDRESS,RIDGEWOOD,,,Closed,,The Department of Sanitation (DSNY) couldn't find the condition. Please file a new Service Request with more details about the location.,06/23/2023 12:00:00 PM,05 QUEENS,30,Precinct 104,4035370026,QUEENS,1013324,195192,PHONE,Unspecified,QUEENS,,,,,,,,40.70238595370174,-73.89514223645016,POINT (-73.89514223645 40.702385953702)
57984597,06/23/2023 09:45:06 AM,06/27/2023 07:30:49 PM,HPD,Department of Housing Preservation and Development,FLOORING/STAIRS,FLOOR,TILE BROKEN OR MISSING,RESIDENTIAL BUILDING,11232,471 40 STREET,40 STREET,,,,,ADDRESS,BROOKLYN,,,Closed,,The Department of Housing Preservation and Development inspected the following conditions. Violations were issued. Information about specific violations is available at www.nyc.gov/hpd,06/27/2023 12:00:00 AM,07 BROOKLYN,38,Precinct 72,3007090046,BROOKLYN,982793,176517,PHONE,Unspecified,BROOKLYN,,,,,,,,40.65117493887164,-74.00525075512948,POINT (-74.005250755129 40.651174938872)
57970413,06/21/2023 01:09:36 PM,06/22/2023 10:20:28 AM,DSNY,Department of Sanitation,Obstruction,Trash or Recycling,Sidewalk,Sidewalk,11355,136-63 41 AVENUE,41 AVENUE,KISSENA BOULEVARD,UNION STREET,KISSENA BOULEVARD,UNION STREET,ADDRESS,FLUSHING,41 AVENUE,,Closed,,The Department of Sanitation investigated this complaint and found no condition at the location.,06/22/2023 10:20:32 AM,07 QUEENS,20,Precinct 109,4050190093,QUEENS,1031607,215731,PHONE,Unspecified,QUEENS,,,,,,,,40.75868141308143,-73.8290586793024,POINT (-73.829058679302 40.758681413081)
57981843,06/23/2023 10:10:16 AM,06/26/2023 10:58:17 AM,DPR,Department of Parks and Recreation,Illegal Tree Damage,Roots Damaged,N/A,Street,10456,1131 FOREST AVENUE,FOREST AVENUE,EAST  166 STREET,HOME STREET,EAST  166 STREET,HOME STREET,ADDRESS,BRONX,FOREST AVENUE,,Closed,,NYC Parks visited the site and inspected the condition. No work is necessary at this time.,06/26/2023 10:58:22 AM,03 BRONX,17,Precinct 42,2026510034,BRONX,1011288,240821,ONLINE,Unspecified,BRONX,,,,,,,,40.8276321241645,-73.90230168992154,POINT (-73.902301689922 40.827632124165)
57979773,06/22/2023 09:59:49 PM,06/22/2023 10:39:15 PM,NYPD,New York City Police Department,Illegal Parking,Posted Parking Sign Violation,,Street/Sidewalk,11215,266 20 STREET,20 STREET,5 AVENUE,6 AVENUE,5 AVENUE,6 AVENUE,ADDRESS,BROOKLYN,20 STREET,,Closed,,The Police Department issued a summons in response to the complaint.,06/22/2023 10:39:20 PM,07 BROOKLYN,39,Precinct 72,3008910021,BROOKLYN,986448,180256,MOBILE,Unspecified,BROOKLYN,,,,,,,,40.6614375217551,-73.99207760099482,POINT (-73.992077600995 40.661437521755)
57977298,06/22/2023 06:16:18 PM,06/22/2023 06:40:30 PM,NYPD,New York City Police Department,Drug Activity,Use Outside,,Street/Sidewalk,11366,78-15 PARSONS BOULEVARD,PARSONS BOULEVARD,78 AVENUE,78 ROAD,78 AVENUE,78 ROAD,ADDRESS,FRESH MEADOWS,PARSONS BOULEVARD,,Closed,,The Police Department responded to the complaint and determined that police action was not necessary.,06/22/2023 06:40:38 PM,08 QUEENS,24,Precinct 107,4068290001,QUEENS,1037000,202363,ONLINE,Unspecified,QUEENS,,,,,,,,40.72195913199264,-73.80969682426189,POINT (-73.809696824262 40.721959131993)
57979134,06/22/2023 10:35:00 PM,06/22/2023 10:35:00 PM,DEP,Department of Environmental Protection,Water System,Hydrant Running (WC3),WC3,,10032,501 WEST  164 STREET,WEST  164 STREET,AMSTERDAM AVE,ST NICHOLAS AVE,,,ADDRESS,NEW YORK,,,Closed,,The Department of Environmental Protection determined that this complaint is a duplicate of a previously filed complaint. The original complaint is being addressed.,06/22/2023 10:35:00 PM,12 MANHATTAN,10,Precinct 33,1021210047,MANHATTAN,1001161,244320,MOBILE,Unspecified,MANHATTAN,,,,,,,,40.83726106566992,-73.93888545613294,POINT (-73.938885456133 40.83726106567)
57984426,06/23/2023 01:27:30 PM,06/23/2023 02:14:52 PM,NYPD,New York City Police Department,Noise - Residential,Loud Talking,,Residential Building/House,11207,893 SCHENCK AVENUE,SCHENCK AVENUE,STANLEY AVENUE,WORTMAN AVENUE,STANLEY AVENUE,WORTMAN AVENUE,ADDRESS,BROOKLYN,SCHENCK AVENUE,,Closed,,The Police Department responded to the complaint and took action to fix the condition.,06/23/2023 02:14:55 PM,05 BROOKLYN,42,Precinct 75,3043770001,BROOKLYN,1017022,179173,MOBILE,Unspecified,BROOKLYN,,,,,,,,40.65840455203174,-73.88188301444583,POINT (-73.881883014446 40.658404552032)
57979584,06/22/2023 08:33:08 AM,06/25/2023 07:04:58 PM,HPD,Department of Housing Preservation and Development,PAINT/PLASTER,CEILING,CHIPPED/PEELING/FLAKING,RESIDENTIAL BUILDING,10035,58 EAST  117 STREET,EAST  117 STREET,,,,,ADDRESS,NEW YORK,,,Closed,,The Department of Housing Preservation and Development inspected the following conditions. No violations were issued. The complaint has been closed.,06/25/2023 12:00:00 AM,11 MANHATTAN,08,Precinct 25,1016220043,MANHATTAN,999804,230899,ONLINE,Unspecified,MANHATTAN,,,,,,,,40.80042669997795,-73.94382061365984,POINT (-73.94382061366 40.800426699978)
57981285,06/23/2023 10:19:06 AM,06/23/2023 12:55:25 PM,NYPD,New York City Police Department,Noise - Residential,Banging/Pounding,,Residential Building/House,10455,454 EAST  148 STREET,EAST  148 STREET,BERGEN AVENUE,BROOK AVENUE,BERGEN AVENUE,BROOK AVENUE,ADDRESS,BRONX,EAST  148 STREET,,Closed,,The Police Department responded to the complaint and took action to fix the condition.,06/23/2023 12:55:28 PM,01 BRONX,08,Precinct 40,2022920037,BRONX,1007336,236097,ONLINE,Unspecified,BRONX,,,,,,,,40.81467729817504,-73.91659797261006,POINT (-73.91659797261 40.814677298175)
57987855,06/23/2023 02:20:37 AM,06/23/2023 05:09:30 AM,NYPD,New York City Police Department,Blocked Driveway,Partial Access,,Street/Sidewalk,11355,133-38 SANFORD AVENUE,SANFORD AVENUE,FRAME PLACE,MAIN STREET,FRAME PLACE,MAIN STREET,ADDRESS,FLUSHING,SANFORD AVENUE,,Closed,,The Police Department responded and upon arrival those responsible for the condition were gone.,06/23/2023 05:09:35 AM,07 QUEENS,20,Precinct 109,4051217501,QUEENS,1031231,214713,ONLINE,Unspecified,QUEENS,,,,,,,,40.75588927406642,-73.83042301091007,POINT (-73.83042301091 40.755889274066)
57983967,06/23/2023 05:26:08 PM,06/24/2023 11:59:52 AM,DSNY,Department of Sanitation,Dirty Condition,Trash,Not Cleaned by Property Owner,Sidewalk,11434,149-29 GUY R BREWER BOULEVARD,GUY R BREWER BOULEVARD,149 ROAD,150 AVENUE,149 ROAD,150 AVENUE,ADDRESS,JAMAICA,GUY R BREWER BOULEVARD,,Closed,,The Department of Sanitation cleaned the location.,06/24/2023 11:59:56 AM,13 QUEENS,31,Precinct 105,4134100045,QUEENS,1048750,178939,ONLINE,Unspecified,QUEENS,,,,,,,,40.657588004137715,-73.76753146131323,POINT (-73.767531461313 40.657588004138)
57972276,06/22/2023 05:31:00 AM,06/22/2023 05:31:00 AM,DOT,Department of Transportation,Street Light Condition,Street Light Out,Location Type: Intersection,,10036,,,,,WEST 43 STREET,10 AVENUE,INTERSECTION,MANHATTAN,,,Closed,,Service Request status for this request is available on the Department of Transportationâs website. Please click the âLearn Moreâ link below.,06/22/2023 12:50:00 AM,04 MANHATTAN,03,Precinct 18,,MANHATTAN,985640,216275,UNKNOWN,Unspecified,MANHATTAN,,,,,,,,40.76030127182523,-73.99498249332404,POINT (-73.994982493324 40.760301271825)
57971511,06/22/2023 03:54:25 PM,11/28/2023 02:14:23 PM,DPR,Department of Parks and Recreation,Dead/Dying Tree,Planted More Than 2 Years Ago,N/A,Street,11428,217-02 91 AVENUE,91 AVENUE,217 STREET,218 STREET,217 STREET,218 STREET,ADDRESS,QUEENS VILLAGE,91 AVENUE,,Closed,,NYC Parks performed the work necessary to correct the condition.,11/28/2023 02:14:28 PM,13 QUEENS,23,Precinct 105,4106430004,QUEENS,1055448,203141,PHONE,Unspecified,QUEENS,,,,,,,,40.72396530503998,-73.74313512534391,POINT (-73.743135125344 40.72396530504)
57978225,06/22/2023 09:19:47 AM,07/08/2023 06:02:26 PM,HPD,Department of Housing Preservation and Development,APPLIANCE,ELECTRIC/GAS RANGE,OVEN DOOR MISSING OR BROKEN,RESIDENTIAL BUILDING,10457,505 EAST  178 STREET,EAST  178 STREET,,,,,ADDRESS,BRONX,,,Closed,,The Department of Housing Preservation and Development inspected the following conditions. No violations were issued. The complaint has been closed.,07/08/2023 12:00:00 AM,06 BRONX,15,Precinct 48,2030440047,BRONX,1012939,248240,PHONE,Unspecified,BRONX,,,,,,,,40.8479899040378,-73.89630428649004,POINT (-73.89630428649 40.847989904038)
57987819,06/23/2023 03:41:25 PM,07/25/2024 12:00:00 AM,DOB,Department of Buildings,Building/Use,Illegal Conversion Of Residential Building/Space,,,11237,304 COOPER STREET,COOPER STREET,,,,,ADDRESS,BROOKLYN,,,Closed,,"The Department of Buildings attempted to investigate this complaint twice but could not gain access to the location. If the problem still exists, please call 311 and file a new complaint with additional access information. If you are outside of New York City, please call (212) NEW-YORK (212-639-9675).",07/25/2024 12:00:00 AM,04 BROOKLYN,37,Precinct 83,3034430034,BROOKLYN,1011124,191440,UNKNOWN,Unspecified,BROOKLYN,,,,,,,,40.69209454797558,-73.90309168024854,POINT (-73.903091680249 40.692094547976)
57973518,06/22/2023 11:08:02 AM,06/27/2023 08:32:07 PM,HPD,Department of Housing Preservation and Development,WATER LEAK,SLOW LEAK,AT WALL OR CEILING,RESIDENTIAL BUILDING,10030,215 WEST  140 STREET,WEST  140 STREET,,,,,ADDRESS,NEW YORK,,,Closed,,The Department of Housing Preservation and Development was unable to access the rooms where the following  conditions were reported. No violations were issued. The complaint has been closed.,06/27/2023 12:00:00 AM,10 MANHATTAN,09,Precinct 32,1020260020,MANHATTAN,1000261,237594,PHONE,Unspecified,MANHATTAN,,,,,,,,40.81880179823121,-73.94215401030135,POINT (-73.942154010301 40.818801798231)
58029003,06/28/2023 02:02:46 AM,06/28/2023 03:06:39 AM,NYPD,New York City Police Department,Noise - Vehicle,Car/Truck Music,,Street/Sidewalk,10454,EAST  137 STREET,EAST  137 STREET,EAST  137 STREET,ST ANNS AVENUE,EAST  137 STREET,ST ANNS AVENUE,INTERSECTION,,,,Closed,,The Police Department responded to the complaint and took action to fix the condition.,06/28/2023 03:06:44 AM,01 BRONX,08,Precinct 40,,BRONX,1006964,232980,ONLINE,Unspecified,BRONX,,,,,,,,40.80612296661052,-73.91795243116049,POINT (-73.91795243116 40.806122966611)
57986712,06/23/2023 10:09:38 PM,06/23/2023 10:58:11 PM,NYPD,New York City Police Department,Noise - Residential,Loud Music/Party,,Residential Building/House,11417,107-45 107 STREET,107 STREET,107 AVENUE,109 AVENUE,107 AVENUE,109 AVENUE,ADDRESS,OZONE PARK,107 STREET,,Closed,,The Police Department responded to the complaint and took action to fix the condition.,06/23/2023 10:58:15 PM,10 QUEENS,28,Precinct 106,4095450056,QUEENS,1030438,187443,ONLINE,Unspecified,QUEENS,,,,,,,,40.68104399624947,-73.83347244381177,POINT (-73.833472443812 40.681043996249)
57984300,06/23/2023 06:40:10 PM,06/23/2023 06:52:10 PM,NYPD,New York City Police Department,Noise - House of Worship,Loud Talking,,House of Worship,11229,AVENUE P,AVENUE P,EAST   17 STREET,EAST   18 STREET,EAST   17 STREET,EAST   18 STREET,BLOCKFACE,,,,Closed,,The Police Department responded to the complaint and determined that police action was not necessary.,06/23/2023 06:52:13 PM,Unspecified BROOKLYN,,Precinct 70,,BROOKLYN,,,PHONE,Unspecified,BROOKLYN,,,,,,,,,,
57978441,06/22/2023 06:18:59 AM,06/24/2023 12:25:18 PM,DSNY,Department of Sanitation,Sanitation Worker or Vehicle Complaint,Spilled Garbage,DSNY White Truck,Street,10312,61 DAFFODIL COURT,DAFFODIL COURT,DOGWOOD DRIVE,DEAD END,DOGWOOD DRIVE,DEAD END,ADDRESS,STATEN ISLAND,DAFFODIL COURT,,Closed,,The Department of Sanitation investigated this complaint and found no condition at the location.,06/24/2023 03:24:44 AM,03 STATEN ISLAND,51,Precinct 123,5060220124,STATEN ISLAND,929285,140553,ONLINE,Unspecified,STATEN ISLAND,,,,,,,,40.55229086855774,-74.19779058170728,POINT (-74.197790581707 40.552290868558)
57980142,06/23/2023 01:35:17 AM,06/23/2023 03:06:39 AM,NYPD,New York City Police Department,Illegal Parking,Posted Parking Sign Violation,,Street/Sidewalk,11230,855 EAST   19 STREET,EAST   19 STREET,AVENUE H,DEAD END,AVENUE H,DEAD END,ADDRESS,BROOKLYN,EAST   19 STREET,,Closed,,The Police Department responded to the complaint and with the information available observed no evidence of the violation at that time.,06/23/2023 03:06:44 AM,14 BROOKLYN,45,Precinct 70,3067030035,BROOKLYN,995795,168783,MOBILE,Unspecified,BROOKLYN,,,,,,,,40.629939362412614,-73.95840721933905,POINT (-73.958407219339 40.629939362413)
57975264,06/22/2023 03:12:26 PM,09/22/2023 05:06:50 PM,DOT,Department of Transportation,Street Condition,"Rough, Pitted or Cracked Roads",N/A,Street,11210,2505 AVENUE I,AVENUE I,BEDFORD AVENUE,EAST   26 STREET,BEDFORD AVENUE,EAST   26 STREET,ADDRESS,BROOKLYN,AVENUE I,,Closed,,This request required re-assignment to a new DOT unit.,09/22/2023 05:06:56 PM,14 BROOKLYN,45,Precinct 70,3075710008,BROOKLYN,997602,168323,ONLINE,Unspecified,BROOKLYN,,,,,,,,40.62867422027673,-73.95189811285799,POINT (-73.951898112858 40.628674220277)
59449653,10/03/2023 11:58:00 PM,10/06/2023 12:00:00 AM,HPD,Department of Housing Preservation and Development,Water Leak,Heavy Flow,At Wall or Ceiling,Apartment,10467,788 ARNOW AVENUE,ARNOW AVENUE,WALLACE AVENUE,BARNES AVENUE,WALLACE AVENUE,BARNES AVENUE,ADDRESS,BRONX,ARNOW AVENUE,,Closed,,,10/06/2023 12:00:00 AM,11 BRONX,13,Precinct 49,2045120031,BRONX,1021904,255478,ONLINE,Unspecified,BRONX,,,,,,,,40.86782234144801,-73.86385989224797,POINT (-73.863859892248 40.867822341448)
57975336,06/22/2023 07:25:45 AM,06/22/2023 08:12:47 AM,NYPD,New York City Police Department,Noise - Residential,Banging/Pounding,,Residential Building/House,11224,2832 WEST   23 STREET,WEST   23 STREET,NEPTUNE AVENUE,MERMAID AVENUE,NEPTUNE AVENUE,MERMAID AVENUE,ADDRESS,BROOKLYN,WEST   23 STREET,,Closed,,The Police Department responded to the complaint and with the information available observed no evidence of the violation at that time.,06/22/2023 08:13:02 AM,13 BROOKLYN,47,Precinct 60,3070150015,BROOKLYN,986923,149719,ONLINE,Unspecified,BROOKLYN,,,,,,,,40.577619686746154,-73.99037761720334,POINT (-73.990377617203 40.577619686746)
57974886,06/22/2023 11:09:18 AM,06/22/2023 11:25:00 AM,NYPD,New York City Police Department,Illegal Parking,Posted Parking Sign Violation,,Street/Sidewalk,10022,314 EAST   59 STREET,EAST   59 STREET,ED KOCH QUEENSBORO BRIDGE APPR,ED KOCH QUEENSBORO BRIDGE,ED KOCH QUEENSBORO BRIDGE APPR,ED KOCH QUEENSBORO BRIDGE,ADDRESS,NEW YORK,EAST   59 STREET,,Closed,,The Police Department responded to the complaint and with the information available observed no evidence of the violation at that time.,06/22/2023 11:25:06 AM,06 MANHATTAN,05,Precinct 17,,MANHATTAN,994380,216248,MOBILE,Unspecified,MANHATTAN,,,,,,,,40.760221469741516,-73.96343360922364,POINT (-73.963433609224 40.760221469742)
57987873,06/23/2023 09:24:57 PM,06/23/2023 11:25:02 PM,NYPD,New York City Police Department,Blocked Driveway,No Access,,Street/Sidewalk,11223,1701 WEST    1 STREET,WEST    1 STREET,QUENTIN ROAD,KINGS HIGHWAY,QUENTIN ROAD,KINGS HIGHWAY,ADDRESS,BROOKLYN,WEST    1 STREET,,Closed,,The Police Department responded to the complaint and took action to fix the condition.,06/23/2023 11:25:07 PM,11 BROOKLYN,44,Precinct 62,3066560001,BROOKLYN,991320,160158,ONLINE,Unspecified,BROOKLYN,,,,,,,,40.606270231224826,-73.97453818111181,POINT (-73.974538181112 40.606270231225)
57980115,06/22/2023 12:13:28 PM,06/23/2023 01:05:01 PM,DSNY,Department of Sanitation,Lot Condition,Trash,N/A,Lot,11207,515 JEROME STREET,JEROME STREET,BLAKE AVENUE,DUMONT AVENUE,BLAKE AVENUE,DUMONT AVENUE,ADDRESS,BROOKLYN,JEROME STREET,,Closed,,"The Department of Sanitation (DSNY) found an open Service Request already exists for the same location.   DSNY's system can't accept more than one complaint per address at a time. Your Service Request has been closed. DSNY will address the Service Request that was filed previously.  If you filed that Service Request, you can get the status with your Service Request number at nyc.gov/311 or by calling 311.  If you didn't file it, you can get the status by calling DSNY at (212) 291-1220.",06/23/2023 01:05:06 PM,05 BROOKLYN,42,Precinct 75,3040620018,BROOKLYN,1015999,182920,PHONE,Unspecified,BROOKLYN,,,,,,,,40.66869295581117,-73.88555246676947,POINT (-73.885552466769 40.668692955811)
57971412,06/22/2023 07:26:21 AM,06/22/2023 12:08:58 PM,DSNY,Department of Sanitation,Dirty Condition,Trash,Not Cleaned by Property Owner,Sidewalk,11223,1783 STILLWELL AVENUE,STILLWELL AVENUE,80 STREET,HIGHLAWN AVENUE,80 STREET,HIGHLAWN AVENUE,ADDRESS,BROOKLYN,STILLWELL AVENUE,,Closed,,The Department of Sanitation investigated this complaint and issued a Notice of Violation.,06/22/2023 12:09:02 PM,11 BROOKLYN,43,Precinct 62,3066430055,BROOKLYN,988017,158951,ONLINE,Unspecified,BROOKLYN,,,,,,,,40.602959281996256,-73.98643424125802,POINT (-73.986434241258 40.602959281996)
57982527,06/23/2023 05:38:06 AM,06/23/2023 10:15:10 AM,NYPD,New York City Police Department,Illegal Parking,Blocked Sidewalk,,Street/Sidewalk,10467,812 MACE AVENUE,MACE AVENUE,BARNES AVENUE,MATTHEWS AVENUE,BARNES AVENUE,MATTHEWS AVENUE,ADDRESS,BRONX,MACE AVENUE,,Closed,,The Police Department issued a summons in response to the complaint.,06/23/2023 10:15:16 AM,11 BRONX,13,Precinct 49,2044370032,BRONX,1022118,253767,PHONE,Unspecified,BRONX,,,,,,,,40.863125255781696,-73.86309583305358,POINT (-73.863095833054 40.863125255782)
57984795,06/23/2023 01:54:26 PM,,DPR,Department of Parks and Recreation,Dead/Dying Tree,Planted More Than 2 Years Ago,N/A,Street,11234,3302 AVENUE P,AVENUE P,EAST   33 STREET,EAST   34 STREET,EAST   33 STREET,EAST   34 STREET,ADDRESS,BROOKLYN,AVENUE P,,In Progress,,"NYC Parks created a work order for the tree condition and expects to address the issue within 120 days from the date of the tree assessment, barring any weather-related requests.   NYC Parks work priority categories range from Category A through D, with A being the most critical and time-sensitive. We will complete all work in Category A first and address work in lower priority categories in accordance with available resources. For more information about the Tree Risk Management Program, visit the NYC Urban Forest page on the NYC Parks website at nyc.gov/parks/trees.",08/19/2023 02:27:17 PM,18 BROOKLYN,46,Precinct 63,3077060034,BROOKLYN,1000719,163318,PHONE,Unspecified,BROOKLYN,,,,,,,,40.61493129649198,-73.94068102852431,POINT (-73.940681028524 40.614931296492)
57987675,06/22/2023 07:22:16 AM,06/22/2023 10:30:00 AM,DOT,Department of Transportation,Street Condition,Pothole,,,10469,913 EAST  219 STREET,EAST  219 STREET,BRONXWOOD AVENUE,PAULDING AVENUE,,,ADDRESS,BRONX,,N/A,Closed,,The Department of Transportation inspected this complaint and repaired the problem.,06/22/2023 10:30:00 AM,12 BRONX,12,Precinct 47,2046900027,BRONX,1023941,260488,UNKNOWN,Unspecified,BRONX,,,,,,,,40.88156430606161,-73.8564653385533,POINT (-73.856465338553 40.881564306062)
57974382,06/22/2023 07:01:15 PM,06/22/2023 07:28:14 PM,NYPD,New York City Police Department,Noise - Residential,Banging/Pounding,,Residential Building/House,11225,279 LINCOLN ROAD,LINCOLN ROAD,ROGERS AVENUE,NOSTRAND AVENUE,ROGERS AVENUE,NOSTRAND AVENUE,ADDRESS,BROOKLYN,LINCOLN ROAD,,Closed,,The Police Department responded to the complaint and with the information available observed no evidence of the violation at that time.,06/22/2023 07:28:17 PM,09 BROOKLYN,40,Precinct 71,3013290001,BROOKLYN,997265,180256,ONLINE,Unspecified,BROOKLYN,,,,,,,,40.66142822914435,-73.95308916584327,POINT (-73.953089165843 40.661428229144)
57974436,06/22/2023 10:40:48 PM,06/23/2023 12:43:08 AM,NYPD,New York City Police Department,Noise - Street/Sidewalk,Loud Music/Party,,Street/Sidewalk,11419,103-26 116 STREET,116 STREET,103 AVENUE,LIBERTY AVENUE,103 AVENUE,LIBERTY AVENUE,ADDRESS,SOUTH RICHMOND HILL,116 STREET,,Closed,,The Police Department responded and upon arrival those responsible for the condition were gone.,06/23/2023 12:43:13 AM,10 QUEENS,29,Precinct 106,4095200018,QUEENS,1032143,189531,MOBILE,Unspecified,QUEENS,,,,,,,,40.68676600796535,-73.82731036196536,POINT (-73.827310361965 40.686766007965)
57970629,06/21/2023 08:43:02 PM,06/21/2023 09:03:46 PM,NYPD,New York City Police Department,Noise - Residential,Banging/Pounding,,Residential Building/House,10468,233 LANDING ROAD,LANDING ROAD,CEDAR AVENUE,MAJOR DEEGAN EXPRESSWAY,CEDAR AVENUE,MAJOR DEEGAN EXPRESSWAY,ADDRESS,BRONX,LANDING ROAD,,Closed,,The Police Department responded to the complaint and determined that police action was not necessary.,06/21/2023 09:03:50 PM,07 BRONX,14,Precinct 52,2032367501,BRONX,1008841,253488,ONLINE,Unspecified,BRONX,,,,,,,,40.86240645467484,-73.91109714827905,POINT (-73.911097148279 40.862406454675)
58005657,06/25/2023 12:05:15 PM,06/25/2023 12:25:52 PM,NYPD,New York City Police Department,Illegal Parking,Posted Parking Sign Violation,,Street/Sidewalk,10467,323 EAST GUN HILL ROAD,EAST GUN HILL ROAD,PERRY AVENUE,HULL AVENUE,PERRY AVENUE,HULL AVENUE,ADDRESS,BRONX,EAST GUN HILL ROAD,,Closed,,The Police Department responded to the complaint and with the information available observed no evidence of the violation at that time.,06/25/2023 12:25:56 PM,07 BRONX,11,Precinct 52,2033560107,BRONX,1019173,259515,ONLINE,Unspecified,BRONX,,,,,,,,40.878913881658384,-73.8737129159977,POINT (-73.873712915998 40.878913881658)
57984822,06/23/2023 06:21:47 PM,06/26/2023 09:16:03 AM,DPR,Department of Parks and Recreation,Overgrown Tree/Branches,Hitting Power Lines,Power Lines,Street,11436,127-21 142 STREET,142 STREET,BASCOM AVENUE,SUTTER AVENUE,BASCOM AVENUE,SUTTER AVENUE,ADDRESS,JAMAICA,142 STREET,,Closed,,No action was taken because NYC Parks determined that the issue is out of its jurisdiction. The condition may be on private property or in an area serviced by another organization.,06/26/2023 09:16:06 AM,12 QUEENS,28,Precinct 113,4120600255,QUEENS,1040161,184573,PHONE,Unspecified,QUEENS,,,,,,,,40.67311044082484,-73.79844077981588,POINT (-73.798440779816 40.673110440825)
57979107,06/22/2023 05:35:49 PM,06/22/2023 06:35:07 PM,NYPD,New York City Police Department,Abandoned Vehicle,With License Plate,,Street/Sidewalk,11236,637 EAST   79 STREET,EAST   79 STREET,FARRAGUT ROAD,GLENWOOD ROAD,FARRAGUT ROAD,GLENWOOD ROAD,ADDRESS,BROOKLYN,EAST   79 STREET,,Closed,,The Police Department responded to the complaint and took action to fix the condition.,06/22/2023 06:35:13 PM,18 BROOKLYN,45,Precinct 69,3079840029,BROOKLYN,1007325,171563,PHONE,Unspecified,BROOKLYN,,,,,,,,40.63754733874936,-73.91685899147436,POINT (-73.916858991474 40.637547338749)
57978549,06/22/2023 05:47:45 PM,06/22/2023 06:11:46 PM,NYPD,New York City Police Department,Illegal Parking,Blocked Bike Lane,,Street/Sidewalk,11201,360 ADAMS STREET,ADAMS STREET,JOHNSON STREET,WILLOUGHBY STREET,JOHNSON STREET,WILLOUGHBY STREET,ADDRESS,BROOKLYN,ADAMS STREET,,Closed,,The Police Department responded to the complaint and with the information available observed no evidence of the violation at that time.,06/22/2023 06:11:52 PM,02 BROOKLYN,33,Precinct 84,3001390020,BROOKLYN,987327,192164,ONLINE,Unspecified,BROOKLYN,,,,,,,,40.69412202737985,-73.98890392545164,POINT (-73.988903925452 40.69412202738)
57974976,06/22/2023 06:25:44 PM,06/23/2023 11:28:02 AM,DSNY,Department of Sanitation,Dirty Condition,Trash,Not Cleaned by Property Owner,Sidewalk,10469,3247 HONE AVENUE,HONE AVENUE,BURKE AVENUE,DUNCAN STREET,BURKE AVENUE,DUNCAN STREET,ADDRESS,BRONX,HONE AVENUE,,Closed,,The Department of Sanitation investigated this complaint and found no condition at the location.,06/23/2023 11:28:06 AM,12 BRONX,12,Precinct 47,2046110045,BRONX,1023652,257047,ONLINE,Unspecified,BRONX,,,,,,,,40.87212113180275,-73.85753068669588,POINT (-73.857530686696 40.872121131803)
57981096,06/23/2023 03:36:37 AM,07/27/2023 12:11:00 PM,EDC,Economic Development Corporation,Noise - Helicopter,Other,Flying Too Low,Above Address,11231,111 1 PLACE,1 PLACE,COURT STREET,SMITH STREET,COURT STREET,SMITH STREET,ADDRESS,BROOKLYN,1 PLACE,,Closed,,"The New York City Economic Development Corporation determined that this issue is not within its jurisdiction because the helicopter did not belong to a tour company departing from a NYC heliport.Â  Instead, it was most likely a law enforcement or news gathering helicopter not subject to the routing protocols established for tour helicopters. It may also have been a helicopter that departed as a charter or tour from another City but flew over NYC airspace. Helicopter tours originating from outside NYC are not subject to the same City regulations as tours departing from heliports managed by NYCEDC. Any City regulation of these flights is pre-empted by federal law and subject only to the jurisdiction of the Federal Aviation Administration. To file a complaint with the FAA, you can contact the New York Flight Standards District Office at the following web address:Â https://www.faa.gov/about/office_org/field_offices/fsdo/",07/27/2023 12:11:05 PM,06 BROOKLYN,39,Precinct 76,3004490052,BROOKLYN,985227,187095,ONLINE,Unspecified,BROOKLYN,,,,,,,,40.680209265329324,-73.99647754204652,POINT (-73.996477542047 40.680209265329)
57973545,06/22/2023 03:03:54 PM,06/22/2023 07:12:00 PM,NYPD,New York City Police Department,Illegal Parking,Posted Parking Sign Violation,,Street/Sidewalk,10461,1141 SACKET AVENUE,SACKET AVENUE,WILLIAMSBRIDGE ROAD,YATES AVENUE,WILLIAMSBRIDGE ROAD,YATES AVENUE,ADDRESS,BRONX,SACKET AVENUE,,Closed,,The Police Department responded to the complaint and took action to fix the condition.,06/22/2023 07:12:05 PM,11 BRONX,13,Precinct 49,2040880001,BRONX,1026362,247560,ONLINE,Unspecified,BRONX,,,,,,,,40.84606969132768,-73.84779152256701,POINT (-73.847791522567 40.846069691328)
57976713,06/22/2023 12:15:30 PM,08/03/2023 11:37:30 AM,DPR,Department of Parks and Recreation,Damaged Tree,Branch or Limb Has Fallen Down,Other (Please Specify),Street,11428,224-22 DAVENPORT AVENUE,DAVENPORT AVENUE,224 STREET,GETTYSBURG STREET,224 STREET,GETTYSBURG STREET,ADDRESS,QUEENS VILLAGE,DAVENPORT AVENUE,,Closed,,NYC Parks visited the site and inspected the condition. No work is necessary at this time.,08/03/2023 11:37:36 AM,13 QUEENS,23,Precinct 105,4107510016,QUEENS,1058449,203784,ONLINE,Unspecified,QUEENS,,,,,,,,40.72570551302386,-73.73230123212186,POINT (-73.732301232122 40.725705513024)
57986001,06/23/2023 12:38:08 PM,07/21/2023 12:24:26 PM,DPR,Department of Parks and Recreation,Damaged Tree,Branch Cracked and Will Fall,Other,Street,11214,27 AVENUE,27 AVENUE,27 AVENUE,STILLWELL AVENUE,27 AVENUE,STILLWELL AVENUE,INTERSECTION,,,,Closed,,No action was taken because NYC Parks determined that the issue is out of its jurisdiction. The condition may be on private property or in an area serviced by another organization.,07/21/2023 12:24:31 PM,13 BROOKLYN,47,Precinct 60,,BROOKLYN,988520,155496,ONLINE,Unspecified,BROOKLYN,,,,,,,,40.59347577748125,-73.98462501641323,POINT (-73.984625016413 40.593475777481)
57971718,06/22/2023 02:33:19 PM,06/22/2023 03:08:22 PM,NYPD,New York City Police Department,Abandoned Vehicle,With License Plate,,Street/Sidewalk,11233,151 BAINBRIDGE STREET,BAINBRIDGE STREET,STUYVESANT AVENUE,MALCOLM X BOULEVARD,STUYVESANT AVENUE,MALCOLM X BOULEVARD,ADDRESS,BROOKLYN,BAINBRIDGE STREET,,Closed,,The Police Department responded to the complaint and a report was prepared.,06/22/2023 03:08:26 PM,03 BROOKLYN,36,Precinct 81,3016810083,BROOKLYN,1003410,187388,PHONE,Unspecified,BROOKLYN,,,,,,,,40.6809928013297,-73.93092006720414,POINT (-73.930920067204 40.68099280133)
57977568,06/23/2023 12:07:08 AM,06/23/2023 12:47:28 AM,NYPD,New York City Police Department,Blocked Driveway,No Access,,Street/Sidewalk,11423,92-28 195 PLACE,195 PLACE,JAMAICA AVENUE,SAGAMORE AVENUE,JAMAICA AVENUE,SAGAMORE AVENUE,ADDRESS,HOLLIS,195 PLACE,,Closed,,The Police Department responded to the complaint and determined that police action was not necessary.,06/23/2023 12:47:34 AM,12 QUEENS,27,Precinct 103,4108230046,QUEENS,1049513,199069,MOBILE,Unspecified,QUEENS,,,,,,,,40.71283446114206,-73.76458651865607,POINT (-73.764586518656 40.712834461142)
57974724,06/22/2023 01:46:03 PM,06/22/2023 02:45:21 PM,NYPD,New York City Police Department,Illegal Parking,Blocked Sidewalk,,Street/Sidewalk,11208,144 LINCOLN AVENUE,LINCOLN AVENUE,ETNA STREET,O'BRIEN PLACE,ETNA STREET,O'BRIEN PLACE,ADDRESS,BROOKLYN,LINCOLN AVENUE,,Closed,,The Police Department responded to the complaint and determined that police action was not necessary.,06/22/2023 02:45:25 PM,05 BROOKLYN,37,Precinct 75,3041210045,BROOKLYN,1020278,189542,PHONE,Unspecified,BROOKLYN,,,,,,,,40.686852449859835,-73.87009231839481,POINT (-73.870092318395 40.68685244986)
57970611,06/21/2023 05:53:00 AM,,DEP,Department of Environmental Protection,Sewer,Catch Basin Clogged/Flooding (Use Comments) (SC),SC,,11215,448 5 AVENUE,5 AVENUE,9 ST,10 ST,,,ADDRESS,BROOKLYN,,,Assigned,,"Please call 311 for further information. If you are outside of New York City, please call (212) NEW-YORK (212-639-9675).",06/21/2023 10:20:00 AM,06 BROOKLYN,38,Precinct 78,3010100039,BROOKLYN,988012,183022,PHONE,Unspecified,BROOKLYN,,,,,,,,40.66902905141322,-73.98643882740281,POINT (-73.986438827403 40.669029051413)
57987072,06/23/2023 01:20:00 PM,06/24/2023 07:24:00 AM,DSNY,Department of Sanitation,Derelict Vehicles,Derelict Vehicles,,Street,10453,1668 NELSON AVENUE,NELSON AVENUE,WEST 174 STREET,BRANDT PLACE,,,ADDRESS,BRONX,,DSNY Garage,Closed,,The vehicle you reported exceeds the monetary value eligible for collection as junk. The Department of Sanitation has forwarded the request to the NYPD for further action.,06/24/2023 12:00:00 PM,05 BRONX,14,Precinct 46,2028760158,BRONX,1006954,248050,PHONE,Unspecified,BRONX,,,,,,,,40.84748582789803,-73.91793755679184,POINT (-73.917937556792 40.847485827898)
57975345,06/22/2023 10:21:00 AM,06/23/2023 11:32:00 AM,DSNY,Department of Sanitation,Electronics Waste Appointment,Ewaste appointment,,Sidewalk,10309,23 MARVIN ROAD,MARVIN ROAD,ALYSIA COURT,SHARON LANE,,,ADDRESS,STATEN ISLAND,,,Closed,,The Department of Sanitation collected the E-waste.,06/23/2023 11:32:00 AM,03 STATEN ISLAND,51,Precinct 123,5070140222,STATEN ISLAND,923924,134871,PHONE,Unspecified,STATEN ISLAND,,,,,,,,40.536660054327896,-74.21703131163292,POINT (-74.217031311633 40.536660054328)
57976848,06/22/2023 03:53:00 PM,08/18/2023 11:53:16 AM,TLC,Taxi and Limousine Commission,For Hire Vehicle Complaint,Driver Complaint - Non Passenger,Unsafe Driving,Street,10022,1005 1 AVENUE,1 AVENUE,EAST   55 STREET,EAST   56 STREET,EAST   55 STREET,EAST   56 STREET,ADDRESS,NEW YORK,1 AVENUE,,Closed,,The Taxi and Limousine Commission (TLC) reviewed your complaint. The driver or owner pled guilty to a violation and paid a fine. TLC has sent you a written confirmation of this outcome.,08/18/2023 11:53:18 AM,06 MANHATTAN,04,Precinct 17,1013480023,MANHATTAN,994275,215113,ONLINE,Unspecified,MANHATTAN,,,"1005 1 AVENUE, MANHATTAN (NEW YORK), NY, 10022",,,,,40.75710630498062,-73.96381432147152,POINT (-73.963814321472 40.757106304981)
57971124,06/21/2023 02:09:51 AM,07/06/2023 11:12:34 AM,HPD,Department of Housing Preservation and Development,PAINT/PLASTER,WALL,BULGING/HOLE/CRACKED,RESIDENTIAL BUILDING,10460,1864 GUERLAIN STREET,GUERLAIN STREET,,,,,ADDRESS,BRONX,,,Closed,,"The Department of Housing Preservation and Development was not able to gain access to inspect the following conditions. The complaint has been closed. If the condition still exists, please file a new complaint.",07/06/2023 12:00:00 AM,09 BRONX,18,Precinct 43,2039230004,BRONX,1021717,245285,PHONE,Unspecified,BRONX,,,,,,,,40.83984642043935,-73.86459296749572,POINT (-73.864592967496 40.839846420439)
57974112,06/22/2023 07:27:03 AM,06/22/2023 07:27:03 AM,DOHMH,Department of Health and Mental Hygiene,Unsanitary Animal Pvt Property,Dog,,3+ Family Mixed Use Building,10012,177 THOMPSON STREET,THOMPSON STREET,WEST HOUSTON STREET,BLEECKER STREET,WEST HOUSTON STREET,BLEECKER STREET,ADDRESS,NEW YORK,THOMPSON STREET,,Closed,,The Department of Health and Mental Hygiene inspected the property you reported and did not find any violations at the time of the inspection. The property passed inspection.,06/22/2023 07:27:03 AM,02 MANHATTAN,02,Precinct 6,1005257503,MANHATTAN,984193,204437,ONLINE,Unspecified,MANHATTAN,,,,,,,,40.727809030767716,-74.00020565354885,POINT (-74.000205653549 40.727809030768)
57980016,06/23/2023 01:21:06 AM,06/04/2024 12:54:09 AM,DOHMH,Department of Health and Mental Hygiene,Food Establishment,Rodents/Insects/Garbage,Rodent Infestation,Restaurant/Bar/Deli/Bakery,10017,GRAND CENTRAL TERMINAL,GRAND CENTRAL TERMINAL,PARK AVENUE VIADUCT,DE PEW PLACE,PARK AVENUE VIADUCT,DE PEW PLACE,UNRECOGNIZED,NEW YORK,GRAND CENTRAL TERMINAL,,Closed,,This SR was administratively closed. The issue you reported was addressed.,06/04/2024 12:54:13 AM,05 MANHATTAN,04,Unspecified,1012800001,MANHATTAN,990548,213431,ONLINE,Unspecified,MANHATTAN,,,,,,,,40.75249308301282,-73.9772686666301,POINT (-73.97726866663 40.752493083013)
57982329,06/23/2023 09:11:58 PM,06/24/2023 04:17:11 AM,NYPD,New York City Police Department,Illegal Parking,Double Parked Blocking Traffic,,Street/Sidewalk,11106,34-11 31 STREET,31 STREET,34 AVENUE,35 AVENUE,34 AVENUE,35 AVENUE,ADDRESS,ASTORIA,31 STREET,,Closed,,The Police Department responded and upon arrival those responsible for the condition were gone.,06/24/2023 04:17:13 AM,01 QUEENS,22,Precinct 114,4006080024,QUEENS,1004331,215928,MOBILE,Unspecified,QUEENS,,,,,,,,40.75932615058354,-73.92751432521322,POINT (-73.927514325213 40.759326150584)
57981951,06/24/2023 02:04:16 AM,06/24/2023 02:40:29 AM,NYPD,New York City Police Department,Noise - Street/Sidewalk,Loud Music/Party,,Street/Sidewalk,11434,120 AVENUE,120 AVENUE,120 AVENUE,LAKEVIEW BOULEVARD EAST,120 AVENUE,LAKEVIEW BOULEVARD EAST,INTERSECTION,,,,Closed,,The Police Department responded to the complaint and took action to fix the condition.,06/24/2023 02:40:33 AM,12 QUEENS,28,Precinct 113,,QUEENS,1044068,186847,ONLINE,Unspecified,QUEENS,,,,,,,,40.67932650163498,-73.78433591246466,POINT (-73.784335912465 40.679326501635)
57976092,06/22/2023 02:26:04 AM,06/22/2023 05:41:09 AM,NYPD,New York City Police Department,Illegal Parking,Posted Parking Sign Violation,,Street/Sidewalk,10464,210 CAROLL STREET,CAROLL STREET,MINNIEFORD AVENUE,DEEP WATER WAY,MINNIEFORD AVENUE,DEEP WATER WAY,ADDRESS,BRONX,CAROLL STREET,,Closed,,The Police Department responded to the complaint and with the information available observed no evidence of the violation at that time.,06/22/2023 05:41:16 AM,10 BRONX,13,Precinct 45,2056427501,BRONX,1043978,247636,ONLINE,Unspecified,BRONX,,,,,,,,40.846176702414986,-73.78412026992581,POINT (-73.784120269926 40.846176702415)
57974598,06/22/2023 05:03:25 PM,07/05/2023 10:48:43 AM,HPD,Department of Housing Preservation and Development,GENERAL,CABINET,DAMAGED OR MISSING,RESIDENTIAL BUILDING,10458,2735 MARION AVENUE,MARION AVENUE,,,,,ADDRESS,BRONX,,,Closed,,The Department of Housing Preservation and Development inspected the following conditions. No violations were issued. The complaint has been closed.,07/05/2023 12:00:00 AM,07 BRONX,15,Precinct 52,2032880035,BRONX,1015068,254879,ONLINE,Unspecified,BRONX,,,,,,,,40.866204783245244,-73.88857855130807,POINT (-73.888578551308 40.866204783245)
57973131,06/22/2023 03:45:54 PM,06/22/2023 04:49:29 PM,NYPD,New York City Police Department,Noise - Residential,Loud Music/Party,,Residential Building/House,11233,1725 STERLING PLACE,STERLING PLACE,RALPH AVENUE,HOWARD AVENUE,RALPH AVENUE,HOWARD AVENUE,ADDRESS,BROOKLYN,STERLING PLACE,,Closed,,The Police Department responded to the complaint and took action to fix the condition.,06/22/2023 04:49:35 PM,16 BROOKLYN,41,Precinct 73,3014660065,BROOKLYN,1006014,183739,ONLINE,Unspecified,BROOKLYN,,,,,,,,40.670971103525645,-73.92154332998581,POINT (-73.921543329986 40.670971103526)
57983229,06/23/2023 09:19:14 PM,06/23/2023 09:39:40 PM,NYPD,New York City Police Department,Noise - Street/Sidewalk,Loud Music/Party,,Street/Sidewalk,11208,FULTON STREET,FULTON STREET,FULTON STREET,LINCOLN AVENUE,FULTON STREET,LINCOLN AVENUE,INTERSECTION,,,,Closed,,The Police Department responded and upon arrival those responsible for the condition were gone.,06/23/2023 09:39:44 PM,05 BROOKLYN,37,Precinct 75,,BROOKLYN,1020442,188654,ONLINE,Unspecified,BROOKLYN,,,,,,,,40.684414426563485,-73.86950574742919,POINT (-73.869505747429 40.684414426563)
57978018,06/22/2023 10:53:10 PM,06/22/2023 11:03:48 PM,NYPD,New York City Police Department,Noise - Commercial,Loud Music/Party,,Club/Bar/Restaurant,10030,2308 7 AVENUE,7 AVENUE,WEST  135 STREET,WEST  136 STREET,WEST  135 STREET,WEST  136 STREET,ADDRESS,NEW YORK,7 AVENUE,,Closed,,The Police Department responded to the complaint and took action to fix the condition.,06/22/2023 11:03:57 PM,10 MANHATTAN,09,Precinct 32,1019410033,MANHATTAN,999894,236434,ONLINE,Unspecified,MANHATTAN,,,,,,,,40.8156185820437,-73.94348264472475,POINT (-73.943482644725 40.815618582044)
57986721,06/23/2023 06:52:11 PM,06/28/2023 12:00:00 AM,DOB,Department of Buildings,Elevator,Elevator - Multiple Devices On Property,,,10457,2051 RYER AVENUE,RYER AVENUE,,,,,ADDRESS,BRONX,,,Closed,,"The Department of Buildings determined that the conditions described in this complaint were addressed under another service request number. Click on ""Learn More"" in the ""Did You Know"" section below for more information.",06/28/2023 12:00:00 AM,05 BRONX,15,Precinct 46,2031560070,BRONX,1011579,249623,UNKNOWN,Unspecified,BRONX,,,,,,,,40.85179014156923,-73.9012143328287,POINT (-73.901214332829 40.851790141569)
57987351,06/23/2023 01:02:01 PM,,DPR,Department of Parks and Recreation,Overgrown Tree/Branches,Blocking Street,N/A,Street,11691,11-50 REDFERN AVENUE,REDFERN AVENUE,NASSAU CNTY BOUNDARY,BEACH   11 STREET,NASSAU CNTY BOUNDARY,BEACH   11 STREET,ADDRESS,FAR ROCKAWAY,REDFERN AVENUE,,In Progress,,"NYC Parks reviewed this request and will visit the location to investigate the condition.  Under NYC Parksâ Tree Risk Management Program, all trees under the agency's jurisdiction are assessed for risk, and work is prioritized to address the conditions with the highest risk first.  For more information about the Tree Risk Management Program, visit the NYC Urban Forest page on the NYC Parks website at nyc.gov/parks/trees.   To learn more about the trees in your neighborhood, visit the NYC Tree Map at nyc.gov/parks/treemap.",07/24/2023 01:44:59 PM,14 QUEENS,31,Precinct 101,4155020079,QUEENS,1054467,162225,PHONE,Unspecified,QUEENS,,,,,,,,40.611668327947974,-73.74710048582013,POINT (-73.74710048582 40.611668327948)
57977793,06/22/2023 06:42:00 AM,06/22/2023 08:32:00 PM,DSNY,Department of Sanitation,Derelict Vehicles,Derelict Vehicles,,Street,11372,33-07 JUNCTION BOULEVARD,JUNCTION BOULEVARD,NORTHERN BOULEVARD,34 AVENUE,,,ADDRESS,JACKSON HEIGHTS,,,Closed,,The vehicle you reported exceeds the monetary value eligible for collection as junk. The Department of Sanitation has forwarded the request to the NYPD for further action.,06/22/2023 12:00:00 PM,03 QUEENS,21,Precinct 115,4017100001,QUEENS,1019306,214905,PHONE,Unspecified,QUEENS,,,,,,,,40.756471586158405,-73.87346499111507,POINT (-73.873464991115 40.756471586158)
57973833,06/22/2023 12:13:11 PM,10/02/2023 08:17:55 AM,HPD,Department of Housing Preservation and Development,APPLIANCE,REFRIGERATOR,BROKEN DOOR SEAL,RESIDENTIAL BUILDING,11212,178 RIVERDALE AVENUE,RIVERDALE AVENUE,,,,,ADDRESS,BROOKLYN,,,Closed,,"The Department of Housing Preservation and Development was not able to gain access to inspect the following conditions. The complaint has been closed. If the condition still exists, please file a new complaint.",10/02/2023 12:00:00 AM,16 BROOKLYN,42,Precinct 73,3036010026,BROOKLYN,1009219,180031,PHONE,Unspecified,BROOKLYN,,,,,,,,40.66078501340523,-73.91000342113966,POINT (-73.91000342114 40.660785013405)
57980277,06/22/2023 10:01:54 PM,06/23/2023 04:50:03 AM,DHS,Department of Homeless Services,Homeless Person Assistance,,,Street/Sidewalk,10011,2 WEST   19 STREET,WEST   19 STREET,5 AVENUE,AVENUE OF THE AMERICAS,5 AVENUE,AVENUE OF THE AMERICAS,ADDRESS,NEW YORK,WEST   19 STREET,,Closed,,"The mobile outreach response team offered services to the individual, but the individual did not accept assistance.",06/23/2023 04:50:03 AM,05 MANHATTAN,03,Precinct 13,1008207501,MANHATTAN,986505,208617,ONLINE,Unspecified,MANHATTAN,,,,,,,,40.739281815365885,-73.99186265602104,POINT (-73.991862656021 40.739281815366)
57973590,06/22/2023 04:40:00 PM,06/22/2023 05:26:41 PM,NYPD,New York City Police Department,Illegal Parking,Posted Parking Sign Violation,,Street/Sidewalk,11432,187-01 HILLSIDE AVENUE,HILLSIDE AVENUE,CHELSEA STREET,187 STREET,CHELSEA STREET,187 STREET,ADDRESS,JAMAICA,HILLSIDE AVENUE,,Closed,,The Police Department responded to the complaint and with the information available observed no evidence of the violation at that time.,06/22/2023 05:26:44 PM,08 QUEENS,24,Precinct 107,4099600019,QUEENS,1046442,199712,PHONE,Unspecified,QUEENS,,,,,,,,40.71462145692665,-73.77565808895936,POINT (-73.775658088959 40.714621456927)
57975129,06/22/2023 09:08:42 AM,07/10/2023 11:51:43 AM,DOHMH,Department of Health and Mental Hygiene,Rodent,Condition Attracting Rodents,,1-2 Family Dwelling,11420,133-12 LINDEN BOULEVARD,LINDEN BOULEVARD,133 STREET,134 STREET,133 STREET,134 STREET,ADDRESS,SOUTH OZONE PARK,LINDEN BOULEVARD,,Closed,,This service request was closed because the Department of Health and Mental Hygiene received an earlier complaint about the same location.  You can find inspection results for this address by going to the online Rat Portal at www.nyc.gov/rats.,06/22/2023 09:08:42 AM,10 QUEENS,28,Precinct 106,4116590006,QUEENS,1037307,187839,PHONE,Unspecified,QUEENS,,,,,,,,40.682092416190635,-73.8087037074843,POINT (-73.808703707484 40.682092416191)
57970656,06/22/2023 12:36:18 AM,06/24/2023 12:38:32 PM,DSNY,Department of Sanitation,Dirty Condition,Dog Waste,Not Cleaned by Property Owner,Sidewalk,10075,1495 YORK AVENUE,YORK AVENUE,EAST   79 STREET,EAST   80 STREET,EAST   79 STREET,EAST   80 STREET,ADDRESS,NEW YORK,YORK AVENUE,,Closed,,The Department of Sanitation investigated this complaint and found no violation at the location.,06/24/2023 12:38:39 PM,08 MANHATTAN,05,Precinct 19,1015590019,MANHATTAN,998010,220380,ONLINE,Unspecified,MANHATTAN,,,,,,,,40.77155783472721,-73.95032189538121,POINT (-73.950321895381 40.771557834727)
57975912,06/22/2023 01:29:00 PM,06/23/2023 09:20:00 PM,DEP,Department of Environmental Protection,Water System,Leak (Use Comments) (WA2),WA2,,10312,146 RIDGEWOOD AVENUE,RIDGEWOOD AVENUE,LAMOKA AVE,FRANK CT,,,ADDRESS,STATEN ISLAND,,,Closed,,"The Department of Environment Protection inspected your complaint but could not find the problem you reported. If the condition persists, please call 311 (or 212-639-9675 if calling from a non-New York City area code) with more detailed information to submit a new complaint.",06/23/2023 09:20:00 PM,03 STATEN ISLAND,51,Precinct 122,5055130132,STATEN ISLAND,938748,139847,PHONE,Unspecified,STATEN ISLAND,,,,,,,,40.55040663627173,-74.16373348225125,POINT (-74.163733482251 40.550406636272)
57977379,06/22/2023 02:58:04 PM,06/22/2023 04:25:20 PM,NYPD,New York City Police Department,Illegal Parking,Commercial Overnight Parking,,Street/Sidewalk,11105,20-28 43 STREET,43 STREET,20 AVENUE,20 ROAD,20 AVENUE,20 ROAD,ADDRESS,ASTORIA,43 STREET,,Closed,,The Police Department responded to the complaint and determined that police action was not necessary.,06/22/2023 04:25:24 PM,01 QUEENS,22,Precinct 114,4007870049,QUEENS,1011892,221418,ONLINE,Unspecified,QUEENS,,,,,,,,40.7743743625928,-73.90019909369535,POINT (-73.900199093695 40.774374362593)
57981015,06/23/2023 09:32:13 AM,09/20/2023 02:58:51 PM,DPR,Department of Parks and Recreation,Dead/Dying Tree,Planted Less Than 2 Years Ago,N/A,Street,11210,1315 EAST   26 STREET,EAST   26 STREET,AVENUE M,AVENUE N,AVENUE M,AVENUE N,ADDRESS,BROOKLYN,EAST   26 STREET,,Closed,,"NYC Parks created a work order for the tree condition.  Please note that addressing this work can take up to a year or more depending on the higher priority work identified during this period and resources available to address this work.    NYC Parks work priority categories range from Category A through D, with A being the most critical and time-sensitive. We will complete all work in Category A first and address work in lower priority categories in accordance with available resources. For more information about the Tree Risk Management Program, visit the NYC Urban Forest page on the NYC Parks website at nyc.gov/parks/trees.   Alternatively, you may choose complete the work yourself by hiring an independent contractor. The contractor must complete a Tree Work Permit application on the NYC Parks website at nyc.gov/parks/trees.",09/20/2023 02:09:55 PM,14 BROOKLYN,44,Precinct 70,3076620043,BROOKLYN,998360,164650,PHONE,Unspecified,BROOKLYN,,,,,,,,40.6185914305011,-73.94917502181227,POINT (-73.949175021812 40.618591430501)
57970467,06/21/2023 12:11:00 PM,06/21/2023 12:27:00 PM,DEP,Department of Environmental Protection,Water System,Hydrant Running (WC3),WC3,,10457,1919 PROSPECT AVENUE,PROSPECT AVENUE,FAIRMOUNT PL,ELSMERE PL,,,ADDRESS,BRONX,,,Closed,,The Department of Environmental Protection determined that this complaint is a duplicate of a previously filed complaint. The original complaint is being addressed.,06/21/2023 12:27:00 PM,06 BRONX,17,Precinct 48,2029510032,BRONX,1014753,246623,ONLINE,Unspecified,BRONX,,,,,,,,40.84354563748471,-73.88975498870985,POINT (-73.88975498871 40.843545637485)
57977748,06/22/2023 04:33:47 PM,11/08/2023 01:20:11 PM,DPR,Department of Parks and Recreation,Maintenance or Facility,Structure - Outdoors,Playground Equipment,Park,10029,167 EAST  105 STREET,EAST  105 STREET,LEXINGTON AVENUE,3 AVENUE,LEXINGTON AVENUE,3 AVENUE,ADDRESS,NEW YORK,EAST  105 STREET,,Closed,,NYC Parks has completed the requested work order and corrected the problem.,11/08/2023 01:20:17 PM,11 MANHATTAN,08,Precinct 23,1016330028,MANHATTAN,999190,227564,ONLINE,Unspecified,MANHATTAN,,,,,,,,40.79127409084594,-73.94604573484662,POINT (-73.946045734847 40.791274090846)
57983661,06/23/2023 09:16:01 PM,06/23/2023 09:38:54 PM,NYPD,New York City Police Department,Illegal Parking,Commercial Overnight Parking,,Street/Sidewalk,11373,85-44 54 AVENUE,54 AVENUE,HASPEL STREET,VAN HORN STREET,HASPEL STREET,VAN HORN STREET,ADDRESS,ELMHURST,54 AVENUE,,Closed,,The Police Department issued a summons in response to the complaint.,06/23/2023 09:38:59 PM,04 QUEENS,30,Precinct 110,4028780030,QUEENS,1017604,206663,MOBILE,Unspecified,QUEENS,,,,,,,,40.73385596597055,-73.87964924372797,POINT (-73.879649243728 40.733855965971)
57987144,06/23/2023 02:57:58 PM,08/09/2023 07:25:57 PM,HPD,Department of Housing Preservation and Development,PLUMBING,WATER SUPPLY,NO WATER,RESIDENTIAL BUILDING,11201,236 LIVINGSTON STREET,LIVINGSTON STREET,,,,,ADDRESS,BROOKLYN,,,Closed,,The Department of Housing Preservation and Development inspected the following conditions. No violations were issued. The complaint has been closed.,08/09/2023 12:00:00 AM,02 BROOKLYN,33,Precinct 84,3001657501,BROOKLYN,988539,190354,PHONE,Unspecified,BROOKLYN,,,,,,,,40.68915349074286,-73.98453444341065,POINT (-73.984534443411 40.689153490743)
57972168,06/22/2023 09:00:23 AM,06/26/2023 04:08:19 PM,HPD,Department of Housing Preservation and Development,FLOORING/STAIRS,FLOOR,SAGGING OR SLOPING,RESIDENTIAL BUILDING,10453,1908 OSBORNE PLACE,OSBORNE PLACE,,,,,ADDRESS,BRONX,,,Closed,,The Department of Housing Preservation and Development inspected the following conditions. No violations were issued. The complaint has been closed.,06/26/2023 12:00:00 AM,05 BRONX,14,Precinct 46,2032280017,BRONX,1007496,250789,PHONE,Unspecified,BRONX,,,,,,,,40.855002157136184,-73.91596902986187,POINT (-73.915969029862 40.855002157136)
58005630,06/25/2023 06:37:11 PM,06/25/2023 06:37:11 PM,DOHMH,Department of Health and Mental Hygiene,Rodent,Condition Attracting Rodents,,Other (Explain Below),10028,131 EAST   83 STREET,EAST   83 STREET,PARK AVENUE,LEXINGTON AVENUE,PARK AVENUE,LEXINGTON AVENUE,ADDRESS,NEW YORK,EAST   83 STREET,,Closed,,The Department of Health and Mental Hygiene inspected the property you reported and did not find any violations at the time of the inspection. The property passed inspection.,06/25/2023 06:37:11 PM,08 MANHATTAN,04,Precinct 19,1015120016,MANHATTAN,996077,222608,ONLINE,Unspecified,MANHATTAN,,,,,,,,40.77767590721819,-73.95729673567119,POINT (-73.957296735671 40.777675907218)
57980313,06/22/2023 11:39:09 PM,06/23/2023 12:16:32 AM,NYPD,New York City Police Department,Noise - Commercial,Loud Talking,,Store/Commercial,11215,683 5 AVENUE,5 AVENUE,20 STREET,21 STREET,20 STREET,21 STREET,ADDRESS,BROOKLYN,5 AVENUE,,Closed,,The Police Department responded to the complaint and took action to fix the condition.,06/23/2023 12:16:38 AM,07 BROOKLYN,39,Precinct 72,3008910005,BROOKLYN,986144,180307,MOBILE,Unspecified,BROOKLYN,,,,,,,,40.66157757574379,-73.99317331427915,POINT (-73.993173314279 40.661577575744)
57982014,06/23/2023 08:49:49 AM,06/23/2023 09:35:11 AM,NYPD,New York City Police Department,Illegal Parking,Blocked Sidewalk,,Street/Sidewalk,10038,15 DUTCH STREET,DUTCH STREET,JOHN STREET,FULTON STREET,JOHN STREET,FULTON STREET,ADDRESS,NEW YORK,DUTCH STREET,,Closed,,The Police Department responded to the complaint and took action to fix the condition.,06/23/2023 09:35:16 AM,01 MANHATTAN,01,Precinct 1,1000787504,MANHATTAN,982228,197817,MOBILE,Unspecified,MANHATTAN,,,,,,,,40.70963849150606,-74.0072933004058,POINT (-74.007293300406 40.709638491506)
57974895,06/22/2023 05:26:31 PM,06/22/2023 05:52:49 PM,NYPD,New York City Police Department,Illegal Parking,Posted Parking Sign Violation,,Street/Sidewalk,11203,449 LENOX ROAD,LENOX ROAD,BROOKLYN AVENUE,EAST   37 STREET,BROOKLYN AVENUE,EAST   37 STREET,ADDRESS,BROOKLYN,LENOX ROAD,,Closed,,The Police Department responded to the complaint and determined that police action was not necessary.,06/22/2023 05:52:53 PM,17 BROOKLYN,40,Precinct 67,3048380001,BROOKLYN,999799,177750,MOBILE,Unspecified,BROOKLYN,,,,,,,,40.65454572355616,-73.9439614809938,POINT (-73.943961480994 40.654545723556)
57983310,06/23/2023 12:08:43 PM,06/24/2023 11:53:02 AM,DHS,Department of Homeless Services,Homeless Person Assistance,,,Subway,,,,,,,,ADDRESS,,,,Closed,,The mobile outreach response team went to the location provided but could not find the individual that you reported.,06/24/2023 11:53:02 AM,Unspecified MANHATTAN,,Unspecified,,MANHATTAN,982076,197981,PHONE,Unspecified,MANHATTAN,,,,4,4 5 Uptown & The Bronx,,Platform,40.71008859656407,-74.00784161332851,POINT (-74.007841613329 40.710088596564)
57984813,06/23/2023 03:13:54 PM,,DPR,Department of Parks and Recreation,Overgrown Tree/Branches,Hitting Building,N/A,Street,11102,24-51 CRESCENT STREET,CRESCENT STREET,24 AVENUE,HOYT AVENUE NORTH,24 AVENUE,HOYT AVENUE NORTH,ADDRESS,ASTORIA,CRESCENT STREET,,In Progress,,"NYC Parks created a work order for the tree condition and expects to address the issue within 120 days from the date of the tree assessment, barring any weather-related requests.   NYC Parks work priority categories range from Category A through D, with A being the most critical and time-sensitive. We will complete all work in Category A first and address work in lower priority categories in accordance with available resources. For more information about the Tree Risk Management Program, visit the NYC Urban Forest page on the NYC Parks website at nyc.gov/parks/trees.",06/26/2023 08:50:29 AM,01 QUEENS,22,Precinct 114,4008620014,QUEENS,1006376,221321,PHONE,Unspecified,QUEENS,,,,,,,,40.774123651286345,-73.92011481196118,POINT (-73.920114811961 40.774123651286)
57984354,06/23/2023 10:52:10 PM,06/23/2023 11:22:41 PM,NYPD,New York City Police Department,Noise - Residential,Banging/Pounding,,Residential Building/House,11354,34-15 PARSONS BOULEVARD,PARSONS BOULEVARD,34 AVENUE,35 AVENUE,34 AVENUE,35 AVENUE,ADDRESS,FLUSHING,PARSONS BOULEVARD,,Closed,,The Police Department responded to the complaint and determined that police action was not necessary.,06/23/2023 11:22:44 PM,07 QUEENS,20,Precinct 109,4049950001,QUEENS,1033035,218627,ONLINE,Unspecified,QUEENS,,,,,,,,40.76662240767543,-73.82388312211818,POINT (-73.823883122118 40.766622407675)
57972087,06/22/2023 05:43:52 PM,08/14/2023 09:53:47 AM,HPD,Department of Housing Preservation and Development,APPLIANCE,ELECTRIC/GAS RANGE,CONTROL KNOB BROKEN OR MISSING,RESIDENTIAL BUILDING,10466,1010 EAST  233 STREET,EAST  233 STREET,,,,,ADDRESS,BRONX,,,Closed,,"The Department of Housing Preservation and Development was not able to gain access to inspect the following conditions. The complaint has been closed. If the condition still exists, please file a new complaint.",08/14/2023 12:00:00 AM,12 BRONX,12,Precinct 47,2048790045,BRONX,1026206,263741,PHONE,Unspecified,BRONX,,,,,,,,40.89048228028096,-73.84825405075895,POINT (-73.848254050759 40.890482280281)
57980430,06/22/2023 11:18:54 PM,06/22/2023 11:18:54 PM,DOHMH,Department of Health and Mental Hygiene,Rodent,Rat Sighting,,1-2 Family Dwelling,11362,244-14 54 AVENUE,54 AVENUE,244 STREET,OVERBROOK STREET,244 STREET,OVERBROOK STREET,ADDRESS,LITTLE NECK,54 AVENUE,,Closed,,The Department of Health and Mental Hygiene inspected the property you reported and did not find any violations at the time of the inspection. The property passed inspection.,06/22/2023 11:18:54 PM,11 QUEENS,19,Precinct 111,4082030208,QUEENS,1056857,215817,ONLINE,Unspecified,QUEENS,,,,,,,,40.75874616061729,-73.73791500355773,POINT (-73.737915003558 40.758746160617)
57983832,06/23/2023 04:25:00 PM,06/24/2023 11:35:00 AM,DOT,Department of Transportation,Traffic Signal Condition,Veh Signal Head,Turned,,11434,,,,,MERRICK BOULEVARD,125 AVENUE,INTERSECTION,QUEENS,,N/A,Closed,,Service Request status for this request is available on the Department of Transportationâs website. Please click the âLearn Moreâ link below.,06/24/2023 11:35:00 AM,12 QUEENS,27,Precinct 113,,QUEENS,1048830,187971,UNKNOWN,Unspecified,QUEENS,,,,,,,,40.68237815485672,-73.76715660074834,POINT (-73.767156600748 40.682378154857)
57972213,06/22/2023 08:49:56 PM,06/22/2023 09:05:20 PM,NYPD,New York City Police Department,Blocked Driveway,No Access,,Street/Sidewalk,11372,37-56 75 STREET,75 STREET,37 AVENUE,37 ROAD,37 AVENUE,37 ROAD,ADDRESS,JACKSON HEIGHTS,75 STREET,,Closed,,The Police Department responded and upon arrival those responsible for the condition were gone.,06/22/2023 09:05:23 PM,03 QUEENS,25,Precinct 115,4012850067,QUEENS,1014549,211691,PHONE,Unspecified,QUEENS,,,,,,,,40.747667557565954,-73.89064989632524,POINT (-73.890649896325 40.747667557566)
57981213,06/23/2023 11:40:00 AM,06/24/2023 09:25:00 AM,DOT,Department of Transportation,Traffic Signal Condition,Veh Signal Visor,Missing,,11234,,,,,AVENUE I,UTICA AVENUE,INTERSECTION,BROOKLYN,,N/A,Closed,,Service Request status for this request is available on the Department of Transportationâs website. Please click the âLearn Moreâ link below.,06/24/2023 09:25:00 AM,18 BROOKLYN,45,Precinct 63,,BROOKLYN,1004203,168995,UNKNOWN,Unspecified,BROOKLYN,,,,,,,,40.630506309281046,-73.92811538634756,POINT (-73.928115386348 40.630506309281)
57978342,06/22/2023 04:35:31 PM,07/07/2023 07:38:51 PM,HPD,Department of Housing Preservation and Development,UNSANITARY CONDITION,PESTS,BED BUGS,RESIDENTIAL BUILDING,10460,985 EAST TREMONT AVENUE,EAST TREMONT AVENUE,,,,,ADDRESS,BRONX,,,Closed,,The Department of Housing Preservation and Development inspected the following conditions. Violations were issued. Information about specific violations is available at www.nyc.gov/hpd,07/07/2023 12:00:00 AM,06 BRONX,17,Precinct 48,2031300002,BRONX,1016893,245673,ONLINE,Unspecified,BRONX,,,,,,,,40.84093051584657,-73.8820251590031,POINT (-73.882025159003 40.840930515847)
57982599,06/23/2023 04:18:47 PM,06/23/2023 04:49:29 PM,NYPD,New York City Police Department,Illegal Parking,Posted Parking Sign Violation,,Street/Sidewalk,10282,34 RIVER TERRACE,RIVER TERRACE,WARREN STREET,CHAMBERS STREET,WARREN STREET,CHAMBERS STREET,ADDRESS,NEW YORK,RIVER TERRACE,,Closed,,The Police Department responded and upon arrival those responsible for the condition were gone.,06/23/2023 04:49:33 PM,01 MANHATTAN,01,Precinct 1,1000167522,MANHATTAN,979978,200836,MOBILE,Unspecified,MANHATTAN,,,,,,,,40.71792412575689,-74.0154109064172,POINT (-74.015410906417 40.717924125757)
57985317,06/23/2023 08:13:39 AM,06/23/2023 10:25:14 AM,NYPD,New York City Police Department,Blocked Driveway,No Access,,Street/Sidewalk,10473,472 COMMONWEALTH AVENUE,COMMONWEALTH AVENUE,BRONX RIVER AVENUE,LACOMBE AVENUE,BRONX RIVER AVENUE,LACOMBE AVENUE,ADDRESS,BRONX,COMMONWEALTH AVENUE,,Closed,,The Police Department responded to the complaint and took action to fix the condition.,06/23/2023 10:25:22 AM,09 BRONX,18,Precinct 43,2034930031,BRONX,1021866,235902,ONLINE,Unspecified,BRONX,,,,,,,,40.814092158360964,-73.86410708379556,POINT (-73.864107083796 40.814092158361)
57973941,06/22/2023 11:45:05 AM,06/12/2024 03:20:36 PM,DPR,Department of Parks and Recreation,New Tree Request,For One Address,Street Tree,Street,11385,1806 SUMMERFIELD STREET,SUMMERFIELD STREET,SENECA AVENUE,FOREST AVENUE,SENECA AVENUE,FOREST AVENUE,ADDRESS,RIDGEWOOD,SUMMERFIELD STREET,,Closed,,"The location was inspected and is suitable for tree planting. Barring any unforeseen issues such as underground utilities and based on available funding, the requested tree will be placed on an upcoming contract. Please note that this process can take up to two years, depending on capacity and the location.   To find out where and when trees will be planted, please visit the Tree Work Hub at nyc.gov/parks/treework.  To learn more about the trees in your neighborhood, visit the NYC Street Tree Map at nyc.gov/parks/treemap.",06/12/2024 03:20:39 PM,05 QUEENS,34,Precinct 104,4035780072,QUEENS,1012225,193645,MOBILE,Unspecified,QUEENS,,,,,,,,40.69814334578832,-73.89911229233431,POINT (-73.899112292334 40.698143345788)
57978918,06/22/2023 11:07:24 AM,06/22/2023 11:07:24 AM,DOHMH,Department of Health and Mental Hygiene,Rodent,Rat Sighting,,3+ Family Apt. Building,10451,711 WALTON AVENUE,WALTON AVENUE,EAST 153 STREET,EAST 157 STREET,EAST  153 STREET,EAST  157 STREET,ADDRESS,BRONX,WALTON AVENUE,,Closed,,The Department of Health and Mental Hygiene found violations on the property you reported. Follow-up inspections will be scheduled.,06/22/2023 11:07:24 AM,04 BRONX,16,Precinct 44,2024730055,BRONX,1004678,239400,PHONE,Unspecified,BRONX,,,,,,,,40.823749646100836,-73.92619038184868,POINT (-73.926190381849 40.823749646101)
57971160,06/21/2023 02:20:00 AM,03/12/2024 09:40:00 AM,DOT,Department of Transportation,Street Light Condition,Street Light Out,Location Type: Intersection,,11358,,,,,45 AVENUE,171 STREET,INTERSECTION,QUEENS,,,Closed,,Service Request status for this request is available on the Department of Transportationâs website. Please click the âLearn Moreâ link below.,12/21/2023 02:35:00 PM,07 QUEENS,19,Precinct 109,,QUEENS,1040733,214677,UNKNOWN,Unspecified,QUEENS,,,,,,,,40.75573486920974,-73.7961261459487,POINT (-73.796126145949 40.75573486921)
57973563,06/22/2023 05:42:45 PM,06/22/2023 06:07:10 PM,NYPD,New York City Police Department,Illegal Parking,Blocked Hydrant,,Street/Sidewalk,11211,147 JACKSON STREET,JACKSON STREET,MANHATTAN AVENUE,GRAHAM AVENUE,MANHATTAN AVENUE,GRAHAM AVENUE,ADDRESS,BROOKLYN,JACKSON STREET,,Closed,,The Police Department issued a summons in response to the complaint.,06/22/2023 06:07:13 PM,01 BROOKLYN,34,Precinct 94,3027440030,BROOKLYN,999423,200360,MOBILE,Unspecified,BROOKLYN,,,,,,,,40.7166056402369,-73.94526566679029,POINT (-73.94526566679 40.716605640237)
57977271,06/22/2023 01:55:06 PM,06/22/2023 02:02:05 PM,NYPD,New York City Police Department,Traffic,Truck Route Violation,,Highway,,,,,,,,,,,,Closed,,The Police Department responded to the complaint and determined that police action was not necessary.,06/22/2023 02:02:10 PM,Unspecified BRONX,,Unspecified,,BRONX,,,PHONE,Unspecified,BRONX,,,,Cross Bronx Expwy,South/East (To Throgs Neck Br),Ramp,Throgs Neck Br (Exit 6B),,,
57970836,06/21/2023 11:03:05 AM,06/22/2023 06:44:29 PM,HPD,Department of Housing Preservation and Development,UNSANITARY CONDITION,MOLD,N/A,RESIDENTIAL BUILDING,11102,30-34 32 STREET,32 STREET,,,,,ADDRESS,ASTORIA,,,Closed,,The Department of Housing Preservation and Development inspected the following conditions. Violations were issued. Information about specific violations is available at www.nyc.gov/hpd,06/22/2023 12:00:00 AM,01 QUEENS,22,Precinct 114,4006150050,QUEENS,1006020,218187,PHONE,Unspecified,QUEENS,,,,,,,,40.7655225244407,-73.92141028911173,POINT (-73.921410289112 40.765522524441)
57977955,06/22/2023 03:11:47 PM,06/22/2023 04:24:21 PM,NYPD,New York City Police Department,Noise - Residential,Loud Music/Party,,Residential Building/House,11105,21-47 41 STREET,41 STREET,21 AVENUE,DITMARS BOULEVARD,21 AVENUE,DITMARS BOULEVARD,ADDRESS,ASTORIA,41 STREET,,Closed,,The Police Department responded to the complaint and with the information available observed no evidence of the violation at that time.,06/22/2023 04:24:24 PM,01 QUEENS,22,Precinct 114,4007960015,QUEENS,1010796,221020,ONLINE,Unspecified,QUEENS,,,,,,,,40.77328531687962,-73.90415774949595,POINT (-73.904157749496 40.77328531688)
57975642,06/22/2023 09:19:42 AM,06/22/2023 09:24:05 AM,DHS,Department of Homeless Services,Homeless Person Assistance,,,Subway,,,,,,,,ADDRESS,,,,Closed,,The Department of Homeless Services did not have enough information to act on your request.,06/22/2023 09:24:05 AM,Unspecified MANHATTAN,,Unspecified,,MANHATTAN,987690,214615,MOBILE,Unspecified,MANHATTAN,,,,3,,,Mezzanine,40.75574443605485,-73.98758342283777,POINT (-73.987583422838 40.755744436055)
57984417,06/23/2023 07:56:01 PM,06/23/2023 08:19:01 PM,NYPD,New York City Police Department,Noise - Residential,Loud Music/Party,,Residential Building/House,10457,2147 BELMONT AVENUE,BELMONT AVENUE,EAST  181 STREET,EAST  182 STREET,EAST  181 STREET,EAST  182 STREET,ADDRESS,BRONX,BELMONT AVENUE,,Closed,,The Police Department responded to the complaint and took action to fix the condition.,06/23/2023 08:19:07 PM,06 BRONX,15,Precinct 48,2030820052,BRONX,1014977,248963,MOBILE,Unspecified,BRONX,,,,,,,,40.849967466972785,-73.88893467783204,POINT (-73.888934677832 40.849967466973)
57971421,06/22/2023 05:39:42 PM,01/12/2024 11:45:13 AM,DPR,Department of Parks and Recreation,Illegal Tree Damage,Branches Damaged,N/A,Street,11414,160-40 86 STREET,86 STREET,160 AVENUE,161 AVENUE,160 AVENUE,161 AVENUE,ADDRESS,HOWARD BEACH,86 STREET,,Closed,,NYC Parks visited the location but could not find the tree condition you reported.,01/12/2024 11:45:18 AM,10 QUEENS,32,Precinct 106,4140230028,QUEENS,1027034,178254,ONLINE,Unspecified,QUEENS,,,,,,,,40.655839386941985,-73.84580361666833,POINT (-73.845803616668 40.655839386942)
57976128,06/21/2023 07:01:28 AM,06/21/2023 01:00:00 PM,DOT,Department of Transportation,Street Condition,Pothole,,,10456,,,,,EAST 167 STREET,GRAND CONCOURSE,INTERSECTION,BRONX,,N/A,Closed,,The Department of Transportation inspected this complaint and repaired the problem.,06/21/2023 01:00:00 PM,04 BRONX,16,Precinct 44,,BRONX,1007023,243324,UNKNOWN,Unspecified,BRONX,,,,,,,,40.83451416412613,-73.91770420805199,POINT (-73.917704208052 40.834514164126)
57982950,06/23/2023 02:19:01 PM,06/23/2023 02:45:23 PM,NYPD,New York City Police Department,Encampment,N/A,,Street/Sidewalk,10002,135 CANAL STREET,CANAL STREET,CHRYSTIE STREET,BOWERY,CHRYSTIE STREET,BOWERY,ADDRESS,NEW YORK,CANAL STREET,,Closed,,The Police Department visited the location and has referred the complaint to the Department of Homeless Services (DHS) for further action. DHS will inspect the condition and update your Service Request with more information.,06/23/2023 02:45:27 PM,03 MANHATTAN,01,Precinct 5,1003030039,MANHATTAN,985494,200189,MOBILE,Unspecified,MANHATTAN,,,,,,,,40.7161492098808,-73.9955124866649,POINT (-73.995512486665 40.716149209881)
57975543,06/22/2023 04:06:04 PM,06/26/2023 05:28:52 PM,DOT,Department of Transportation,Street Sign - Dangling,"No Parking, Standing, Stopping",,Street,11232,110 53 STREET,53 STREET,1 AVENUE,2 AVENUE,1 AVENUE,2 AVENUE,ADDRESS,BROOKLYN,53 STREET,,Closed,,The Department of Transportation has completed the request or corrected the condition.,06/26/2023 05:28:57 PM,07 BROOKLYN,38,Precinct 72,3008120001,BROOKLYN,978591,175524,PHONE,Unspecified,BROOKLYN,,,,,,,,40.64844768120475,-74.02039314270907,POINT (-74.020393142709 40.648447681205)
57982788,06/23/2023 02:55:39 PM,06/23/2023 07:25:05 PM,NYPD,New York City Police Department,Blocked Driveway,No Access,,Street/Sidewalk,11040,76-25 269 STREET,269 STREET,76 AVENUE,77 AVENUE,76 AVENUE,77 AVENUE,ADDRESS,NEW HYDE PARK,269 STREET,,Closed,,The Police Department responded to the complaint and with the information available observed no evidence of the violation at that time.,06/23/2023 07:25:10 PM,13 QUEENS,23,Precinct 105,4085470050,QUEENS,1065445,213513,PHONE,Unspecified,QUEENS,,,,,,,,40.752347606222884,-73.70694347340552,POINT (-73.706943473406 40.752347606223)
57977370,06/22/2023 02:14:47 PM,06/22/2023 02:36:19 PM,NYPD,New York City Police Department,Illegal Parking,Blocked Hydrant,,Street/Sidewalk,11209,515 73 STREET,73 STREET,5 AVENUE,6 AVENUE,5 AVENUE,6 AVENUE,ADDRESS,BROOKLYN,73 STREET,,Closed,,The Police Department responded and upon arrival those responsible for the condition were gone.,06/22/2023 02:36:23 PM,10 BROOKLYN,47,Precinct 68,3059100072,BROOKLYN,978293,169073,MOBILE,Unspecified,BROOKLYN,,,,,,,,40.630740871374805,-74.02146133938759,POINT (-74.021461339388 40.630740871375)
57983922,06/23/2023 08:37:59 AM,06/23/2023 01:41:39 PM,DSNY,Department of Sanitation,Residential Disposal Complaint,Trash or Recycling Not Secure,N/A,Sidewalk,10017,842 2 AVENUE,2 AVENUE,EAST   44 STREET,EAST   45 STREET,EAST   44 STREET,EAST   45 STREET,ADDRESS,NEW YORK,2 AVENUE,,Closed,,The Department of Sanitation investigated this complaint and found no violation at the location.,06/23/2023 01:41:43 PM,06 MANHATTAN,04,Precinct 17,1013370149,MANHATTAN,992314,213108,ONLINE,Unspecified,MANHATTAN,,,,,,,,40.751605095622175,-73.97089504125978,POINT (-73.97089504126 40.751605095622)
57971304,06/22/2023 02:03:00 PM,06/22/2023 02:40:00 PM,DOT,Department of Transportation,Traffic Signal Condition,Controller,Operating Improperly,,11236,,,,,FLATLANDS AVENUE,EAST 107 STREET,INTERSECTION,BROOKLYN,,N/A,Closed,,Service Request status for this request is available on the Department of Transportationâs website. Please click the âLearn Moreâ link below.,06/22/2023 02:40:00 PM,18 BROOKLYN,46,Precinct 69,,BROOKLYN,1013866,175537,UNKNOWN,Unspecified,BROOKLYN,,,,,,,,40.64843565093987,-73.89327383821534,POINT (-73.893273838215 40.64843565094)
57976587,06/22/2023 01:20:24 PM,06/22/2023 01:26:46 PM,NYPD,New York City Police Department,Blocked Driveway,No Access,,Street/Sidewalk,11230,1968 OCEAN AVENUE,OCEAN AVENUE,AVENUE N,AVENUE O,AVENUE N,AVENUE O,ADDRESS,BROOKLYN,OCEAN AVENUE,,Closed,,The Police Department responded to the complaint and took action to fix the condition.,06/22/2023 01:26:50 PM,14 BROOKLYN,48,Precinct 70,3067570046,BROOKLYN,996959,163047,PHONE,Unspecified,BROOKLYN,,,,,,,,40.61419364856413,-73.95422451547816,POINT (-73.954224515478 40.614193648564)
57981222,06/23/2023 10:05:00 AM,07/06/2023 10:54:00 AM,DEP,Department of Environmental Protection,Noise,Noise: air condition/ventilation equipment (NV1),NV1,,10024,116 WEST   81 STREET,WEST   81 STREET,COLUMBUS AVE,AMSTERDAM AVE,,,ADDRESS,NEW YORK,,N/A,Closed,,The Department of Environmental Protection requires contact with the complainant to investigate this complaint. A message was left for the complainant at the phone number provided.,07/06/2023 10:54:00 AM,07 MANHATTAN,06,Precinct 20,1012110041,MANHATTAN,991093,224749,ONLINE,Unspecified,MANHATTAN,,,,,,,,40.78355764878516,-73.97529007832577,POINT (-73.975290078326 40.783557648785)
57978216,06/22/2023 10:32:53 PM,06/25/2023 07:13:11 PM,HPD,Department of Housing Preservation and Development,PLUMBING,BASIN/SINK,DRAIN PIPE BLOCKED OR BROKEN,RESIDENTIAL BUILDING,10031,13 HAMILTON TERRACE,HAMILTON TERRACE,,,,,ADDRESS,NEW YORK,,,Closed,,The Department of Housing Preservation and Development inspected the following conditions. Violations were issued. Information about specific violations is available at www.nyc.gov/hpd,06/25/2023 12:00:00 AM,09 MANHATTAN,09,Precinct 30,1020500100,MANHATTAN,998954,238850,PHONE,Unspecified,MANHATTAN,,,,,,,,40.82225143545197,-73.94687330485114,POINT (-73.946873304851 40.822251435452)
57977910,06/22/2023 11:22:42 PM,06/22/2023 11:24:39 PM,NYPD,New York City Police Department,Noise - Commercial,Loud Music/Party,,Club/Bar/Restaurant,10009,137 AVENUE A,AVENUE A,ST MARKS PLACE,EAST    9 STREET,ST MARKS PLACE,EAST    9 STREET,ADDRESS,NEW YORK,AVENUE A,,Closed,,The Police Department responded to the complaint and determined that police action was not necessary.,06/22/2023 11:24:44 PM,03 MANHATTAN,02,Precinct 9,1004360030,MANHATTAN,989000,204142,ONLINE,Unspecified,MANHATTAN,,,,,,,,40.726998052481306,-73.98286241271137,POINT (-73.982862412711 40.726998052481)
57986091,06/23/2023 07:03:01 AM,06/23/2023 08:00:36 AM,NYPD,New York City Police Department,Illegal Parking,Blocked Sidewalk,,Street/Sidewalk,11101,37-29 VERNON BOULEVARD,VERNON BOULEVARD,37 AVENUE,38 AVENUE,37 AVENUE,38 AVENUE,ADDRESS,LONG ISLAND CITY,VERNON BOULEVARD,,Closed,,The Police Department responded to the complaint and determined that police action was not necessary.,06/23/2023 08:00:43 AM,01 QUEENS,26,Precinct 114,4003580005,QUEENS,999876,216236,ONLINE,Unspecified,QUEENS,,,,,,,,40.76018052749627,-73.94359466002561,POINT (-73.943594660026 40.760180527496)
57987153,06/23/2023 07:21:11 PM,06/24/2023 05:58:48 PM,HPD,Department of Housing Preservation and Development,HEAT/HOT WATER,APARTMENT ONLY,NO HOT WATER,RESIDENTIAL BUILDING,11432,187-35 HILLSIDE AVENUE,HILLSIDE AVENUE,,,,,ADDRESS,JAMAICA,,,Closed,,"The Department of Housing Preservation and Development responded to a complaint of no heat or hot water and was advised by a tenant in the building that heat and hot water had been restored. If the condition still exists, please file a new complaint.",06/24/2023 12:00:00 AM,08 QUEENS,24,Precinct 107,4099600005,QUEENS,1046742,199807,PHONE,Unspecified,QUEENS,,,,,,,,40.71488009442769,-73.77457503771721,POINT (-73.774575037717 40.714880094428)
57979251,06/22/2023 08:34:55 PM,06/22/2023 09:54:20 PM,NYPD,New York City Police Department,Noise - House of Worship,Loud Music/Party,,House of Worship,10460,872 FAIRMOUNT PLACE,FAIRMOUNT PLACE,MARMION AVENUE,SOUTHERN BOULEVARD,MARMION AVENUE,SOUTHERN BOULEVARD,ADDRESS,BRONX,FAIRMOUNT PLACE,,Closed,,The Police Department responded to the complaint and with the information available observed no evidence of the violation at that time.,06/22/2023 09:54:24 PM,06 BRONX,15,Precinct 48,2029590043,BRONX,1015569,245913,ONLINE,Unspecified,BRONX,,,,,,,,40.84159404024073,-73.88680909201709,POINT (-73.886809092017 40.841594040241)
57978315,06/22/2023 04:39:11 PM,06/27/2023 09:23:18 AM,HPD,Department of Housing Preservation and Development,PAINT/PLASTER,WALL,DIRTY OR UNSANITARY,RESIDENTIAL BUILDING,11226,1900 ALBEMARLE ROAD,ALBEMARLE ROAD,,,,,ADDRESS,BROOKLYN,,,Closed,,The Department of Housing Preservation and Development inspected the following conditions. No violations were issued. The complaint has been closed.,06/27/2023 12:00:00 AM,14 BROOKLYN,40,Precinct 70,3051230001,BROOKLYN,994936,175044,ONLINE,Unspecified,BROOKLYN,,,,,,,,40.64712554619708,-73.96149199333054,POINT (-73.961491993331 40.647125546197)
57985749,06/24/2023 12:52:23 AM,06/24/2023 01:27:48 AM,NYPD,New York City Police Department,Noise - Vehicle,Car/Truck Music,,Street/Sidewalk,10033,579 WEST  177 STREET,WEST  177 STREET,AUDUBON AVENUE,ST NICHOLAS AVENUE,AUDUBON AVENUE,ST NICHOLAS AVENUE,ADDRESS,NEW YORK,WEST  177 STREET,,Closed,,The Police Department responded to the complaint and with the information available observed no evidence of the violation at that time.,06/24/2023 01:27:53 AM,12 MANHATTAN,10,Precinct 33,1021330086,MANHATTAN,1002220,247685,ONLINE,Unspecified,MANHATTAN,,,,,,,,40.84649491406042,-73.93504932802512,POINT (-73.935049328025 40.84649491406)
57975768,06/22/2023 11:23:16 PM,06/22/2023 11:25:29 PM,NYPD,New York City Police Department,Noise - Street/Sidewalk,Loud Music/Party,,Street/Sidewalk,10009,131 ST MARKS PLACE,ST MARKS PLACE,1 AVENUE,AVENUE A,1 AVENUE,AVENUE A,ADDRESS,NEW YORK,ST MARKS PLACE,,Closed,,The Police Department responded to the complaint and with the information available observed no evidence of the violation at that time.,06/22/2023 11:25:36 PM,03 MANHATTAN,02,Precinct 9,1004360034,MANHATTAN,988592,204216,MOBILE,Unspecified,MANHATTAN,,,,,,,,40.727201374138566,-73.98433439348193,POINT (-73.984334393482 40.727201374139)
57976047,06/22/2023 02:32:42 PM,06/22/2023 02:59:49 PM,NYPD,New York City Police Department,Noise - Vehicle,Car/Truck Horn,,Street/Sidewalk,11373,94-30 59 AVENUE,59 AVENUE,94 STREET,JUNCTION BOULEVARD,94 STREET,JUNCTION BOULEVARD,ADDRESS,ELMHURST,59 AVENUE,,Closed,,The Police Department responded to the complaint and with the information available observed no evidence of the violation at that time.,06/22/2023 02:59:53 PM,04 QUEENS,25,Precinct 110,4019127501,QUEENS,1021322,207084,MOBILE,Unspecified,QUEENS,,,,,,,,40.73499670374049,-73.86623133808017,POINT (-73.86623133808 40.73499670374)
57975255,06/22/2023 09:32:04 PM,06/23/2023 10:51:31 AM,NYPD,New York City Police Department,Noise - Street/Sidewalk,Loud Music/Party,,Street/Sidewalk,10457,EAST  172 STREET,EAST  172 STREET,EAST  172 STREET,SHERIDAN AVENUE,EAST  172 STREET,SHERIDAN AVENUE,INTERSECTION,,,,Closed,,The Police Department responded and upon arrival those responsible for the condition were gone.,06/23/2023 10:51:35 AM,04 BRONX,16,Precinct 44,,BRONX,1008734,245544,ONLINE,Unspecified,BRONX,,,,,,,,40.84060283948849,-73.91151299214084,POINT (-73.911512992141 40.840602839488)
57979341,06/22/2023 08:19:00 PM,06/23/2023 09:33:00 AM,DOT,Department of Transportation,Street Light Condition,Street Light Out,Location Type: Intersection,,11218,-999 AVENUE F,AVENUE F,EAST    4 STREET,EAST    5 STREET,AVENUE F,EAST 4 STREET,INTERSECTION,BROOKLYN,,,Closed,,Service Request status for this request is available on the Department of Transportationâs website. Please click the âLearn Moreâ link below.,06/23/2023 09:33:00 AM,12 BROOKLYN,44,Precinct 66,,BROOKLYN,991305,170074,UNKNOWN,Unspecified,BROOKLYN,,,,,,,,40.633487597935115,-73.97458183954315,POINT (-73.974581839543 40.633487597935)
57972960,06/22/2023 08:41:00 AM,06/22/2023 08:44:00 AM,DEP,Department of Environmental Protection,Water System,Possible Water Main Break (Use Comments) (WA1),WA1,,11420,111-29 116 STREET,116 STREET,111 AVE,LINDEN BLVD,,,ADDRESS,SOUTH OZONE PARK,,,Closed,,The Department of Environmental Protection determined that this complaint is a duplicate of a previously filed complaint. The original complaint is being addressed.,06/22/2023 08:44:00 AM,10 QUEENS,28,Precinct 106,4116210052,QUEENS,1033143,186888,PHONE,Unspecified,QUEENS,,,,,,,,40.67950612232696,-73.82372381060944,POINT (-73.823723810609 40.679506122327)
57972600,06/22/2023 11:31:05 AM,07/05/2023 01:14:42 PM,DSNY,Department of Sanitation,Missed Collection,Trash,N/A,Street,11412,119-24 199 STREET,199 STREET,119 AVENUE,120 AVENUE,119 AVENUE,120 AVENUE,ADDRESS,SAINT ALBANS,199 STREET,,Closed,,The Department of Sanitation investigated this complaint and found no condition at the location.,06/23/2023 11:59:12 AM,12 QUEENS,27,Precinct 113,4126540018,QUEENS,1053056,191113,PHONE,Unspecified,QUEENS,,,,,,,,40.690970349277144,-73.75188773606092,POINT (-73.751887736061 40.690970349277)
57975606,06/22/2023 04:04:37 PM,07/03/2023 03:25:13 PM,HPD,Department of Housing Preservation and Development,DOOR/WINDOW,WINDOW FRAME,WINDOW STUCK CLOSED OR OPEN,RESIDENTIAL BUILDING,10032,532 WEST  159 STREET,WEST  159 STREET,,,,,ADDRESS,NEW YORK,,,Closed,,The Department of Housing Preservation and Development inspected the following conditions. No violations were issued. The complaint has been closed.,07/03/2023 12:00:00 AM,12 MANHATTAN,07,Precinct 33,1021170020,MANHATTAN,1000268,243322,PHONE,Unspecified,MANHATTAN,,,,,,,,40.83452350978867,-73.94211504489465,POINT (-73.942115044895 40.834523509789)
57976380,06/23/2023 01:08:14 AM,06/23/2023 09:59:17 PM,DOT,Department of Transportation,Street Condition,Plate Condition - Noisy,N/A,Street,11211,732 LORIMER STREET,LORIMER STREET,RICHARDSON STREET,BAYARD STREET,RICHARDSON STREET,BAYARD STREET,ADDRESS,BROOKLYN,LORIMER STREET,,Closed,,The condition was inspected and determined not to be under Department of Transportation's jurisdiction. The Department of Transportation notified the appropriate responsible party of the complaint.,06/23/2023 09:59:20 PM,01 BROOKLYN,33,Precinct 94,3027220007,BROOKLYN,998075,201136,ONLINE,Unspecified,BROOKLYN,,,,,,,,40.7187377828085,-73.9501267807489,POINT (-73.950126780749 40.718737782809)
57983607,06/23/2023 09:50:11 AM,06/26/2023 10:00:34 AM,DOT,Department of Transportation,Street Condition,Plate Condition - Noisy,N/A,Street,10001,330 8 AVENUE,8 AVENUE,WEST   26 STREET,WEST   27 STREET,WEST   26 STREET,WEST   27 STREET,ADDRESS,NEW YORK,8 AVENUE,,Closed,,"The Department of Transportation inspected the condition and issued a Corrective Action Repair (CAR) to the contractor or utility company. The responsible party has a maximum of 30 days to correct the condition. If the condition still exists, a summons will be issued. In some cases, the Department of Transportation will make the repairs and charge the responsible party for the costs.",06/26/2023 10:00:37 AM,05 MANHATTAN,03,Precinct 10,1007760004,MANHATTAN,985119,211615,ONLINE,Unspecified,MANHATTAN,,,,,,,,40.74751082142942,-73.9968637581482,POINT (-73.996863758148 40.747510821429)
57976929,06/22/2023 11:07:23 AM,06/22/2023 07:32:48 PM,HPD,Department of Housing Preservation and Development,HEAT/HOT WATER,ENTIRE BUILDING,NO HOT WATER,RESIDENTIAL BUILDING,11221,10 PATCHEN AVENUE,PATCHEN AVENUE,,,,,ADDRESS,BROOKLYN,,,Closed,,The Department of Housing Preservation and Development conducted or attempted to conduct an inspection.  More information about inspection results can be found through HPD's website at www.nyc.gov/hpd by using HPDONLINE (enter your address on the home page) and entering your SR number under the complaint status option.,06/22/2023 12:00:00 AM,03 BROOKLYN,36,Precinct 81,3016120039,BROOKLYN,1004224,191564,PHONE,Unspecified,BROOKLYN,,,,,,,,40.69245316147029,-73.92797287293008,POINT (-73.92797287293 40.69245316147)
57972465,06/22/2023 06:24:26 PM,06/22/2023 07:13:25 PM,NYPD,New York City Police Department,Illegal Parking,Blocked Sidewalk,,Street/Sidewalk,11368,102-50 47 AVENUE,47 AVENUE,102 STREET,104 STREET,102 STREET,104 STREET,ADDRESS,CORONA,47 AVENUE,,Closed,,The Police Department responded and upon arrival those responsible for the condition were gone.,06/22/2023 07:13:31 PM,04 QUEENS,21,Precinct 110,,QUEENS,1022663,210794,MOBILE,Unspecified,QUEENS,,,,,,,,40.74517399677601,-73.86137136611549,POINT (-73.861371366115 40.745173996776)
57970944,06/21/2023 09:32:51 PM,06/22/2023 09:06:52 PM,HPD,Department of Housing Preservation and Development,HEAT/HOT WATER,APARTMENT ONLY,NO HOT WATER,RESIDENTIAL BUILDING,10027,281 ST NICHOLAS AVENUE,ST NICHOLAS AVENUE,,,,,ADDRESS,NEW YORK,,,Closed,,"The Department of Housing Preservation and Development contacted an occupant of the apartment and verified that the following conditions were corrected. The complaint has been closed. If the condition still exists, please file a new complaint.",06/22/2023 12:00:00 AM,09 MANHATTAN,09,Precinct 26,1019510014,MANHATTAN,997294,234526,PHONE,Unspecified,MANHATTAN,,,,,,,,40.81038587641199,-73.9528794166211,POINT (-73.952879416621 40.810385876412)
57978801,06/22/2023 10:53:00 PM,06/27/2023 11:48:00 PM,DEP,Department of Environmental Protection,Noise,Noise: Construction Before/After Hours (NM1),NM1,,10016,14 EAST   28 STREET,EAST   28 STREET,5 AVE,MADISON AVE,,,ADDRESS,NEW YORK,,N/A,Closed,,The Department of Environmental Protection determined that this complaint is a duplicate of a previously filed complaint. The original complaint is being addressed.,06/27/2023 11:48:00 PM,05 MANHATTAN,03,Precinct 13,1008570066,MANHATTAN,988022,210442,ONLINE,Unspecified,MANHATTAN,,,,,,,,40.744290468772896,-73.98638741946058,POINT (-73.986387419461 40.744290468773)
57979026,06/22/2023 11:15:22 PM,07/24/2023 01:33:32 PM,HPD,Department of Housing Preservation and Development,PAINT/PLASTER,CABINET,PEELING OR FLAKING PAINT,RESIDENTIAL BUILDING,11223,1741 EAST    7 STREET,EAST    7 STREET,,,,,ADDRESS,BROOKLYN,,,Closed,,The Department of Housing Preservation and Development inspected the following conditions. Violations were issued. Information about specific violations is available at www.nyc.gov/hpd,07/24/2023 12:00:00 AM,15 BROOKLYN,44,Precinct 61,3066390062,BROOKLYN,993678,160892,PHONE,Unspecified,BROOKLYN,,,,,,,,40.60828271589438,-73.96604508238495,POINT (-73.966045082385 40.608282715894)
57979755,06/22/2023 03:31:43 PM,06/22/2023 04:10:50 PM,NYPD,New York City Police Department,Illegal Parking,Blocked Sidewalk,,Street/Sidewalk,10013,250 WEST STREET,WEST STREET,WASHINGTON STREET,WEST STREET,WASHINGTON STREET,WEST STREET,ADDRESS,NEW YORK,WEST STREET,,Closed,,The Police Department responded to the complaint and took action to fix the condition.,06/22/2023 04:10:53 PM,01 MANHATTAN,01,Precinct 1,1002177503,MANHATTAN,981113,202213,ONLINE,Unspecified,MANHATTAN,,,,,,,,40.721704134391594,-74.01131712436428,POINT (-74.011317124364 40.721704134392)
57971592,06/22/2023 08:39:18 AM,06/23/2023 03:33:48 PM,DSNY,Department of Sanitation,Missed Collection,Recycling - Paper,N/A,Street,11373,51-67 MANILLA STREET,MANILLA STREET,51 AVENUE,KNEELAND AVENUE,51 AVENUE,KNEELAND AVENUE,ADDRESS,ELMHURST,MANILLA STREET,,Closed,,The Department of Sanitation investigated this complaint and found no condition at the location.,06/22/2023 11:53:12 PM,04 QUEENS,30,Precinct 110,4024720189,QUEENS,1016419,207283,PHONE,Unspecified,QUEENS,,,,,,,,40.7355621010174,-73.88392209250797,POINT (-73.883922092508 40.735562101017)
57977316,06/22/2023 10:18:55 PM,06/22/2023 11:08:11 PM,NYPD,New York City Police Department,Illegal Parking,Double Parked Blocking Traffic,,Street/Sidewalk,10303,100 HARBOR ROAD,HARBOR ROAD,RICHMOND TERRACE,STATEN ISLAND RAILWAY LINE,RICHMOND TERRACE,STATEN ISLAND RAILWAY LINE,ADDRESS,STATEN ISLAND,HARBOR ROAD,,Closed,,The Police Department responded to the complaint and with the information available observed no evidence of the violation at that time.,06/22/2023 11:08:18 PM,01 STATEN ISLAND,49,Precinct 121,5012360164,STATEN ISLAND,939766,170629,ONLINE,Unspecified,STATEN ISLAND,,,,,,,,40.634902064727825,-74.16027300225397,POINT (-74.160273002254 40.634902064728)
57984480,06/23/2023 07:16:00 AM,06/23/2023 11:18:00 PM,DSNY,Department of Sanitation,Derelict Vehicles,Derelict Vehicles,,Street,11356,11-40 128 STREET,128 STREET,11 AVENUE,14 AVENUE,,,ADDRESS,COLLEGE POINT,,,Closed,,The Department of Sanitation (DSNY) couldn't find the condition. Please file a new Service Request with more details about the location.,06/23/2023 12:00:00 PM,07 QUEENS,19,Precinct 109,4040040064,QUEENS,1028528,226204,PHONE,Unspecified,QUEENS,,,,,,,,40.78744296556175,-73.84010370411704,POINT (-73.840103704117 40.787442965562)
57976731,06/22/2023 04:04:41 PM,05/13/2025 04:52:00 PM,DPR,Department of Parks and Recreation,New Tree Request,For One Address,Street Tree,Street,11210,1279 EAST   24 STREET,EAST   24 STREET,AVENUE L,AVENUE M,AVENUE L,AVENUE M,ADDRESS,BROOKLYN,EAST   24 STREET,,Closed,,"In an effort to more fully and efficiently service each city block, NYC Parks is shifting their street tree planting program to a neighborhood approach.  If the site that you requested meets the criteria for planting, NYC Parks will plant a tree through their new Neighborhood Tree Planting Program.   NYC Parks is no longer accepting new tree planting requests. Each neighborhood will be surveyed, inspected, and planted sequentially. NYC Parks foresters will be conducting tree removal, stump removal, and planting block by block and closing all unplantable tree beds. The most heat-vulnerable neighborhoods will be prioritized first.  To learn more about this program, visit nyc.gov/parks/street-tree-planting.  To learn more about the trees in your neighborhood, visit the NYC Tree Map at nyc.gov/parks/treemap.",05/13/2025 04:52:39 PM,14 BROOKLYN,45,Precinct 70,3076420011,BROOKLYN,997758,165046,UNKNOWN,Unspecified,BROOKLYN,,,,,,,,40.619679306267095,-73.95134266537939,POINT (-73.951342665379 40.619679306267)
57983760,06/23/2023 10:19:34 PM,06/24/2023 12:07:40 AM,NYPD,New York City Police Department,Illegal Parking,Commercial Overnight Parking,,Street/Sidewalk,10465,754 SWINTON AVENUE,SWINTON AVENUE,CROSS BRONX EXPRESSWAY,PHILIP AVENUE,CROSS BRONX EXPRESSWAY,PHILIP AVENUE,ADDRESS,BRONX,SWINTON AVENUE,,Closed,,The Police Department responded to the complaint and determined that police action was not necessary.,06/24/2023 12:07:44 AM,10 BRONX,13,Precinct 45,2055460136,BRONX,1032238,240173,ONLINE,Unspecified,BRONX,,,,,,,,40.82576457387,-73.82660636847467,POINT (-73.826606368475 40.82576457387)
57976947,06/22/2023 11:39:18 PM,06/23/2023 12:12:33 AM,NYPD,New York City Police Department,Noise - Vehicle,Car/Truck Music,,Street/Sidewalk,11221,945 WILLOUGHBY AVENUE,WILLOUGHBY AVENUE,CHARLES PLACE,EVERGREEN AVENUE,CHARLES PLACE,EVERGREEN AVENUE,ADDRESS,BROOKLYN,WILLOUGHBY AVENUE,,Closed,,The Police Department responded to the complaint and with the information available observed no evidence of the violation at that time.,06/23/2023 12:12:37 AM,04 BROOKLYN,34,Precinct 83,3031830062,BROOKLYN,1003406,193468,ONLINE,Unspecified,BROOKLYN,,,,,,,,40.69768100655816,-73.9309172011075,POINT (-73.930917201107 40.697681006558)
57976254,06/22/2023 10:19:14 AM,06/22/2023 11:31:01 AM,DSNY,Department of Sanitation,Dirty Condition,Trash,Not Cleaned by Property Owner,Sidewalk,10454,252 ST ANNS AVENUE,ST ANNS AVENUE,EAST  138 STREET,EAST  139 STREET,EAST  138 STREET,EAST  139 STREET,ADDRESS,BRONX,ST ANNS AVENUE,,Closed,,The Department of Sanitation will address the situation at the location by providing educational outreach about proper sanitation procedures.,06/22/2023 11:31:06 AM,01 BRONX,08,Precinct 40,2025510001,BRONX,1007152,233343,ONLINE,Unspecified,BRONX,,,,,,,,40.80711881567725,-73.91727209914131,POINT (-73.917272099141 40.807118815677)
57983292,06/24/2023 12:05:59 AM,06/24/2023 12:45:22 AM,NYPD,New York City Police Department,Noise - Street/Sidewalk,Loud Talking,,Street/Sidewalk,10462,1803 BOGART AVENUE,BOGART AVENUE,MORRIS PARK AVENUE,RHINELANDER AVENUE,MORRIS PARK AVENUE,RHINELANDER AVENUE,ADDRESS,BRONX,BOGART AVENUE,,Closed,,The Police Department responded to the complaint and with the information available observed no evidence of the violation at that time.,06/24/2023 12:45:27 AM,11 BRONX,13,Precinct 49,2041240035,BRONX,1023494,248143,ONLINE,Unspecified,BRONX,,,,,,,,40.847683064856156,-73.8581541135162,POINT (-73.858154113516 40.847683064856)
57976065,06/22/2023 07:06:00 PM,06/22/2023 11:14:19 PM,NYPD,New York City Police Department,Illegal Parking,Blocked Hydrant,,Street/Sidewalk,11419,107-10 120 STREET,120 STREET,107 AVENUE,109 AVENUE,107 AVENUE,109 AVENUE,ADDRESS,SOUTH RICHMOND HILL,120 STREET,,Closed,,The Police Department responded to the complaint and took action to fix the condition.,06/22/2023 11:14:23 PM,10 QUEENS,28,Precinct 106,4095990017,QUEENS,1033584,188581,PHONE,Unspecified,QUEENS,,,,,,,,40.68415056591931,-73.82212146259369,POINT (-73.822121462594 40.684150565919)
57982572,06/23/2023 07:53:03 AM,06/23/2023 08:08:33 AM,NYPD,New York City Police Department,Illegal Parking,Blocked Hydrant,,Street/Sidewalk,11206,151 ELLERY STREET,ELLERY STREET,TOMPKINS AVENUE,DELMONICO PLACE,TOMPKINS AVENUE,DELMONICO PLACE,ADDRESS,BROOKLYN,ELLERY STREET,,Closed,,Your request can not be processed at this time because of insufficient contact information. Please create a new Service Request on NYC.gov and provide more detailed contact information.,06/23/2023 08:09:17 AM,03 BROOKLYN,36,Precinct 79,3017260130,BROOKLYN,999036,193830,MOBILE,Unspecified,BROOKLYN,,,,,,,,40.698682992499286,-73.94667605066927,POINT (-73.946676050669 40.698682992499)
57987711,06/23/2023 09:45:07 AM,06/27/2023 07:30:50 PM,HPD,Department of Housing Preservation and Development,DOOR/WINDOW,WINDOW FRAME,LOOSE OR DEFECTIVE,RESIDENTIAL BUILDING,11232,471 40 STREET,40 STREET,,,,,ADDRESS,BROOKLYN,,,Closed,,The Department of Housing Preservation and Development inspected the following conditions. No violations were issued. The complaint has been closed.,06/27/2023 12:00:00 AM,07 BROOKLYN,38,Precinct 72,3007090046,BROOKLYN,982793,176517,PHONE,Unspecified,BROOKLYN,,,,,,,,40.65117493887164,-74.00525075512948,POINT (-74.005250755129 40.651174938872)
57987837,06/23/2023 10:51:03 PM,,DSNY,Department of Sanitation,Graffiti,Graffiti,,Comercial,10128,350 EAST   88 STREET,EAST   88 STREET,,,,,ADDRESS,NEW YORK,,N/A,Open,07/18/2023 08:06:58 AM,,07/25/2023 11:29:42 AM,08 MANHATTAN,05,Precinct 19,1015500031,MANHATTAN,998312,222913,UNKNOWN,Unspecified,MANHATTAN,,,,,,,,40.778509778543366,-73.94922627609174,POINT (-73.949226276092 40.778509778543)
57978468,06/22/2023 10:57:03 AM,06/22/2023 11:50:40 AM,NYPD,New York City Police Department,Illegal Parking,Blocked Bike Lane,,Street/Sidewalk,10003,331 FIRST AVENUE,FIRST AVENUE,EAST   19 STREET,EAST   20 STREET,EAST   19 STREET,EAST   20 STREET,ADDRESS,NEW YORK,1 AVENUE,,Closed,,The Police Department reviewed your complaint and provided additional information below.,06/22/2023 11:50:47 AM,06 MANHATTAN,02,Precinct 13,1009250034,MANHATTAN,989749,206864,MOBILE,Unspecified,MANHATTAN,,,,,,,,40.73446884178788,-73.98015786132495,POINT (-73.980157861325 40.734468841788)
57976443,06/22/2023 07:35:51 AM,07/27/2023 12:10:48 PM,EDC,Economic Development Corporation,Noise - Helicopter,Other,Flying Too Low,Above Address,11238,94 EASTERN PARKWAY,EASTERN PARKWAY,UNDERHILL AVENUE,WASHINGTON AVENUE,UNDERHILL AVENUE,WASHINGTON AVENUE,ADDRESS,BROOKLYN,EASTERN PARKWAY,,Closed,,"The New York City Economic Development Corporation determined that this issue is not within its jurisdiction because the helicopter did not belong to a tour company departing from a NYC heliport.Â  Instead, it was most likely a law enforcement or news gathering helicopter not subject to the routing protocols established for tour helicopters. It may also have been a helicopter that departed as a charter or tour from another City but flew over NYC airspace. Helicopter tours originating from outside NYC are not subject to the same City regulations as tours departing from heliports managed by NYCEDC. Any City regulation of these flights is pre-empted by federal law and subject only to the jurisdiction of the Federal Aviation Administration. To file a complaint with the FAA, you can contact the New York Flight Standards District Office at the following web address:Â https://www.faa.gov/about/office_org/field_offices/fsdo/",07/27/2023 12:10:54 PM,55 BROOKLYN,35,Precinct 78,,BROOKLYN,993733,184328,ONLINE,Unspecified,BROOKLYN,,,,,,,,40.672609449461476,-73.96581406003729,POINT (-73.965814060037 40.672609449461)
57972231,06/22/2023 08:42:24 PM,06/22/2023 11:17:54 PM,NYPD,New York City Police Department,Non-Emergency Police Matter,Trespassing,,Street/Sidewalk,10466,EAST  232 STREET,EAST  232 STREET,EAST  232 STREET,WHITE PLAINS ROAD,EAST  232 STREET,WHITE PLAINS ROAD,INTERSECTION,,,,Closed,,The Police Department responded to the complaint and with the information available observed no evidence of the violation at that time.,06/22/2023 11:17:58 PM,12 BRONX,11,Precinct 47,,BRONX,1023584,264564,ONLINE,Unspecified,BRONX,,,,,,,,40.892753229006566,-73.8577324168085,POINT (-73.857732416808 40.892753229007)
57984561,06/23/2023 07:12:01 AM,06/26/2023 12:37:54 AM,DHS,Department of Homeless Services,Homeless Person Assistance,,,Subway,,,,,,,,ADDRESS,,,,Closed,,"The mobile outreach response team offered services to the individual, but the individual did not accept assistance.",06/26/2023 12:37:54 AM,Unspecified MANHATTAN,,Unspecified,,MANHATTAN,1001323,249292,MOBILE,Unspecified,MANHATTAN,,,,A,,Fort Washington Av & W 181 St,Entrance,40.850907433425654,-73.93828734693483,POINT (-73.938287346935 40.850907433426)
57980565,06/22/2023 06:02:26 AM,07/27/2023 12:10:43 PM,EDC,Economic Development Corporation,Noise - Helicopter,Other,Flying Too Low,Above Address,11238,135 EASTERN PARKWAY,EASTERN PARKWAY,UNDERHILL AVENUE,WASHINGTON AVENUE,UNDERHILL AVENUE,WASHINGTON AVENUE,ADDRESS,BROOKLYN,EASTERN PARKWAY,,Closed,,"The New York City Economic Development Corporation determined that this issue is not within its jurisdiction because the helicopter did not belong to a tour company departing from a NYC heliport.Â  Instead, it was most likely a law enforcement or news gathering helicopter not subject to the routing protocols established for tour helicopters. It may also have been a helicopter that departed as a charter or tour from another City but flew over NYC airspace. Helicopter tours originating from outside NYC are not subject to the same City regulations as tours departing from heliports managed by NYCEDC. Any City regulation of these flights is pre-empted by federal law and subject only to the jurisdiction of the Federal Aviation Administration. To file a complaint with the FAA, you can contact the New York Flight Standards District Office at the following web address:Â https://www.faa.gov/about/office_org/field_offices/fsdo/",07/27/2023 12:10:47 PM,08 BROOKLYN,35,Precinct 77,3011790047,BROOKLYN,994156,184165,ONLINE,Unspecified,BROOKLYN,,,,,,,,40.67216158783738,-73.96428939702098,POINT (-73.964289397021 40.672161587837)
57971835,06/22/2023 03:56:00 PM,06/22/2023 04:55:00 PM,DEP,Department of Environmental Protection,Water System,Leak (Use Comments) (WA2),WA2,,11429,217-08 100 AVENUE,100 AVENUE,217 ST,99 AVE,,,ADDRESS,QUEENS VILLAGE,,,Closed,,The Department of Environmental Protection determined that this complaint is a duplicate of a previously filed complaint. The original complaint is being addressed.,06/22/2023 04:55:00 PM,13 QUEENS,27,Precinct 105,4107610007,QUEENS,1056028,200071,PHONE,Unspecified,QUEENS,,,,,,,,40.71553424390779,-73.74107537848765,POINT (-73.741075378488 40.715534243908)
57978360,06/22/2023 02:05:56 PM,06/23/2023 12:00:00 AM,DOB,Department of Buildings,General Construction/Plumbing,Landmark Bldg - Illegal Work,,,10014,277 BLEECKER STREET,BLEECKER STREET,,,,,ADDRESS,NEW YORK,,,Closed,,The Department of Buildings investigated this complaint and issued an Office of Administrative Trials and Hearings (OATH) summons.,06/23/2023 12:00:00 AM,02 MANHATTAN,03,Precinct 6,1005900011,MANHATTAN,983353,205839,UNKNOWN,Unspecified,MANHATTAN,,,,,,,,40.73165713266415,-74.00323652432014,POINT (-74.00323652432 40.731657132664)
57986865,06/23/2023 09:57:28 PM,06/23/2023 10:01:01 PM,NYPD,New York City Police Department,Noise - Commercial,Loud Talking,,Store/Commercial,11221,1122 BUSHWICK AVENUE,BUSHWICK AVENUE,WOODBINE STREET,MADISON STREET,WOODBINE STREET,MADISON STREET,ADDRESS,BROOKLYN,BUSHWICK AVENUE,,Closed,,The Police Department responded to the complaint and determined that police action was not necessary.,06/23/2023 10:01:05 PM,04 BROOKLYN,37,Precinct 83,3033570042,BROOKLYN,1006846,190565,MOBILE,Unspecified,BROOKLYN,,,,,,,,40.689704832006264,-73.91852118096368,POINT (-73.918521180964 40.689704832006)
57972375,06/22/2023 06:33:06 AM,06/22/2023 06:59:58 AM,NYPD,New York City Police Department,Illegal Parking,Posted Parking Sign Violation,,Street/Sidewalk,11220,253 BAY RIDGE AVENUE,BAY RIDGE AVENUE,BAY RIDGE PLACE,3 AVENUE,BAY RIDGE PLACE,3 AVENUE,ADDRESS,BROOKLYN,BAY RIDGE AVENUE,,Closed,,The Police Department issued a summons in response to the complaint.,06/22/2023 07:00:02 AM,10 BROOKLYN,47,Precinct 68,3058620062,BROOKLYN,976755,171006,MOBILE,Unspecified,BROOKLYN,,,,,,,,40.63604537841864,-74.02700445287016,POINT (-74.02700445287 40.636045378419)
57980718,06/22/2023 06:27:47 PM,06/22/2023 07:09:06 PM,NYPD,New York City Police Department,Noise - Residential,Banging/Pounding,,Residential Building/House,11212,109 CHRISTOPHER AVENUE,CHRISTOPHER AVENUE,GLENMORE AVENUE,PITKIN AVENUE,GLENMORE AVENUE,PITKIN AVENUE,ADDRESS,BROOKLYN,CHRISTOPHER AVENUE,,Closed,,The Police Department responded to the complaint and took action to fix the condition.,06/22/2023 07:09:15 PM,16 BROOKLYN,37,Precinct 73,3037090001,BROOKLYN,1010276,183759,ONLINE,Unspecified,BROOKLYN,,,,,,,,40.67101449556818,-73.90617925291212,POINT (-73.906179252912 40.671014495568)
57976164,06/22/2023 04:41:22 PM,06/22/2023 10:41:30 PM,NYPD,New York City Police Department,Illegal Parking,Posted Parking Sign Violation,,Street/Sidewalk,11435,139-66 PERSHING CRESCENT,PERSHING CRESCENT,MANTON STREET,LANDER STREET,MANTON STREET,LANDER STREET,ADDRESS,JAMAICA,PERSHING CRESCENT,,Closed,,The Police Department responded and upon arrival those responsible for the condition were gone.,06/22/2023 10:41:35 PM,08 QUEENS,24,Precinct 107,4097150133,QUEENS,1034975,198637,ONLINE,Unspecified,QUEENS,,,,,,,,40.71174402069532,-73.81703035719083,POINT (-73.817030357191 40.711744020695)
57973077,06/22/2023 01:12:14 PM,06/22/2023 01:14:45 PM,NYPD,New York City Police Department,Noise - Commercial,Loud Music/Party,,Store/Commercial,11216,1266 BEDFORD AVENUE,BEDFORD AVENUE,FULTON STREET,BREVOORT PLACE,FULTON STREET,BREVOORT PLACE,ADDRESS,BROOKLYN,BEDFORD AVENUE,,Closed,,The Police Department responded to the complaint and determined that police action was not necessary.,06/22/2023 01:14:54 PM,03 BROOKLYN,36,Precinct 79,3020170039,BROOKLYN,997188,187204,ONLINE,Unspecified,BROOKLYN,,,,,,,,40.680499044251285,-73.95335336624767,POINT (-73.953353366248 40.680499044251)
57985065,06/23/2023 07:57:30 PM,06/23/2023 08:08:37 PM,NYPD,New York City Police Department,Illegal Parking,Posted Parking Sign Violation,,Street/Sidewalk,11217,470 DEAN STREET,DEAN STREET,FLATBUSH AVENUE,6 AVENUE,FLATBUSH AVENUE,6 AVENUE,ADDRESS,BROOKLYN,DEAN STREET,,Closed,,The Police Department responded to the complaint and determined that police action was not necessary.,06/23/2023 08:08:42 PM,06 BROOKLYN,35,Precinct 78,3011357501,BROOKLYN,991175,187625,MOBILE,Unspecified,BROOKLYN,,,,,,,,40.68166134001972,-73.9750321875096,POINT (-73.97503218751 40.68166134002)
57982320,06/24/2023 02:01:54 AM,06/24/2023 02:49:19 AM,NYPD,New York City Police Department,Abandoned Vehicle,With License Plate,,Street/Sidewalk,11433,155-19 113 AVENUE,113 AVENUE,155 STREET,156 STREET,155 STREET,156 STREET,ADDRESS,JAMAICA,113 AVENUE,,Closed,,This complaint does not fall under the Police Department's jurisdiction.,06/24/2023 02:49:22 AM,12 QUEENS,28,Precinct 113,,QUEENS,1041847,189929,ONLINE,Unspecified,QUEENS,,,,,,,,40.687800595199086,-73.79231699240047,POINT (-73.7923169924 40.687800595199)
57978378,06/22/2023 02:35:00 AM,06/26/2023 10:23:00 AM,DEP,Department of Environmental Protection,Noise,"Noise, Barking Dog (NR5)",NR5,,11354,135-15 40 ROAD,40 ROAD,PRINCE ST,MAIN ST,,,ADDRESS,FLUSHING,,N/A,Closed,,The Department of Environmental Protection researched this complaint and determined that it could be closed.,06/26/2023 10:23:00 AM,07 QUEENS,20,Precinct 109,4050360050,QUEENS,1031310,215799,PHONE,Unspecified,QUEENS,,,,,,,,40.75886964114406,-73.83013026118377,POINT (-73.830130261184 40.758869641144)
57986730,06/24/2023 01:36:38 AM,06/24/2023 01:57:41 AM,NYPD,New York City Police Department,Noise - Residential,Loud Music/Party,,Residential Building/House,11237,17 WYCKOFF AVENUE,WYCKOFF AVENUE,JEFFERSON STREET,TROUTMAN STREET,JEFFERSON STREET,TROUTMAN STREET,ADDRESS,BROOKLYN,WYCKOFF AVENUE,,Closed,,The Police Department responded to the complaint and with the information available observed no evidence of the violation at that time.,06/24/2023 01:57:47 AM,04 BROOKLYN,34,Precinct 83,3031770002,BROOKLYN,1005593,196749,ONLINE,Unspecified,BROOKLYN,,,,,,,,40.706681574572954,-73.92301976969341,POINT (-73.923019769693 40.706681574573)
57972105,06/22/2023 08:19:23 PM,06/22/2023 08:52:55 PM,NYPD,New York City Police Department,Blocked Driveway,No Access,,Street/Sidewalk,11368,103-18 OTIS AVENUE,OTIS AVENUE,60 AVENUE,XENIA STREET,60 AVENUE,XENIA STREET,ADDRESS,CORONA,OTIS AVENUE,,Closed,,The Police Department responded to the complaint and with the information available observed no evidence of the violation at that time.,06/22/2023 08:52:57 PM,04 QUEENS,21,Precinct 110,4019560132,QUEENS,1024203,207987,PHONE,Unspecified,QUEENS,,,,,,,,40.73746266749813,-73.85583034411663,POINT (-73.855830344117 40.737462667498)
57975948,06/22/2023 01:16:27 PM,06/24/2023 11:59:17 AM,DSNY,Department of Sanitation,Obstruction,Weeds or Grass,Sidewalk,Sidewalk,11212,95 ROCKAWAY PARKWAY,ROCKAWAY PARKWAY,RUTLAND ROAD,WINTHROP STREET,RUTLAND ROAD,WINTHROP STREET,ADDRESS,BROOKLYN,ROCKAWAY PARKWAY,,Closed,,The Department of Sanitation investigated this complaint and no DSNY related conditions/violations were observed. Location will be referred to the appropriate agency for further action.,06/24/2023 11:59:16 AM,17 BROOKLYN,41,Precinct 67,3046160077,BROOKLYN,1005542,181178,PHONE,Unspecified,BROOKLYN,,,,,,,,40.66394287921009,-73.92325292237976,POINT (-73.92325292238 40.66394287921)
57970620,06/21/2023 07:47:40 PM,06/21/2023 09:23:24 PM,NYPD,New York City Police Department,Noise - Commercial,Loud Music/Party,,Store/Commercial,10452,EAST MOUNT EDEN AVENUE,EAST MOUNT EDEN AVENUE,EAST MOUNT EDEN AVENUE,JEROME AVENUE,EAST MOUNT EDEN AVENUE,JEROME AVENUE,INTERSECTION,,,,Closed,,The Police Department responded to the complaint and took action to fix the condition.,06/21/2023 09:23:29 PM,04 BRONX,16,Precinct 44,,BRONX,1007839,246906,ONLINE,Unspecified,BRONX,,,,,,,,40.8443435657075,-73.91474279614735,POINT (-73.914742796147 40.844343565708)
57970926,06/21/2023 05:48:08 PM,06/21/2023 06:23:03 PM,NYPD,New York City Police Department,Encampment,N/A,,Street/Sidewalk,10009,74 AVENUE A,AVENUE A,EAST    5 STREET,EAST    6 STREET,EAST    5 STREET,EAST    6 STREET,ADDRESS,NEW YORK,AVENUE A,,Closed,,The Police Department visited the location and has referred the complaint to the Department of Homeless Services (DHS) for further action. DHS will inspect the condition and update your Service Request with more information.,06/21/2023 06:23:07 PM,03 MANHATTAN,02,Precinct 9,,MANHATTAN,988594,203396,ONLINE,Unspecified,MANHATTAN,,,,,,,,40.72495067256517,-73.9843277069479,POINT (-73.984327706948 40.724950672565)
57976767,06/22/2023 05:36:42 AM,07/27/2023 12:19:35 PM,EDC,Economic Development Corporation,Noise - Helicopter,Other,Flying Too Low,Above Address,10025,214 WEST  102 STREET,WEST  102 STREET,AMSTERDAM AVENUE,BROADWAY,AMSTERDAM AVENUE,BROADWAY,ADDRESS,NEW YORK,WEST  102 STREET,,Closed,,"The New York City Economic Development Corporation determined that this issue is not within its jurisdiction because the helicopter did not belong to a tour company departing from a NYC heliport.Â  Instead, it was most likely a law enforcement or news gathering helicopter not subject to the routing protocols established for tour helicopters. It may also have been a helicopter that departed as a charter or tour from another City but flew over NYC airspace. Helicopter tours originating from outside NYC are not subject to the same City regulations as tours departing from heliports managed by NYCEDC. Any City regulation of these flights is pre-empted by federal law and subject only to the jurisdiction of the Federal Aviation Administration. To file a complaint with the FAA, you can contact the New York Flight Standards District Office at the following web address:Â https://www.faa.gov/about/office_org/field_offices/fsdo/",07/27/2023 12:19:39 PM,07 MANHATTAN,07,Precinct 24,1018730041,MANHATTAN,993042,230062,ONLINE,Unspecified,MANHATTAN,,,,,,,,40.798138679135754,-73.96824532821826,POINT (-73.968245328218 40.798138679136)
57980349,06/22/2023 10:27:10 AM,06/22/2023 02:52:51 PM,NYPD,New York City Police Department,Blocked Driveway,No Access,,Street/Sidewalk,11208,297 ESSEX STREET,ESSEX STREET,ATLANTIC AVENUE,LIBERTY AVENUE,ATLANTIC AVENUE,LIBERTY AVENUE,ADDRESS,BROOKLYN,ESSEX STREET,,Closed,,The Police Department responded and upon arrival those responsible for the condition were gone.,06/22/2023 02:52:55 PM,05 BROOKLYN,37,Precinct 75,,BROOKLYN,1016856,185948,PHONE,Unspecified,BROOKLYN,,,,,,,,40.677001014016675,-73.88244854318668,POINT (-73.882448543187 40.677001014017)
57984345,06/23/2023 09:04:34 PM,06/23/2023 09:20:22 PM,NYPD,New York City Police Department,Noise - Residential,Loud Music/Party,,Residential Building/House,11235,4529 BEDFORD AVENUE,BEDFORD AVENUE,AVENUE X,AVENUE Y,AVENUE X,AVENUE Y,ADDRESS,BROOKLYN,BEDFORD AVENUE,,Closed,,The Police Department responded to the complaint and took action to fix the condition.,06/23/2023 09:20:25 PM,15 BROOKLYN,48,Precinct 61,3074220642,BROOKLYN,999519,154773,ONLINE,Unspecified,BROOKLYN,,,,,,,,40.59147916429869,-73.94502257158744,POINT (-73.945022571587 40.591479164299)
57981636,06/23/2023 09:46:57 AM,06/24/2023 12:05:17 PM,DSNY,Department of Sanitation,Dirty Condition,Trash,Not Cleaned by Property Owner,Yard,11233,284 SUMPTER STREET,SUMPTER STREET,THOMAS S BOYLAND STREET,ROCKAWAY AVENUE,THOMAS S BOYLAND STREET,ROCKAWAY AVENUE,ADDRESS,BROOKLYN,SUMPTER STREET,,Closed,,The Department of Sanitation investigated this complaint and no DSNY related conditions/violations were observed. Location will be referred to the appropriate agency for further action.,06/24/2023 12:05:17 PM,16 BROOKLYN,41,Precinct 73,3015270019,BROOKLYN,1008427,187324,PHONE,Unspecified,BROOKLYN,,,,,,,,40.6808048546235,-73.91283189296993,POINT (-73.91283189297 40.680804854624)
57986037,06/23/2023 09:33:22 PM,06/23/2023 11:10:35 PM,NYPD,New York City Police Department,Illegal Parking,Blocked Hydrant,,Street/Sidewalk,11219,1343 67 STREET,67 STREET,13 AVENUE,14 AVENUE,13 AVENUE,14 AVENUE,ADDRESS,BROOKLYN,67 STREET,,Closed,,The Police Department responded and upon arrival those responsible for the condition were gone.,06/23/2023 11:10:39 PM,10 BROOKLYN,43,Precinct 68,3057610061,BROOKLYN,983769,166700,ONLINE,Unspecified,BROOKLYN,,,,,,,,40.624229475391786,-74.00173273410512,POINT (-74.001732734105 40.624229475392)
57983202,06/23/2023 08:45:57 AM,06/23/2023 09:08:01 AM,NYPD,New York City Police Department,Noise - Residential,Loud Talking,,Residential Building/House,10033,245 WADSWORTH AVENUE,WADSWORTH AVENUE,WEST  185 STREET,WEST  186 STREET,WEST  185 STREET,WEST  186 STREET,ADDRESS,NEW YORK,WADSWORTH AVENUE,,Closed,,The Police Department responded and upon arrival those responsible for the condition were gone.,06/23/2023 09:08:07 AM,12 MANHATTAN,10,Precinct 34,1021660033,MANHATTAN,1002783,249870,MOBILE,Unspecified,MANHATTAN,,,,,,,,40.85249092762839,-73.93300838489216,POINT (-73.933008384892 40.852490927628)
57978036,06/22/2023 11:43:56 PM,06/22/2023 11:56:03 PM,NYPD,New York City Police Department,Noise - Residential,Loud Music/Party,,Residential Building/House,11226,123 LINDEN BOULEVARD,LINDEN BOULEVARD,BEDFORD AVENUE,ROGERS AVENUE,BEDFORD AVENUE,ROGERS AVENUE,ADDRESS,BROOKLYN,LINDEN BOULEVARD,,Closed,,The Police Department responded to the complaint and took action to fix the condition.,06/22/2023 11:56:06 PM,17 BROOKLYN,40,Precinct 67,3050840084,BROOKLYN,996951,176972,ONLINE,Unspecified,BROOKLYN,,,,,,,,40.6524148264688,-73.95422712196176,POINT (-73.954227121962 40.652414826469)
57978063,06/22/2023 12:25:31 PM,06/22/2023 12:30:46 PM,NYPD,New York City Police Department,Non-Emergency Police Matter,Other (complaint details),,Street/Sidewalk,10035,232 EAST  122 STREET,EAST  122 STREET,3 AVENUE,2 AVENUE,3 AVENUE,2 AVENUE,ADDRESS,NEW YORK,EAST  122 STREET,,Closed,,The Police Department responded to the complaint and took action to fix the condition.,06/22/2023 12:30:51 PM,11 MANHATTAN,08,Precinct 25,1017860035,MANHATTAN,1001863,231256,ONLINE,Unspecified,MANHATTAN,,,,,,,,40.80140270274994,-73.93638279163261,POINT (-73.936382791633 40.80140270275)
57975732,06/22/2023 11:10:49 PM,06/22/2023 11:26:39 PM,NYPD,New York City Police Department,Noise - Street/Sidewalk,Loud Music/Party,,Street/Sidewalk,10032,83 ST NICHOLAS PLACE,ST NICHOLAS PLACE,WEST  153 STREET,EDGECOMBE AVENUE,WEST  153 STREET,EDGECOMBE AVENUE,ADDRESS,NEW YORK,ST NICHOLAS PLACE,,Closed,,The Police Department responded to the complaint and took action to fix the condition.,06/22/2023 11:26:43 PM,09 MANHATTAN,09,Precinct 30,1020690011,MANHATTAN,1000674,241561,ONLINE,Unspecified,MANHATTAN,,,,,,,,40.82968932642495,-73.94065217670709,POINT (-73.940652176707 40.829689326425)
57973239,06/22/2023 10:48:09 PM,06/22/2023 10:57:56 PM,NYPD,New York City Police Department,Noise - Residential,Loud Talking,,Residential Building/House,11221,953 DEKALB AVENUE,DEKALB AVENUE,MARCUS GARVEY BOULEVARD,LEWIS AVENUE,MARCUS GARVEY BOULEVARD,LEWIS AVENUE,ADDRESS,BROOKLYN,DEKALB AVENUE,,Closed,,The Police Department responded to the complaint and with the information available observed no evidence of the violation at that time.,06/22/2023 10:58:01 PM,03 BROOKLYN,36,Precinct 81,3015970001,BROOKLYN,1001602,191756,ONLINE,Unspecified,BROOKLYN,,,,,,,,40.69298568613683,-73.9374274228241,POINT (-73.937427422824 40.692985686137)
57984984,06/23/2023 09:41:53 PM,06/23/2023 10:31:16 PM,NYPD,New York City Police Department,Illegal Parking,Blocked Hydrant,,Street/Sidewalk,11234,1866 EAST   51 STREET,EAST   51 STREET,AVENUE O,FILLMORE AVENUE,AVENUE O,FILLMORE AVENUE,ADDRESS,BROOKLYN,EAST   51 STREET,,Closed,,The Police Department issued a summons in response to the complaint.,06/23/2023 10:31:21 PM,18 BROOKLYN,46,Precinct 63,3084900075,BROOKLYN,1004947,163335,MOBILE,Unspecified,BROOKLYN,,,,,,,,40.6149690905587,-73.92545233456181,POINT (-73.925452334562 40.614969090559)
59450481,10/05/2023 07:14:15 AM,10/05/2023 12:00:00 AM,HPD,Department of Housing Preservation and Development,Heat/Hot Water,Entire Building,No Hot Water,Building-Wide,11208,790 ELDERT LANE,ELDERT LANE,DUMONT AVENUE,LINDEN BOULEVARD,DUMONT AVENUE,LINDEN BOULEVARD,ADDRESS,BROOKLYN,ELDERT LANE,,Closed,,,10/05/2023 12:00:00 AM,05 BROOKLYN,42,Precinct 75,3042719001,BROOKLYN,1022225,183607,PHONE,Unspecified,BROOKLYN,,,,,,,,40.67055409879978,-73.8631053928292,POINT (-73.863105392829 40.6705540988)
57973932,06/22/2023 04:36:27 AM,,EDC,Economic Development Corporation,Noise - Helicopter,Other,Flying Too Low,Above Address,11238,135 EASTERN PARKWAY,EASTERN PARKWAY,UNDERHILL AVENUE,WASHINGTON AVENUE,UNDERHILL AVENUE,WASHINGTON AVENUE,ADDRESS,BROOKLYN,EASTERN PARKWAY,,In Progress,,,,08 BROOKLYN,35,Precinct 77,3011790047,BROOKLYN,994156,184165,ONLINE,Unspecified,BROOKLYN,,,,,,,,40.67216158783738,-73.96428939702098,POINT (-73.964289397021 40.672161587837)
57975822,06/22/2023 07:41:00 AM,06/26/2023 06:36:00 AM,DEP,Department of Environmental Protection,Noise,Noise: Alarms (NR3),NR3,,10025,20 WEST  109 STREET,WEST  109 STREET,CENTRAL PARK W,MANHATTAN AVE,,,ADDRESS,NEW YORK,,N/A,Closed,,The Department of Environmental Protection researched this complaint and determined that it could be closed.,06/26/2023 06:36:00 AM,07 MANHATTAN,07,Precinct 24,1018440020,MANHATTAN,995427,230884,ONLINE,Unspecified,MANHATTAN,,,,,,,,40.80039214980334,-73.9596298923495,POINT (-73.959629892349 40.800392149803)
57972933,06/22/2023 08:02:17 PM,06/22/2023 08:54:16 PM,NYPD,New York City Police Department,Blocked Driveway,Partial Access,,Street/Sidewalk,10306,29 CLAWSON STREET,CLAWSON STREET,COLFAX AVENUE,LINCOLN AVENUE,COLFAX AVENUE,LINCOLN AVENUE,ADDRESS,STATEN ISLAND,CLAWSON STREET,,Closed,,The Police Department responded to the complaint and with the information available observed no evidence of the violation at that time.,06/22/2023 08:54:21 PM,02 STATEN ISLAND,50,Precinct 122,5035880057,STATEN ISLAND,955083,149957,MOBILE,Unspecified,STATEN ISLAND,,,,,,,,40.578225372648916,-74.10499762468739,POINT (-74.104997624687 40.578225372649)
57982419,06/23/2023 10:32:26 AM,07/05/2023 12:00:00 AM,DSNY,Department of Sanitation,Graffiti,Graffiti,,Mixed Use,11219,5610 NEW UTRECHT AVENUE,NEW UTRECHT AVENUE,,,,,ADDRESS,BROOKLYN,,N/A,Closed,07/23/2023 10:32:26 AM,The City has removed the graffiti from this property.,07/05/2023 12:29:13 PM,12 BROOKLYN,44,Precinct 66,3056910014,BROOKLYN,985434,169028,UNKNOWN,Unspecified,BROOKLYN,,,,,,,,40.630619279718694,-73.99573439998407,POINT (-73.995734399984 40.630619279719)
57971790,06/23/2023 01:10:38 AM,06/23/2023 01:53:21 AM,NYPD,New York City Police Department,Blocked Driveway,No Access,,Street/Sidewalk,11368,104-23 48 AVENUE,48 AVENUE,104 STREET,108 STREET,104 STREET,108 STREET,ADDRESS,CORONA,48 AVENUE,,Closed,,The Police Department issued a summons in response to the complaint.,06/23/2023 01:53:30 AM,04 QUEENS,21,Precinct 110,4019910078,QUEENS,1023384,210806,MOBILE,Unspecified,QUEENS,,,,,,,,40.74520377249032,-73.85876928464565,POINT (-73.858769284646 40.74520377249)
57974715,06/22/2023 06:41:15 AM,07/26/2024 12:00:00 AM,DOB,Department of Buildings,General Construction/Plumbing,Curb Cut/Driveway/Carport - Illegal,,,11228,43 BAY   11 STREET,BAY   11 STREET,,,,,ADDRESS,BROOKLYN,,,Closed,,The Department of Buildings investigated this complaint and determined that no further action was necessary.,07/26/2024 12:00:00 AM,11 BROOKLYN,50,Precinct 62,3063620023,BROOKLYN,981767,161391,UNKNOWN,Unspecified,BROOKLYN,,,,,,,,40.609657036152285,-74.00894270196342,POINT (-74.008942701963 40.609657036152)
57986334,06/23/2023 09:06:51 AM,06/23/2023 09:36:33 AM,NYPD,New York City Police Department,Illegal Parking,Blocked Hydrant,,Street/Sidewalk,11236,658 EAST   82 STREET,EAST   82 STREET,FARRAGUT ROAD,GLENWOOD ROAD,FARRAGUT ROAD,GLENWOOD ROAD,ADDRESS,BROOKLYN,EAST   82 STREET,,Closed,,The Police Department responded to the complaint and took action to fix the condition.,06/23/2023 09:36:36 AM,18 BROOKLYN,46,Precinct 69,3079860064,BROOKLYN,1008078,171935,ONLINE,Unspecified,BROOKLYN,,,,,,,,40.638566405164,-73.91414456229032,POINT (-73.91414456229 40.638566405164)
57976965,06/22/2023 07:15:40 PM,06/23/2023 12:53:46 AM,NYPD,New York City Police Department,Noise - Residential,Loud Music/Party,,Residential Building/House,11420,131-02 135 PLACE,135 PLACE,131 AVENUE,133 AVENUE,131 AVENUE,133 AVENUE,ADDRESS,SOUTH OZONE PARK,135 PLACE,,Closed,,The Police Department responded to the complaint and with the information available observed no evidence of the violation at that time.,06/23/2023 12:53:49 AM,10 QUEENS,28,Precinct 106,4117800124,QUEENS,1038992,183534,MOBILE,Unspecified,QUEENS,,,,,,,,40.67026593166074,-73.80266344972618,POINT (-73.802663449726 40.670265931661)
57984840,06/23/2023 10:22:31 PM,06/24/2023 02:26:36 AM,NYPD,New York City Police Department,Illegal Parking,Blocked Hydrant,,Street/Sidewalk,10470,4299 VIREO AVENUE,VIREO AVENUE,EAST  236 STREET,EAST  237 STREET,EAST  236 STREET,EAST  237 STREET,ADDRESS,BRONX,VIREO AVENUE,,Closed,,The Police Department issued a summons in response to the complaint.,06/24/2023 02:26:39 AM,12 BRONX,11,Precinct 47,2033850084,BRONX,1021945,266833,MOBILE,Unspecified,BRONX,,,,,,,,40.89898805734182,-73.86364774990085,POINT (-73.863647749901 40.898988057342)
57970647,06/21/2023 02:50:00 PM,06/21/2023 08:45:00 PM,DEP,Department of Environmental Protection,Sewer,Sewer Backup (Use Comments) (SA),SA,,11226,262 EAST   25 STREET,EAST   25 STREET,CORTELYOU RD,CLARENDON RD,,,ADDRESS,BROOKLYN,,,Closed,,The Department of Environmental Protection investigated this complaint and found there was no sewer back up in the city system at the time of the inspection.,06/21/2023 08:45:00 PM,17 BROOKLYN,40,Precinct 67,3051680032,BROOKLYN,997117,173756,ONLINE,Unspecified,BROOKLYN,,,,,,,,40.6435873642966,-73.9536350126144,POINT (-73.953635012614 40.643587364297)
57982365,06/24/2023 01:59:02 AM,06/24/2023 02:58:24 AM,NYPD,New York City Police Department,Illegal Parking,Commercial Overnight Parking,,Street/Sidewalk,11365,HORACE HARDING EXPRESSWAY,HORACE HARDING EXPRESSWAY,198 STREET,HORACE HARDING EXPRESSWAY,198 STREET,HORACE HARDING EXPRESSWAY,INTERSECTION,,,,Closed,,The Police Department responded to the complaint and determined that police action was not necessary.,06/24/2023 02:58:27 AM,11 QUEENS,20,Precinct 111,,QUEENS,1045818,210166,MOBILE,Unspecified,QUEENS,,,,,,,,40.743319405651874,-73.77781335143,POINT (-73.77781335143 40.743319405652)
57976722,06/22/2023 11:59:31 PM,06/23/2023 01:51:41 AM,NYPD,New York City Police Department,Noise - Park,Loud Talking,,Park/Playground,11004,81-14 256 STREET,256 STREET,81 AVENUE,82 AVENUE,81 AVENUE,82 AVENUE,ADDRESS,GLEN OAKS,256 STREET,,Closed,,The Police Department responded to the complaint and with the information available observed no evidence of the violation at that time.,06/23/2023 01:51:46 AM,13 QUEENS,23,Precinct 105,,QUEENS,1063539,209645,PHONE,Hillside Playground,QUEENS,,,,,,,,40.74174827087708,-73.71386833776103,POINT (-73.713868337761 40.741748270877)
57972240,06/22/2023 10:39:18 AM,06/30/2023 07:30:08 PM,HPD,Department of Housing Preservation and Development,ELECTRIC,OUTLET/SWITCH,OUTLET SEALED OR DEFECTIVE,RESIDENTIAL BUILDING,11232,719 41 STREET,41 STREET,,,,,ADDRESS,BROOKLYN,,,Closed,,The Department of Housing Preservation and Development inspected the following conditions. No violations were issued. The complaint has been closed.,06/30/2023 12:00:00 AM,07 BROOKLYN,38,Precinct 72,3009190060,BROOKLYN,984238,175041,ONLINE,Unspecified,BROOKLYN,,,,,,,,40.647123758782904,-74.00004324312678,POINT (-74.000043243127 40.647123758783)
57976353,06/22/2023 10:31:38 AM,06/22/2023 12:04:22 PM,NYPD,New York City Police Department,Illegal Parking,Paper License Plates,,Street/Sidewalk,11101,25-01 43 AVENUE,43 AVENUE,CRESCENT STREET,27 STREET,CRESCENT STREET,27 STREET,ADDRESS,LONG ISLAND CITY,43 AVENUE,,Closed,,The Police Department issued a summons in response to the complaint.,06/22/2023 12:04:27 PM,02 QUEENS,26,Precinct 108,4004300037,QUEENS,1000327,212070,ONLINE,Unspecified,QUEENS,,,,,,,,40.748745109951656,-73.94197664197922,POINT (-73.941976641979 40.748745109952)
57982023,06/23/2023 08:26:08 AM,06/23/2023 11:31:33 AM,NYPD,New York City Police Department,Illegal Parking,Posted Parking Sign Violation,,Street/Sidewalk,11207,207 HENDRIX STREET,HENDRIX STREET,FULTON STREET,ATLANTIC AVENUE,FULTON STREET,ATLANTIC AVENUE,ADDRESS,BROOKLYN,HENDRIX STREET,,Closed,,This complaint does not fall under the Police Department's jurisdiction.,06/23/2023 11:31:41 AM,05 BROOKLYN,37,Precinct 75,3039480003,BROOKLYN,1014612,186049,ONLINE,Unspecified,BROOKLYN,,,,,,,,40.677286217028445,-73.89053816927331,POINT (-73.890538169273 40.677286217028)
57987432,06/23/2023 08:38:46 AM,06/23/2023 09:06:35 AM,NYPD,New York City Police Department,Illegal Parking,Posted Parking Sign Violation,,Street/Sidewalk,11236,1061 EAST  104 STREET,EAST  104 STREET,AVENUE J,AVENUE K,AVENUE J,AVENUE K,ADDRESS,BROOKLYN,EAST  104 STREET,,Closed,,The Police Department responded to the complaint and took action to fix the condition.,06/23/2023 09:06:41 AM,18 BROOKLYN,46,Precinct 69,3082310015,BROOKLYN,1014124,174033,MOBILE,Unspecified,BROOKLYN,,,,,,,,40.64430663234585,-73.89235075400103,POINT (-73.892350754001 40.644306632346)
57983904,06/22/2023 07:33:15 AM,06/22/2023 11:40:00 AM,DOT,Department of Transportation,Street Condition,Pothole,,,10453,,,,,SEDGWICK AVENUE,UNDERCLIFF AVENUE,INTERSECTION,BRONX,,N/A,Closed,,The Department of Transportation inspected this complaint and repaired the problem.,06/22/2023 11:40:00 AM,05 BRONX,16,Precinct 46,,BRONX,1006632,249940,UNKNOWN,Unspecified,BRONX,,,,,,,,40.852674138489604,-73.91909509920355,POINT (-73.919095099204 40.85267413849)
57985758,06/23/2023 01:56:59 PM,09/08/2023 02:27:21 PM,TLC,Taxi and Limousine Commission,For Hire Vehicle Complaint,Driver Complaint - Non Passenger,Unsafe Driving,Street,10002,9 DELANCEY STREET,DELANCEY STREET,BOWERY,CHRYSTIE STREET,BOWERY,CHRYSTIE STREET,ADDRESS,NEW YORK,DELANCEY STREET,,Closed,,A hearing was scheduled at the OATH/Taxi and Limousine Tribunal.,09/18/2024 03:34:06 PM,03 MANHATTAN,01,Precinct 5,1004240026,MANHATTAN,986083,201633,ONLINE,Unspecified,MANHATTAN,,,"9 DELANCEY STREET, MANHATTAN (NEW YORK), NY, 10002",,,,,40.72011254060361,-73.99338737853634,POINT (-73.993387378536 40.720112540604)
57977082,06/22/2023 09:44:00 AM,06/30/2023 01:00:00 PM,DEP,Department of Environmental Protection,Noise,Noise: Construction Equipment (NC1),NC1,,11215,170 PROSPECT PARK WEST,PROSPECT PARK WEST,12 ST,13 ST,,,ADDRESS,BROOKLYN,,N/A,Closed,,"The Department of Environmental Protection (DEP) didn't observe a violation of the NYC Air or Noise Code at the time of inspection and couldn't issue a summons.  If the problem still exists, please go to nyc.gov/311 or call 311 to file a new Service Request. If you're outside of New York City, please call (212) NEW-YORK (212-639-9675).",06/30/2023 01:00:00 PM,06 BROOKLYN,39,Precinct 78,3010990037,BROOKLYN,990233,180722,ONLINE,Unspecified,BROOKLYN,,,,,,,,40.66271484017782,-73.9784346581875,POINT (-73.978434658187 40.662714840178)
57977460,06/22/2023 05:20:25 PM,06/24/2023 01:24:06 PM,DSNY,Department of Sanitation,Illegal Dumping,Removal Request,N/A,Sidewalk,11232,857 4 AVENUE,4 AVENUE,31 STREET,32 STREET,31 STREET,32 STREET,ADDRESS,BROOKLYN,4 AVENUE,,Closed,,The Department of Sanitation investigated this complaint and found no condition at the location.,06/23/2023 10:07:35 AM,07 BROOKLYN,38,Precinct 72,3006770003,BROOKLYN,983753,178575,ONLINE,Unspecified,BROOKLYN,,,,,,,,40.656823805405736,-74.00179124658305,POINT (-74.001791246583 40.656823805406)
57977973,06/22/2023 07:34:50 AM,,EDC,Economic Development Corporation,Noise - Helicopter,Other,Passing By,Above Address,10018,1440 BROADWAY,BROADWAY,WEST   40 STREET,WEST   41 STREET,WEST   40 STREET,WEST   41 STREET,ADDRESS,NEW YORK,BROADWAY,,In Progress,,,,05 MANHATTAN,04,Precinct 14,1009930011,MANHATTAN,987918,214202,ONLINE,Unspecified,MANHATTAN,,,,,,,,40.75461076447811,-73.9867606889697,POINT (-73.98676068897 40.754610764478)
57980790,06/22/2023 09:08:13 PM,06/27/2023 06:46:04 PM,HPD,Department of Housing Preservation and Development,UNSANITARY CONDITION,MOLD,N/A,RESIDENTIAL BUILDING,11213,1196 EASTERN PARKWAY,EASTERN PARKWAY,,,,,ADDRESS,BROOKLYN,,,Closed,,The Department of Housing Preservation and Development inspected the following conditions. No violations were issued. The complaint has been closed.,06/27/2023 12:00:00 AM,09 BROOKLYN,41,Precinct 71,3013970035,BROOKLYN,1003932,182902,ONLINE,Unspecified,BROOKLYN,,,,,,,,40.6686785997877,-73.92905113642485,POINT (-73.929051136425 40.668678599788)
57975147,06/22/2023 10:30:06 AM,06/26/2023 09:50:00 AM,DPR,Department of Parks and Recreation,Root/Sewer/Sidewalk Condition,Trees and Sidewalks Program,Free Repair,Street,11385,59-28 PALMETTO STREET,PALMETTO STREET,FOREST AVENUE,60 PLACE,FOREST AVENUE,60 PLACE,ADDRESS,RIDGEWOOD,PALMETTO STREET,,Closed,,"NYC Parks inspected the requested repair site. This site meets the criteria for repair under the Trees & Sidewalks Program. The timeframe for repair work depends on available funding for the program, the severity of damage, and the other sidewalk requests in the surrounding district.",06/26/2023 09:50:05 AM,05 QUEENS,30,Precinct 104,4034990026,QUEENS,1011287,196984,ONLINE,Unspecified,QUEENS,,,,,,,,40.70731102715517,-73.90248164259893,POINT (-73.902481642599 40.707311027155)
57975282,06/22/2023 09:01:19 AM,08/04/2023 12:00:00 AM,DSNY,Department of Sanitation,Graffiti,Graffiti,,Residential,11228,1406 72 STREET,72 STREET,,,,,ADDRESS,BROOKLYN,,N/A,Closed,08/31/2023 01:56:12 PM,"The City inspected the property for cleaning, but no graffiti was found.",08/09/2023 09:44:08 AM,11 BROOKLYN,43,Precinct 62,3061900008,BROOKLYN,983412,165316,UNKNOWN,Unspecified,BROOKLYN,,,,,,,,40.62043065784609,-74.00301860403522,POINT (-74.003018604035 40.620430657846)
57973230,06/22/2023 10:28:06 PM,06/22/2023 10:59:45 PM,NYPD,New York City Police Department,Noise - Residential,Loud Music/Party,,Residential Building/House,10029,19 EAST  109 STREET,EAST  109 STREET,5 AVENUE,MADISON AVENUE,5 AVENUE,MADISON AVENUE,ADDRESS,NEW YORK,EAST  109 STREET,,Closed,,The Police Department responded to the complaint and with the information available observed no evidence of the violation at that time.,06/22/2023 10:59:50 PM,11 MANHATTAN,09,Precinct 23,1016150011,MANHATTAN,998462,229210,ONLINE,Unspecified,MANHATTAN,,,,,,,,40.79579311598333,-73.94867134778353,POINT (-73.948671347784 40.795793115983)
57978729,06/21/2023 11:21:07 PM,07/25/2023 12:00:00 AM,DOB,Department of Buildings,Building/Use,Illegal. Commercial Use In Resident Zone,,,10460,1500 VYSE AVENUE,VYSE AVENUE,,,,,ADDRESS,BRONX,,,Closed,,The Department of Buildings investigated this complaint and determined that no further action was necessary.,07/25/2023 12:00:00 AM,03 BRONX,17,Precinct 42,2029950120,BRONX,1015209,242830,UNKNOWN,Unspecified,BRONX,,,,,,,,40.83313337539757,-73.88812440761258,POINT (-73.888124407613 40.833133375398)
57983166,06/23/2023 06:09:01 PM,06/23/2023 06:30:48 PM,NYPD,New York City Police Department,Noise - Residential,Loud Music/Party,,Residential Building/House,10031,1810 AMSTERDAM AVENUE,AMSTERDAM AVENUE,WEST  149 STREET,WEST  150 STREET,WEST  149 STREET,WEST  150 STREET,ADDRESS,NEW YORK,AMSTERDAM AVENUE,,Closed,,The Police Department responded to the complaint but officers were unable to gain entry into the premises.,06/23/2023 06:30:51 PM,09 MANHATTAN,07,Precinct 30,1020810034,MANHATTAN,999338,241004,ONLINE,Unspecified,MANHATTAN,,,,,,,,40.828162904358614,-73.94548103961871,POINT (-73.945481039619 40.828162904359)
57981177,06/23/2023 01:26:15 PM,06/23/2023 02:32:09 PM,NYPD,New York City Police Department,Illegal Parking,Posted Parking Sign Violation,,Street/Sidewalk,11236,951 EAST  104 STREET,EAST  104 STREET,FLATLANDS AVENUE,AVENUE J,FLATLANDS AVENUE,AVENUE J,ADDRESS,BROOKLYN,EAST  104 STREET,,Closed,,The Police Department responded to the complaint and determined that police action was not necessary.,06/23/2023 02:32:15 PM,18 BROOKLYN,46,Precinct 69,3082120026,BROOKLYN,1013539,174721,PHONE,Unspecified,BROOKLYN,,,,,,,,40.64619699655438,-73.89445577879496,POINT (-73.894455778795 40.646196996554)
57979656,06/22/2023 09:40:26 AM,08/03/2023 10:16:29 AM,HPD,Department of Housing Preservation and Development,WATER LEAK,HEAVY FLOW,AT WALL OR CEILING,RESIDENTIAL BUILDING,11225,40 LINCOLN ROAD,LINCOLN ROAD,,,,,ADDRESS,BROOKLYN,,,Closed,,The Department of Housing Preservation and Development inspected the following conditions. No violations were issued. The complaint has been closed.,08/03/2023 12:00:00 AM,09 BROOKLYN,40,Precinct 71,3050260056,BROOKLYN,994972,180023,PHONE,Unspecified,BROOKLYN,,,,,,,,40.66079176919809,-73.96135434827934,POINT (-73.961354348279 40.660791769198)
57974688,06/22/2023 05:43:52 PM,08/14/2023 09:53:47 AM,HPD,Department of Housing Preservation and Development,UNSANITARY CONDITION,PESTS,ROACHES,RESIDENTIAL BUILDING,10466,1010 EAST  233 STREET,EAST  233 STREET,,,,,ADDRESS,BRONX,,,Closed,,"The Department of Housing Preservation and Development was not able to gain access to inspect the following conditions. The complaint has been closed. If the condition still exists, please file a new complaint.",08/14/2023 12:00:00 AM,12 BRONX,12,Precinct 47,2048790045,BRONX,1026206,263741,PHONE,Unspecified,BRONX,,,,,,,,40.89048228028096,-73.84825405075895,POINT (-73.848254050759 40.890482280281)
58012092,06/26/2023 09:10:22 PM,06/26/2023 09:18:05 PM,NYPD,New York City Police Department,Encampment,N/A,,Store/Commercial,10003,279 1 AVENUE,1 AVENUE,EAST   15 STREET,EAST   16 STREET,EAST   15 STREET,EAST   16 STREET,ADDRESS,NEW YORK,1 AVENUE,,Closed,,The Police Department visited the location and no Encampment was found.,06/26/2023 09:18:13 PM,06 MANHATTAN,02,Precinct 13,1009220027,MANHATTAN,989362,206169,MOBILE,Unspecified,MANHATTAN,,,,,,,,40.732561469902286,-73.98155480826576,POINT (-73.981554808266 40.732561469902)
57976308,06/22/2023 11:25:52 AM,07/27/2023 12:00:00 AM,DOB,Department of Buildings,General Construction/Plumbing,Debris - Excessive,,,11233,1743 FULTON STREET,FULTON STREET,,,,,ADDRESS,BROOKLYN,,,Closed,,The Department of Buildings investigated this complaint and determined that no further action was necessary.,07/27/2023 12:00:00 AM,03 BROOKLYN,36,Precinct 81,3016910012,BROOKLYN,1003877,186768,UNKNOWN,Unspecified,BROOKLYN,,,,,,,,40.67929001936309,-73.92923814044846,POINT (-73.929238140448 40.679290019363)
57982230,06/23/2023 08:23:34 PM,06/23/2023 09:12:11 PM,NYPD,New York City Police Department,Abandoned Vehicle,With License Plate,,Street/Sidewalk,11238,316 LAFAYETTE AVENUE,LAFAYETTE AVENUE,ST JAMES PLACE,GRAND AVENUE,ST JAMES PLACE,GRAND AVENUE,ADDRESS,BROOKLYN,LAFAYETTE AVENUE,,Closed,,The Police Department responded to the complaint and determined that police action was not necessary.,06/23/2023 09:12:14 PM,02 BROOKLYN,35,Precinct 88,3019470031,BROOKLYN,994454,190119,MOBILE,Unspecified,BROOKLYN,,,,,,,,40.68850362687075,-73.96320610743311,POINT (-73.963206107433 40.688503626871)
57985839,06/23/2023 02:55:07 PM,07/14/2023 04:27:09 PM,HPD,Department of Housing Preservation and Development,OUTSIDE BUILDING,ROOFING,LEAKING,RESIDENTIAL BUILDING,10458,2332 TIEBOUT AVENUE,TIEBOUT AVENUE,,,,,ADDRESS,BRONX,,,Closed,,The Department of Housing Preservation and Development inspected the following conditions. No violations were issued. The complaint has been closed.,07/14/2023 12:00:00 AM,05 BRONX,15,Precinct 46,2031430285,BRONX,1012806,251671,PHONE,Unspecified,BRONX,,,,,,,,40.85740740404417,-73.89677039704577,POINT (-73.896770397046 40.857407404044)
59453163,09/29/2023 09:05:18 AM,,HPD,Department of Housing Preservation and Development,Water Leak,Heavy Flow,At Wall or Ceiling,Apartment,11221,27 STUYVESANT AVENUE,STUYVESANT AVENUE,WILLOUGHBY AVENUE,HART STREET,WILLOUGHBY AVENUE,HART STREET,ADDRESS,BROOKLYN,STUYVESANT AVENUE,,In Progress,,,,03 BROOKLYN,36,Precinct 81,3015930105,BROOKLYN,1002419,192560,PHONE,Unspecified,BROOKLYN,,,,,,,,40.695190839750516,-73.9344790937261,POINT (-73.934479093726 40.695190839751)
57976389,06/22/2023 10:33:46 AM,06/23/2023 03:32:02 PM,DSNY,Department of Sanitation,Street Sweeping Complaint,Inadequate Sweeping,Caused by a parked vehicle,Street,11370,31-37 77 STREET,77 STREET,31 AVENUE,32 AVENUE,31 AVENUE,32 AVENUE,ADDRESS,EAST ELMHURST,77 STREET,,Closed,,The Department of Sanitation investigated this complaint and issued a Notice of Violation.,06/23/2023 06:40:15 AM,03 QUEENS,25,Precinct 115,4011480040,QUEENS,1014577,215437,ONLINE,Unspecified,QUEENS,,,,,,,,40.75794927419603,-73.89053194860082,POINT (-73.890531948601 40.757949274196)
57974364,06/22/2023 09:56:29 PM,06/22/2023 10:28:01 PM,NYPD,New York City Police Department,Noise - Residential,Banging/Pounding,,Residential Building/House,10457,2175 RYER AVENUE,RYER AVENUE,EAST  181 STREET,EAST  182 STREET,EAST  181 STREET,EAST  182 STREET,ADDRESS,BRONX,RYER AVENUE,,Closed,,The Police Department responded to the complaint and took action to fix the condition.,06/22/2023 10:28:05 PM,05 BRONX,15,Precinct 46,2031570059,BRONX,1011887,250683,ONLINE,Unspecified,BRONX,,,,,,,,40.85469856568777,-73.90009664163529,POINT (-73.900096641635 40.854698565688)
57977856,06/22/2023 08:45:36 AM,07/25/2023 12:00:00 AM,DOB,Department of Buildings,Elevator,Elevator - Single Device On Property/No Alternate Service,,,10033,247 AUDUBON AVENUE,AUDUBON AVENUE,,,,,ADDRESS,NEW YORK,,,Closed,,"The Department of Buildings reviewed this complaint and closed it. If the problem still exists, please call 311 and file a new complaint. If you are outside of New York City, please call (212) NEW-YORK (212-639-9675).",07/25/2023 12:00:00 AM,12 MANHATTAN,10,Precinct 33,1021320021,MANHATTAN,1002497,247642,UNKNOWN,Unspecified,MANHATTAN,,,,,,,,40.84637632367179,-73.93404825809533,POINT (-73.934048258095 40.846376323672)
57981321,06/23/2023 11:54:21 AM,06/26/2023 12:42:09 PM,DSNY,Department of Sanitation,Missed Collection,Trash,N/A,Street,11372,33-17 71 STREET,71 STREET,NORTHERN BOULEVARD,34 AVENUE,NORTHERN BOULEVARD,34 AVENUE,ADDRESS,JACKSON HEIGHTS,71 STREET,,Closed,,The Department of Sanitation investigated this complaint and found no condition at the location.,06/26/2023 10:33:52 AM,03 QUEENS,25,Precinct 115,4012440057,QUEENS,1013214,213924,ONLINE,Unspecified,QUEENS,,,,,,,,40.753801047521215,-73.89545833340436,POINT (-73.895458333404 40.753801047521)
57975660,06/22/2023 10:50:56 PM,06/22/2023 11:10:58 PM,NYPD,New York City Police Department,Noise - Commercial,Loud Music/Party,,Club/Bar/Restaurant,10016,3 AVENUE,3 AVENUE,3 AVENUE,EAST   27 STREET,3 AVENUE,EAST   27 STREET,INTERSECTION,,,,Closed,,The Police Department responded to the complaint and determined that police action was not necessary.,06/22/2023 11:11:01 PM,06 MANHATTAN,02,Precinct 13,,MANHATTAN,989429,209371,ONLINE,Unspecified,MANHATTAN,,,,,,,,40.74135012900925,-73.98131059290127,POINT (-73.981310592901 40.741350129009)
57981051,06/23/2023 07:11:36 PM,06/28/2023 09:24:19 AM,DOT,Department of Transportation,Street Condition,Defective Hardware,N/A,Street,11369,24-54 87 STREET,87 STREET,ASTORIA BOULEVARD,25 AVENUE,ASTORIA BOULEVARD,25 AVENUE,ADDRESS,EAST ELMHURST,87 STREET,,Closed,,"The Department of Transportation inspected the condition and issued a Corrective Action Repair (CAR) to the contractor or utility company. The responsible party has a maximum of 30 days to correct the condition. If the condition still exists, a summons will be issued. In some cases, the Department of Transportation will make the repairs and charge the responsible party for the costs.",06/28/2023 09:24:25 AM,03 QUEENS,22,Precinct 115,4010980052,QUEENS,1016893,217620,PHONE,Unspecified,QUEENS,,,,,,,,40.76393279614945,-73.88216154665257,POINT (-73.882161546653 40.763932796149)
57972771,06/22/2023 11:05:42 AM,09/23/2023 11:16:41 AM,DPR,Department of Parks and Recreation,Overgrown Tree/Branches,Dead Branches in Tree,N/A,Street,11210,657 EAST   26 STREET,EAST   26 STREET,AMERSFORT PLACE,GLENWOOD ROAD,AMERSFORT PLACE,GLENWOOD ROAD,ADDRESS,BROOKLYN,EAST   26 STREET,,Closed,,NYC Parks visited the site and inspected the condition. No work is necessary at this time.,09/23/2023 10:50:23 AM,14 BROOKLYN,45,Precinct 70,3052470006,BROOKLYN,997516,170485,PHONE,Unspecified,BROOKLYN,,,,,,,,40.63460858123043,-73.95220368634733,POINT (-73.952203686347 40.63460858123)
57971871,06/22/2023 09:41:06 AM,06/22/2023 10:02:09 AM,NYPD,New York City Police Department,Encampment,N/A,,Park/Playground,10031,586 RIVERSIDE DRIVE,RIVERSIDE DRIVE,WEST  135 STREET,WEST  136 STREET,WEST  135 STREET,WEST  136 STREET,ADDRESS,NEW YORK,RIVERSIDE DRIVE,,Closed,,The Police Department visited the location and no Encampment was found.,06/22/2023 10:02:14 AM,09 MANHATTAN,07,Precinct 30,,MANHATTAN,996162,238594,ONLINE,Unspecified,MANHATTAN,,,,,,,,40.82155299435289,-73.95696147054699,POINT (-73.956961470547 40.821552994353)
57976119,06/22/2023 11:36:35 AM,06/22/2023 12:30:02 PM,NYPD,New York City Police Department,Drug Activity,Use Indoor,,Stairwell,11208,371 ETNA STREET,ETNA STREET,LINCOLN AVENUE,NICHOLS AVENUE,LINCOLN AVENUE,NICHOLS AVENUE,ADDRESS,BROOKLYN,ETNA STREET,,Closed,,The Police Department responded and upon arrival those responsible for the condition were gone.,06/22/2023 12:30:07 PM,05 BROOKLYN,37,Precinct 75,3041090065,BROOKLYN,1020260,189855,PHONE,Unspecified,BROOKLYN,,,,,,,,40.68771163540864,-73.87015554875342,POINT (-73.870155548753 40.687711635409)
57987171,06/23/2023 05:47:52 PM,07/20/2023 11:03:55 AM,HPD,Department of Housing Preservation and Development,UNSANITARY CONDITION,PESTS,ROACHES,RESIDENTIAL BUILDING,10454,416 EAST  138 STREET,EAST  138 STREET,,,,,ADDRESS,BRONX,,,Closed,,"The Department of Housing Preservation and Development was not able to gain access to inspect the following conditions. The complaint has been closed. If the condition still exists, please file a new complaint.",07/20/2023 12:00:00 AM,01 BRONX,08,Precinct 40,2022820012,BRONX,1005816,233941,PHONE,Unspecified,BRONX,,,,,,,,40.808763521759175,-73.92209615025527,POINT (-73.922096150255 40.808763521759)
57971034,06/21/2023 09:49:37 AM,08/03/2023 09:02:26 AM,HPD,Department of Housing Preservation and Development,PAINT/PLASTER,WALL,CHIPPED/PEELING/FLAKING,RESIDENTIAL BUILDING,10453,226 WEST TREMONT AVENUE,WEST TREMONT AVENUE,,,,,ADDRESS,BRONX,,,Closed,,"The Department of Housing Preservation and Development was not able to gain access to inspect the following conditions. The complaint has been closed. If the condition still exists, please file a new complaint.",08/03/2023 12:00:00 AM,05 BRONX,14,Precinct 46,2028770516,BRONX,1006965,249944,PHONE,Unspecified,BRONX,,,,,,,,40.85268426685802,-73.91789138105312,POINT (-73.917891381053 40.852684266858)
57987441,06/23/2023 11:17:38 AM,10/30/2023 09:23:17 AM,DPR,Department of Parks and Recreation,Root/Sewer/Sidewalk Condition,Trees and Sidewalks Program,Free Repair,Street,11369,26-45 95 STREET,95 STREET,ASTORIA BOULEVARD,30 AVENUE,ASTORIA BOULEVARD,30 AVENUE,ADDRESS,EAST ELMHURST,95 STREET,,Closed,,"NYC Parks inspected and determined this site does not rate high enough to be repaired by NYC Parks at this time.   We understand conditions may become worse over time. In three years, you may submit a service request via 311, the Parks website, or NYC Tree Map for a new inspection.   You can repair the sidewalk yourself by hiring an independent contractor. The contractor must complete a Tree Work Permit application on the NYC Parks website.",10/30/2023 09:23:22 AM,03 QUEENS,21,Precinct 115,4013750040,QUEENS,1019146,216908,ONLINE,Unspecified,QUEENS,,,,,,,,40.76196993565175,-73.87403211526689,POINT (-73.874032115267 40.761969935652)
57977523,06/22/2023 11:49:27 AM,06/22/2023 12:28:22 PM,NYPD,New York City Police Department,Illegal Parking,Paper License Plates,,Street/Sidewalk,10035,16 EAST  117 STREET,EAST  117 STREET,5 AVENUE,MADISON AVENUE,5 AVENUE,MADISON AVENUE,ADDRESS,NEW YORK,EAST  117 STREET,,Closed,,This complaint does not fall under the Police Department's jurisdiction.,06/22/2023 12:28:27 PM,11 MANHATTAN,09,Precinct 25,1016220017,MANHATTAN,999463,231089,MOBILE,Unspecified,MANHATTAN,,,,,,,,40.80094879161905,-73.94505183842529,POINT (-73.945051838425 40.800948791619)
57975957,06/22/2023 02:15:14 PM,07/15/2023 05:03:07 AM,HPD,Department of Housing Preservation and Development,UNSANITARY CONDITION,PESTS,MICE,RESIDENTIAL BUILDING,10457,1899 BELMONT AVENUE,BELMONT AVENUE,,,,,ADDRESS,BRONX,,,Closed,,"The Department of Housing Preservation and Development was not able to gain access to inspect the following conditions. The complaint has been closed. If the condition still exists, please file a new complaint.",07/15/2023 12:00:00 AM,06 BRONX,17,Precinct 48,2029470035,BRONX,1013899,247103,PHONE,Unspecified,BRONX,,,,,,,,40.8448660045057,-73.89283942002938,POINT (-73.892839420029 40.844866004506)
57986550,06/24/2023 12:13:21 AM,06/24/2023 12:18:55 AM,NYPD,New York City Police Department,Blocked Driveway,Partial Access,,Street/Sidewalk,11230,765 EAST   18 STREET,EAST   18 STREET,GLENWOOD ROAD,AVENUE H,GLENWOOD ROAD,AVENUE H,ADDRESS,BROOKLYN,EAST   18 STREET,,Closed,,The Police Department responded to the complaint and took action to fix the condition.,06/24/2023 12:18:59 AM,14 BROOKLYN,45,Precinct 70,3066930032,BROOKLYN,995424,169505,MOBILE,Unspecified,BROOKLYN,,,,,,,,40.63192157536411,-73.95974261287941,POINT (-73.959742612879 40.631921575364)
57986451,06/23/2023 02:27:29 PM,06/24/2023 07:41:29 AM,DSNY,Department of Sanitation,Obstruction,Cone,Street,Street,11218,3812 FORT HAMILTON PARKWAY,FORT HAMILTON PARKWAY,38 STREET,39 STREET,38 STREET,39 STREET,ADDRESS,BROOKLYN,FORT HAMILTON PARKWAY,,Closed,,The Department of Sanitation investigated this complaint and no DSNY related conditions/violations were observed. Location will be referred to the appropriate agency for further action.,06/24/2023 07:41:27 AM,12 BROOKLYN,38,Precinct 66,3052880047,BROOKLYN,987038,173735,ONLINE,Unspecified,BROOKLYN,,,,,,,,40.64353863163214,-73.98995372000708,POINT (-73.989953720007 40.643538631632)
57983472,06/23/2023 08:13:57 AM,06/23/2023 12:11:27 PM,NYPD,New York City Police Department,Abandoned Vehicle,With License Plate,,Street/Sidewalk,10465,1671 BAYSHORE AVENUE,BAYSHORE AVENUE,AMPERE AVENUE,WATT AVENUE,AMPERE AVENUE,WATT AVENUE,ADDRESS,BRONX,BAY SHORE AVENUE,,Closed,,This complaint does not fall under the Police Department's jurisdiction.,06/23/2023 12:11:31 PM,10 BRONX,13,Precinct 45,2054170162,BRONX,1035054,248169,MOBILE,Unspecified,BRONX,,,,,,,,40.84769548157794,-73.81637086202372,POINT (-73.816370862024 40.847695481578)
57978396,06/22/2023 06:19:11 PM,06/23/2023 03:01:27 PM,DSNY,Department of Sanitation,Dumpster Complaint,Overflowing,N/A,Street,11105,23-83 28 STREET,28 STREET,23 AVENUE,24 AVENUE,23 AVENUE,24 AVENUE,ADDRESS,ASTORIA,28 STREET,,Closed,,The Department of Sanitation investigated this complaint and found no violation at the location.,06/23/2023 11:40:07 AM,01 QUEENS,22,Precinct 114,4008430006,QUEENS,1007405,221283,ONLINE,Unspecified,QUEENS,,,,,,,,40.774016715717565,-73.91639977478481,POINT (-73.916399774785 40.774016715718)
57975246,06/22/2023 06:13:21 AM,07/27/2023 12:15:46 PM,EDC,Economic Development Corporation,Noise - Helicopter,Other,Hovering,Above Address,10128,50 EAST   96 STREET,EAST   96 STREET,MADISON AVENUE,PARK AVENUE,MADISON AVENUE,PARK AVENUE,ADDRESS,NEW YORK,EAST   96 STREET,,Closed,,"The New York City Economic Development Corporation determined that this issue is not within its jurisdiction because the helicopter did not belong to a tour company departing from a NYC heliport.Â  Instead, it was most likely a law enforcement or news gathering helicopter not subject to the routing protocols established for tour helicopters. It may also have been a helicopter that departed as a charter or tour from another City but flew over NYC airspace. Helicopter tours originating from outside NYC are not subject to the same City regulations as tours departing from heliports managed by NYCEDC. Any City regulation of these flights is pre-empted by federal law and subject only to the jurisdiction of the Federal Aviation Administration. To file a complaint with the FAA, you can contact the New York Flight Standards District Office at the following web address:Â https://www.faa.gov/about/office_org/field_offices/fsdo/",07/27/2023 12:15:52 PM,08 MANHATTAN,05,Precinct 19,1015070050,MANHATTAN,997019,226043,ONLINE,Unspecified,MANHATTAN,,,,,,,,40.78710275822787,-73.95388896675728,POINT (-73.953888966757 40.787102758228)
57976200,06/22/2023 08:32:26 PM,06/22/2023 08:56:43 PM,NYPD,New York City Police Department,Illegal Parking,Posted Parking Sign Violation,,Street/Sidewalk,10007,CHURCH STREET,CHURCH STREET,CHURCH STREET,FULTON STREET,CHURCH STREET,FULTON STREET,INTERSECTION,,,,Closed,,The Police Department responded to the complaint and took action to fix the condition.,06/22/2023 08:56:47 PM,01 MANHATTAN,01,Precinct 1,,MANHATTAN,981349,198508,PHONE,Unspecified,MANHATTAN,,,,,,,,40.71153487787932,-74.01046412781942,POINT (-74.010464127819 40.711534877879)
57982797,06/23/2023 02:38:59 PM,06/23/2023 03:00:25 PM,NYPD,New York City Police Department,Blocked Driveway,No Access,,Street/Sidewalk,11235,3032 BRIGHTON    1 STREET,BRIGHTON    1 STREET,BRIGHTON    1 PLACE,BRIGHTON    1 TERRACE,BRIGHTON    1 PLACE,BRIGHTON    1 TERRACE,ADDRESS,BROOKLYN,BRIGHTON    1 STREET,,Closed,,The Police Department responded to the complaint and took action to fix the condition.,06/23/2023 03:00:31 PM,13 BROOKLYN,48,Precinct 60,3086690008,BROOKLYN,993451,149771,ONLINE,Unspecified,BROOKLYN,,,,,,,,40.57775804478721,-73.96687776676161,POINT (-73.966877766762 40.577758044787)
57973995,06/22/2023 10:52:39 PM,06/23/2023 03:15:21 AM,NYPD,New York City Police Department,Illegal Parking,Blocked Hydrant,,Street/Sidewalk,11367,141-21 78 ROAD,78 ROAD,141 STREET,MAIN STREET,141 STREET,MAIN STREET,ADDRESS,FLUSHING,78 ROAD,,Closed,,The Police Department responded to the complaint and with the information available observed no evidence of the violation at that time.,06/23/2023 03:15:25 AM,08 QUEENS,24,Precinct 107,4066310001,QUEENS,1034260,201239,MOBILE,Unspecified,QUEENS,,,,,,,,40.71888994355152,-73.81959008915118,POINT (-73.819590089151 40.718889943552)
57986010,06/23/2023 11:00:44 AM,06/26/2023 11:00:25 AM,DOT,Department of Transportation,Street Condition,Plate Condition - Shifted,N/A,Street,10027,LENOX AVENUE,LENOX AVENUE,WEST  128 STREET,WEST  129 STREET,WEST  128 STREET,WEST  129 STREET,BLOCKFACE,,,,Closed,,"The Department of Transportation inspected the condition, sent notice to responsible party, and temporary repairs were made to make the area safe.",06/26/2023 11:00:31 AM,Unspecified MANHATTAN,,Precinct 32,,MANHATTAN,,,PHONE,Unspecified,MANHATTAN,,,,,,,,,,
57983283,06/24/2023 01:49:19 AM,06/24/2023 02:06:42 AM,NYPD,New York City Police Department,Noise - Street/Sidewalk,Loud Music/Party,,Street/Sidewalk,10033,495 WEST  187 STREET,WEST  187 STREET,LAUREL HILL TERRACE,AMSTERDAM AVENUE,LAUREL HILL TERRACE,AMSTERDAM AVENUE,ADDRESS,NEW YORK,WEST  187 STREET,,Closed,,The Police Department responded and upon arrival those responsible for the condition were gone.,06/24/2023 02:06:48 AM,12 MANHATTAN,10,Precinct 34,1021490108,MANHATTAN,1004181,249617,ONLINE,Unspecified,MANHATTAN,,,,,,,,40.851793472810506,-73.92795575997519,POINT (-73.927955759975 40.851793472811)
57971016,06/21/2023 08:33:17 AM,06/23/2023 08:47:38 AM,HPD,Department of Housing Preservation and Development,PLUMBING,WATER SUPPLY,NO COLD WATER,RESIDENTIAL BUILDING,10026,117 WEST  116 STREET,WEST  116 STREET,,,,,ADDRESS,NEW YORK,,,Closed,,The Department of Housing Preservation and Development inspected the following conditions. Violations were issued. Information about specific violations is available at www.nyc.gov/hpd,06/23/2023 12:00:00 AM,10 MANHATTAN,09,Precinct 28,1019010023,MANHATTAN,997968,231601,ONLINE,Unspecified,MANHATTAN,,,,,,,,40.80235653871506,-73.95045061377425,POINT (-73.950450613774 40.802356538715)
57978252,06/22/2023 09:38:06 AM,06/27/2023 01:14:15 PM,HPD,Department of Housing Preservation and Development,UNSANITARY CONDITION,PESTS,OTHER,RESIDENTIAL BUILDING,11226,125 EAST   19 STREET,EAST   19 STREET,,,,,ADDRESS,BROOKLYN,,,Closed,,"The Department of Housing Preservation and Development contacted an occupant of the apartment and verified that the following conditions were corrected. The complaint has been closed. If the condition still exists, please file a new complaint.",06/27/2023 12:00:00 AM,14 BROOKLYN,40,Precinct 70,3051230068,BROOKLYN,994930,174760,PHONE,Unspecified,BROOKLYN,,,,,,,,40.646346034881695,-73.96151406453338,POINT (-73.961514064533 40.646346034882)
57978756,06/22/2023 08:58:25 AM,06/22/2023 09:39:28 PM,DSNY,Department of Sanitation,Dirty Condition,Dog Waste,Not Picked Up by Dog Owner,Sidewalk,11203,3719 SNYDER AVENUE,SNYDER AVENUE,EAST   37 STREET,EAST   38 STREET,EAST   37 STREET,EAST   38 STREET,ADDRESS,BROOKLYN,SNYDER AVENUE,,Closed,,The Department of Sanitation investigated this complaint and found no violation at the location.,06/22/2023 09:39:33 PM,17 BROOKLYN,40,Precinct 67,3048910034,BROOKLYN,1000241,175863,PHONE,Unspecified,BROOKLYN,,,,,,,,40.649365533361056,-73.94237298959206,POINT (-73.942372989592 40.649365533361)
57971340,06/22/2023 02:09:37 PM,06/22/2023 02:49:53 PM,NYPD,New York City Police Department,Illegal Parking,Posted Parking Sign Violation,,Street/Sidewalk,11206,279 MCKIBBIN STREET,MCKIBBIN STREET,MC KIBBIN COURT,SEIGEL COURT,MC KIBBIN COURT,SEIGEL COURT,ADDRESS,BROOKLYN,MC KIBBIN STREET,,Closed,,The Police Department responded to the complaint and took action to fix the condition.,06/22/2023 02:49:58 PM,01 BROOKLYN,34,Precinct 90,3030820059,BROOKLYN,1001741,196405,PHONE,Unspecified,BROOKLYN,,,,,,,,40.70574582887937,-73.93691410528733,POINT (-73.936914105287 40.705745828879)
57973653,06/22/2023 06:12:29 PM,06/22/2023 06:19:51 PM,NYPD,New York City Police Department,Traffic,Congestion/Gridlock,,Street/Sidewalk,10006,25 WEST STREET,WEST STREET,MORRIS STREET,HUGH L CAREY TUNNEL ENTRANCE,MORRIS STREET,HUGH L CAREY TUNNEL ENTRANCE,ADDRESS,NEW YORK,WEST STREET,,Closed,,The Police Department responded to the complaint and determined that police action was not necessary.,06/22/2023 06:19:54 PM,01 MANHATTAN,01,Precinct 1,1000170045,MANHATTAN,979808,196763,ONLINE,Unspecified,MANHATTAN,,,,,,,,40.70674462693067,-74.01602148078295,POINT (-74.016021480783 40.706744626931)
57970359,06/21/2023 12:35:37 PM,08/14/2023 12:00:00 AM,DOB,Department of Buildings,Special Projects Inspection Team (SPIT),Illegal Hotel Rooms In Residential Building,,,10033,556 WEST  181 STREET,WEST  181 STREET,,,,,ADDRESS,NEW YORK,,N/A,Closed,,"The Department of Buildings attempted to investigate this complaint twice but could not gain access to the location. If the problem still exists, please call 311 and file a new complaint with additional access information. If you are outside of New York City, please call (212) NEW-YORK (212-639-9675).",08/14/2023 12:00:00 AM,12 MANHATTAN,10,Precinct 34,1021530068,MANHATTAN,1002812,248586,UNKNOWN,Unspecified,MANHATTAN,,,,,,,,40.848966668092416,-73.93290711292524,POINT (-73.932907112925 40.848966668092)
57971844,06/22/2023 07:42:27 PM,06/28/2023 10:43:45 AM,DOT,Department of Transportation,Street Sign - Damaged,Street Cleaning - ASP,N/A,Street,10009,409 EAST   14 STREET,EAST   14 STREET,1 AVENUE,AVENUE A,1 AVENUE,AVENUE A,ADDRESS,NEW YORK,EAST   14 STREET,,Closed,,The Department of Transportation has completed the request or corrected the condition.,06/28/2023 10:43:49 AM,06 MANHATTAN,04,Precinct 13,1009720001,MANHATTAN,989279,205630,MOBILE,Unspecified,MANHATTAN,,,,,,,,40.73108209473134,-73.98185469290863,POINT (-73.981854692909 40.731082094731)
57972384,06/22/2023 06:33:19 AM,06/22/2023 06:57:32 AM,NYPD,New York City Police Department,Illegal Parking,Blocked Hydrant,,Street/Sidewalk,11209,133 70 STREET,70 STREET,COLONIAL ROAD,RIDGE CREST TERRACE,COLONIAL ROAD,RIDGE CREST TERRACE,ADDRESS,BROOKLYN,70 STREET,,Closed,,The Police Department issued a summons in response to the complaint.,06/22/2023 06:57:38 AM,10 BROOKLYN,47,Precinct 68,3058700070,BROOKLYN,975644,171176,ONLINE,Unspecified,BROOKLYN,,,,,,,,40.63651098243041,-74.03100759761021,POINT (-74.03100759761 40.63651098243)
57977001,06/22/2023 10:05:53 PM,07/03/2023 07:20:51 AM,HPD,Department of Housing Preservation and Development,PLUMBING,STEAM PIPE/RISER,LEAKING,RESIDENTIAL BUILDING,10456,1007 GRANT AVENUE,GRANT AVENUE,,,,,ADDRESS,BRONX,,,Closed,,The Department of Housing Preservation and Development inspected the following conditions. No violations were issued. The complaint has been closed.,07/03/2023 12:00:00 AM,04 BRONX,16,Precinct 44,2024470019,BRONX,1007062,241379,PHONE,Unspecified,BRONX,,,,,,,,40.829175599730625,-73.9175698862442,POINT (-73.917569886244 40.829175599731)
57977883,06/22/2023 10:58:40 AM,09/23/2024 12:18:16 PM,DPR,Department of Parks and Recreation,New Tree Request,For One Address,Street Tree,Street,10451,261 EAST  163 STREET,EAST  163 STREET,GRANT AVENUE,MORRIS AVENUE,GRANT AVENUE,MORRIS AVENUE,ADDRESS,BRONX,EAST  163 STREET,,Closed,,NYC Parks determined that the requested location cannot receive a new tree because of conflicts with surrounding infrastructure.,09/23/2024 12:18:18 PM,04 BRONX,16,Precinct 44,2024460043,BRONX,1007035,240697,UNKNOWN,Unspecified,BRONX,,,,,,,,40.82730377509032,-73.91766976564443,POINT (-73.917669765644 40.82730377509)
57978909,06/22/2023 09:04:15 AM,,DPR,Department of Parks and Recreation,Overgrown Tree/Branches,Hitting Building,N/A,Street,11375,95-12 72 AVENUE,72 AVENUE,UNION TURNPIKE,METROPOLITAN AVENUE,UNION TURNPIKE,METROPOLITAN AVENUE,ADDRESS,FOREST HILLS,72 AVENUE,,In Progress,,"NYC Parks created a work order for the tree condition and expects to address the issue within 120 days from the date of the tree assessment, barring any weather-related requests.   NYC Parks work priority categories range from Category A through D, with A being the most critical and time-sensitive. We will complete all work in Category A first and address work in lower priority categories in accordance with available resources. For more information about the Tree Risk Management Program, visit the NYC Urban Forest page on the NYC Parks website at nyc.gov/parks/trees.",03/14/2024 01:37:35 PM,06 QUEENS,29,Precinct 112,4039030006,QUEENS,1026269,197592,UNKNOWN,Unspecified,QUEENS,,,,,,,,40.7089213775263,-73.8484401357908,POINT (-73.848440135791 40.708921377526)
57976983,06/22/2023 10:34:25 PM,06/22/2023 10:49:22 PM,NYPD,New York City Police Department,Noise - Street/Sidewalk,Loud Talking,,Street/Sidewalk,10031,605 WEST  141 STREET,WEST  141 STREET,BROADWAY,RIVERSIDE DRIVE,BROADWAY,RIVERSIDE DRIVE,ADDRESS,NEW YORK,WEST  141 STREET,,Closed,,The Police Department responded to the complaint and with the information available observed no evidence of the violation at that time.,06/22/2023 10:49:25 PM,09 MANHATTAN,07,Precinct 30,1020880087,MANHATTAN,997328,239516,MOBILE,Unspecified,MANHATTAN,,,,,,,,40.82408197350836,-73.95274687000166,POINT (-73.952746870002 40.824081973508)
57985731,06/23/2023 10:57:17 PM,06/23/2023 11:39:11 PM,NYPD,New York City Police Department,Noise - Street/Sidewalk,Loud Music/Party,,Street/Sidewalk,11368,51-02 97 STREET,97 STREET,51 AVENUE,CHRISTIE AVENUE,51 AVENUE,CHRISTIE AVENUE,ADDRESS,CORONA,97 STREET,,Closed,,The Police Department responded to the complaint and with the information available observed no evidence of the violation at that time.,06/23/2023 11:39:14 PM,04 QUEENS,25,Precinct 110,4018880054,QUEENS,1021486,209271,MOBILE,Unspecified,QUEENS,,,,,,,,40.74099878113499,-73.86562746466261,POINT (-73.865627464663 40.740998781135)
57980988,06/23/2023 08:56:13 AM,06/26/2023 09:10:37 AM,DOT,Department of Transportation,Street Condition,Dumpster - Construction Waste,N/A,Street,11379,60-57 74 STREET,74 STREET,60 AVENUE,ELIOT AVENUE,60 AVENUE,ELIOT AVENUE,ADDRESS,MIDDLE VILLAGE,74 STREET,,Closed,,"The condition was inspected and it was in compliance with Department of Transportation standards, not hazardous, or a valid permit exists.",06/26/2023 09:10:41 AM,05 QUEENS,30,Precinct 104,4028440058,QUEENS,1015775,202642,ONLINE,Unspecified,QUEENS,,,,,,,,40.722826019497724,-73.88626762809278,POINT (-73.886267628093 40.722826019498)
57978459,06/22/2023 05:10:08 PM,06/22/2023 05:17:45 PM,NYPD,New York City Police Department,Illegal Parking,Blocked Bike Lane,,Street/Sidewalk,10002,245 EAST HOUSTON STREET,EAST HOUSTON STREET,NORFOLK STREET,SUFFOLK STREET,NORFOLK STREET,SUFFOLK STREET,ADDRESS,NEW YORK,EAST HOUSTON STREET,,Closed,,The Police Department responded and upon arrival those responsible for the condition were gone.,06/22/2023 05:17:48 PM,03 MANHATTAN,02,Precinct 7,1003550049,MANHATTAN,988299,202299,ONLINE,Unspecified,MANHATTAN,,,,,,,,40.72193981320066,-73.98539266857512,POINT (-73.985392668575 40.721939813201)
57982932,06/23/2023 05:00:18 PM,06/26/2023 10:53:55 AM,DSNY,Department of Sanitation,Residential Disposal Complaint,Waste Set Out Too Early or Too Late,N/A,Street,10314,154 MERRILL AVENUE,MERRILL AVENUE,FIRTH ROAD,GRAHAM AVENUE,FIRTH ROAD,GRAHAM AVENUE,ADDRESS,STATEN ISLAND,MERRILL AVENUE,,Closed,,The Department of Sanitation investigated this complaint and found no condition at the location.,06/26/2023 10:54:01 AM,02 STATEN ISLAND,50,Precinct 121,5022310197,STATEN ISLAND,938049,161829,ONLINE,Unspecified,STATEN ISLAND,,,,,,,,40.6107391582568,-74.16639900056701,POINT (-74.166399000567 40.610739158257)
57973464,06/22/2023 01:40:56 PM,06/28/2023 07:22:24 PM,HPD,Department of Housing Preservation and Development,PAINT/PLASTER,WALL,BULGING/HOLE/CRACKED,RESIDENTIAL BUILDING,11209,9601 SHORE ROAD,SHORE ROAD,,,,,ADDRESS,BROOKLYN,,,Closed,,The Department of Housing Preservation and Development inspected the following conditions. No violations were issued. The complaint has been closed.,06/28/2023 12:00:00 AM,10 BROOKLYN,47,Precinct 68,3061240005,BROOKLYN,973723,163617,PHONE,Unspecified,BROOKLYN,,,,,,,,40.61576104163333,-74.03791721091247,POINT (-74.037917210912 40.615761041633)
57977739,06/22/2023 11:26:13 PM,06/23/2023 03:42:23 AM,NYPD,New York City Police Department,Illegal Parking,Blocked Hydrant,,Street/Sidewalk,11214,8685 24 AVENUE,24 AVENUE,BENSON AVENUE,BATH AVENUE,BENSON AVENUE,BATH AVENUE,ADDRESS,BROOKLYN,24 AVENUE,,Closed,,The Police Department issued a summons in response to the complaint.,06/23/2023 03:42:30 AM,11 BROOKLYN,43,Precinct 62,3068760042,BROOKLYN,986624,156876,MOBILE,Unspecified,BROOKLYN,,,,,,,,40.59726431017888,-73.9914514562317,POINT (-73.991451456232 40.597264310179)
57978738,06/22/2023 07:42:01 PM,06/23/2023 01:38:47 AM,NYPD,New York City Police Department,Urinating in Public,N/A,,Club/Bar/Restaurant,11378,57-54 MASPETH AVENUE,MASPETH AVENUE,58 STREET,58 STREET,58 STREET,58 STREET,ADDRESS,MASPETH,MASPETH AVENUE,,Closed,,The Police Department responded and upon arrival those responsible for the condition were gone.,06/23/2023 01:38:51 AM,05 QUEENS,30,Precinct 104,4026700030,QUEENS,1008507,202774,ONLINE,Unspecified,QUEENS,,,,,,,,40.72321124246724,-73.91248781044116,POINT (-73.912487810441 40.723211242467)
57975237,06/22/2023 06:19:38 AM,,EDC,Economic Development Corporation,Noise - Helicopter,Other,Flying Too Low,Above Address,10024,505 WEST END AVENUE,WEST END AVENUE,WEST   84 STREET,WEST   85 STREET,WEST   84 STREET,WEST   85 STREET,ADDRESS,NEW YORK,WEST END AVENUE,,In Progress,,,,07 MANHATTAN,06,Precinct 20,1012460029,MANHATTAN,990155,226287,ONLINE,Unspecified,MANHATTAN,,,,,,,,40.7877797246415,-73.97867582348091,POINT (-73.978675823481 40.787779724642)
57972645,06/22/2023 11:27:32 AM,06/22/2023 11:44:52 AM,NYPD,New York City Police Department,Illegal Parking,Blocked Crosswalk,,Street/Sidewalk,10458,3010 BRIGGS AVENUE,BRIGGS AVENUE,EAST  202 STREET,EAST  203 STREET,EAST  202 STREET,EAST  203 STREET,ADDRESS,BRONX,BRIGGS AVENUE,,Closed,,The Police Department issued a summons in response to the complaint.,06/22/2023 11:44:57 AM,07 BRONX,11,Precinct 52,2032990060,BRONX,1016449,257215,ONLINE,Unspecified,BRONX,,,,,,,,40.87261145506335,-73.88357437250377,POINT (-73.883574372504 40.872611455063)
57979170,06/22/2023 08:59:00 PM,06/28/2023 09:00:00 PM,DEP,Department of Environmental Protection,Air Quality,"Air: Smoke, Vehicular (AA4)",AA4,,11375,102-01 METROPOLITAN AVENUE,METROPOLITAN AVENUE,71 AVE,71 RD,,,ADDRESS,FOREST HILLS,,N/A,Closed,,"The Department of Environmental Protection (DEP) didn't observe a violation of the NYC Air or Noise Code at the time of inspection and couldn't issue a summons.  If the problem still exists, please go to nyc.gov/311 or call 311 to file a new Service Request. If you're outside of New York City, please call (212) NEW-YORK (212-639-9675).",06/28/2023 09:00:00 PM,06 QUEENS,29,Precinct 112,4032400004,QUEENS,1025622,198150,ONLINE,Unspecified,QUEENS,,,,,,,,40.71045600191085,-73.85077039038832,POINT (-73.850770390388 40.710456001911)
57978657,06/22/2023 11:34:54 AM,06/22/2023 12:39:42 PM,NYPD,New York City Police Department,Illegal Parking,Commercial Overnight Parking,,Street/Sidewalk,10305,50 BELAIR ROAD,BELAIR ROAD,BAY STREET,SETH LOOP,BAY STREET,SETH LOOP,ADDRESS,STATEN ISLAND,BELAIR ROAD,,Closed,,The Police Department responded to the complaint and determined that police action was not necessary.,06/22/2023 12:39:47 PM,01 STATEN ISLAND,49,Precinct 120,5028627501,STATEN ISLAND,965962,161831,ONLINE,Unspecified,STATEN ISLAND,,,,,,,,40.61084622148465,-74.06586671845618,POINT (-74.065866718456 40.610846221485)
57970782,06/21/2023 03:21:00 PM,06/21/2023 10:05:00 PM,DOT,Department of Transportation,Street Light Condition,Street Light Dayburning,Location Type: Intersection,,11235,,,,,EMMONS AVENUE,NOSTRAND AVENUE,INTERSECTION,BROOKLYN,,,Closed,,Service Request status for this request is available on the Department of Transportationâs website. Please click the âLearn Moreâ link below.,06/21/2023 10:05:00 PM,15 BROOKLYN,48,Precinct 61,,BROOKLYN,1001266,152013,UNKNOWN,Unspecified,BROOKLYN,,,,,,,,40.5839003347489,-73.93873929038398,POINT (-73.938739290384 40.583900334749)
57977550,06/22/2023 01:56:02 PM,06/23/2023 01:23:04 PM,DSNY,Department of Sanitation,Litter Basket Request,Replacement Basket,N/A,Street,11103,28 AVENUE,28 AVENUE,28 AVENUE,STEINWAY STREET,28 AVENUE,STEINWAY STREET,INTERSECTION,,,,Closed,,A Litter Basket was placed at the location.,06/23/2023 12:54:32 PM,01 QUEENS,22,Precinct 114,,QUEENS,1008156,218174,ONLINE,Unspecified,QUEENS,,,,,,,,40.76548132487123,-73.91369937904541,POINT (-73.913699379045 40.765481324871)
57976398,06/22/2023 01:36:50 PM,06/29/2023 09:50:05 AM,DOT,Department of Transportation,Broken Parking Meter,Out of Order,N/A,Street,11417,100-02 ROCKAWAY BOULEVARD,ROCKAWAY BOULEVARD,100 STREET,101 STREET,100 STREET,101 STREET,ADDRESS,OZONE PARK,ROCKAWAY BOULEVARD,,Closed,,"The Department of Transportation inspected the condition you reported. You can find additional information in the ""Notes to Customer"" field.",06/29/2023 09:50:12 AM,10 QUEENS,28,Precinct 106,4095390001,QUEENS,1028795,187037,MOBILE,Unspecified,QUEENS,,,,,,,,40.67993804091845,-73.8393988339362,POINT (-73.839398833936 40.679938040918)
57982068,06/23/2023 12:44:19 PM,06/24/2023 01:35:24 AM,NYPD,New York City Police Department,Illegal Parking,Posted Parking Sign Violation,,Street/Sidewalk,11429,223 STREET,223 STREET,223 STREET,HEMPSTEAD AVENUE,223 STREET,HEMPSTEAD AVENUE,INTERSECTION,,,,Closed,,The Police Department responded to the complaint and with the information available observed no evidence of the violation at that time.,06/24/2023 01:35:28 AM,13 QUEENS,27,Precinct 105,,QUEENS,1058778,198834,PHONE,Unspecified,QUEENS,,,,,,,,40.71211625164716,-73.73116906495804,POINT (-73.731169064958 40.712116251647)
57984102,06/22/2023 10:10:52 PM,07/18/2023 12:00:00 AM,DOB,Department of Buildings,Special Projects Inspection Team (SPIT),Advertising Sign/Billboard/Posters/Flexible Fabric - Illegal,,,11249,187 KENT AVENUE,KENT AVENUE,,,,,ADDRESS,BROOKLYN,,N/A,Closed,,The Department of Buildings investigated this complaint and issued an Office of Administrative Trials and Hearings (OATH) summons.,07/18/2023 12:00:00 AM,01 BROOKLYN,33,Precinct 94,3023570001,BROOKLYN,994170,200859,UNKNOWN,Unspecified,BROOKLYN,,,,,,,,40.71798272500967,-73.96421434233773,POINT (-73.964214342338 40.71798272501)
57983796,06/23/2023 06:26:04 PM,06/23/2023 06:35:44 PM,NYPD,New York City Police Department,Illegal Parking,Posted Parking Sign Violation,,Street/Sidewalk,10022,611 5 AVENUE,5 AVENUE,EAST   49 STREET,EAST   50 STREET,EAST   49 STREET,EAST   50 STREET,ADDRESS,NEW YORK,5 AVENUE,,Closed,,The Police Department responded to the complaint and determined that police action was not necessary.,06/23/2023 06:35:46 PM,05 MANHATTAN,04,Precinct 18,1012857501,MANHATTAN,990462,215438,MOBILE,Unspecified,MANHATTAN,,,,,,,,40.75800184808886,-73.9775772116447,POINT (-73.977577211645 40.758001848089)
57978612,06/22/2023 10:47:00 PM,06/22/2023 11:09:17 PM,NYPD,New York City Police Department,Illegal Parking,Double Parked Blocking Traffic,,Street/Sidewalk,11215,527 8 STREET,8 STREET,8 AVENUE,PROSPECT PARK WEST,8 AVENUE,PROSPECT PARK WEST,ADDRESS,BROOKLYN,8 STREET,,Closed,,The Police Department responded to the complaint and took action to fix the condition.,06/22/2023 11:09:21 PM,06 BROOKLYN,39,Precinct 78,3010890063,BROOKLYN,990395,181902,ONLINE,Unspecified,BROOKLYN,,,,,,,,40.6659535675854,-73.97784966404969,POINT (-73.97784966405 40.665953567585)
57970602,06/21/2023 09:02:00 PM,07/10/2023 01:15:00 AM,DEP,Department of Environmental Protection,Noise,Noise: Private Carting Noise (NQ1),NQ1,,10023,235 WEST   75 STREET,WEST   75 STREET,BROADWAY,WEST END AVE,,,ADDRESS,NEW YORK,,N/A,Closed,,"The Department of Environmental Protection (DEP) didn't observe a violation of the NYC Air or Noise Code at the time of inspection and couldn't issue a summons.  If the problem still exists, please go to nyc.gov/311 or call 311 to file a new Service Request. If you're outside of New York City, please call (212) NEW-YORK (212-639-9675).",07/10/2023 01:15:00 AM,07 MANHATTAN,06,Precinct 20,1011677503,MANHATTAN,989285,223907,ONLINE,Unspecified,MANHATTAN,,,,,,,,40.781247797318926,-73.98181935716096,POINT (-73.981819357161 40.781247797319)
57986127,06/23/2023 06:01:58 PM,07/23/2023 02:07:17 PM,DPR,Department of Parks and Recreation,Dead/Dying Tree,Planted More Than 2 Years Ago,N/A,Street,11207,792 HEGEMAN AVENUE,HEGEMAN AVENUE,JEROME STREET,WARWICK STREET,JEROME STREET,WARWICK STREET,ADDRESS,BROOKLYN,HEGEMAN AVENUE,,Closed,,"NYC Parks created a work order for the tree condition.  Please note that addressing this work can take up to a year or more depending on the higher priority work identified during this period and resources available to address this work.    NYC Parks work priority categories range from Category A through D, with A being the most critical and time-sensitive. We will complete all work in Category A first and address work in lower priority categories in accordance with available resources. For more information about the Tree Risk Management Program, visit the NYC Urban Forest page on the NYC Parks website at nyc.gov/parks/trees.   Alternatively, you may choose complete the work yourself by hiring an independent contractor. The contractor must complete a Tree Work Permit application on the NYC Parks website at nyc.gov/parks/trees.",07/23/2023 02:07:22 PM,05 BROOKLYN,42,Precinct 75,3043330004,BROOKLYN,1016703,181079,ONLINE,Unspecified,BROOKLYN,,,,,,,,40.66363727184297,-73.88302358066166,POINT (-73.883023580662 40.663637271843)
57971484,06/22/2023 09:48:41 AM,06/23/2023 09:58:09 AM,DPR,Department of Parks and Recreation,Root/Sewer/Sidewalk Condition,Trees and Sidewalks Program,Free Repair,Street,10306,78 ALLISON AVENUE,ALLISON AVENUE,8 STREET,10 STREET,8 STREET,10 STREET,ADDRESS,STATEN ISLAND,ALLISON AVENUE,,Closed,,"NYC Parks inspected the requested repair site. This site meets the criteria for repair under the Trees & Sidewalks Program. The timeframe for repair work depends on available funding for the program, the severity of damage, and the other sidewalk requests in the surrounding district.",06/23/2023 09:58:13 AM,02 STATEN ISLAND,50,Precinct 122,5042330011,STATEN ISLAND,951286,146652,PHONE,Unspecified,STATEN ISLAND,,,,,,,,40.56914049783655,-74.11865022823815,POINT (-74.118650228238 40.569140497837)
57981663,06/23/2023 11:01:12 AM,07/06/2023 11:12:53 AM,HPD,Department of Housing Preservation and Development,UNSANITARY CONDITION,PESTS,FLEAS,RESIDENTIAL BUILDING,11356,23-35 121 STREET,121 STREET,,,,,ADDRESS,COLLEGE POINT,,,Closed,,"The Department of Housing Preservation and Development was not able to gain access to inspect the following conditions. The complaint has been closed. If the condition still exists, please file a new complaint.",07/06/2023 12:00:00 AM,07 QUEENS,19,Precinct 109,4042250008,QUEENS,1026614,222876,PHONE,Unspecified,QUEENS,,,,,,,,40.77831788592702,-73.84703649454208,POINT (-73.847036494542 40.778317885927)
57978558,06/22/2023 07:31:27 AM,06/22/2023 09:30:11 AM,NYPD,New York City Police Department,Illegal Parking,Posted Parking Sign Violation,,Street/Sidewalk,10455,564 JACKSON AVENUE,JACKSON AVENUE,EAST  149 STREET,PONTIAC PLACE,EAST  149 STREET,PONTIAC PLACE,ADDRESS,BRONX,JACKSON AVENUE,,Closed,,The Police Department responded to the complaint and took action to fix the condition.,06/22/2023 09:30:18 AM,01 BRONX,08,Precinct 40,2026420001,BRONX,1009471,235753,PHONE,Unspecified,BRONX,,,,,,,,40.81372727745244,-73.90888622681445,POINT (-73.908886226814 40.813727277452)
57986271,06/23/2023 08:11:42 AM,08/28/2023 11:24:00 AM,TLC,Taxi and Limousine Commission,Taxi Complaint,Driver Complaint - Non Passenger,Unsafe Driving - Non-Passenger,Street,11101,42-02 21 STREET,21 STREET,QUEENS PLAZA SOUTH,ED KOCH BR UPPER ROADWAY ET RAMP,QUEENS PLAZA SOUTH,ED KOCH BR UPPER ROADWAY ET RAMP,ADDRESS,LONG ISLAND CITY,21 STREET,,Closed,,A hearing was scheduled at the OATH/Taxi and Limousine Tribunal.,12/06/2023 03:19:13 PM,02 QUEENS,26,Precinct 108,4004570175,QUEENS,999646,213224,ONLINE,Unspecified,QUEENS,,,"42-02 21 STREET, QUEENS (LONG ISLAND CITY), NY, 11101",,,,,40.75191375988202,-73.94443179032015,POINT (-73.94443179032 40.751913759882)
57974850,06/23/2023 01:16:56 AM,06/23/2023 01:34:07 AM,NYPD,New York City Police Department,Illegal Parking,Blocked Hydrant,,Street/Sidewalk,11220,415 63 STREET,63 STREET,4 AVENUE,5 AVENUE,4 AVENUE,5 AVENUE,ADDRESS,BROOKLYN,63 STREET,,Closed,,The Police Department responded to the complaint and took action to fix the condition.,06/23/2023 01:34:13 AM,07 BROOKLYN,38,Precinct 72,3058000069,BROOKLYN,978820,171997,MOBILE,Unspecified,BROOKLYN,,,,,,,,40.638766968623315,-74.01956506451258,POINT (-74.019565064513 40.638766968623)
57971700,06/22/2023 03:05:00 AM,06/24/2023 12:30:00 AM,DEP,Department of Environmental Protection,Noise,Noise: Construction Before/After Hours (NM1),NM1,,10010,1 MADISON AVENUE,MADISON AVENUE,E 23 ST,E 24 ST,,,ADDRESS,NEW YORK,,N/A,Closed,,The Department of Environmental Protection determined that this complaint is a duplicate of a previously filed complaint. The original complaint is being addressed.,06/24/2023 12:30:00 AM,05 MANHATTAN,02,Precinct 13,1008530002,MANHATTAN,987590,209210,ONLINE,Unspecified,MANHATTAN,,,,,,,,40.74090910981229,-73.98794705421118,POINT (-73.987947054211 40.740909109812)
57972987,06/22/2023 05:08:00 AM,06/27/2023 11:47:00 PM,DEP,Department of Environmental Protection,Noise,Noise: Private Carting Noise (NQ1),NQ1,,10471,5683 RIVERDALE AVENUE,RIVERDALE AVENUE,W 258 ST,W 259 ST,,,ADDRESS,BRONX,,N/A,Closed,,The Department of Environmental Protection determined that this complaint is a duplicate of a previously filed complaint. The original complaint is being addressed.,06/27/2023 11:47:00 PM,08 BRONX,11,Precinct 50,2059530001,BRONX,1010726,269537,ONLINE,Unspecified,BRONX,,,,,,,,40.90645046001479,-73.9042189469935,POINT (-73.904218946993 40.906450460015)
57972411,06/22/2023 10:43:28 AM,06/22/2023 11:00:50 AM,NYPD,New York City Police Department,Illegal Parking,Posted Parking Sign Violation,,Street/Sidewalk,11104,47-24 39 STREET,39 STREET,47 AVENUE,48 AVENUE,47 AVENUE,48 AVENUE,ADDRESS,SUNNYSIDE,39 STREET,,Closed,,The Police Department responded to the complaint and determined that police action was not necessary.,06/22/2023 11:00:54 AM,02 QUEENS,26,Precinct 108,4002270046,QUEENS,1004562,209366,ONLINE,Unspecified,QUEENS,,,,,,,,40.74131459584277,-73.92670031358337,POINT (-73.926700313583 40.741314595843)
57972312,06/22/2023 09:06:33 AM,06/29/2023 08:45:14 PM,HPD,Department of Housing Preservation and Development,UNSANITARY CONDITION,PESTS,MICE,RESIDENTIAL BUILDING,10461,1337 BLONDELL AVENUE,BLONDELL AVENUE,,,,,ADDRESS,BRONX,,,Closed,,The Department of Housing Preservation and Development inspected the following conditions. Violations were issued. Information about specific violations is available at www.nyc.gov/hpd,06/29/2023 12:00:00 AM,10 BRONX,13,Precinct 45,2040720021,BRONX,1027952,245994,PHONE,Unspecified,BRONX,,,,,,,,40.84176376097474,-73.84205488730052,POINT (-73.842054887301 40.841763760975)
57978504,06/22/2023 03:42:00 PM,06/25/2023 02:35:00 AM,DOT,Department of Transportation,Traffic Signal Condition,LED Lense,Out,,,,,,,CROSS ISL PKWY,160 ST,INTERSECTION,,,N/A,Closed,,Service Request status for this request is available on the Department of Transportationâs website. Please click the âLearn Moreâ link below.,06/25/2023 02:35:00 AM,Unspecified QUEENS,,Unspecified,,QUEENS,,,UNKNOWN,Unspecified,QUEENS,,,,,,,,,,
57971646,06/23/2023 01:37:00 AM,06/23/2023 04:37:13 AM,NYPD,New York City Police Department,Noise - Residential,Banging/Pounding,,Residential Building/House,10469,925 EAST  220 STREET,EAST  220 STREET,BRONXWOOD AVENUE,PAULDING AVENUE,BRONXWOOD AVENUE,PAULDING AVENUE,ADDRESS,BRONX,EAST  220 STREET,,Closed,,The Police Department responded to the complaint and with the information available observed no evidence of the violation at that time.,06/23/2023 04:37:16 AM,12 BRONX,12,Precinct 47,2046910020,BRONX,1024112,260718,ONLINE,Unspecified,BRONX,,,,,,,,40.88219481285027,-73.85584558317674,POINT (-73.855845583177 40.88219481285)
57978648,06/22/2023 01:03:30 PM,06/22/2023 02:56:28 PM,NYPD,New York City Police Department,Illegal Parking,Blocked Hydrant,,Street/Sidewalk,11208,2588 PITKIN AVENUE,PITKIN AVENUE,MILFORD STREET,LOGAN STREET,MILFORD STREET,LOGAN STREET,ADDRESS,BROOKLYN,PITKIN AVENUE,,Closed,,The Police Department responded and upon arrival those responsible for the condition were gone.,06/22/2023 02:56:33 PM,05 BROOKLYN,42,Precinct 75,3042270021,BROOKLYN,1018457,185115,MOBILE,Unspecified,BROOKLYN,,,,,,,,40.674708577214545,-73.87668083823802,POINT (-73.876680838238 40.674708577215)
57972078,06/22/2023 04:27:44 PM,06/22/2023 04:43:56 PM,NYPD,New York City Police Department,Noise - Street/Sidewalk,Loud Music/Party,,Street/Sidewalk,10458,2608 BRIGGS AVENUE,BRIGGS AVENUE,EAST KINGSBRIDGE ROAD,EAST  194 STREET,EAST KINGSBRIDGE ROAD,EAST  194 STREET,ADDRESS,BRONX,BRIGGS AVENUE,,Closed,,The Police Department responded to the complaint and with the information available observed no evidence of the violation at that time.,06/22/2023 04:44:01 PM,07 BRONX,15,Precinct 52,2032930043,BRONX,1013783,254174,MOBILE,Unspecified,BRONX,,,,,,,,40.86427416611321,-73.89322752800955,POINT (-73.89322752801 40.864274166113)
57973194,06/22/2023 11:44:00 AM,06/28/2023 11:40:00 AM,DEP,Department of Environmental Protection,Sewer,Street Flooding (SJ),SJ,,10312,80 MC ARTHUR AVENUE,MC ARTHUR AVENUE,BEND,VAN ALLEN AVE,,,ADDRESS,STATEN ISLAND,,,Closed,,"The status of this Service Request is currently not available online. Please call 311 for further assistance. If you are outside of New York City, please call (212) NEW-YORK (212-639-9675).",06/28/2023 11:40:00 AM,03 STATEN ISLAND,51,Precinct 123,5056730046,STATEN ISLAND,934966,141725,ONLINE,Unspecified,STATEN ISLAND,,,,,,,,40.55554116729059,-74.17735620153978,POINT (-74.17735620154 40.555541167291)
57972456,06/22/2023 12:10:00 PM,06/23/2023 12:20:58 AM,NYPD,New York City Police Department,Illegal Parking,Blocked Hydrant,,Street/Sidewalk,11385,1830 STEPHEN STREET,STEPHEN STREET,SENECA AVENUE,FOREST AVENUE,SENECA AVENUE,FOREST AVENUE,ADDRESS,RIDGEWOOD,STEPHEN STREET,,Closed,,The Police Department responded and upon arrival those responsible for the condition were gone.,06/23/2023 12:21:03 AM,05 QUEENS,34,Precinct 104,4035760020,QUEENS,1011888,194038,MOBILE,Unspecified,QUEENS,,,,,,,,40.69922309734981,-73.90032601933504,POINT (-73.900326019335 40.69922309735)
57980628,06/22/2023 01:14:00 PM,06/22/2023 03:02:41 PM,DSNY,Department of Sanitation,Vendor Enforcement,Food Vendor,In Prohibited Area,Street,10004,23 BROADWAY,BROADWAY,BATTERY PLACE,MORRIS STREET,BATTERY PLACE,MORRIS STREET,ADDRESS,NEW YORK,BROADWAY,,Closed,,N/A,06/22/2023 03:02:43 PM,01 MANHATTAN,01,Precinct 1,1000130027,MANHATTAN,980526,196377,ONLINE,Unspecified,MANHATTAN,,,,,,,,40.705685479307455,-74.01343157279955,POINT (-74.0134315728 40.705685479307)
57973068,06/22/2023 08:17:27 PM,06/22/2023 08:47:44 PM,NYPD,New York City Police Department,Noise - Street/Sidewalk,Loud Talking,,Street/Sidewalk,11215,7 AVENUE,7 AVENUE,7 AVENUE,14 STREET,7 AVENUE,14 STREET,INTERSECTION,,,,Closed,,The Police Department responded to the complaint and took action to fix the condition.,06/22/2023 08:47:51 PM,06 BROOKLYN,39,Precinct 78,,BROOKLYN,988664,181148,ONLINE,Unspecified,BROOKLYN,,,,,,,,40.66388503708357,-73.98408973955554,POINT (-73.984089739556 40.663885037084)
57975066,06/22/2023 01:47:18 PM,06/22/2023 02:15:59 PM,NYPD,New York City Police Department,Blocked Driveway,Partial Access,,Street/Sidewalk,11104,38-19 50 STREET,50 STREET,BARNETT AVENUE,39 AVENUE,BARNETT AVENUE,39 AVENUE,ADDRESS,SUNNYSIDE,50 STREET,,Closed,,The Police Department responded to the complaint and with the information available observed no evidence of the violation at that time.,06/22/2023 02:16:02 PM,02 QUEENS,26,Precinct 108,4001170001,QUEENS,1008204,212476,PHONE,Unspecified,QUEENS,,,,,,,,40.74984164766279,-73.91354640045054,POINT (-73.913546400451 40.749841647663)
57971727,06/22/2023 07:59:32 PM,07/27/2023 12:20:09 PM,EDC,Economic Development Corporation,Noise - Helicopter,Other,Flying Too Low,Above Address,10023,16 WEST   73 STREET,WEST   73 STREET,CENTRAL PARK WEST,COLUMBUS AVENUE,CENTRAL PARK WEST,COLUMBUS AVENUE,ADDRESS,NEW YORK,WEST   73 STREET,,Closed,,"The New York City Economic Development Corporation determined that this issue is not within its jurisdiction because the helicopter did not belong to a tour company departing from a NYC heliport.Â  Instead, it was most likely a law enforcement or news gathering helicopter not subject to the routing protocols established for tour helicopters. It may also have been a helicopter that departed as a charter or tour from another City but flew over NYC airspace. Helicopter tours originating from outside NYC are not subject to the same City regulations as tours departing from heliports managed by NYCEDC. Any City regulation of these flights is pre-empted by federal law and subject only to the jurisdiction of the Federal Aviation Administration. To file a complaint with the FAA, you can contact the New York Flight Standards District Office at the following web address:Â https://www.faa.gov/about/office_org/field_offices/fsdo/",07/27/2023 12:20:14 PM,07 MANHATTAN,06,Precinct 20,1011250024,MANHATTAN,990748,222485,ONLINE,Unspecified,MANHATTAN,,,,,,,,40.77734382867276,-73.97653805528616,POINT (-73.976538055286 40.777343828673)
57975561,06/22/2023 06:35:12 PM,01/10/2025 11:55:59 PM,DOHMH,Department of Health and Mental Hygiene,Mobile Food Vendor,Food Source/Protection,Food Contaminated,Mobile Food Vendor,11373,90-32 QUEENS BOULEVARD,QUEENS BOULEVARD,90 STREET,59 AVENUE,90 STREET,59 AVENUE,ADDRESS,ELMHURST,QUEENS BOULEVARD,,Closed,,"The NYC Health Department has responded to your service request. For inspection results, please call (212) 676-1600 or email infobfscs@health.nyc.gov to request an inspection report. This service request has been closed.",01/10/2025 11:56:02 PM,04 QUEENS,30,Precinct 110,4028570074,QUEENS,1019888,206639,MOBILE,Unspecified,QUEENS,,,,,,,,40.73378118397955,-73.87140805811609,POINT (-73.871408058116 40.73378118398)
57982347,06/23/2023 02:39:14 PM,01/22/2025 11:28:35 AM,DPR,Department of Parks and Recreation,Overgrown Tree/Branches,Hitting Building,N/A,Street,11221,217 CORNELIA STREET,CORNELIA STREET,CENTRAL AVENUE,WILSON AVENUE,CENTRAL AVENUE,WILSON AVENUE,ADDRESS,BROOKLYN,CORNELIA STREET,,Closed,,"Under NYC Parksâ Tree Risk Management Program, work is prioritized to address the conditions with the highest risk first.  NYC Parks determined that the issue will be addressed in the next pruning cycle through the routine block pruning program.  For more information about the Tree Risk Management Program, visit the NYC Urban Forest page on the NYC Parks website at nyc.gov/parks/trees.   To learn more about the trees in your neighborhood, visit the NYC Tree Map at nyc.gov/parks/treemap.",01/22/2025 11:28:40 AM,04 BROOKLYN,37,Precinct 83,3033760047,BROOKLYN,1008377,191686,PHONE,Unspecified,BROOKLYN,,,,,,,,40.69277767581865,-73.91299654336808,POINT (-73.912996543368 40.692777675819)
57976461,06/22/2023 01:03:39 PM,06/26/2023 10:49:39 AM,DOT,Department of Transportation,Street Condition,Cave-in,N/A,Street,11220,5000 3 AVENUE,3 AVENUE,50 STREET,51 STREET,50 STREET,51 STREET,ADDRESS,BROOKLYN,3 AVENUE,,Closed,,This request required re-assignment to a new DOT unit.,06/26/2023 10:49:51 AM,07 BROOKLYN,38,Precinct 72,,BROOKLYN,980176,175215,ONLINE,Unspecified,BROOKLYN,,,,,,,,40.647600414093546,-74.01468114649273,POINT (-74.014681146493 40.647600414094)
57972735,06/22/2023 10:41:00 AM,07/17/2023 01:30:00 PM,DEP,Department of Environmental Protection,Noise,Noise: air condition/ventilation equipment (NV1),NV1,,11237,1525 MYRTLE AVENUE,MYRTLE AVENUE,IRVING AVE,LINDEN ST,,,ADDRESS,BROOKLYN,,N/A,Closed,,"The Department of Environmental Protection (DEP) didn't observe a violation of the NYC Air or Noise Code at the time of inspection and couldn't issue a summons.  If the problem still exists, please go to nyc.gov/311 or call 311 to file a new Service Request. If you're outside of New York City, please call (212) NEW-YORK (212-639-9675).",07/17/2023 01:30:00 PM,04 BROOKLYN,37,Precinct 83,3033280008,BROOKLYN,1008017,194040,ONLINE,Unspecified,BROOKLYN,,,,,,,,40.69923983004887,-73.91428641870384,POINT (-73.914286418704 40.699239830049)
57986298,06/23/2023 09:54:39 AM,06/23/2023 09:54:39 AM,DOT,Department of Transportation,Street Condition,Pothole,,,11223,EAST   10 STREET,EAST   10 STREET,AVENUE P,QUENTIN ROAD,,,BLOCKFACE,BROOKLYN,,N/A,Closed,,The Department of Transportation determined that this complaint is a duplicate of a previously filed complaint. The original complaint is being addressed.,06/23/2023 09:54:39 AM,15 BROOKLYN,,Precinct 61,,BROOKLYN,,,UNKNOWN,Unspecified,BROOKLYN,,,,,,,,,,
57981474,06/23/2023 09:18:20 PM,06/23/2023 10:20:14 PM,NYPD,New York City Police Department,Noise - Vehicle,Car/Truck Music,,Street/Sidewalk,10469,3460 BOSTON ROAD,BOSTON ROAD,FENTON AVENUE,CORSA AVENUE,FENTON AVENUE,CORSA AVENUE,ADDRESS,BRONX,BOSTON ROAD,,Closed,,The Police Department responded to the complaint and took action to fix the condition.,06/23/2023 10:20:21 PM,12 BRONX,12,Precinct 47,2047380001,BRONX,1026276,258642,MOBILE,Unspecified,BRONX,,,,,,,,40.87648680582183,-73.84803286999879,POINT (-73.848032869999 40.876486805822)
57977280,06/22/2023 11:02:45 AM,06/22/2023 12:32:09 PM,NYPD,New York City Police Department,Illegal Parking,Blocked Hydrant,,Street/Sidewalk,11205,838 KENT AVENUE,KENT AVENUE,PARK AVENUE,MYRTLE AVENUE,PARK AVENUE,MYRTLE AVENUE,ADDRESS,BROOKLYN,KENT AVENUE,,Closed,,The Police Department responded to the complaint and determined that police action was not necessary.,06/22/2023 12:32:13 PM,03 BROOKLYN,33,Precinct 79,3018977506,BROOKLYN,995443,192751,ONLINE,Unspecified,BROOKLYN,,,,,,,,40.695726662841935,-73.95963556852818,POINT (-73.959635568528 40.695726662842)
57970935,06/21/2023 09:33:55 AM,06/21/2023 04:41:15 PM,DHS,Department of Homeless Services,Homeless Person Assistance,,,Street/Sidewalk,11208,475 EUCLID AVENUE,EUCLID AVENUE,GLENMORE AVENUE,PITKIN AVENUE,GLENMORE AVENUE,PITKIN AVENUE,ADDRESS,BROOKLYN,EUCLID AVENUE,,Closed,,"The mobile outreach response team offered services to the individual, but the individual did not accept assistance.",06/21/2023 04:41:15 PM,05 BROOKLYN,42,Precinct 75,3042140001,BROOKLYN,1019761,185482,PHONE,Unspecified,BROOKLYN,,,,,,,,40.67571077368222,-73.87197787959688,POINT (-73.871977879597 40.675710773682)
57981771,06/23/2023 08:22:27 AM,06/23/2023 04:36:32 PM,NYPD,New York City Police Department,Abandoned Vehicle,With License Plate,,Street/Sidewalk,11420,130-16 135 AVENUE,135 AVENUE,130 STREET,130 PLACE,130 STREET,130 PLACE,ADDRESS,SOUTH OZONE PARK,135 AVENUE,,Closed,,The Police Department responded to the complaint and a report was prepared.,06/23/2023 04:36:36 PM,10 QUEENS,28,Precinct 106,4118640035,QUEENS,1037157,182862,ONLINE,Unspecified,QUEENS,,,,,,,,40.66843260234625,-73.80928359739178,POINT (-73.809283597392 40.668432602346)
57972726,06/22/2023 11:19:21 AM,09/07/2023 09:55:49 AM,TLC,Taxi and Limousine Commission,For Hire Vehicle Complaint,Driver Complaint - Non Passenger,Unsafe Driving,Street,11218,347 EAST    7 STREET,EAST    7 STREET,BEVERLEY ROAD,AVENUE C,BEVERLEY ROAD,AVENUE C,ADDRESS,BROOKLYN,EAST    7 STREET,,Closed,,A hearing was scheduled at the OATH/Taxi and Limousine Tribunal.,09/07/2023 09:55:55 AM,12 BROOKLYN,39,Precinct 66,3053590001,BROOKLYN,991827,173687,ONLINE,Unspecified,BROOKLYN,,,"347 EAST    7 STREET, BROOKLYN, NY, 11218",,,,,40.64340407966347,-73.97269709071986,POINT (-73.97269709072 40.643404079663)
57977622,06/22/2023 08:45:31 PM,09/25/2023 10:23:37 AM,DPR,Department of Parks and Recreation,New Tree Request,For One Address,Street Tree,Street,11222,636 HUMBOLDT STREET,HUMBOLDT STREET,DRIGGS AVENUE,NASSAU AVENUE,DRIGGS AVENUE,NASSAU AVENUE,ADDRESS,BROOKLYN,HUMBOLDT STREET,,Closed,,NYC Parks determined that the requested location cannot receive a new tree because of conflicts with surrounding infrastructure.,09/25/2023 10:23:40 AM,01 BROOKLYN,33,Precinct 94,3026860058,BROOKLYN,999459,202964,MOBILE,Unspecified,BROOKLYN,,,,,,,,40.723752929589715,-73.94512991817129,POINT (-73.945129918171 40.72375292959)
57980736,06/22/2023 10:02:44 PM,06/22/2023 11:04:45 PM,NYPD,New York City Police Department,Noise - Street/Sidewalk,Loud Music/Party,,Street/Sidewalk,11229,3661 NOSTRAND AVENUE,NOSTRAND AVENUE,AVENUE W,AVENUE X,AVENUE W,AVENUE X,ADDRESS,BROOKLYN,NOSTRAND AVENUE,,Closed,,The Police Department responded to the complaint and took action to fix the condition.,06/22/2023 11:04:53 PM,15 BROOKLYN,46,Precinct 61,3074051001,BROOKLYN,1000704,155913,ONLINE,Unspecified,BROOKLYN,,,,,,,,40.59460611411102,-73.94075309594254,POINT (-73.940753095943 40.594606114111)
57971358,06/22/2023 07:28:44 AM,06/22/2023 10:45:18 AM,NYPD,New York City Police Department,Illegal Parking,Posted Parking Sign Violation,,Street/Sidewalk,11218,229 EAST    8 STREET,EAST    8 STREET,TURNER PLACE,HINCKLEY PLACE,TURNER PLACE,HINCKLEY PLACE,ADDRESS,BROOKLYN,EAST    8 STREET,,Closed,,The Police Department responded and upon arrival those responsible for the condition were gone.,06/22/2023 10:45:23 AM,12 BROOKLYN,40,Precinct 66,3053420032,BROOKLYN,992063,174156,MOBILE,Unspecified,BROOKLYN,,,,,,,,40.64469117858826,-73.9718461468482,POINT (-73.971846146848 40.644691178588)
57985893,06/23/2023 03:53:48 PM,06/28/2023 03:11:58 PM,HPD,Department of Housing Preservation and Development,UNSANITARY CONDITION,PESTS,ROACHES,RESIDENTIAL BUILDING,11235,286 CORBIN PLACE,CORBIN PLACE,,,,,ADDRESS,BROOKLYN,,,Closed,,The Department of Housing Preservation and Development inspected the following conditions. Violations were issued. Information about specific violations is available at www.nyc.gov/hpd,06/28/2023 12:00:00 AM,15 BROOKLYN,48,Precinct 61,3087230279,BROOKLYN,997173,148718,PHONE,Unspecified,BROOKLYN,,,,,,,,40.57486312284932,-73.95348113483865,POINT (-73.953481134839 40.574863122849)
57984309,06/24/2023 12:52:48 AM,06/24/2023 01:18:46 AM,NYPD,New York City Police Department,Noise - Commercial,Loud Music/Party,,Club/Bar/Restaurant,11101,42-44 11 STREET,11 STREET,QUEENS PLAZA SOUTH,43 AVENUE,QUEENS PLAZA SOUTH,43 AVENUE,ADDRESS,LONG ISLAND CITY,11 STREET,,Closed,,The Police Department responded to the complaint and took action to fix the condition.,06/24/2023 01:18:49 AM,02 QUEENS,26,Precinct 108,4004600063,QUEENS,998834,213460,ONLINE,Unspecified,QUEENS,,,,,,,,40.7525628965465,-73.94736199912191,POINT (-73.947361999122 40.752562896547)
57982995,06/23/2023 11:17:39 PM,06/24/2023 01:58:05 AM,NYPD,New York City Police Department,Noise - Commercial,Loud Music/Party,,Club/Bar/Restaurant,11222,SUTTON STREET,SUTTON STREET,NASSAU AVENUE,NORMAN AVENUE,NASSAU AVENUE,NORMAN AVENUE,BLOCKFACE,,,,Closed,,The Police Department responded to the complaint and with the information available observed no evidence of the violation at that time.,06/24/2023 01:58:08 AM,Unspecified BROOKLYN,,Precinct 94,,BROOKLYN,,,ONLINE,Unspecified,BROOKLYN,,,,,,,,,,
57977172,06/22/2023 11:56:00 AM,08/07/2023 03:00:00 AM,DEP,Department of Environmental Protection,Sewer,Catch Basin Sunken/Damaged/Raised (SC1),SC1,,11207,453 NEWPORT STREET,NEWPORT STREET,SNEDIKER AVE,HINSDALE ST,,,ADDRESS,BROOKLYN,,,Closed,,"The Department of Environmental Protection has investigated this complaint. Upon investigation, a defect was found done.",08/07/2023 03:00:00 AM,05 BROOKLYN,42,Precinct 75,3038340036,BROOKLYN,1012539,180108,PHONE,Unspecified,BROOKLYN,,,,,,,,40.660986376586656,-73.8980367242761,POINT (-73.898036724276 40.660986376587)
57977928,06/22/2023 10:22:54 AM,06/22/2023 11:29:18 AM,NYPD,New York City Police Department,Noise - Residential,Banging/Pounding,,Residential Building/House,11372,79-15 35 AVENUE,35 AVENUE,79 STREET,80 STREET,79 STREET,80 STREET,ADDRESS,JACKSON HEIGHTS,35 AVENUE,,Closed,,The Police Department responded to the complaint and determined that police action was not necessary.,06/22/2023 11:29:26 AM,03 QUEENS,25,Precinct 115,4012667501,QUEENS,1015492,213098,ONLINE,Unspecified,QUEENS,,,,,,,,40.75152613325065,-73.88724004494982,POINT (-73.88724004495 40.751526133251)
57979845,06/22/2023 09:36:25 PM,06/22/2023 10:15:58 PM,NYPD,New York City Police Department,Illegal Parking,Blocked Hydrant,,Street/Sidewalk,11226,2233 CATON AVENUE,CATON AVENUE,,BEDFORD AVENUE,,BEDFORD AVENUE,ADDRESS,BROOKLYN,CATON AVENUE,,Closed,,The Police Department responded to the complaint and determined that police action was not necessary.,06/22/2023 10:16:04 PM,14 BROOKLYN,40,Precinct 70,3050837501,BROOKLYN,996405,177075,MOBILE,Unspecified,BROOKLYN,,,,,,,,40.65269830525918,-73.95619465439887,POINT (-73.956194654399 40.652698305259)
57970737,06/21/2023 10:57:26 PM,06/21/2023 11:02:33 PM,NYPD,New York City Police Department,Noise - Street/Sidewalk,Loud Music/Party,,Street/Sidewalk,11226,193 LENOX ROAD,LENOX ROAD,BEDFORD AVENUE,ROGERS AVENUE,BEDFORD AVENUE,ROGERS AVENUE,ADDRESS,BROOKLYN,LENOX ROAD,,Closed,,The Police Department issued a summons in response to the complaint.,06/21/2023 11:02:37 PM,17 BROOKLYN,40,Precinct 67,3050650074,BROOKLYN,997160,177530,ONLINE,Unspecified,BROOKLYN,,,,,,,,40.65394611232874,-73.95347284309122,POINT (-73.953472843091 40.653946112329)
57975714,06/22/2023 10:39:01 PM,06/22/2023 10:49:40 PM,NYPD,New York City Police Department,Noise - Residential,Loud Music/Party,,Residential Building/House,10033,570 WEST  175 STREET,WEST  175 STREET,AUDUBON AVENUE,ST NICHOLAS AVENUE,AUDUBON AVENUE,ST NICHOLAS AVENUE,ADDRESS,NEW YORK,WEST  175 STREET,,Closed,,The Police Department responded to the complaint and with the information available observed no evidence of the violation at that time.,06/22/2023 10:49:45 PM,12 MANHATTAN,10,Precinct 33,1021310012,MANHATTAN,1001995,247185,ONLINE,Unspecified,MANHATTAN,,,,,,,,40.84512301640357,-73.9358638897067,POINT (-73.935863889707 40.845123016404)
57985011,06/23/2023 12:16:59 PM,06/23/2023 02:25:50 PM,NYPD,New York City Police Department,Illegal Parking,Posted Parking Sign Violation,,Street/Sidewalk,10452,1181 NELSON AVENUE,NELSON AVENUE,WEST  167 STREET,WEST  168 STREET,WEST  167 STREET,WEST  168 STREET,ADDRESS,BRONX,NELSON AVENUE,,Closed,,The Police Department responded and upon arrival those responsible for the condition were gone.,06/23/2023 02:25:55 PM,04 BRONX,16,Precinct 44,2025160051,BRONX,1004808,244312,PHONE,Unspecified,BRONX,,,,,,,,40.83723137123519,-73.92570561878384,POINT (-73.925705618784 40.837231371235)
57973284,06/22/2023 10:05:58 PM,06/23/2023 12:26:26 AM,NYPD,New York City Police Department,Noise - Residential,Loud Music/Party,,Residential Building/House,11417,107-43 107 STREET,107 STREET,107 AVENUE,109 AVENUE,107 AVENUE,109 AVENUE,ADDRESS,OZONE PARK,107 STREET,,Closed,,The Police Department responded to the complaint and took action to fix the condition.,06/23/2023 12:26:29 AM,10 QUEENS,28,Precinct 106,4095450057,QUEENS,1030437,187444,MOBILE,Unspecified,QUEENS,,,,,,,,40.68104674623529,-73.83347604237814,POINT (-73.833476042378 40.681046746235)
57970431,06/21/2023 05:08:24 PM,08/29/2023 12:00:00 AM,DOB,Department of Buildings,Building/Use,Illegal Conversion Of Residential Building/Space,,,11428,92-08 215 STREET,215 STREET,,,,,ADDRESS,QUEENS VILLAGE,,,Closed,,The Department of Buildings investigated this complaint and determined that no further action was necessary.,08/29/2023 12:00:00 AM,13 QUEENS,23,Precinct 105,4106290035,QUEENS,1055200,202119,UNKNOWN,Unspecified,QUEENS,,,,,,,,40.72116216673024,-73.74404061701189,POINT (-73.744040617012 40.72116216673)
57973500,06/22/2023 09:28:16 AM,07/02/2023 08:29:56 AM,HPD,Department of Housing Preservation and Development,UNSANITARY CONDITION,PESTS,BED BUGS,RESIDENTIAL BUILDING,11230,414 AVENUE N,AVENUE N,,,,,ADDRESS,BROOKLYN,,,Closed,,The Department of Housing Preservation and Development inspected the following conditions. Violations were issued. Information about specific violations is available at www.nyc.gov/hpd,07/02/2023 12:00:00 AM,12 BROOKLYN,44,Precinct 66,3065860006,BROOKLYN,992379,163115,PHONE,Unspecified,BROOKLYN,,,,,,,,40.61438568008698,-73.97072075111191,POINT (-73.970720751112 40.614385680087)
57971637,06/22/2023 04:34:09 AM,,EDC,Economic Development Corporation,Noise - Helicopter,Other,Flying Too Low,Above Address,11201,269 STATE STREET,STATE STREET,SMITH STREET,HOYT STREET,SMITH STREET,HOYT STREET,ADDRESS,BROOKLYN,STATE STREET,,In Progress,,,,02 BROOKLYN,33,Precinct 84,3001700059,BROOKLYN,987548,190304,ONLINE,Unspecified,BROOKLYN,,,,,,,,40.689016676993354,-73.98810788042229,POINT (-73.988107880422 40.689016676993)
57977703,06/22/2023 03:51:33 PM,08/28/2023 07:30:03 AM,TLC,Taxi and Limousine Commission,For Hire Vehicle Complaint,Driver Complaint - Non Passenger,Unsafe Driving,Street,10003,197 1 AVENUE,1 AVENUE,EAST   12 STREET,EAST   13 STREET,EAST   12 STREET,EAST   13 STREET,ADDRESS,NEW YORK,1 AVENUE,,Closed,,A hearing was scheduled at the OATH/Taxi and Limousine Tribunal.,09/05/2023 09:44:18 AM,03 MANHATTAN,02,Precinct 9,1004540045,MANHATTAN,988830,205275,ONLINE,Unspecified,MANHATTAN,,,"197 1 AVENUE, MANHATTAN (NEW YORK), NY, 10003",,,,,40.730107950553176,-73.9834749867784,POINT (-73.983474986778 40.730107950553)
57972492,06/22/2023 07:10:57 PM,06/22/2023 08:35:54 PM,NYPD,New York City Police Department,Illegal Parking,Posted Parking Sign Violation,,Street/Sidewalk,11361,212-17 41 AVENUE,41 AVENUE,212 STREET,213 STREET,212 STREET,213 STREET,ADDRESS,BAYSIDE,41 AVENUE,,Closed,,The Police Department responded to the complaint and took action to fix the condition.,06/22/2023 08:36:01 PM,11 QUEENS,19,Precinct 111,4062360036,QUEENS,1047235,217502,MOBILE,Unspecified,QUEENS,,,,,,,,40.76344481834354,-73.77263098669903,POINT (-73.772630986699 40.763444818344)
57987198,06/23/2023 11:50:57 AM,07/01/2023 05:42:10 PM,HPD,Department of Housing Preservation and Development,SAFETY,CARBON MONOXIDE DETECTOR,BROKEN OR MISSING,RESIDENTIAL BUILDING,11204,303 AVENUE P,AVENUE P,,,,,ADDRESS,BROOKLYN,,,Closed,,The Department of Housing Preservation and Development inspected the following conditions. No violations were issued. The complaint has been closed.,07/01/2023 12:00:00 AM,11 BROOKLYN,44,Precinct 62,3066040049,BROOKLYN,990766,160947,PHONE,Unspecified,BROOKLYN,,,,,,,,40.608436299378326,-73.97653258917279,POINT (-73.976532589173 40.608436299378)
57972951,06/22/2023 10:45:31 AM,06/26/2023 03:25:37 PM,DPR,Department of Parks and Recreation,Dead/Dying Tree,Planted Less Than 2 Years Ago,N/A,Street,10451,930 GRAND CONCOURSE,GRAND CONCOURSE,EAST  162 STREET,EAST  163 STREET,EAST  162 STREET,EAST  163 STREET,ADDRESS,BRONX,GRAND CONCOURSE,,Closed,,"NYC Parks created a work order for the tree condition.  Please note that addressing this work can take up to a year or more depending on the higher priority work identified during this period and resources available to address this work.    NYC Parks work priority categories range from Category A through D, with A being the most critical and time-sensitive. We will complete all work in Category A first and address work in lower priority categories in accordance with available resources. For more information about the Tree Risk Management Program, visit the NYC Urban Forest page on the NYC Parks website at nyc.gov/parks/trees.   Alternatively, you may choose complete the work yourself by hiring an independent contractor. The contractor must complete a Tree Work Permit application on the NYC Parks website at nyc.gov/parks/trees.",06/26/2023 03:25:41 PM,04 BRONX,16,Precinct 44,2024610007,BRONX,1005881,241076,ONLINE,Unspecified,BRONX,,,,,,,,40.82834692303825,-73.92183835008971,POINT (-73.92183835009 40.828346923038)
57987621,06/23/2023 06:41:59 PM,06/23/2023 07:10:25 PM,NYPD,New York City Police Department,Illegal Parking,Double Parked Blocking Traffic,,Street/Sidewalk,11101,11-15 45 AVENUE,45 AVENUE,11 STREET,21 STREET,11 STREET,21 STREET,ADDRESS,LONG ISLAND CITY,45 AVENUE,,Closed,,The Police Department responded to the complaint and took action to fix the condition.,06/23/2023 07:10:29 PM,02 QUEENS,26,Precinct 108,4000520017,QUEENS,998314,211682,MOBILE,Unspecified,QUEENS,,,,,,,,40.74768357844797,-73.94924255207911,POINT (-73.949242552079 40.747683578448)
57978531,06/22/2023 02:38:08 PM,06/22/2023 05:21:30 PM,NYPD,New York City Police Department,Illegal Parking,Blocked Hydrant,,Street/Sidewalk,11211,209 SKILLMAN AVENUE,SKILLMAN AVENUE,HUMBOLDT STREET,WOODPOINT ROAD,HUMBOLDT STREET,WOODPOINT ROAD,ADDRESS,BROOKLYN,SKILLMAN AVENUE,,Closed,,The Police Department responded to the complaint and determined that police action was not necessary.,06/22/2023 05:21:37 PM,01 BROOKLYN,34,Precinct 94,3028830026,BROOKLYN,1000195,200194,MOBILE,Unspecified,BROOKLYN,,,,,,,,40.71614865240804,-73.94248118598038,POINT (-73.94248118598 40.716148652408)
57973707,06/21/2023 07:18:59 AM,06/21/2023 01:25:00 PM,DOT,Department of Transportation,Street Condition,Pothole,,,10473,2272 LAFAYETTE AVENUE,LAFAYETTE AVENUE,CASTLE HILL AVENUE,HAVEMEYER AVENUE,,,ADDRESS,BRONX,,N/A,Closed,,The Department of Transportation inspected this complaint and repaired the problem.,06/21/2023 01:25:00 PM,09 BRONX,18,Precinct 43,2036150062,BRONX,1026601,239346,UNKNOWN,Unspecified,BRONX,,,,,,,,40.823523524315654,-73.84697955081349,POINT (-73.846979550813 40.823523524316)
57978522,06/22/2023 01:22:38 PM,08/14/2024 12:00:00 AM,DOB,Department of Buildings,General Construction/Plumbing,Curb Cut/Driveway/Carport - Illegal,,,11106,32-53 34 STREET,34 STREET,,,,,ADDRESS,ASTORIA,,,Closed,,The Department of Buildings investigated this complaint and issued an Office of Administrative Trials and Hearings (OATH) summons.,08/14/2024 12:00:00 AM,01 QUEENS,22,Precinct 114,4006220016,QUEENS,1005490,216329,UNKNOWN,Unspecified,QUEENS,,,,,,,,40.76042408407008,-73.92332945910259,POINT (-73.923329459103 40.76042408407)
57987936,06/22/2023 08:40:29 PM,08/25/2023 12:00:00 AM,DOB,Department of Buildings,Building/Use,No Certificate Of Occupancy/Illegal/Contrary To CO,,,10308,4157 AMBOY ROAD,AMBOY ROAD,,,,,ADDRESS,STATEN ISLAND,,,Closed,,"The Department of Buildings determined that the conditions described in this complaint were addressed under another service request number. Click on ""Learn More"" in the ""Did You Know"" section below for more information.",08/25/2023 12:00:00 AM,03 STATEN ISLAND,51,Precinct 122,5054520071,STATEN ISLAND,941193,139158,UNKNOWN,Unspecified,STATEN ISLAND,,,,,,,,40.54852767224695,-74.15493107721916,POINT (-74.154931077219 40.548527672247)
57982275,06/23/2023 12:24:56 PM,06/23/2023 12:24:56 PM,DOHMH,Department of Health and Mental Hygiene,Rodent,Rat Sighting,,3+ Family Apt. Building,11249,235 BERRY STREET,BERRY STREET,NORTH 1 STREET,GRAND STREET,NORTH    1 STREET,GRAND STREET,ADDRESS,BROOKLYN,BERRY STREET,,Closed,,The Department of Health and Mental Hygiene found violations on the property you reported. Follow-up inspections will be scheduled.,06/23/2023 12:24:56 PM,01 BROOKLYN,34,Precinct 90,3023800004,BROOKLYN,994686,199956,PHONE,Unspecified,BROOKLYN,,,,,,,,40.715503613033036,-73.96235431111644,POINT (-73.962354311116 40.715503613033)
57981258,06/23/2023 11:36:54 PM,06/24/2023 08:14:45 AM,NYPD,New York City Police Department,Illegal Parking,Blocked Crosswalk,,Street/Sidewalk,11417,87 STREET,87 STREET,87 STREET,DUMONT AVENUE,87 STREET,DUMONT AVENUE,INTERSECTION,,,,Closed,,The Police Department responded to the complaint and with the information available observed no evidence of the violation at that time.,06/24/2023 08:14:51 AM,10 QUEENS,32,Precinct 106,,QUEENS,1026114,184484,ONLINE,Unspecified,QUEENS,,,,,,,,40.6729437278371,-73.84908066694773,POINT (-73.849080666948 40.672943727837)
57974526,06/22/2023 07:44:00 AM,06/28/2023 11:00:00 AM,DEP,Department of Environmental Protection,Noise,Noise: Jack Hammering (NC2),NC2,,10001,,,,,7 AVENUE,WEST 33 STREET,INTERSECTION,MANHATTAN,,N/A,Closed,,"The Department of Environmental Protection (DEP) didn't observe a violation of the NYC Air or Noise Code at the time of inspection and couldn't issue a summons.  If the problem still exists, please go to nyc.gov/311 or call 311 to file a new Service Request. If you're outside of New York City, please call (212) NEW-YORK (212-639-9675).",06/28/2023 11:00:00 AM,05 MANHATTAN,03,Precinct 14,,MANHATTAN,986713,212638,ONLINE,Unspecified,MANHATTAN,,,,,,,,40.75031839842109,-73.9911105992578,POINT (-73.991110599258 40.750318398421)
57980358,06/23/2023 12:49:08 AM,06/23/2023 01:10:27 AM,NYPD,New York City Police Department,Noise - Residential,Loud Music/Party,,Residential Building/House,10029,322 EAST  115 STREET,EAST  115 STREET,2 AVENUE,1 AVENUE,2 AVENUE,1 AVENUE,ADDRESS,NEW YORK,EAST  115 STREET,,Closed,,The Police Department responded to the complaint and took action to fix the condition.,06/23/2023 01:10:34 AM,11 MANHATTAN,08,Precinct 23,1016840001,MANHATTAN,1001572,229265,ONLINE,Unspecified,MANHATTAN,,,,,,,,40.79593852691809,-73.93743900362408,POINT (-73.937439003624 40.795938526918)
57972834,06/22/2023 07:09:40 AM,07/27/2023 12:05:01 PM,EDC,Economic Development Corporation,Noise - Helicopter,Other,Flying Too Low,Above Address,10011,335 WEST   18 STREET,WEST   18 STREET,8 AVENUE,9 AVENUE,8 AVENUE,9 AVENUE,ADDRESS,NEW YORK,WEST   18 STREET,,Closed,,The New York City Economic Development Corporation determined that the helicopter tour operator was operating within the limits of the New York City Helicopter Sightseeing Plan which establishes specific over water routing for tour flights.,07/27/2023 12:05:04 PM,04 MANHATTAN,03,Precinct 10,1007420007,MANHATTAN,983747,209874,ONLINE,Unspecified,MANHATTAN,,,,,,,,40.74273224078644,-74.00181520886596,POINT (-74.001815208866 40.742732240786)
57987558,06/23/2023 04:11:06 AM,07/27/2023 12:20:26 PM,EDC,Economic Development Corporation,Noise - Helicopter,Other,Flying Too Low,Above Address,10025,214 WEST  102 STREET,WEST  102 STREET,AMSTERDAM AVENUE,BROADWAY,AMSTERDAM AVENUE,BROADWAY,ADDRESS,NEW YORK,WEST  102 STREET,,Closed,,"The New York City Economic Development Corporation determined that this issue is not within its jurisdiction because the helicopter did not belong to a tour company departing from a NYC heliport.Â  Instead, it was most likely a law enforcement or news gathering helicopter not subject to the routing protocols established for tour helicopters. It may also have been a helicopter that departed as a charter or tour from another City but flew over NYC airspace. Helicopter tours originating from outside NYC are not subject to the same City regulations as tours departing from heliports managed by NYCEDC. Any City regulation of these flights is pre-empted by federal law and subject only to the jurisdiction of the Federal Aviation Administration. To file a complaint with the FAA, you can contact the New York Flight Standards District Office at the following web address:Â https://www.faa.gov/about/office_org/field_offices/fsdo/",07/27/2023 12:20:29 PM,07 MANHATTAN,07,Precinct 24,1018730041,MANHATTAN,993042,230062,ONLINE,Unspecified,MANHATTAN,,,,,,,,40.798138679135754,-73.96824532821826,POINT (-73.968245328218 40.798138679136)
57977325,06/22/2023 10:20:00 AM,06/22/2023 10:20:00 AM,DOT,Department of Transportation,Street Light Condition,Street Light Cycling,Location Type: Intersection,,11234,,,,,AVENUE L,EAST 58 STREET,INTERSECTION,BROOKLYN,,,Closed,,Service Request status for this request is available on the Department of Transportationâs website. Please click the âLearn Moreâ link below.,06/22/2023 10:20:00 AM,18 BROOKLYN,46,Precinct 63,,BROOKLYN,1006544,166640,UNKNOWN,Unspecified,BROOKLYN,,,,,,,,40.62403674986958,-73.91968925570728,POINT (-73.919689255707 40.62403674987)
57972024,06/22/2023 05:05:00 PM,06/22/2023 06:10:01 PM,NYPD,New York City Police Department,Blocked Driveway,No Access,,Street/Sidewalk,10457,2103 TIEBOUT AVENUE,TIEBOUT AVENUE,EAST  180 STREET,EAST  181 STREET,EAST  180 STREET,EAST  181 STREET,ADDRESS,BRONX,TIEBOUT AVENUE,,Closed,,The Police Department responded to the complaint and with the information available observed no evidence of the violation at that time.,06/22/2023 06:10:06 PM,05 BRONX,15,Precinct 46,2031440035,BRONX,1012238,250048,MOBILE,Unspecified,BRONX,,,,,,,,40.852954575184725,-73.89883048467043,POINT (-73.89883048467 40.852954575185)
57974562,06/22/2023 11:51:35 AM,06/23/2023 07:52:46 PM,HPD,Department of Housing Preservation and Development,PAINT/PLASTER,WALL,BULGING/HOLE/CRACKED,RESIDENTIAL BUILDING,11237,1488 DE KALB AVENUE,DE KALB AVENUE,,,,,ADDRESS,BROOKLYN,,,Closed,,The Department of Housing Preservation and Development inspected the following conditions. No violations were issued. The complaint has been closed.,06/23/2023 12:00:00 AM,04 BROOKLYN,37,Precinct 83,3032470014,BROOKLYN,1005926,194919,PHONE,Unspecified,BROOKLYN,,,,,,,,40.70165784740123,-73.92182459180998,POINT (-73.92182459181 40.701657847401)
57984138,06/23/2023 01:56:00 PM,06/23/2023 07:20:00 PM,DEP,Department of Environmental Protection,Sewer,Sewer Backup (Use Comments) (SA),SA,,11411,119-49 234 STREET,234 STREET,119 AVE,120 AVE,,,ADDRESS,CAMBRIA HEIGHTS,,,Closed,,The Department of Environmental Protection investigated this complaint and found there was no sewer back up in the city system at the time of the inspection.,06/23/2023 07:20:00 PM,13 QUEENS,27,Precinct 105,4127940144,QUEENS,1059121,189808,PHONE,Unspecified,QUEENS,,,,,,,,40.68733921187753,-73.73003217323163,POINT (-73.730032173232 40.687339211878)
57985596,06/23/2023 11:49:34 PM,06/24/2023 12:50:19 AM,NYPD,New York City Police Department,Noise - Residential,Loud Music/Party,,Residential Building/House,11368,108-24 42 AVENUE,42 AVENUE,108 STREET,111 STREET,108 STREET,111 STREET,ADDRESS,CORONA,42 AVENUE,,Closed,,The Police Department responded to the complaint and with the information available observed no evidence of the violation at that time.,06/24/2023 12:50:22 AM,04 QUEENS,21,Precinct 110,4019980006,QUEENS,1023707,212366,ONLINE,Unspecified,QUEENS,,,,,,,,40.749484139573624,-73.85759445938932,POINT (-73.857594459389 40.749484139574)
57974202,06/22/2023 09:16:52 AM,06/23/2023 01:23:52 PM,DOT,Department of Transportation,Street Condition,Cave-in,N/A,Street,11357,22 AVENUE,22 AVENUE,22 AVENUE,FRANCIS LEWIS BOULEVARD,22 AVENUE,FRANCIS LEWIS BOULEVARD,INTERSECTION,,,,Closed,,"The Department of Transportation inspected the location for the condition you reported and could not find the problem. It you would like to pursue the complaint, please call 311 or (212) 639-9675 with additional information.",06/23/2023 01:23:57 PM,07 QUEENS,19,Precinct 109,,QUEENS,1039482,222590,PHONE,Unspecified,QUEENS,,,,,,,,40.77746185159212,-73.80057655723677,POINT (-73.800576557237 40.777461851592)
57978072,06/22/2023 03:00:58 PM,06/22/2023 03:42:21 PM,NYPD,New York City Police Department,Encampment,N/A,,Subway,,,,,,,,,,,,Closed,,The Police Department visited the location and no Encampment was found.,06/22/2023 03:42:25 PM,Unspecified BRONX,,Unspecified,,BRONX,1013846,239527,MOBILE,Unspecified,BRONX,,,,2,,,Mezzanine,40.82407226406936,-73.89306440503886,POINT (-73.893064405039 40.824072264069)
57974274,06/22/2023 10:50:41 PM,06/22/2023 11:10:22 PM,NYPD,New York City Police Department,Noise - Residential,Loud Talking,,Residential Building/House,11210,850 EAST   31 STREET,EAST   31 STREET,DEAD END,AURELIA COURT,DEAD END,AURELIA COURT,ADDRESS,BROOKLYN,EAST   31 STREET,,Closed,,The Police Department responded to the complaint and took action to fix the condition.,06/22/2023 11:10:26 PM,14 BROOKLYN,45,Precinct 70,3075760069,BROOKLYN,999097,168881,MOBILE,Unspecified,BROOKLYN,,,,,,,,40.63020343284473,-73.94651100276384,POINT (-73.946511002764 40.630203432845)
57984318,06/23/2023 11:12:27 PM,06/23/2023 11:40:53 PM,NYPD,New York City Police Department,Noise - Residential,Loud Music/Party,,Residential Building/House,11691,10-37 MCBRIDE STREET,MCBRIDE STREET,BEACH CHANNEL DRIVE,REGINA AVENUE,BEACH CHANNEL DRIVE,REGINA AVENUE,ADDRESS,FAR ROCKAWAY,MCBRIDE STREET,,Closed,,The Police Department responded to the complaint and took action to fix the condition.,06/23/2023 11:40:58 PM,14 QUEENS,31,Precinct 101,4157140131,QUEENS,1051448,159144,ONLINE,Unspecified,QUEENS,,,,,,,,40.60323505525353,-73.75800457203042,POINT (-73.75800457203 40.603235055254)
57986775,06/23/2023 09:47:23 AM,06/23/2023 03:15:28 PM,DSNY,Department of Sanitation,Street Sweeping Complaint,Inadequate Sweeping,Caused by a parked vehicle,Street,11369,32-29 101 STREET,101 STREET,32 AVENUE,NORTHERN BOULEVARD,32 AVENUE,NORTHERN BOULEVARD,ADDRESS,EAST ELMHURST,101 STREET,,Closed,,The Department of Sanitation investigated this complaint and found no condition at the location.,06/23/2023 10:25:32 AM,03 QUEENS,21,Precinct 115,4016960053,QUEENS,1020910,215700,PHONE,Unspecified,QUEENS,,,,,,,,40.75864715064526,-73.86767100957907,POINT (-73.867671009579 40.758647150645)
57978621,06/22/2023 04:47:33 PM,06/22/2023 08:13:52 PM,NYPD,New York City Police Department,Illegal Parking,Posted Parking Sign Violation,,Street/Sidewalk,11433,179 STREET,179 STREET,179 STREET,MURDOCK AVENUE,179 STREET,MURDOCK AVENUE,INTERSECTION,,,,Closed,,The Police Department responded to the complaint and took action to fix the condition.,06/22/2023 08:13:55 PM,12 QUEENS,27,Precinct 113,,QUEENS,1047724,192800,PHONE,Unspecified,QUEENS,,,,,,,,40.69564060480057,-73.77109877232905,POINT (-73.771098772329 40.695640604801)
57986217,06/23/2023 10:18:56 PM,07/06/2023 11:17:39 AM,TLC,Taxi and Limousine Commission,Lost Property,Other,Other,Taxi,10007,180 GREENWICH STREET,GREENWICH STREET,CORTLANDT WAY,FULTON STREET,CORTLANDT WAY,FULTON STREET,ADDRESS,NEW YORK,GREENWICH STREET,,Closed,,See notes for information.,07/06/2023 11:17:42 AM,01 MANHATTAN,01,Precinct 1,1000580001,MANHATTAN,980839,198392,PHONE,Unspecified,MANHATTAN,,,"180 GREENWICH STREET, MANHATTAN (NEW YORK), NY, 10007",,,,,40.71121630354079,-74.01230367784711,POINT (-74.012303677847 40.711216303541)
57971367,06/22/2023 03:56:28 PM,06/23/2023 01:20:22 AM,NYPD,New York City Police Department,Illegal Parking,Blocked Sidewalk,,Street/Sidewalk,11379,79-45 69 AVENUE,69 AVENUE,79 STREET,80 STREET,79 STREET,80 STREET,ADDRESS,MIDDLE VILLAGE,69 AVENUE,,Closed,,The Police Department responded and upon arrival those responsible for the condition were gone.,06/23/2023 01:20:28 AM,05 QUEENS,30,Precinct 104,4037990061,QUEENS,1019782,197917,MOBILE,Unspecified,QUEENS,,,,,,,,40.70984185305609,-73.87183658121383,POINT (-73.871836581214 40.709841853056)
57975048,06/22/2023 11:15:22 PM,07/24/2023 01:33:33 PM,HPD,Department of Housing Preservation and Development,DOOR/WINDOW,WINDOW FRAME,LOOSE OR DEFECTIVE,RESIDENTIAL BUILDING,11223,1741 EAST    7 STREET,EAST    7 STREET,,,,,ADDRESS,BROOKLYN,,,Closed,,The Department of Housing Preservation and Development inspected the following conditions. Violations were issued. Information about specific violations is available at www.nyc.gov/hpd,07/24/2023 12:00:00 AM,15 BROOKLYN,44,Precinct 61,3066390062,BROOKLYN,993678,160892,PHONE,Unspecified,BROOKLYN,,,,,,,,40.60828271589438,-73.96604508238495,POINT (-73.966045082385 40.608282715894)
57976497,06/22/2023 12:34:45 PM,08/20/2025 04:25:17 PM,DPR,Department of Parks and Recreation,Overgrown Tree/Branches,Blocking Street,N/A,Street,11237,1480 MYRTLE AVENUE,MYRTLE AVENUE,MENAHAN STREET,GROVE STREET,MENAHAN STREET,GROVE STREET,ADDRESS,BROOKLYN,MYRTLE AVENUE,,Closed,,"Under NYC Parksâ Tree Risk Management Program, work is prioritized to address the conditions with the highest risk first.  NYC Parks determined that the issue will be addressed in the next pruning cycle through the routine block pruning program.  For more information about the Tree Risk Management Program, visit the NYC Urban Forest page on the NYC Parks website at nyc.gov/parks/trees.   To learn more about the trees in your neighborhood, visit the NYC Tree Map at nyc.gov/parks/treemap.",08/20/2025 04:25:21 PM,04 BROOKLYN,37,Precinct 83,3033170031,BROOKLYN,1007726,193993,ONLINE,Unspecified,BROOKLYN,,,,,,,,40.699111602844965,-73.915336047608,POINT (-73.915336047608 40.699111602845)
57980799,06/22/2023 05:53:14 AM,09/26/2023 09:46:25 AM,HPD,Department of Housing Preservation and Development,PAINT/PLASTER,CEILING,HOLE OR CRACKED,RESIDENTIAL BUILDING,10466,770 EAST  225 STREET,EAST  225 STREET,,,,,ADDRESS,BRONX,,,Closed,,"The Department of Housing Preservation and Development contacted an occupant of the apartment and verified that the following conditions were corrected. The complaint has been closed. If the condition still exists, please file a new complaint.",09/26/2023 12:00:00 AM,12 BRONX,12,Precinct 47,2048380082,BRONX,1023348,262542,ONLINE,Unspecified,BRONX,,,,,,,,40.88720453328548,-73.85859781185216,POINT (-73.858597811852 40.887204533285)
57971772,06/22/2023 06:53:00 PM,06/26/2023 07:17:00 AM,DSNY,Department of Sanitation,Derelict Vehicles,Derelict Vehicles,,Street,10462,2145 STARLING AVENUE,STARLING AVENUE,ODELL STREET,PURDY STREET,,,ADDRESS,BRONX,,,Closed,,The vehicle you reported has been removed by the Department of Sanitation.,06/26/2023 12:00:00 PM,09 BRONX,18,Precinct 43,2039470040,BRONX,1024731,243965,PHONE,Unspecified,BRONX,,,,,,,,40.83621010660156,-73.85370825386958,POINT (-73.85370825387 40.836210106602)
57981690,06/23/2023 05:53:04 PM,06/23/2023 06:14:37 PM,NYPD,New York City Police Department,Panhandling,N/A,,Store/Commercial,10024,101 WEST   86 STREET,WEST   86 STREET,COLUMBUS AVENUE,AMSTERDAM AVENUE,COLUMBUS AVENUE,AMSTERDAM AVENUE,ADDRESS,NEW YORK,WEST   86 STREET,,Closed,,This complaint does not fall under the Police Department's jurisdiction.,06/23/2023 06:14:40 PM,07 MANHATTAN,06,Precinct 24,1012170035,MANHATTAN,991914,225843,MOBILE,Unspecified,MANHATTAN,,,,,,,,40.786559713139816,-73.97232421756146,POINT (-73.972324217561 40.78655971314)
57974355,06/22/2023 11:51:24 AM,06/25/2023 06:38:22 PM,HPD,Department of Housing Preservation and Development,HEAT/HOT WATER,APARTMENT ONLY,NO HOT WATER,RESIDENTIAL BUILDING,11212,739 RALPH AVENUE,RALPH AVENUE,,,,,ADDRESS,BROOKLYN,,,Closed,,"The Department of Housing Preservation and Development was not able to gain access to your apartment or others in the building to inspect for a lack of heat or hot water. The complaint has been closed. If the condition still exists, please file a new complaint.",06/25/2023 12:00:00 AM,16 BROOKLYN,41,Precinct 73,3035310016,BROOKLYN,1005837,181473,ONLINE,Unspecified,BROOKLYN,,,,,,,,40.66475187417481,-73.92218865001486,POINT (-73.922188650015 40.664751874175)
57981204,06/23/2023 09:53:00 AM,06/24/2023 08:46:00 AM,DSNY,Department of Sanitation,Derelict Vehicles,Derelict Vehicles,,Street,11226,198 VERONICA PLACE,VERONICA PLACE,TILDEN AVENUE,BEVERLEY ROAD,,,ADDRESS,BROOKLYN,,,Closed,,DSNY already has a request to investigate this reportedly abandoned vehicle and cannot open multiple service requests for the same vehicle at once. Your request is being closed while we action the prior report.,06/24/2023 12:00:00 PM,17 BROOKLYN,40,Precinct 67,3051360033,BROOKLYN,997403,174432,PHONE,Unspecified,BROOKLYN,,,,,,,,40.64544241828292,-73.95260312152298,POINT (-73.952603121523 40.645442418283)
57971934,06/22/2023 06:33:46 PM,06/22/2023 06:52:59 PM,NYPD,New York City Police Department,Noise - Residential,Loud Music/Party,,Residential Building/House,10009,276 1 AVENUE,1 AVENUE,EAST   16 STREET,EAST   17 STREET,EAST   16 STREET,EAST   17 STREET,ADDRESS,NEW YORK,1 AVENUE,,Closed,,The Police Department responded to the complaint and determined that police action was not necessary.,06/22/2023 06:53:03 PM,06 MANHATTAN,04,Precinct 13,1009720001,MANHATTAN,989412,206244,ONLINE,Unspecified,MANHATTAN,,,,,,,,40.73276729743705,-73.98137434001323,POINT (-73.981374340013 40.732767297437)
57985191,06/23/2023 02:57:57 PM,06/23/2023 08:25:44 PM,HPD,Department of Housing Preservation and Development,ELECTRIC,POWER OUTAGE,ENTIRE APARTMENT,RESIDENTIAL BUILDING,11427,89-15 PONTIAC STREET,PONTIAC STREET,,,,,ADDRESS,QUEENS VILLAGE,,,Closed,,The Department of Housing Preservation and Development inspected the following conditions. No violations were issued. The complaint has been closed.,06/23/2023 12:00:00 AM,13 QUEENS,23,Precinct 105,4079700129,QUEENS,1057954,205073,PHONE,Unspecified,QUEENS,,,,,,,,40.7292476258584,-73.73407298827304,POINT (-73.734072988273 40.729247625858)
58024647,06/27/2023 06:55:29 PM,06/27/2023 06:55:29 PM,DOHMH,Department of Health and Mental Hygiene,Rodent,Rat Sighting,,Vacant Lot,10305,128 DONLEY AVENUE,DONLEY AVENUE,DONLEY AVENUE,ST JOHNS AVENUE,DONLEY AVENUE,ST JOHNS AVENUE,ADDRESS,STATEN ISLAND,,,Closed,,The Department of Health and Mental Hygiene closed this complaint and referred it to another agency because it was not within its jurisdiction.,06/27/2023 06:55:29 PM,01 STATEN ISLAND,49,Precinct 120,5030300057,STATEN ISLAND,963354,160508,PHONE,Unspecified,STATEN ISLAND,,,,,,,,40.60720909274117,-74.0752556870798,POINT (-74.07525568708 40.607209092741)
57973671,06/22/2023 08:20:56 PM,06/22/2023 08:57:23 PM,NYPD,New York City Police Department,Illegal Parking,Blocked Hydrant,,Street/Sidewalk,11372,34-46 73 STREET,73 STREET,34 AVENUE,35 AVENUE,34 AVENUE,35 AVENUE,ADDRESS,JACKSON HEIGHTS,73 STREET,,Closed,,The Police Department issued a summons in response to the complaint.,06/22/2023 08:57:27 PM,03 QUEENS,25,Precinct 115,4012590028,QUEENS,1013845,213127,MOBILE,Unspecified,QUEENS,,,,,,,,40.7516113966311,-73.8931843337047,POINT (-73.893184333705 40.751611396631)
57971574,06/22/2023 11:28:17 PM,06/23/2023 02:32:31 AM,NYPD,New York City Police Department,Noise - Street/Sidewalk,Loud Talking,,Street/Sidewalk,10454,488 EAST  140 STREET,EAST  140 STREET,WILLIS AVENUE,BROOK AVENUE,WILLIS AVENUE,BROOK AVENUE,ADDRESS,BRONX,EAST  140 STREET,,Closed,,The Police Department responded to the complaint and took action to fix the condition.,06/23/2023 02:32:36 AM,01 BRONX,08,Precinct 40,,BRONX,1006547,234153,ONLINE,Unspecified,BRONX,,,,,,,,40.80934358817332,-73.91945482276728,POINT (-73.919454822767 40.809343588173)
57974517,06/22/2023 11:51:35 AM,06/23/2023 07:52:46 PM,HPD,Department of Housing Preservation and Development,APPLIANCE,REFRIGERATOR,BROKEN DOOR SEAL,RESIDENTIAL BUILDING,11237,1488 DE KALB AVENUE,DE KALB AVENUE,,,,,ADDRESS,BROOKLYN,,,Closed,,The Department of Housing Preservation and Development inspected the following conditions. No violations were issued. The complaint has been closed.,06/23/2023 12:00:00 AM,04 BROOKLYN,37,Precinct 83,3032470014,BROOKLYN,1005926,194919,PHONE,Unspecified,BROOKLYN,,,,,,,,40.70165784740123,-73.92182459180998,POINT (-73.92182459181 40.701657847401)
57976218,06/22/2023 08:38:21 PM,06/22/2023 08:51:08 PM,DPR,Department of Parks and Recreation,Violation of Park Rules,Obstructing Public Use,Other,Street/Curbside,10467,2201 HOLLAND AVENUE,HOLLAND AVENUE,PELHAM PARKWAY NORTH,ASTOR AVENUE,PELHAM PARKWAY NORTH,ASTOR AVENUE,ADDRESS,BRONX,HOLLAND AVENUE,,Closed,,"Upon inspection the reported condition was not found, and, therefore, no action was taken.",06/22/2023 08:51:12 PM,11 BRONX,13,Precinct 49,2043440001,BRONX,1021416,251949,UNKNOWN,Unspecified,BRONX,,,,,,,,40.85813838227989,-73.86564385041834,POINT (-73.865643850418 40.85813838228)
57973419,06/22/2023 07:49:45 PM,06/28/2023 08:44:50 PM,HPD,Department of Housing Preservation and Development,ELEVATOR,MAINTENANCE,DIRTY OR UNSANITARY,RESIDENTIAL BUILDING,10459,886 WESTCHESTER AVENUE,WESTCHESTER AVENUE,,,,,ADDRESS,BRONX,,,Closed,,The Department of Housing Preservation and Development inspected the following conditions. No violations were issued. The complaint has been closed.,06/28/2023 12:00:00 AM,02 BRONX,17,Precinct 41,2026967501,BRONX,1012055,238306,PHONE,Unspecified,BRONX,,,,,,,,40.82072678628365,-73.89954065916744,POINT (-73.899540659167 40.820726786284)
57975003,06/22/2023 01:51:17 PM,07/11/2023 04:52:23 PM,DSNY,Department of Sanitation,Missed Collection,Recycling - Paper,N/A,Street,10075,187 EAST   79 STREET,EAST   79 STREET,LEXINGTON AVENUE,3 AVENUE,LEXINGTON AVENUE,3 AVENUE,ADDRESS,NEW YORK,EAST   79 STREET,,Closed,,The Department of Sanitation collected the requested items.,06/23/2023 07:04:44 AM,08 MANHATTAN,04,Precinct 19,1015080033,MANHATTAN,995945,221449,ONLINE,Unspecified,MANHATTAN,,,,,,,,40.77449493289924,-73.95777535977247,POINT (-73.957775359772 40.774494932899)
57987243,06/23/2023 10:42:18 PM,06/23/2023 11:40:32 PM,NYPD,New York City Police Department,Illegal Parking,Parking Permit Improper Use,Parked In 'No Standing' Area,Street/Sidewalk,11361,212-19 41 AVENUE,41 AVENUE,212 STREET,213 STREET,212 STREET,213 STREET,ADDRESS,BAYSIDE,41 AVENUE,,Closed,,The Police Department responded to the complaint and took action to fix the condition.,06/23/2023 11:40:38 PM,11 QUEENS,19,Precinct 111,4062360034,QUEENS,1047239,217503,MOBILE,Unspecified,QUEENS,,,,,,,,40.76344753457848,-73.77261653782757,POINT (-73.772616537828 40.763447534578)
57971133,06/21/2023 08:57:02 PM,06/22/2023 10:55:00 AM,DOT,Department of Transportation,Street Condition,Pothole,,,10128,,,,,3 AVENUE,EAST 90 STREET,INTERSECTION,MANHATTAN,,N/A,Closed,,The Department of Transportation inspected this complaint and repaired the problem.,06/22/2023 10:55:00 AM,08 MANHATTAN,05,Precinct 19,,MANHATTAN,997509,223961,UNKNOWN,Unspecified,MANHATTAN,,,,,,,,40.78138750196465,-73.9521236028916,POINT (-73.952123602892 40.781387501965)
57971394,06/22/2023 11:37:55 PM,06/23/2023 01:42:06 AM,NYPD,New York City Police Department,Illegal Parking,Posted Parking Sign Violation,,Street/Sidewalk,11385,2031 WOODBINE STREET,WOODBINE STREET,FAIRVIEW AVENUE,FOREST AVENUE,FAIRVIEW AVENUE,FOREST AVENUE,ADDRESS,RIDGEWOOD,WOODBINE STREET,,Closed,,The Police Department responded to the complaint and with the information available observed no evidence of the violation at that time.,06/23/2023 01:42:14 AM,05 QUEENS,30,Precinct 104,4034890042,QUEENS,1011026,196445,PHONE,Unspecified,QUEENS,,,,,,,,40.7058323939306,-73.9034251725727,POINT (-73.903425172573 40.705832393931)
57987360,06/23/2023 08:13:24 AM,06/04/2024 12:03:54 AM,DOHMH,Department of Health and Mental Hygiene,Smoking,Smoking Violation,Smoking Permitted in a Prohibited Area,Commercial Building,10018,38 WEST   39 STREET,WEST   39 STREET,5 AVENUE,AVENUE OF THE AMERICAS,5 AVENUE,AVENUE OF THE AMERICAS,ADDRESS,NEW YORK,WEST   39 STREET,,Closed,,This SR was administratively closed. The issue you reported was addressed.,06/04/2024 12:03:57 AM,05 MANHATTAN,04,Precinct 14,1008400069,MANHATTAN,988792,213299,ONLINE,Unspecified,MANHATTAN,,,,,,,,40.75213185280697,-73.98360667581059,POINT (-73.983606675811 40.752131852807)
57984021,06/23/2023 10:14:43 AM,06/26/2023 12:42:40 PM,DSNY,Department of Sanitation,Missed Collection,Compost,N/A,Street,11372,35-05 72 STREET,72 STREET,35 AVENUE,37 AVENUE,35 AVENUE,37 AVENUE,ADDRESS,JACKSON HEIGHTS,72 STREET,,Closed,,The Department of Sanitation investigated this complaint and found no condition at the location.,06/26/2023 10:23:45 AM,03 QUEENS,25,Precinct 115,4012720001,QUEENS,1013645,212722,ONLINE,Unspecified,QUEENS,,,,,,,,40.7505004419292,-73.89390795277471,POINT (-73.893907952775 40.750500441929)
57973869,06/22/2023 10:08:59 PM,06/23/2023 02:09:12 AM,NYPD,New York City Police Department,Abandoned Vehicle,With License Plate,,Street/Sidewalk,11223,2032 WEST    4 STREET,WEST    4 STREET,AVENUE T,AVENUE U,AVENUE T,AVENUE U,ADDRESS,BROOKLYN,WEST    4 STREET,,Closed,,The Police Department responded to the complaint and determined that police action was not necessary.,06/23/2023 02:09:20 AM,11 BROOKLYN,44,Precinct 62,3071010022,BROOKLYN,990953,157189,ONLINE,Unspecified,BROOKLYN,,,,,,,,40.59812121509365,-73.97586283703018,POINT (-73.97586283703 40.598121215094)
57972159,06/22/2023 05:04:15 PM,06/27/2023 05:46:56 PM,HPD,Department of Housing Preservation and Development,ELEVATOR,MAINTENANCE,DIRTY OR UNSANITARY,RESIDENTIAL BUILDING,10463,3111 HEATH AVENUE,HEATH AVENUE,,,,,ADDRESS,BRONX,,,Closed,,The Department of Housing Preservation and Development inspected the following conditions. No violations were issued. The complaint has been closed.,06/27/2023 12:00:00 AM,08 BRONX,14,Precinct 50,2032610046,BRONX,1011697,259371,ONLINE,Unspecified,BRONX,,,,,,,,40.878545062435755,-73.90074787653406,POINT (-73.900747876534 40.878545062436)
57984948,06/23/2023 10:51:56 AM,06/23/2023 11:27:17 AM,NYPD,New York City Police Department,Illegal Parking,Blocked Sidewalk,,Street/Sidewalk,11217,228 NEVINS STREET,NEVINS STREET,BUTLER STREET,DOUGLASS STREET,BUTLER STREET,DOUGLASS STREET,ADDRESS,BROOKLYN,NEVINS STREET,,Closed,,The Police Department responded to the complaint and determined that police action was not necessary.,06/23/2023 11:27:21 AM,06 BROOKLYN,39,Precinct 78,3004110024,BROOKLYN,988191,187561,MOBILE,Unspecified,BROOKLYN,,,,,,,,40.681487506105924,-73.9857909181768,POINT (-73.985790918177 40.681487506106)
57972186,06/22/2023 05:03:38 PM,06/24/2023 06:37:22 PM,HPD,Department of Housing Preservation and Development,HEAT/HOT WATER,ENTIRE BUILDING,NO HOT WATER,RESIDENTIAL BUILDING,10463,3111 HEATH AVENUE,HEATH AVENUE,,,,,ADDRESS,BRONX,,,Closed,,The Department of Housing Preservation and Development inspected the following conditions. Violations were issued. Information about specific violations is available at www.nyc.gov/hpd,06/24/2023 12:00:00 AM,08 BRONX,14,Precinct 50,2032610046,BRONX,1011697,259371,ONLINE,Unspecified,BRONX,,,,,,,,40.878545062435755,-73.90074787653406,POINT (-73.900747876534 40.878545062436)
57976794,06/22/2023 11:21:16 PM,06/23/2023 12:06:35 AM,NYPD,New York City Police Department,Noise - Street/Sidewalk,Loud Music/Party,,Street/Sidewalk,10030,300 WEST  142 STREET,WEST  142 STREET,FREDERICK DOUGLASS BOULEVARD,BRADHURST AVENUE,FREDERICK DOUGLASS BOULEVARD,BRADHURST AVENUE,ADDRESS,NEW YORK,WEST  142 STREET,,Closed,,The Police Department responded to the complaint and with the information available observed no evidence of the violation at that time.,06/23/2023 12:06:39 AM,10 MANHATTAN,09,Precinct 32,1020430018,MANHATTAN,999882,238392,MOBILE,Unspecified,MANHATTAN,,,,,,,,40.82099276164245,-73.94352143653646,POINT (-73.943521436536 40.820992761642)
57984057,06/23/2023 01:25:38 PM,06/23/2023 02:54:17 PM,NYPD,New York City Police Department,Blocked Driveway,No Access,,Street/Sidewalk,11208,407 CHESTNUT STREET,CHESTNUT STREET,LIBERTY AVENUE,GLENMORE AVENUE,LIBERTY AVENUE,GLENMORE AVENUE,ADDRESS,BROOKLYN,CHESTNUT STREET,,Closed,,This complaint does not fall under the Police Department's jurisdiction.,06/23/2023 02:54:21 PM,05 BROOKLYN,37,Precinct 75,3041930005,BROOKLYN,1019232,185987,PHONE,Unspecified,BROOKLYN,,,,,,,,40.677098989570176,-73.87388237471953,POINT (-73.87388237472 40.67709898957)
57972798,06/22/2023 10:32:21 PM,06/23/2023 06:25:17 AM,NYPD,New York City Police Department,Illegal Parking,Commercial Overnight Parking,,Street/Sidewalk,11361,36-15 200 STREET,200 STREET,36 AVENUE,FRANCIS LEWIS BOULEVARD,36 AVENUE,FRANCIS LEWIS BOULEVARD,ADDRESS,BAYSIDE,200 STREET,,Closed,,The Police Department responded to the complaint and took action to fix the condition.,06/23/2023 06:25:21 AM,11 QUEENS,19,Precinct 111,4061450051,QUEENS,1043465,217623,ONLINE,Unspecified,QUEENS,,,,,,,,40.763802985950264,-73.78623915583727,POINT (-73.786239155837 40.76380298595)
57974472,06/22/2023 10:20:14 AM,06/22/2023 11:27:34 AM,NYPD,New York City Police Department,Non-Emergency Police Matter,Other (complaint details),,Store/Commercial,10036,2 WEST   46 STREET,WEST   46 STREET,5 AVENUE,AVENUE OF THE AMERICAS,5 AVENUE,AVENUE OF THE AMERICAS,ADDRESS,NEW YORK,WEST   46 STREET,,Closed,,The Police Department responded to the complaint and with the information available observed no evidence of the violation at that time.,06/22/2023 11:27:41 AM,05 MANHATTAN,04,Precinct 18,1012610042,MANHATTAN,989925,214791,PHONE,Unspecified,MANHATTAN,,,,,,,,40.75622635919765,-73.9795161088367,POINT (-73.979516108837 40.756226359198)
57977874,06/22/2023 08:20:47 AM,07/27/2023 12:16:01 PM,EDC,Economic Development Corporation,Noise - Helicopter,Other,Flying Too Low,Above Address,10028,7 EAST   85 STREET,EAST   85 STREET,5 AVENUE,MADISON AVENUE,5 AVENUE,MADISON AVENUE,ADDRESS,NEW YORK,EAST   85 STREET,,Closed,,"The New York City Economic Development Corporation determined that this issue is not within its jurisdiction because the helicopter did not belong to a tour company departing from a NYC heliport.Â  Instead, it was most likely a law enforcement or news gathering helicopter not subject to the routing protocols established for tour helicopters. It may also have been a helicopter that departed as a charter or tour from another City but flew over NYC airspace. Helicopter tours originating from outside NYC are not subject to the same City regulations as tours departing from heliports managed by NYCEDC. Any City regulation of these flights is pre-empted by federal law and subject only to the jurisdiction of the Federal Aviation Administration. To file a complaint with the FAA, you can contact the New York Flight Standards District Office at the following web address:Â https://www.faa.gov/about/office_org/field_offices/fsdo/",07/27/2023 12:16:04 PM,08 MANHATTAN,04,Precinct 19,1014970007,MANHATTAN,995228,223685,ONLINE,Unspecified,MANHATTAN,,,,,,,,40.78063308264647,-73.960360425043,POINT (-73.960360425043 40.780633082646)
57984219,06/24/2023 12:44:33 AM,06/24/2023 12:56:17 AM,NYPD,New York City Police Department,Noise - Commercial,Loud Music/Party,,Club/Bar/Restaurant,10013,527 BROOME STREET,BROOME STREET,THOMPSON STREET,SULLIVAN STREET,THOMPSON STREET,SULLIVAN STREET,ADDRESS,NEW YORK,BROOME STREET,,Closed,,The Police Department responded to the complaint and took action to fix the condition.,06/24/2023 12:56:22 AM,02 MANHATTAN,01,Precinct 1,1004767501,MANHATTAN,983119,203010,ONLINE,Unspecified,MANHATTAN,,,,,,,,40.723892190487526,-74.00408035953654,POINT (-74.004080359537 40.723892190488)
57973797,06/22/2023 10:22:33 PM,06/23/2023 01:07:00 PM,DSNY,Department of Sanitation,Obstruction,Trash or Recycling,Sidewalk,Sidewalk,11207,585 LIBERTY AVENUE,LIBERTY AVENUE,BARBEY STREET,JEROME STREET,BARBEY STREET,JEROME STREET,ADDRESS,BROOKLYN,LIBERTY AVENUE,,Closed,,The Department of Sanitation cleaned the location.,06/23/2023 01:07:03 PM,05 BROOKLYN,37,Precinct 75,3039650001,BROOKLYN,1015298,185457,ONLINE,Unspecified,BROOKLYN,,,,,,,,40.67565893244254,-73.8880677150394,POINT (-73.888067715039 40.675658932443)
57971430,06/21/2023 01:23:26 PM,06/22/2023 12:55:00 PM,DOT,Department of Transportation,Street Condition,Pothole,,,11239,,,,,ERSKINE STREET,GATEWAY DRIVE,INTERSECTION,BROOKLYN,,N/A,Closed,,The Department of Transportation inspected this complaint and repaired the problem.,06/22/2023 12:55:00 PM,05 BROOKLYN,42,Precinct 75,,BROOKLYN,1021228,177170,UNKNOWN,Unspecified,BROOKLYN,,,,,,,,40.65289019608982,-73.86673473582482,POINT (-73.866734735825 40.65289019609)
57980880,06/22/2023 12:22:44 PM,10/18/2023 12:00:15 PM,HPD,Department of Housing Preservation and Development,APPLIANCE,REFRIGERATOR,BROKEN DOOR SEAL,RESIDENTIAL BUILDING,11226,330 EAST   22 STREET,EAST   22 STREET,,,,,ADDRESS,BROOKLYN,,,Closed,,The Department of Housing Preservation and Development inspected the following conditions. No violations were issued. The complaint has been closed.,10/18/2023 12:00:00 AM,14 BROOKLYN,40,Precinct 70,3051650030,BROOKLYN,996327,173610,PHONE,Unspecified,BROOKLYN,,,,,,,,40.64318773823103,-73.95648196192444,POINT (-73.956481961924 40.643187738231)
57978873,06/22/2023 02:16:01 AM,08/04/2023 12:00:00 AM,DOB,Department of Buildings,Building/Use,Illegal. Commercial Use In Resident Zone,,,10472,1254 MANOR AVENUE,MANOR AVENUE,,,,,ADDRESS,BRONX,,,Closed,,The Department of Buildings investigated this complaint and issued an Office of Administrative Trials and Hearings (OATH) summons.,08/04/2023 12:00:00 AM,09 BRONX,17,Precinct 43,2037760032,BRONX,1018347,241942,UNKNOWN,Unspecified,BRONX,,,,,,,,40.83068451546823,-73.87678924072029,POINT (-73.87678924072 40.830684515468)
57974913,06/22/2023 01:37:54 PM,07/13/2023 09:13:39 AM,HPD,Department of Housing Preservation and Development,PLUMBING,TOILET,DISCONNECTED,RESIDENTIAL BUILDING,10030,164 WEST  141 STREET,WEST  141 STREET,,,,,ADDRESS,NEW YORK,,,Closed,,The Department of Housing Preservation and Development inspected the following conditions. No violations were issued. The complaint has been closed.,07/13/2023 12:00:00 AM,10 MANHATTAN,09,Precinct 32,1020090054,MANHATTAN,1000898,237534,PHONE,Unspecified,MANHATTAN,,,,,,,,40.81863593761431,-73.93985274861026,POINT (-73.93985274861 40.818635937614)
57981240,06/23/2023 12:46:12 PM,06/24/2023 04:27:22 AM,DSNY,Department of Sanitation,Dirty Condition,Trash,Not Cleaned by Property Owner,Yard,11374,66-51 BOOTH STREET,BOOTH STREET,66 AVENUE,67 AVENUE,66 AVENUE,67 AVENUE,ADDRESS,REGO PARK,BOOTH STREET,,Closed,,The Department of Sanitation investigated this complaint and found no condition at the location.,06/24/2023 04:27:28 AM,06 QUEENS,29,Precinct 112,4031580086,QUEENS,1024340,203753,PHONE,Unspecified,QUEENS,,,,,,,,40.72584077174391,-73.85536121028339,POINT (-73.855361210283 40.725840771744)
57974967,06/22/2023 09:31:00 AM,07/10/2023 12:05:03 PM,HPD,Department of Housing Preservation and Development,APPLIANCE,REFRIGERATOR,BROKEN DOOR SEAL,RESIDENTIAL BUILDING,11212,219 SACKMAN STREET,SACKMAN STREET,,,,,ADDRESS,BROOKLYN,,,Closed,,"The Department of Housing Preservation and Development was not able to gain access to inspect the following conditions. The complaint has been closed. If the condition still exists, please file a new complaint.",07/10/2023 12:00:00 AM,16 BROOKLYN,37,Precinct 73,3036940009,BROOKLYN,1010426,184343,PHONE,Unspecified,BROOKLYN,,,,,,,,40.67261700153828,-73.90563625264704,POINT (-73.905636252647 40.672617001538)
57979152,06/22/2023 07:55:12 AM,06/22/2023 09:19:49 AM,NYPD,New York City Police Department,Noise - Residential,Loud Talking,,Residential Building/House,11206,811 FLUSHING AVENUE,FLUSHING AVENUE,HUMBOLDT STREET,BEAVER STREET,HUMBOLDT STREET,BEAVER STREET,ADDRESS,BROOKLYN,FLUSHING AVENUE,,Closed,,The Police Department reviewed your complaint and provided additional information below.,06/22/2023 09:19:54 AM,01 BROOKLYN,34,Precinct 90,3031290001,BROOKLYN,1000873,194737,ONLINE,Unspecified,BROOKLYN,,,,,,,,40.70116923498277,-73.94004889209619,POINT (-73.940048892096 40.701169234983)
57975210,06/22/2023 07:05:41 AM,06/23/2023 11:43:13 AM,DOT,Department of Transportation,Street Condition,Blocked - Construction,N/A,Street,10458,270 EAST  203 STREET,EAST  203 STREET,VALENTINE AVENUE,BRIGGS AVENUE,VALENTINE AVENUE,BRIGGS AVENUE,ADDRESS,BRONX,EAST  203 STREET,,Closed,,The Department of Transportation inspected the condition you reported and found that the condition meets its standards and/or there is a valid permit to conduct work.,06/23/2023 11:43:16 AM,07 BRONX,11,Precinct 52,2033080059,BRONX,1016317,257481,ONLINE,Unspecified,BRONX,,,,,,,,40.87334202329096,-73.88405038641469,POINT (-73.884050386415 40.873342023291)
57985578,06/23/2023 10:06:23 PM,06/23/2023 10:17:08 PM,NYPD,New York City Police Department,Noise - Residential,Loud Music/Party,,Residential Building/House,11206,198 MAUJER STREET,MAUJER STREET,HUMBOLDT STREET,BUSHWICK AVENUE,HUMBOLDT STREET,BUSHWICK AVENUE,ADDRESS,BROOKLYN,MAUJER STREET,,Closed,,The Police Department responded to the complaint and took action to fix the condition.,06/23/2023 10:17:12 PM,01 BROOKLYN,34,Precinct 90,3030270001,BROOKLYN,1000391,198349,ONLINE,Unspecified,BROOKLYN,,,,,,,,40.711084213221675,-73.9417785738626,POINT (-73.941778573863 40.711084213222)
57978198,06/22/2023 04:48:11 PM,06/28/2023 05:19:44 PM,HPD,Department of Housing Preservation and Development,PAINT/PLASTER,CEILING,DIRTY OR UNSANITARY,RESIDENTIAL BUILDING,10459,1163 HOE AVENUE,HOE AVENUE,,,,,ADDRESS,BRONX,,,Closed,,The Department of Housing Preservation and Development inspected the following conditions. No violations were issued. The complaint has been closed.,06/28/2023 12:00:00 AM,03 BRONX,17,Precinct 42,2027450036,BRONX,1014442,240839,PHONE,Unspecified,BRONX,,,,,,,,40.8276713107835,-73.89090504970592,POINT (-73.890905049706 40.827671310784)
57973473,06/22/2023 08:30:16 AM,08/09/2023 04:59:05 PM,HPD,Department of Housing Preservation and Development,UNSANITARY CONDITION,GARBAGE/RECYCLING STORAGE,MISSING OR INADEQUATE CANS/LID,RESIDENTIAL BUILDING,10451,747 CONCOURSE VILLAGE WEST,CONCOURSE VILLAGE WEST,,,,,ADDRESS,BRONX,,,Closed,,The Department of Housing Preservation and Development inspected the following conditions. No violations were issued. The complaint has been closed.,08/09/2023 12:00:00 AM,04 BRONX,16,Precinct 44,2024587501,BRONX,1005429,239111,ONLINE,Unspecified,BRONX,,,,,,,,40.822954654554735,-73.9234778127542,POINT (-73.923477812754 40.822954654555)
57986253,06/23/2023 07:02:39 AM,06/28/2023 09:56:08 AM,DOT,Department of Transportation,Street Condition,Cave-in,N/A,Street,11419,103 AVENUE,103 AVENUE,103 AVENUE,118 STREET,103 AVENUE,118 STREET,INTERSECTION,,,,Closed,,"The Department of Transportation inspected the condition and made the determination that the street meets resurfacing standards and will be planned for either the next or future resurfacing seasons (2 - 3 years). The Department of Transportation works with Community Boards and elected officials to determine resurfacing priority. For specific scheduling information regarding your street, contact your Community Board.",06/28/2023 09:56:13 AM,09 QUEENS,29,Precinct 102,,QUEENS,1032541,189875,PHONE,Unspecified,QUEENS,,,,,,,,40.68770804469257,-73.82587281614114,POINT (-73.825872816141 40.687708044693)
57983589,06/24/2023 02:01:42 AM,06/24/2023 02:46:58 AM,NYPD,New York City Police Department,Illegal Parking,Blocked Hydrant,,Street/Sidewalk,11377,72-15 41 AVENUE,41 AVENUE,72 STREET,73 STREET,72 STREET,73 STREET,ADDRESS,WOODSIDE,41 AVENUE,,Closed,,The Police Department responded and upon arrival those responsible for the condition were gone.,06/24/2023 02:47:03 AM,04 QUEENS,25,Precinct 110,4013040071,QUEENS,1013917,210726,ONLINE,Unspecified,QUEENS,,,,,,,,40.74502101951681,-73.89293505987077,POINT (-73.892935059871 40.745021019517)
57983058,06/23/2023 10:19:37 PM,06/23/2023 11:28:50 PM,NYPD,New York City Police Department,Noise - Commercial,Loud Music/Party,,Club/Bar/Restaurant,10470,4299 KATONAH AVENUE,KATONAH AVENUE,EAST  236 STREET,EAST  237 STREET,EAST  236 STREET,EAST  237 STREET,ADDRESS,BRONX,KATONAH AVENUE,,Closed,,The Police Department responded to the complaint and took action to fix the condition.,06/23/2023 11:28:54 PM,12 BRONX,11,Precinct 47,2033770059,BRONX,1020911,266685,ONLINE,Unspecified,BRONX,,,,,,,,40.898586202177384,-73.8673887913736,POINT (-73.867388791374 40.898586202177)
57986964,06/24/2023 12:30:34 AM,06/24/2023 12:57:42 AM,NYPD,New York City Police Department,Noise - Residential,Loud Music/Party,,Residential Building/House,11355,132-36 BOOTH MEMORIAL AVENUE,BOOTH MEMORIAL AVENUE,COLLEGE POINT BOULEVARD,133 STREET,COLLEGE POINT BOULEVARD,133 STREET,ADDRESS,FLUSHING,BOOTH MEMORIAL AVENUE,,Closed,,The Police Department responded to the complaint and took action to fix the condition.,06/24/2023 12:57:47 AM,07 QUEENS,20,Precinct 109,4063570016,QUEENS,1030720,211815,MOBILE,Unspecified,QUEENS,,,,,,,,40.74793771248472,-73.83228747783741,POINT (-73.832287477837 40.747937712485)
57973608,06/22/2023 04:53:51 PM,06/22/2023 06:09:47 PM,NYPD,New York City Police Department,Illegal Parking,Blocked Bike Lane,,Street/Sidewalk,11217,61 BOND STREET,BOND STREET,SCHERMERHORN STREET,STATE STREET,SCHERMERHORN STREET,STATE STREET,ADDRESS,BROOKLYN,BOND STREET,,Closed,,The Police Department responded to the complaint and took action to fix the condition.,06/22/2023 06:09:51 PM,02 BROOKLYN,33,Precinct 84,3001720005,BROOKLYN,988649,189909,ONLINE,Unspecified,BROOKLYN,,,,,,,,40.68793201398645,-73.98413808878729,POINT (-73.984138088787 40.687932013986)
57981798,06/23/2023 06:14:23 PM,06/23/2023 07:00:53 PM,NYPD,New York City Police Department,Noise - Residential,Loud Music/Party,,Residential Building/House,10467,2434 BRONX PARK EAST,BRONX PARK EAST,WARING AVENUE,MACE AVENUE,WARING AVENUE,MACE AVENUE,ADDRESS,BRONX,BRONX PARK EAST,,Closed,,The Police Department responded to the complaint and took action to fix the condition.,06/23/2023 07:00:56 PM,11 BRONX,15,Precinct 49,2044240020,BRONX,1020066,253404,ONLINE,Unspecified,BRONX,,,,,,,,40.862137495332405,-73.8705163566897,POINT (-73.87051635669 40.862137495332)
57983544,06/23/2023 02:32:19 AM,07/27/2023 12:10:55 PM,EDC,Economic Development Corporation,Noise - Helicopter,Other,Flying Too Low,Above Address,11201,403 HENRY STREET,HENRY STREET,WARREN STREET,BALTIC STREET,WARREN STREET,BALTIC STREET,ADDRESS,BROOKLYN,HENRY STREET,,Closed,,"The New York City Economic Development Corporation determined that this issue is not within its jurisdiction because the helicopter did not belong to a tour company departing from a NYC heliport.Â  Instead, it was most likely a law enforcement or news gathering helicopter not subject to the routing protocols established for tour helicopters. It may also have been a helicopter that departed as a charter or tour from another City but flew over NYC airspace. Helicopter tours originating from outside NYC are not subject to the same City regulations as tours departing from heliports managed by NYCEDC. Any City regulation of these flights is pre-empted by federal law and subject only to the jurisdiction of the Federal Aviation Administration. To file a complaint with the FAA, you can contact the New York Flight Standards District Office at the following web address:Â https://www.faa.gov/about/office_org/field_offices/fsdo/",07/27/2023 12:11:00 PM,06 BROOKLYN,39,Precinct 76,3003060050,BROOKLYN,984886,189815,ONLINE,Unspecified,BROOKLYN,,,,,,,,40.68767507589175,-73.99770672048088,POINT (-73.997706720481 40.687675075892)
57984507,06/23/2023 09:31:18 PM,06/23/2023 10:13:49 PM,NYPD,New York City Police Department,Noise - Street/Sidewalk,Loud Music/Party,,Street/Sidewalk,10314,4 LOCKWOOD PLACE,LOCKWOOD PLACE,NORTH AVENUE,COLLEGE AVENUE,NORTH AVENUE,COLLEGE AVENUE,ADDRESS,STATEN ISLAND,LOCKWOOD PLACE,,Closed,,The Police Department responded to the complaint and took action to fix the condition.,06/23/2023 10:13:51 PM,01 STATEN ISLAND,50,Precinct 121,5003910184,STATEN ISLAND,947080,165872,MOBILE,Unspecified,STATEN ISLAND,,,,,,,,40.621878828252115,-74.13389497619241,POINT (-74.133894976192 40.621878828252)
57974409,06/22/2023 07:35:58 PM,06/23/2023 07:43:10 PM,HPD,Department of Housing Preservation and Development,DOOR/WINDOW,DOOR,BROKEN OR MISSING,RESIDENTIAL BUILDING,11417,83-02 133 AVENUE,133 AVENUE,,,,,ADDRESS,OZONE PARK,,,Closed,,The Department of Housing Preservation and Development inspected the following conditions. Violations were issued. Information about specific violations is available at www.nyc.gov/hpd,06/23/2023 12:00:00 AM,10 QUEENS,32,Precinct 106,4113630001,QUEENS,1025013,184832,PHONE,Unspecified,QUEENS,,,,,,,,40.67390404639589,-73.85304764962594,POINT (-73.853047649626 40.673904046396)
57970827,06/21/2023 10:19:54 PM,06/21/2023 10:36:36 PM,NYPD,New York City Police Department,Noise - Residential,Banging/Pounding,,Residential Building/House,10027,20 WEST  129 STREET,WEST  129 STREET,5 AVENUE,LENOX AVENUE,5 AVENUE,LENOX AVENUE,ADDRESS,NEW YORK,WEST  129 STREET,,Closed,,The Police Department responded to the complaint and took action to fix the condition.,06/21/2023 10:36:39 PM,10 MANHATTAN,09,Precinct 32,1017260049,MANHATTAN,1000389,234204,ONLINE,Unspecified,MANHATTAN,,,,,,,,40.809496964201664,-73.94169971190213,POINT (-73.941699711902 40.809496964202)
57970809,06/21/2023 05:31:47 PM,06/21/2023 05:43:19 PM,NYPD,New York City Police Department,Noise - Commercial,Loud Music/Party,,Store/Commercial,11221,CENTRAL AVENUE,CENTRAL AVENUE,CENTRAL AVENUE,LINDEN STREET,CENTRAL AVENUE,LINDEN STREET,INTERSECTION,,,,Closed,,The Police Department responded to the complaint and took action to fix the condition.,06/21/2023 05:43:23 PM,04 BROOKLYN,37,Precinct 83,,BROOKLYN,1006847,192241,ONLINE,Unspecified,BROOKLYN,,,,,,,,40.69430506050195,-73.91851195307339,POINT (-73.918511953073 40.694305060502)
57975174,06/22/2023 03:06:40 PM,01/29/2024 03:36:35 PM,DPR,Department of Parks and Recreation,Maintenance or Facility,Structure - Outdoors,Playground Equipment,Park,11232,4601 3 AVENUE,3 AVENUE,46 STREET,47 STREET,46 STREET,47 STREET,ADDRESS,BROOKLYN,3 AVENUE,,Closed,,NYC Parks has completed the requested work order and corrected the problem.,01/29/2024 03:36:39 PM,07 BROOKLYN,38,Precinct 72,3007550014,BROOKLYN,980827,176028,ONLINE,Unspecified,BROOKLYN,,,,,,,,40.6498321984337,-74.0123356027001,POINT (-74.0123356027 40.649832198434)
57985173,06/22/2023 07:44:06 AM,06/22/2023 11:20:00 AM,DOT,Department of Transportation,Street Condition,Pothole,,,10457,,,,,BATHGATE AVENUE,EAST TREMONT AVENUE,INTERSECTION,BRONX,,N/A,Closed,,The Department of Transportation inspected this complaint and repaired the problem.,06/22/2023 11:20:00 AM,06 BRONX,15,Precinct 48,,BRONX,1012735,247816,UNKNOWN,Unspecified,BRONX,,,,,,,,40.846826810233686,-73.89704344024754,POINT (-73.897043440248 40.846826810234)
57970971,06/21/2023 06:04:05 AM,06/21/2023 06:25:03 AM,NYPD,New York City Police Department,Noise - Residential,Banging/Pounding,,Residential Building/House,11201,177 SANDS STREET,SANDS STREET,BQE WESTBOUND ENTRANCE SANDS ST,BIKE PATH,BQE WESTBOUND ENTRANCE SANDS ST,BIKE PATH,ADDRESS,BROOKLYN,SANDS STREET,,Closed,,The Police Department responded to the complaint and with the information available observed no evidence of the violation at that time.,06/21/2023 06:25:07 AM,02 BROOKLYN,35,Precinct 84,3000680001,BROOKLYN,988793,194233,ONLINE,Unspecified,BROOKLYN,,,,,,,,40.699800319891985,-73.98361593748928,POINT (-73.983615937489 40.699800319892)
57977541,06/22/2023 08:54:54 AM,08/28/2023 12:00:00 AM,DOB,Department of Buildings,Building/Use,Illegal Conversion Of Residential Building/Space,,,10466,920 EAST  226 STREET,EAST  226 STREET,,,,,ADDRESS,BRONX,,,Closed,,"The Department of Buildings attempted to investigate this complaint twice but could not gain access to the location. If the problem still exists, please call 311 and file a new complaint with additional access information. If you are outside of New York City, please call (212) NEW-YORK (212-639-9675).",08/28/2023 12:00:00 AM,12 BRONX,12,Precinct 47,2048610060,BRONX,1024758,262255,UNKNOWN,Unspecified,BRONX,,,,,,,,40.88641044977891,-73.85350013808501,POINT (-73.853500138085 40.886410449779)
57981762,06/23/2023 12:51:19 PM,06/23/2023 03:22:49 PM,NYPD,New York City Police Department,Noise - Residential,Banging/Pounding,,Residential Building/House,11427,86-35 208 STREET,208 STREET,GRAND CENTRAL PARKWAY,86 ROAD,GRAND CENTRAL PARKWAY,86 ROAD,ADDRESS,QUEENS VILLAGE,208 STREET,,Closed,,The Police Department responded to the complaint and with the information available observed no evidence of the violation at that time.,06/23/2023 03:22:53 PM,08 QUEENS,23,Precinct 107,4105930002,QUEENS,1050157,203335,ONLINE,Unspecified,QUEENS,,,,,,,,40.72453878861458,-73.7622217547773,POINT (-73.762221754777 40.724538788615)
57976533,06/22/2023 06:12:59 AM,,EDC,Economic Development Corporation,Noise - Helicopter,Other,Flying Too Low,Above Address,11238,135 EASTERN PARKWAY,EASTERN PARKWAY,UNDERHILL AVENUE,WASHINGTON AVENUE,UNDERHILL AVENUE,WASHINGTON AVENUE,ADDRESS,BROOKLYN,EASTERN PARKWAY,,In Progress,,,,08 BROOKLYN,35,Precinct 77,3011790047,BROOKLYN,994156,184165,ONLINE,Unspecified,BROOKLYN,,,,,,,,40.67216158783738,-73.96428939702098,POINT (-73.964289397021 40.672161587837)
57973041,06/22/2023 08:28:00 AM,06/22/2023 10:43:00 PM,DSNY,Department of Sanitation,Derelict Vehicles,Derelict Vehicles,,Street,11375,68-60 AUSTIN STREET,AUSTIN STREET,AUSTIN STREET,,,,ADDRESS,FOREST HILLS,,,Closed,,The owner claimed the vehicle.Â Your request is now closed and no further action will be taken.,06/22/2023 12:00:00 PM,06 QUEENS,29,Precinct 112,4032340029,QUEENS,1025708,202438,PHONE,Unspecified,QUEENS,,,,,,,,40.72222511505465,-73.85043377867873,POINT (-73.850433778679 40.722225115055)
57977982,06/22/2023 05:29:44 PM,06/22/2023 06:04:56 PM,NYPD,New York City Police Department,Noise - Street/Sidewalk,Loud Music/Party,,Street/Sidewalk,10011,119 9 AVENUE,9 AVENUE,WEST   17 STREET,WEST   18 STREET,WEST   17 STREET,WEST   18 STREET,ADDRESS,NEW YORK,9 AVENUE,,Closed,,The Police Department responded to the complaint and with the information available observed no evidence of the violation at that time.,06/22/2023 06:05:01 PM,04 MANHATTAN,03,Precinct 10,1007150010,MANHATTAN,983208,210034,ONLINE,Unspecified,MANHATTAN,,,,,,,,40.743171353773235,-74.00376035806184,POINT (-74.003760358062 40.743171353773)
57979575,06/22/2023 07:11:33 PM,04/13/2024 01:17:30 PM,HPD,Department of Housing Preservation and Development,PLUMBING,TOILET,BOWL STOPPED UP,RESIDENTIAL BUILDING,11213,241 BUFFALO AVENUE,BUFFALO AVENUE,,,,,ADDRESS,BROOKLYN,,,Closed,,The Department of Housing Preservation and Development inspected the following conditions. No violations were issued. The complaint has been closed.,04/13/2024 12:00:00 AM,08 BROOKLYN,41,Precinct 77,3013810009,BROOKLYN,1004958,183686,PHONE,Unspecified,BROOKLYN,,,,,,,,40.670828163491834,-73.92535024718812,POINT (-73.925350247188 40.670828163492)
57971988,06/22/2023 02:30:55 PM,06/22/2023 02:52:55 PM,DPR,Department of Parks and Recreation,Animal in a Park,Injured Wildlife,Other,Park,11213,EASTERN PARKWAY,EASTERN PARKWAY,EASTERN PARKWAY,ROCHESTER AVENUE,EASTERN PARKWAY,ROCHESTER AVENUE,INTERSECTION,,,,Closed,,"Upon inspection the reported condition was not found, and, therefore, no action was taken.",06/22/2023 02:53:00 PM,08 BROOKLYN,41,Precinct 77,,BROOKLYN,1004127,182891,PHONE,Unspecified,BROOKLYN,,,,,,,,40.668647971596236,-73.92834824119656,POINT (-73.928348241197 40.668647971596)
57970755,06/21/2023 01:08:18 PM,06/23/2023 11:01:19 AM,HPD,Department of Housing Preservation and Development,FLOORING/STAIRS,FLOOR,SAGGING OR SLOPING,RESIDENTIAL BUILDING,11235,2626 HOMECREST AVENUE,HOMECREST AVENUE,,,,,ADDRESS,BROOKLYN,,,Closed,,The Department of Housing Preservation and Development inspected the following conditions. No violations were issued. The complaint has been closed.,06/23/2023 12:00:00 AM,15 BROOKLYN,48,Precinct 61,3074560006,BROOKLYN,996188,153163,PHONE,Unspecified,BROOKLYN,,,,,,,,40.587065148827286,-73.9570189833512,POINT (-73.957018983351 40.587065148827)
57984408,06/23/2023 05:59:49 AM,06/24/2023 12:21:24 PM,DHS,Department of Homeless Services,Homeless Person Assistance,,,Subway,,,,,,,,ADDRESS,,,,Closed,,The mobile outreach response team went to the location provided but could not find the individual that you reported.,06/24/2023 12:21:24 PM,Unspecified MANHATTAN,,Unspecified,,MANHATTAN,982076,197981,MOBILE,Unspecified,MANHATTAN,,,,4,4 5 Uptown & The Bronx,,Platform,40.71008859656407,-74.00784161332851,POINT (-74.007841613329 40.710088596564)
57971385,06/22/2023 07:56:41 PM,06/22/2023 08:19:14 PM,NYPD,New York City Police Department,Drinking,In Public,,Street/Sidewalk,11203,703 FENIMORE STREET,FENIMORE STREET,ALBANY AVENUE,TROY AVENUE,ALBANY AVENUE,TROY AVENUE,ADDRESS,BROOKLYN,FENIMORE STREET,,Closed,,The Police Department responded to the complaint and took action to fix the condition.,06/22/2023 08:19:21 PM,09 BROOKLYN,40,Precinct 71,3048130001,BROOKLYN,1001202,179526,ONLINE,Unspecified,BROOKLYN,,,,,,,,40.659417878206625,-73.93890061300556,POINT (-73.938900613006 40.659417878207)
57974940,06/22/2023 06:06:28 AM,06/23/2023 11:28:35 AM,DSNY,Department of Sanitation,Illegal Dumping,Removal Request,N/A,Sidewalk,10019,BROADWAY,BROADWAY,BROADWAY,WEST   57 STREET,BROADWAY,WEST   57 STREET,INTERSECTION,,,,Closed,,The Department of Sanitation investigated this complaint and no DSNY related conditions/violations were observed. Location will be referred to the appropriate agency for further action.,06/23/2023 11:28:35 AM,05 MANHATTAN,06,Precinct 18,,MANHATTAN,989278,218456,PHONE,Unspecified,MANHATTAN,,,,,,,,40.76628623437032,-73.9818487116524,POINT (-73.981848711652 40.76628623437)
57980529,06/22/2023 02:13:17 PM,07/19/2023 06:00:12 AM,DOT,Department of Transportation,Street Sign - Missing,Street Cleaning - ASP,N/A,Street,11237,1388 HALSEY STREET,HALSEY STREET,IRVING AVENUE,WYCKOFF AVENUE,IRVING AVENUE,WYCKOFF AVENUE,ADDRESS,BROOKLYN,HALSEY STREET,,Closed,,The Department of Transportation has completed the request or corrected the condition.,07/19/2023 06:00:19 AM,04 BROOKLYN,37,Precinct 83,3034130102,BROOKLYN,1010526,192814,MOBILE,Unspecified,BROOKLYN,,,,,,,,40.6958676532319,-73.90524272192067,POINT (-73.905242721921 40.695867653232)
57973140,06/23/2023 01:44:37 AM,06/23/2023 02:02:12 AM,NYPD,New York City Police Department,Noise - Street/Sidewalk,Loud Music/Party,,Street/Sidewalk,10460,988 EAST  180 STREET,EAST  180 STREET,VYSE AVENUE,BRYANT AVENUE,VYSE AVENUE,BRYANT AVENUE,ADDRESS,BRONX,EAST  180 STREET,,Closed,,The Police Department responded to the complaint and took action to fix the condition.,06/23/2023 02:02:17 AM,06 BRONX,15,Precinct 48,2031327501,BRONX,1017551,246587,ONLINE,Unspecified,BRONX,,,,,,,,40.84343671959968,-73.87964255004567,POINT (-73.879642550046 40.8434367196)
57980817,06/22/2023 01:00:53 PM,07/25/2023 03:37:44 PM,HPD,Department of Housing Preservation and Development,PLUMBING,BASIN/SINK,BASIN CHIPPED OR RUSTED,RESIDENTIAL BUILDING,10032,2036 AMSTERDAM AVENUE,AMSTERDAM AVENUE,,,,,ADDRESS,NEW YORK,,,Closed,,The Department of Housing Preservation and Development inspected the following conditions. No violations were issued. The complaint has been closed.,07/25/2023 12:00:00 AM,12 MANHATTAN,07,Precinct 33,1021190036,MANHATTAN,1000772,243594,ONLINE,Unspecified,MANHATTAN,,,,,,,,40.83526914257252,-73.94029304837896,POINT (-73.940293048379 40.835269142573)
57987945,06/23/2023 05:47:00 PM,06/23/2023 08:20:00 PM,DEP,Department of Environmental Protection,Sewer,Sewer Backup (Use Comments) (SA),SA,,11234,6828 AVENUE L,AVENUE L,E 68 ST,E 69 ST,,,ADDRESS,BROOKLYN,,,Closed,,The Department of Environmental Protection investigated this complaint and found there was no sewer back up in the city system at the time of the inspection.,06/23/2023 08:20:00 PM,18 BROOKLYN,46,Precinct 63,3083550053,BROOKLYN,1007388,166940,PHONE,Unspecified,BROOKLYN,,,,,,,,40.62485802255623,-73.91664784754177,POINT (-73.916647847542 40.624858022556)
57972762,06/22/2023 04:49:11 AM,,EDC,Economic Development Corporation,Noise - Helicopter,News Gathering,Flying Too Low,Above Address,11238,362 LINCOLN PLACE,LINCOLN PLACE,UNDERHILL AVENUE,WASHINGTON AVENUE,UNDERHILL AVENUE,WASHINGTON AVENUE,ADDRESS,BROOKLYN,LINCOLN PLACE,,In Progress,,,,08 BROOKLYN,35,Precinct 77,3011790037,BROOKLYN,994198,184489,ONLINE,Unspecified,BROOKLYN,,,,,,,,40.67305084798147,-73.96413751108962,POINT (-73.96413751109 40.673050847981)
57983364,06/23/2023 05:53:58 PM,07/25/2023 08:45:43 AM,HPD,Department of Housing Preservation and Development,OUTSIDE BUILDING,PAVEMENT,BROKEN OR CRACKED,RESIDENTIAL BUILDING,10309,114 SEGUINE AVENUE,SEGUINE AVENUE,,,,,ADDRESS,STATEN ISLAND,,,Closed,,The Department of Housing Preservation and Development inspected the following conditions. Violations were previously issued for these conditions. Information about specific violations is available at www.nyc.gov/hpd.,07/25/2023 12:00:00 AM,03 STATEN ISLAND,51,Precinct 123,5067120106,STATEN ISLAND,928695,130118,PHONE,Unspecified,STATEN ISLAND,,,,,,,,40.52364514923788,-74.19982801915143,POINT (-74.199828019151 40.523645149238)
57982005,06/23/2023 09:52:55 PM,06/23/2023 10:33:20 PM,NYPD,New York City Police Department,Illegal Parking,Double Parked Blocking Traffic,,Street/Sidewalk,11201,1 OLD FULTON STREET,OLD FULTON STREET,WATER STREET,EVERIT STREET,WATER STREET,EVERIT STREET,ADDRESS,BROOKLYN,CADMAN PLAZA WEST,,Closed,,The Police Department responded to the complaint and took action to fix the condition.,06/23/2023 10:33:23 PM,02 BROOKLYN,33,Precinct 84,3000350012,BROOKLYN,985830,195348,MOBILE,Unspecified,BROOKLYN,,,,,,,,40.70286175890255,-73.99430156120835,POINT (-73.994301561208 40.702861758903)
57982266,06/23/2023 04:49:12 PM,09/22/2023 08:38:48 AM,DPR,Department of Parks and Recreation,Dead/Dying Tree,Planted Less Than 2 Years Ago,N/A,Street,11230,970 EAST   17 STREET,EAST   17 STREET,AVENUE I,AVENUE J,AVENUE I,AVENUE J,ADDRESS,BROOKLYN,EAST   17 STREET,,Closed,,"NYC Parks created a work order for the tree condition.  Please note that addressing this work can take up to a year or more depending on the higher priority work identified during this period and resources available to address this work.    NYC Parks work priority categories range from Category A through D, with A being the most critical and time-sensitive. We will complete all work in Category A first and address work in lower priority categories in accordance with available resources. For more information about the Tree Risk Management Program, visit the NYC Urban Forest page on the NYC Parks website at nyc.gov/parks/trees.   Alternatively, you may choose complete the work yourself by hiring an independent contractor. The contractor must complete a Tree Work Permit application on the NYC Parks website at nyc.gov/parks/trees.",09/22/2023 08:38:53 AM,14 BROOKLYN,44,Precinct 70,3067090022,BROOKLYN,995418,167619,PHONE,Unspecified,BROOKLYN,,,,,,,,40.6267449111757,-73.9597673503217,POINT (-73.959767350322 40.626744911176)
57976281,06/22/2023 05:15:06 PM,07/03/2023 02:48:37 PM,DSNY,Department of Sanitation,Missed Collection,Recycling - Paper,N/A,Street,11249,405 BERRY STREET,BERRY STREET,SOUTH    8 STREET,SOUTH    9 STREET,SOUTH    8 STREET,SOUTH    9 STREET,ADDRESS,BROOKLYN,BERRY STREET,,Closed,,The Department of Sanitation investigated this complaint and found no condition at the location.,06/24/2023 10:28:50 AM,01 BROOKLYN,34,Precinct 90,3021370005,BROOKLYN,993763,197740,ONLINE,Unspecified,BROOKLYN,,,,,,,,40.70942226179793,-73.96568697161626,POINT (-73.965686971616 40.709422261798)
57980187,06/22/2023 11:53:47 AM,06/23/2023 01:28:34 PM,DSNY,Department of Sanitation,Residential Disposal Complaint,Trash or Recycling Not Secure,N/A,Sidewalk,10307,271 WOOD AVENUE,WOOD AVENUE,CRAIG AVENUE,AMBOY ROAD,CRAIG AVENUE,AMBOY ROAD,ADDRESS,STATEN ISLAND,WOOD AVENUE,,Closed,,The Department of Sanitation investigated this complaint and found no violation at the location.,06/23/2023 01:28:38 PM,03 STATEN ISLAND,51,Precinct 123,5080430019,STATEN ISLAND,916855,125627,ONLINE,Unspecified,STATEN ISLAND,,,,,,,,40.51123618824575,-74.24237089851795,POINT (-74.242370898518 40.511236188246)
57974868,06/22/2023 01:46:46 PM,06/22/2023 03:45:59 PM,NYPD,New York City Police Department,Illegal Parking,Commercial Overnight Parking,,Street/Sidewalk,11426,82-51 COMMONWEALTH BOULEVARD,COMMONWEALTH BOULEVARD,82 AVENUE,83 AVENUE,82 AVENUE,83 AVENUE,ADDRESS,BELLEROSE,COMMONWEALTH BOULEVARD,,Closed,,The Police Department responded to the complaint and took action to fix the condition.,06/22/2023 03:46:03 PM,13 QUEENS,23,Precinct 105,4085770013,QUEENS,1061032,207993,ONLINE,Unspecified,QUEENS,,,,,,,,40.73723608497877,-73.72293418931243,POINT (-73.722934189312 40.737236084979)
57978855,06/22/2023 06:48:15 AM,06/22/2023 07:10:10 AM,NYPD,New York City Police Department,Blocked Driveway,Partial Access,,Street/Sidewalk,11231,238 CONOVER STREET,CONOVER STREET,VAN DYKE STREET,BEARD STREET,VAN DYKE STREET,BEARD STREET,ADDRESS,BROOKLYN,CONOVER STREET,,Closed,,The Police Department responded to the complaint and took action to fix the condition.,06/22/2023 07:10:14 AM,06 BROOKLYN,38,Precinct 76,3005950001,BROOKLYN,979776,185740,MOBILE,Unspecified,BROOKLYN,,,,,,,,40.67648902021615,-74.01612957815578,POINT (-74.016129578156 40.676489020216)
57984183,06/23/2023 09:09:00 AM,06/23/2023 11:37:00 PM,DSNY,Department of Sanitation,Derelict Vehicles,Derelict Vehicles,,Street,11379,75-05 67 DRIVE,67 DRIVE,75 STREET,78 STREET,,,ADDRESS,MIDDLE VILLAGE,,,Closed,,The owner claimed the vehicle.Â Your request is now closed and no further action will be taken.,06/23/2023 12:00:00 PM,05 QUEENS,30,Precinct 104,4037740061,QUEENS,1018334,198505,PHONE,Unspecified,QUEENS,,,,,,,,40.71146146831114,-73.87705651291031,POINT (-73.87705651291 40.711461468311)
57975156,06/22/2023 07:30:02 PM,06/23/2023 02:21:45 PM,DOHMH,Department of Health and Mental Hygiene,Rodent,Rat Sighting,,3+ Family Apt. Building,11215,341 20 STREET,20 STREET,6 AVENUE,7 AVENUE,6 AVENUE,7 AVENUE,ADDRESS,BROOKLYN,20 STREET,,Closed,,This service request was closed because the Department of Health and Mental Hygiene received an earlier complaint about the same location.  You can find inspection results for this address by going to the online Rat Portal at www.nyc.gov/rats.,06/22/2023 07:30:02 PM,07 BROOKLYN,38,Precinct 72,3008860064,BROOKLYN,987181,179684,PHONE,Unspecified,BROOKLYN,,,,,,,,40.659867295568944,-73.98943584853215,POINT (-73.989435848532 40.659867295569)
57972636,06/22/2023 08:27:00 AM,07/11/2023 06:21:56 PM,DSNY,Department of Sanitation,Illegal Dumping,Removal Request,N/A,Street,10027,216 WEST  125 STREET,WEST  125 STREET,ADAM CLAYTON POWELL JR BOULEVARD,FREDERICK DOUGLASS BOULEVARD,ADAM CLAYTON POWELL JR BOULEVARD,FREDERICK DOUGLASS BOULEVARD,ADDRESS,NEW YORK,WEST  125 STREET,,Closed,,The Department of Sanitation investigated this complaint and found no condition at the location.,06/28/2023 10:06:30 AM,10 MANHATTAN,09,Precinct 28,1019300037,MANHATTAN,998385,234103,MOBILE,Unspecified,MANHATTAN,,,,,,,,40.809223180763645,-73.94893914317683,POINT (-73.948939143177 40.809223180764)
57983778,06/23/2023 03:48:33 AM,07/27/2023 12:20:21 PM,EDC,Economic Development Corporation,Noise - Helicopter,NYPD,Hovering,Above Address,10025,214 WEST  102 STREET,WEST  102 STREET,AMSTERDAM AVENUE,BROADWAY,AMSTERDAM AVENUE,BROADWAY,ADDRESS,NEW YORK,WEST  102 STREET,,Closed,,"The New York City Economic Development Corporation determined that this issue is not within its jurisdiction because the helicopter did not belong to a tour company departing from a NYC heliport.Â  Instead, it was most likely a law enforcement or news gathering helicopter not subject to the routing protocols established for tour helicopters. It may also have been a helicopter that departed as a charter or tour from another City but flew over NYC airspace. Helicopter tours originating from outside NYC are not subject to the same City regulations as tours departing from heliports managed by NYCEDC. Any City regulation of these flights is pre-empted by federal law and subject only to the jurisdiction of the Federal Aviation Administration. To file a complaint with the FAA, you can contact the New York Flight Standards District Office at the following web address:Â https://www.faa.gov/about/office_org/field_offices/fsdo/",07/27/2023 12:20:24 PM,07 MANHATTAN,07,Precinct 24,1018730041,MANHATTAN,993042,230062,ONLINE,Unspecified,MANHATTAN,,,,,,,,40.798138679135754,-73.96824532821826,POINT (-73.968245328218 40.798138679136)
57972573,06/22/2023 04:43:37 PM,06/22/2023 05:59:12 PM,DSNY,Department of Sanitation,Illegal Dumping,Chronic Dumping,N/A,Street,11236,1958 RALPH AVENUE,RALPH AVENUE,BERGEN AVENUE,AVENUE J,BERGEN AVENUE,AVENUE J,ADDRESS,BROOKLYN,RALPH AVENUE,,Closed,,"The Department of Sanitation will note this location for periodic surveillance, which may take place at various times.",06/22/2023 05:59:16 PM,18 BROOKLYN,46,Precinct 63,3077630001,BROOKLYN,1006914,168682,PHONE,Unspecified,BROOKLYN,,,,,,,,40.62964066950712,-73.91834953113444,POINT (-73.918349531134 40.629640669507)
57973383,06/22/2023 08:10:57 PM,06/23/2023 04:07:01 PM,HPD,Department of Housing Preservation and Development,PLUMBING,BASIN/SINK,PIPE LEAKING,RESIDENTIAL BUILDING,10031,502 WEST  151 STREET,WEST  151 STREET,,,,,ADDRESS,NEW YORK,,,Closed,,The Department of Housing Preservation and Development inspected the following conditions. No violations were issued. The complaint has been closed.,06/23/2023 12:00:00 AM,09 MANHATTAN,07,Precinct 30,1020820036,MANHATTAN,999390,241384,PHONE,Unspecified,MANHATTAN,,,,,,,,40.82920580653401,-73.94529228538596,POINT (-73.945292285386 40.829205806534)
57977442,06/22/2023 08:39:53 PM,06/23/2023 11:53:13 AM,DSNY,Department of Sanitation,Dirty Condition,Trash,Not Cleaned by Property Owner,Sidewalk,11418,87-25 LEFFERTS BOULEVARD,LEFFERTS BOULEVARD,JAMAICA AVENUE,89 AVENUE,JAMAICA AVENUE,89 AVENUE,ADDRESS,RICHMOND HILL,LEFFERTS BOULEVARD,,Closed,,The Department of Sanitation investigated this complaint and found no condition at the location.,06/23/2023 11:53:17 AM,09 QUEENS,29,Precinct 102,4093290075,QUEENS,1031204,194194,ONLINE,Unspecified,QUEENS,,,,,,,,40.699569871711006,-73.8306636393145,POINT (-73.830663639314 40.699569871711)
57978927,06/22/2023 03:33:59 PM,06/26/2023 08:30:43 AM,DOT,Department of Transportation,DEP Street Condition,Cave-in,,Street,11358,45 AVENUE,45 AVENUE,45 AVENUE,167 STREET,45 AVENUE,167 STREET,INTERSECTION,,,,Closed,,The Department of Transportation inspected and has requested the Department of Environmental Protection address the issue. The condition will be re-inspected in 60 days.,06/26/2023 08:30:48 AM,07 QUEENS,19,Precinct 109,,QUEENS,1039699,214783,UNKNOWN,Unspecified,QUEENS,,,,,,,,40.75603235631027,-73.79985745357448,POINT (-73.799857453574 40.75603235631)
57977244,06/22/2023 11:12:25 AM,06/22/2023 11:38:14 AM,NYPD,New York City Police Department,Illegal Parking,Blocked Sidewalk,,Street/Sidewalk,11235,64 NEPTUNE AVENUE,NEPTUNE AVENUE,GUIDER AVENUE,EAST   12 STREET,GUIDER AVENUE,EAST   12 STREET,ADDRESS,BROOKLYN,NEPTUNE AVENUE,,Closed,,The Police Department responded and upon arrival those responsible for the condition were gone.,06/22/2023 11:38:21 AM,13 BROOKLYN,48,Precinct 60,3087070371,BROOKLYN,996314,151548,PHONE,Unspecified,BROOKLYN,,,,,,,,40.58263212459709,-73.95656822185532,POINT (-73.956568221855 40.582632124597)
57981672,06/23/2023 10:39:26 PM,01/02/2024 08:10:11 AM,HPD,Department of Housing Preservation and Development,UNSANITARY CONDITION,GARBAGE/RECYCLING STORAGE,ACCUMULATION,RESIDENTIAL BUILDING,11230,1211 AVENUE J,AVENUE J,,,,,ADDRESS,BROOKLYN,,,Closed,,"The Department of Housing Preservation and Development was not able to gain access to inspect the following conditions. The complaint has been closed. If the condition still exists, please file a new complaint.",01/02/2024 12:00:00 AM,14 BROOKLYN,44,Precinct 70,3067050049,BROOKLYN,994251,166949,ONLINE,Unspecified,BROOKLYN,,,,,,,,40.62490729624965,-73.9639724526815,POINT (-73.963972452681 40.62490729625)
57972870,06/22/2023 02:05:09 PM,08/30/2023 08:03:19 AM,TLC,Taxi and Limousine Commission,For Hire Vehicle Complaint,Driver Complaint - Non Passenger,Unsafe Driving,Street,10014,72 CHRISTOPHER STREET,CHRISTOPHER STREET,7 AVENUE SOUTH,BLEECKER STREET,7 AVENUE SOUTH,BLEECKER STREET,ADDRESS,NEW YORK,CHRISTOPHER STREET,,Closed,,A hearing was scheduled at the OATH/Taxi and Limousine Tribunal.,08/31/2023 01:55:39 PM,02 MANHATTAN,03,Precinct 6,1005910053,MANHATTAN,983338,206526,ONLINE,Unspecified,MANHATTAN,,,"72 CHRISTOPHER STREET, MANHATTAN (NEW YORK), NY, 10014",,,,,40.73354277740579,-74.0032907399211,POINT (-74.003290739921 40.733542777406)
57983373,06/23/2023 06:00:40 PM,07/25/2023 02:05:21 AM,HPD,Department of Housing Preservation and Development,PAINT/PLASTER,RADIATOR,PEELING OR FLAKING PAINT,RESIDENTIAL BUILDING,10309,114 SEGUINE AVENUE,SEGUINE AVENUE,,,,,ADDRESS,STATEN ISLAND,,,Closed,,The Department of Housing Preservation and Development inspected the following conditions. No violations were issued. The complaint has been closed.,07/25/2023 12:00:00 AM,03 STATEN ISLAND,51,Precinct 123,5067120106,STATEN ISLAND,928695,130118,PHONE,Unspecified,STATEN ISLAND,,,,,,,,40.52364514923788,-74.19982801915143,POINT (-74.199828019151 40.523645149238)
57974103,06/22/2023 03:45:05 PM,09/18/2023 03:12:04 PM,DPR,Department of Parks and Recreation,Overgrown Tree/Branches,Dead Branches in Tree,N/A,Street,11230,1583 EAST   10 STREET,EAST   10 STREET,AVENUE O,AVENUE P,AVENUE O,AVENUE P,ADDRESS,BROOKLYN,EAST   10 STREET,,Closed,,NYC Parks visited the site and inspected the condition. No work is necessary at this time.,09/18/2023 03:12:08 PM,12 BROOKLYN,44,Precinct 66,3066170058,BROOKLYN,994388,161720,ONLINE,Unspecified,BROOKLYN,,,,,,,,40.61055462194686,-73.96348677650114,POINT (-73.963486776501 40.610554621947)
57975552,06/22/2023 02:31:00 PM,06/23/2023 07:04:00 AM,DSNY,Department of Sanitation,Derelict Vehicles,Derelict Vehicles,,Street,11429,208-05 109 AVENUE,109 AVENUE,208 STREET,209 STREET,,,ADDRESS,QUEENS VILLAGE,,,Closed,,The Department of Sanitation (DSNY) couldn't find the condition. Please file a new Service Request with more details about the location.,06/23/2023 12:00:00 PM,13 QUEENS,27,Precinct 105,4109150032,QUEENS,1053596,197793,PHONE,Unspecified,QUEENS,,,,,,,,40.70930109861859,-73.7498717424736,POINT (-73.749871742474 40.709301098619)
57984147,06/23/2023 06:44:00 PM,06/23/2023 07:00:00 PM,DEP,Department of Environmental Protection,Air Quality,"Air: Odor/Fumes, Vehicle Idling (AD3)",AD3,,10036,640 8 AVENUE,8 AVENUE,W 41 ST,W 42 ST,,,ADDRESS,NEW YORK,,N/A,Closed,,The Department of Environmental Protection will keep the location under observation for idling commercial vehicles.Â Summonses will be issued when warranted.,06/23/2023 07:00:00 PM,05 MANHATTAN,03,Precinct 14,1010137501,MANHATTAN,986967,214950,ONLINE,Unspecified,MANHATTAN,,,,,,,,40.75666417742652,-73.99019293432467,POINT (-73.990192934325 40.756664177427)
57981393,06/23/2023 09:33:09 AM,06/23/2023 09:45:27 AM,NYPD,New York City Police Department,Noise - Residential,Loud Music/Party,,Residential Building/House,11375,67-15 DARTMOUTH STREET,DARTMOUTH STREET,67 AVENUE,YELLOWSTONE BOULEVARD,67 AVENUE,YELLOWSTONE BOULEVARD,ADDRESS,FOREST HILLS,DARTMOUTH STREET,,Closed,,The Police Department responded to the complaint and with the information available observed no evidence of the violation at that time.,06/23/2023 09:45:32 AM,06 QUEENS,29,Precinct 112,4031640054,QUEENS,1024033,202184,ONLINE,Unspecified,QUEENS,,,,,,,,40.721535638634144,-73.85647809356415,POINT (-73.856478093564 40.721535638634)
57985677,06/23/2023 10:50:28 PM,06/23/2023 11:09:56 PM,NYPD,New York City Police Department,Noise - Residential,Loud Music/Party,,Residential Building/House,10468,2300 SEDGWICK AVENUE,SEDGWICK AVENUE,WEST  183 STREET,WEST FORDHAM ROAD,WEST  183 STREET,WEST FORDHAM ROAD,ADDRESS,BRONX,SEDGWICK AVENUE,,Closed,,The Police Department issued a summons in response to the complaint.,06/23/2023 11:10:01 PM,07 BRONX,14,Precinct 52,2032250148,BRONX,1009356,253377,ONLINE,Unspecified,BRONX,,,,,,,,40.86210034372702,-73.90923570664573,POINT (-73.909235706646 40.862100343727)
57980439,06/22/2023 09:23:00 AM,06/23/2023 10:52:00 AM,DEP,Department of Environmental Protection,Lead,Lead Kit Request (Residential) (L10),L10,,10464,95 PELL PLACE,PELL PLACE,DEAD END,CITY ISLAND AVE,,,ADDRESS,BRONX,,N/A,Closed,,The Department of Environmental Protection (DEP) mailed you the free lead test kit you requested. The kit includes instructions for collecting a water sample and contact information for DEP's Lead Program Unit if you have any questions. Please use the included pre-paid label to mail the sample to the lab for analysis. It may take the lab up to 30 days to complete their analysis and mail you the test results. This Service Request is closed and no further status will be available from 311.,06/23/2023 10:52:00 AM,10 BRONX,13,Precinct 45,2056260221,BRONX,1043591,246235,ONLINE,Unspecified,BRONX,,,,,,,,40.84233398890842,-73.7855314274408,POINT (-73.785531427441 40.842333988908)
57986595,06/24/2023 01:07:26 AM,06/24/2023 01:40:45 AM,NYPD,New York City Police Department,Blocked Driveway,No Access,,Street/Sidewalk,10473,625 BEACH AVENUE,BEACH AVENUE,RANDALL AVENUE,BEND,RANDALL AVENUE,BEND,ADDRESS,BRONX,BEACH AVENUE,,Closed,,The Police Department responded and upon arrival those responsible for the condition were gone.,06/24/2023 01:40:48 AM,09 BRONX,18,Precinct 43,2035570069,BRONX,1022149,237226,MOBILE,Unspecified,BRONX,,,,,,,,40.81772495354077,-73.86307723298408,POINT (-73.863077232984 40.817724953541)
57973338,06/22/2023 03:08:23 PM,07/17/2023 09:05:27 AM,HPD,Department of Housing Preservation and Development,PAINT/PLASTER,CEILING,CHIPPED/PEELING/FLAKING,RESIDENTIAL BUILDING,11235,3250 CONEY ISLAND AVENUE,CONEY ISLAND AVENUE,,,,,ADDRESS,BROOKLYN,,,Closed,,"The Department of Housing Preservation and Development was not able to gain access to inspect the following conditions. The complaint has been closed. If the condition still exists, please file a new complaint.",07/17/2023 12:00:00 AM,13 BROOKLYN,48,Precinct 60,3086920030,BROOKLYN,995483,149472,PHONE,Unspecified,BROOKLYN,,,,,,,,40.576935006887595,-73.95956336641726,POINT (-73.959563366417 40.576935006888)
57981996,06/23/2023 09:42:35 AM,06/23/2023 10:58:24 AM,NYPD,New York City Police Department,Illegal Parking,Blocked Hydrant,,Street/Sidewalk,10466,655 EAST  230 STREET,EAST  230 STREET,CARPENTER AVENUE,LOWERRE PLACE,CARPENTER AVENUE,LOWERRE PLACE,ADDRESS,BRONX,EAST  230 STREET,,Closed,,The Police Department issued a summons in response to the complaint.,06/23/2023 10:58:29 AM,12 BRONX,11,Precinct 47,2048330028,BRONX,1022911,264242,ONLINE,Unspecified,BRONX,,,,,,,,40.89187241649303,-73.86016845296459,POINT (-73.860168452965 40.891872416493)
57974931,06/22/2023 10:24:19 AM,06/22/2023 11:24:55 AM,DSNY,Department of Sanitation,Dirty Condition,Trash,Not Cleaned by Property Owner,Sidewalk,10454,571 EAST  138 STREET,EAST  138 STREET,ST ANNS AVENUE,CYPRESS AVENUE,ST ANNS AVENUE,CYPRESS AVENUE,ADDRESS,BRONX,EAST  138 STREET,,Closed,,The Department of Sanitation investigated this complaint and found no violation at the location.,06/22/2023 11:25:01 AM,01 BRONX,08,Precinct 40,2025510001,BRONX,1007146,233205,ONLINE,Unspecified,BRONX,,,,,,,,40.80674005949766,-73.91729424332335,POINT (-73.917294243323 40.806740059498)
57971808,06/22/2023 12:00:30 PM,08/29/2023 12:00:00 AM,DOB,Department of Buildings,Elevator,Elevator - Single Device On Property/No Alternate Service,,,10039,148 BRADHURST AVENUE,BRADHURST AVENUE,,,,,ADDRESS,NEW YORK,,,Closed,,The Department of Buildings investigated this complaint and determined that no further action was necessary.,08/29/2023 12:00:00 AM,10 MANHATTAN,09,Precinct 32,1020450102,MANHATTAN,1000627,240247,UNKNOWN,Unspecified,MANHATTAN,,,,,,,,40.82608285970194,-73.94082521780065,POINT (-73.940825217801 40.826082859702)
57972528,06/22/2023 12:10:22 PM,06/22/2023 12:38:24 PM,NYPD,New York City Police Department,Illegal Parking,Double Parked Blocking Vehicle,,Street/Sidewalk,10034,65 PARK TERRACE WEST,PARK TERRACE WEST,WEST  215 STREET,WEST  217 STREET,WEST  215 STREET,WEST  217 STREET,ADDRESS,NEW YORK,PARK TERRACE WEST,,Closed,,The Police Department responded and upon arrival those responsible for the condition were gone.,06/22/2023 12:38:29 PM,12 MANHATTAN,10,Precinct 34,1022430395,MANHATTAN,1007086,256722,PHONE,Unspecified,MANHATTAN,,,,,,,,40.87128751176427,-73.9174309045487,POINT (-73.917430904549 40.871287511764)
57970395,06/21/2023 12:56:56 PM,06/21/2023 12:56:56 PM,DOB,Department of Buildings,Real Time Enforcement,Work Without A Permit - Occupied Multiple Dwelling,,,11233,1743 FULTON STREET,FULTON STREET,,,,,ADDRESS,BROOKLYN,,,Closed,,The Department of Buildings investigated this complaint and determined that no further action was necessary.,06/21/2023 12:00:00 AM,03 BROOKLYN,36,Precinct 81,3016910012,BROOKLYN,1003877,186768,UNKNOWN,Unspecified,BROOKLYN,,,,,,,,40.67929001936309,-73.92923814044846,POINT (-73.929238140448 40.679290019363)
57983940,06/23/2023 09:05:09 AM,07/05/2023 01:18:32 PM,DSNY,Department of Sanitation,Missed Collection,Trash,N/A,Street,11412,119-25 201 PLACE,201 PLACE,119 AVENUE,120 AVENUE,119 AVENUE,120 AVENUE,ADDRESS,SAINT ALBANS,201 PLACE,,Closed,,The Department of Sanitation investigated this complaint and found no condition at the location.,06/24/2023 11:50:44 AM,12 QUEENS,27,Precinct 113,4126580042,QUEENS,1053755,191402,ONLINE,Unspecified,QUEENS,,,,,,,,40.69175812250724,-73.7493641960636,POINT (-73.749364196064 40.691758122507)
57975435,06/22/2023 08:20:47 AM,06/22/2023 02:18:30 PM,NYPD,New York City Police Department,Non-Emergency Police Matter,Other (complaint details),,Residential Building/House,10457,1684 GRAND CONCOURSE,GRAND CONCOURSE,EAST  173 STREET,EAST  174 STREET,EAST  173 STREET,EAST  174 STREET,ADDRESS,BRONX,GRAND CONCOURSE,,Closed,,The Police Department responded to the complaint and determined that police action was not necessary.,06/22/2023 02:18:35 PM,04 BRONX,15,Precinct 44,2028230036,BRONX,1008712,246854,PHONE,Unspecified,BRONX,,,,,,,,40.844198465750026,-73.91158772324496,POINT (-73.911587723245 40.84419846575)
57982050,06/23/2023 07:50:36 AM,06/23/2023 08:23:35 AM,NYPD,New York City Police Department,Illegal Parking,Double Parked Blocking Traffic,,Street/Sidewalk,11214,2819 CROPSEY AVENUE,CROPSEY AVENUE,28 AVENUE,BAY   49 STREET,28 AVENUE,BAY   49 STREET,ADDRESS,BROOKLYN,CROPSEY AVENUE,,Closed,,The Police Department responded to the complaint and took action to fix the condition.,06/23/2023 08:23:45 AM,13 BROOKLYN,47,Precinct 60,3069160051,BROOKLYN,987566,152803,ONLINE,Unspecified,BROOKLYN,,,,,,,,40.58608443920109,-73.98806140451246,POINT (-73.988061404512 40.586084439201)
57970818,06/21/2023 11:47:19 AM,06/21/2023 01:03:08 PM,DSNY,Department of Sanitation,Vendor Enforcement,Food Vendor,In Prohibited Area,Street,10462,677 MORRIS PARK AVENUE,MORRIS PARK AVENUE,VICTOR STREET,WHITE PLAINS ROAD,VICTOR STREET,WHITE PLAINS ROAD,ADDRESS,BRONX,MORRIS PARK AVENUE,,Closed,,N/A,06/21/2023 01:03:12 PM,11 BRONX,13,Precinct 49,2040490002,BRONX,1021131,247202,PHONE,Unspecified,BRONX,,,,,,,,40.845110485795296,-73.86670024571791,POINT (-73.866700245718 40.845110485795)
57970476,06/21/2023 09:20:49 AM,06/21/2023 09:57:38 AM,NYPD,New York City Police Department,Blocked Driveway,No Access,,Street/Sidewalk,11372,37-15 88 STREET,88 STREET,37 AVENUE,ROOSEVELT AVENUE,37 AVENUE,ROOSEVELT AVENUE,ADDRESS,JACKSON HEIGHTS,88 STREET,,Closed,,The Police Department responded to the complaint and determined that police action was not necessary.,06/21/2023 09:57:43 AM,03 QUEENS,21,Precinct 115,4014760072,QUEENS,1017880,212475,ONLINE,Unspecified,QUEENS,,,,,,,,40.74980739754521,-73.87862430005916,POINT (-73.878624300059 40.749807397545)
57973113,06/22/2023 07:12:03 PM,06/22/2023 07:57:19 PM,NYPD,New York City Police Department,Noise - Residential,Banging/Pounding,,Residential Building/House,11691,711 SEAGIRT AVENUE,SEAGIRT AVENUE,BEACH    6 STREET,BEACH    8 STREET,BEACH    6 STREET,BEACH    8 STREET,ADDRESS,FAR ROCKAWAY,SEAGIRT AVENUE,,Closed,,The Police Department responded to the complaint and took action to fix the condition.,06/22/2023 07:57:24 PM,14 QUEENS,31,Precinct 101,4156100001,QUEENS,1055848,156519,ONLINE,Unspecified,QUEENS,,,,,,,,40.59599553669944,-73.74218707271653,POINT (-73.742187072717 40.595995536699)
57971250,06/22/2023 07:52:02 PM,06/22/2023 07:55:43 PM,NYPD,New York City Police Department,Illegal Parking,Commercial Overnight Parking,,Street/Sidewalk,11365,58-20 UTOPIA PARKWAY,UTOPIA PARKWAY,182 STREET,182 STREET,182 STREET,182 STREET,ADDRESS,FRESH MEADOWS,UTOPIA PARKWAY,,Closed,,The Police Department responded to the complaint and determined that police action was not necessary.,06/22/2023 07:55:46 PM,11 QUEENS,20,Precinct 111,4068820001,QUEENS,1041659,209210,PHONE,Unspecified,QUEENS,,,,,,,,40.74072340796495,-73.79283045537204,POINT (-73.792830455372 40.740723407965)
57984975,06/23/2023 05:00:46 PM,06/23/2023 10:14:20 PM,NYPD,New York City Police Department,Illegal Parking,Double Parked Blocking Traffic,,Street/Sidewalk,11435,143-35 HOOVER AVENUE,HOOVER AVENUE,DANIELS STREET,SMEDLEY STREET,DANIELS STREET,SMEDLEY STREET,ADDRESS,JAMAICA,HOOVER AVENUE,,Closed,,The Police Department responded to the complaint and determined that police action was not necessary.,06/23/2023 10:14:26 PM,08 QUEENS,24,Precinct 107,4097390148,QUEENS,1035581,199550,PHONE,Unspecified,QUEENS,,,,,,,,40.71424648747301,-73.81483750580222,POINT (-73.814837505802 40.714246487473)
57976668,06/22/2023 03:27:59 PM,06/22/2023 04:59:19 PM,NYPD,New York City Police Department,Abandoned Vehicle,With License Plate,,Street/Sidewalk,10306,85 CLARKE AVENUE,CLARKE AVENUE,RENE DRIVE,MONTREAL AVENUE,RENE DRIVE,MONTREAL AVENUE,ADDRESS,STATEN ISLAND,CLARKE AVENUE,,Closed,,The Police Department responded to the complaint and took action to fix the condition.,06/22/2023 04:59:21 PM,03 STATEN ISLAND,50,Precinct 122,5043990016,STATEN ISLAND,947009,145205,MOBILE,Unspecified,STATEN ISLAND,,,,,,,,40.56515183582215,-74.13403681885812,POINT (-74.134036818858 40.565151835822)
57974823,06/22/2023 03:15:00 PM,06/22/2023 06:10:00 PM,DOT,Department of Transportation,Traffic Signal Condition,APS,Damaged,,11220,,,,,RIDGE BOULEVARD,67 STREET,INTERSECTION,BROOKLYN,,N/A,Closed,,"Service Request status for this request is available on the Department of Transportation's website. Please click the ""Learn More"" link below.",06/22/2023 06:10:00 PM,10 BROOKLYN,43,Precinct 68,,BROOKLYN,976583,172011,UNKNOWN,Unspecified,BROOKLYN,,,,,,,,40.638803741736844,-74.02762531004085,POINT (-74.027625310041 40.638803741737)
57975705,06/22/2023 08:07:40 PM,06/22/2023 08:48:09 PM,NYPD,New York City Police Department,Noise - Residential,Banging/Pounding,,Residential Building/House,11216,195 QUINCY STREET,QUINCY STREET,BEDFORD AVENUE,NOSTRAND AVENUE,BEDFORD AVENUE,NOSTRAND AVENUE,ADDRESS,BROOKLYN,QUINCY STREET,,Closed,,The Police Department responded to the complaint but officers were unable to gain entry into the premises.,06/22/2023 08:48:12 PM,03 BROOKLYN,36,Precinct 79,3018020087,BROOKLYN,997263,189459,ONLINE,Unspecified,BROOKLYN,,,,,,,,40.686688394266056,-73.95307860656142,POINT (-73.953078606561 40.686688394266)
57978819,06/22/2023 01:22:26 PM,06/23/2023 12:23:01 PM,DSNY,Department of Sanitation,Missed Collection,Trash,N/A,Street,11224,5100 SURF AVENUE,SURF AVENUE,BEACH   51 STREET,HIGHLAND AVENUE,BEACH   51 STREET,HIGHLAND AVENUE,ADDRESS,BROOKLYN,SURF AVENUE,,Closed,,The Department of Sanitation investigated this complaint and found no condition at the location.,06/23/2023 08:57:07 AM,13 BROOKLYN,47,Precinct 60,3070330042,BROOKLYN,981508,150420,ONLINE,Unspecified,BROOKLYN,,,,,,,,40.57954377252415,-74.00987105638924,POINT (-74.009871056389 40.579543772524)
57976758,06/22/2023 01:04:39 PM,06/22/2023 01:04:39 PM,DOHMH,Department of Health and Mental Hygiene,Standing Water,Other - Explain Below,,Other,10473,1630 BRUCKNER BOULEVARD,BRUCKNER BOULEVARD,STRATFORD AVENUE PEDESTRIAN OVPS,MORRISON AVENUE,STRATFORD AVENUE PEDESTRIAN OVPS,MORRISON AVENUE,ADDRESS,BRONX,BRUCKNER BOULEVARD,,Closed,,An inspection of the property was conducted and the owner was issued a summons. Follow-up inspections will be scheduled.,06/22/2023 01:04:39 PM,09 BRONX,18,Precinct 43,2036530050,BRONX,1019180,239512,PHONE,Unspecified,BRONX,,,,,,,,40.82401161045355,-73.87379182011618,POINT (-73.873791820116 40.824011610454)
57976173,06/22/2023 09:33:39 AM,06/22/2023 09:58:42 AM,NYPD,New York City Police Department,Illegal Parking,Posted Parking Sign Violation,,Street/Sidewalk,10034,4036 10 AVENUE,10 AVENUE,WEST  215 STREET,WEST  216 STREET,WEST  215 STREET,WEST  216 STREET,ADDRESS,NEW YORK,10 AVENUE,,Closed,,The Police Department issued a summons in response to the complaint.,06/22/2023 09:58:49 AM,12 MANHATTAN,10,Precinct 34,1022320018,MANHATTAN,1007721,256131,ONLINE,Unspecified,MANHATTAN,,,,,,,,40.8696637325875,-73.91513697968922,POINT (-73.915136979689 40.869663732588)
57971061,06/21/2023 05:42:46 PM,09/26/2023 10:20:59 AM,HPD,Department of Housing Preservation and Development,PLUMBING,TOILET,BOWL STOPPED UP,RESIDENTIAL BUILDING,10472,1584 EAST  172 STREET,EAST  172 STREET,,,,,ADDRESS,BRONX,,,Closed,,"The Department of Housing Preservation and Development contacted an occupant of the apartment and verified that the following conditions were corrected. The complaint has been closed. If the condition still exists, please file a new complaint.",09/26/2023 12:00:00 AM,09 BRONX,17,Precinct 43,2037760040,BRONX,1018369,242255,PHONE,Unspecified,BRONX,,,,,,,,40.83154352482263,-73.87670815110155,POINT (-73.876708151102 40.831543524823)
57981330,06/23/2023 10:16:44 PM,06/23/2023 10:41:11 PM,NYPD,New York City Police Department,Noise - Residential,Banging/Pounding,,Residential Building/House,11209,408 77 STREET,77 STREET,4 AVENUE,5 AVENUE,4 AVENUE,5 AVENUE,ADDRESS,BROOKLYN,77 STREET,,Closed,,The Police Department responded to the complaint and with the information available observed no evidence of the violation at that time.,06/23/2023 10:41:16 PM,10 BROOKLYN,47,Precinct 68,3059610007,BROOKLYN,977263,168468,MOBILE,Unspecified,BROOKLYN,,,,,,,,40.62907952159154,-74.02517150346227,POINT (-74.025171503462 40.629079521592)
57976137,06/22/2023 06:51:42 PM,06/22/2023 07:30:05 PM,NYPD,New York City Police Department,Illegal Parking,Blocked Hydrant,,Street/Sidewalk,11228,831 71 STREET,71 STREET,8 AVENUE,FORT HAMILTON PARKWAY,8 AVENUE,FORT HAMILTON PARKWAY,ADDRESS,BROOKLYN,71 STREET,,Closed,,The Police Department issued a summons in response to the complaint.,06/22/2023 07:30:09 PM,10 BROOKLYN,38,Precinct 68,3058960078,BROOKLYN,980044,168326,MOBILE,Unspecified,BROOKLYN,,,,,,,,40.628691518452335,-74.01515253000291,POINT (-74.015152530003 40.628691518452)
57973446,06/22/2023 08:57:32 AM,06/23/2023 08:38:14 AM,HPD,Department of Housing Preservation and Development,HEAT/HOT WATER,ENTIRE BUILDING,NO HOT WATER,RESIDENTIAL BUILDING,10009,95 EAST    7 STREET,EAST    7 STREET,,,,,ADDRESS,NEW YORK,,,Closed,,The complaint you filed is a duplicate of a condition already reported by another tenant for a building-wide condition. The original complaint is still open. HPD may attempt to contact you to verify the correction of the condition or may conduct an inspection of your unit if the original complainant is not available for verification.,06/23/2023 12:00:00 AM,03 MANHATTAN,02,Precinct 9,1004350056,MANHATTAN,988332,204066,ONLINE,Unspecified,MANHATTAN,,,,,,,,40.72678978446996,-73.98527254472263,POINT (-73.985272544723 40.72678978447)
57980052,06/22/2023 02:53:09 PM,07/07/2023 08:54:39 AM,DOT,Department of Transportation,Sidewalk Condition,Sidewalk Violation,Sidewalk Violation Inquiry,Sidewalk,11368,108-33 37 AVENUE,37 AVENUE,108 STREET,109 STREET,108 STREET,109 STREET,ADDRESS,CORONA,37 AVENUE,,Closed,,"The Department of Transportation inspected the condition you reported. You can find additional information in the ""Notes to Customer"" field.",07/07/2023 08:54:42 AM,03 QUEENS,21,Precinct 115,4017520027,QUEENS,1023151,213990,PHONE,Unspecified,QUEENS,,,,,,,,40.75394406642466,-73.85959173872189,POINT (-73.859591738722 40.753944066425)
57971277,06/22/2023 11:53:00 AM,06/22/2023 12:55:00 PM,DEP,Department of Environmental Protection,Water System,LOW WATER PRESSURE - WLWP,WLWP,,10027,504 WEST  126 STREET,WEST  126 STREET,AMSTERDAM AVE,OLD BROADWAY,,,ADDRESS,NEW YORK,,,Closed,,"The status of this Service Request is currently not available online. Please call 311 for further assistance. If you are outside of New York City, please call (212) NEW-YORK (212-639-9675).",06/22/2023 12:55:00 PM,09 MANHATTAN,07,Precinct 26,1019820031,MANHATTAN,996437,236002,PHONE,Unspecified,MANHATTAN,,,,,,,,40.814438308548404,-73.95597259174166,POINT (-73.955972591742 40.814438308548)
57975417,06/22/2023 08:24:16 AM,06/22/2023 08:56:28 AM,NYPD,New York City Police Department,Illegal Parking,Parking Permit Improper Use,Parked In 'No Standing' Area,Street/Sidewalk,11222,205 GREENPOINT AVENUE,GREENPOINT AVENUE,MCGUINNESS BOULEVARD,NEWEL STREET,MCGUINNESS BOULEVARD,NEWEL STREET,ADDRESS,BROOKLYN,GREENPOINT AVENUE,,Closed,,The Police Department responded to the complaint and determined that police action was not necessary.,06/22/2023 08:56:31 AM,01 BROOKLYN,33,Precinct 94,3025600050,BROOKLYN,997815,205425,MOBILE,Unspecified,BROOKLYN,,,,,,,,40.73051044794637,-73.95105607671246,POINT (-73.951056076712 40.730510447946)
57975678,06/22/2023 09:46:09 PM,06/22/2023 11:12:39 PM,NYPD,New York City Police Department,Noise - Residential,Banging/Pounding,,Residential Building/House,11419,104-28 117 STREET,117 STREET,LIBERTY AVENUE,107 AVENUE,LIBERTY AVENUE,107 AVENUE,ADDRESS,SOUTH RICHMOND HILL,117 STREET,,Closed,,The Police Department responded to the complaint and took action to fix the condition.,06/22/2023 11:12:43 PM,10 QUEENS,28,Precinct 106,4095700016,QUEENS,1032565,189111,PHONE,Unspecified,QUEENS,,,,,,,,40.68561091285362,-73.82579175604369,POINT (-73.825791756044 40.685610912854)
57973329,06/22/2023 05:08:27 PM,06/22/2023 05:19:30 PM,NYPD,New York City Police Department,Noise - Street/Sidewalk,Loud Talking,,Street/Sidewalk,11226,1050 FLATBUSH AVENUE,FLATBUSH AVENUE,REGENT PLACE,DURYEA PLACE,REGENT PLACE,DURYEA PLACE,ADDRESS,BROOKLYN,FLATBUSH AVENUE,,Closed,,The Police Department responded to the complaint and with the information available observed no evidence of the violation at that time.,06/22/2023 05:19:34 PM,14 BROOKLYN,40,Precinct 70,3051250069,BROOKLYN,995888,174464,MOBILE,Unspecified,BROOKLYN,,,,,,,,40.64553237177799,-73.95806237287843,POINT (-73.958062372878 40.645532371778)
57987180,06/23/2023 10:55:05 AM,06/26/2023 12:41:06 PM,HPD,Department of Housing Preservation and Development,PLUMBING,WATER SUPPLY,NO WATER,RESIDENTIAL BUILDING,11201,236 LIVINGSTON STREET,LIVINGSTON STREET,,,,,ADDRESS,BROOKLYN,,,Closed,,The Department of Housing Preservation and Development inspected the following conditions. No violations were issued. The complaint has been closed.,06/26/2023 12:00:00 AM,02 BROOKLYN,33,Precinct 84,3001657501,BROOKLYN,988539,190354,ONLINE,Unspecified,BROOKLYN,,,,,,,,40.68915349074286,-73.98453444341065,POINT (-73.984534443411 40.689153490743)
57973842,06/22/2023 01:01:06 PM,06/22/2023 01:22:36 PM,NYPD,New York City Police Department,Blocked Driveway,No Access,,Street/Sidewalk,11214,109 BAY   19 STREET,BAY   19 STREET,86 STREET,BENSON AVENUE,86 STREET,BENSON AVENUE,ADDRESS,BROOKLYN,BAY   19 STREET,,Closed,,The Police Department responded to the complaint and took action to fix the condition.,06/22/2023 01:22:40 PM,11 BROOKLYN,38,Precinct 62,3063700005,BROOKLYN,983198,159695,PHONE,Unspecified,BROOKLYN,,,,,,,,40.60500214862542,-74.0037885890156,POINT (-74.003788589016 40.605002148625)
57982059,06/23/2023 02:25:15 AM,06/23/2023 03:25:14 AM,NYPD,New York City Police Department,Noise - Residential,Loud Television,,Residential Building/House,10303,296 LAKE AVENUE,LAKE AVENUE,WALKER STREET,DIXON AVENUE,WALKER STREET,DIXON AVENUE,ADDRESS,STATEN ISLAND,LAKE AVENUE,,Closed,,The Police Department responded to the complaint and took action to fix the condition.,06/23/2023 03:25:20 AM,01 STATEN ISLAND,49,Precinct 121,5011760136,STATEN ISLAND,942157,168450,ONLINE,Unspecified,STATEN ISLAND,,,,,,,,40.628932864784574,-74.15164480915698,POINT (-74.151644809157 40.628932864785)
58027248,06/27/2023 07:34:25 PM,06/27/2023 08:16:16 PM,NYPD,New York City Police Department,Illegal Parking,Blocked Hydrant,,Street/Sidewalk,10314,269 ADA DRIVE,ADA DRIVE,ELSON COURT,FARRAGUT AVENUE,ELSON COURT,FARRAGUT AVENUE,ADDRESS,STATEN ISLAND,ADA DRIVE,,Closed,,The Police Department responded to the complaint and took action to fix the condition.,06/27/2023 08:16:18 PM,01 STATEN ISLAND,49,Precinct 121,5016580154,STATEN ISLAND,938748,165717,ONLINE,Unspecified,STATEN ISLAND,,,,,,,,40.62141451154197,-74.16390766768372,POINT (-74.163907667684 40.621414511542)
57973086,06/22/2023 09:15:34 AM,06/22/2023 09:38:59 AM,NYPD,New York City Police Department,Blocked Driveway,No Access,,Street/Sidewalk,11691,11-24 FOAM PLACE,FOAM PLACE,BEACH   18 STREET,SMITH PLACE,BEACH   18 STREET,SMITH PLACE,ADDRESS,FAR ROCKAWAY,FOAM PLACE,,Closed,,The Police Department issued a summons in response to the complaint.,06/22/2023 09:39:03 AM,14 QUEENS,31,Precinct 101,4155450010,QUEENS,1053413,159655,MOBILE,Unspecified,QUEENS,,,,,,,,40.60462252255694,-73.75092296087219,POINT (-73.750922960872 40.604622522557)
57986532,06/23/2023 07:24:06 PM,06/23/2023 08:52:05 PM,NYPD,New York City Police Department,Bike/Roller/Skate Chronic,N/A,,Street/Sidewalk,11103,25-25 STEINWAY STREET,STEINWAY STREET,25 AVENUE,28 AVENUE,25 AVENUE,28 AVENUE,ADDRESS,ASTORIA,STEINWAY STREET,,Closed,,The Police Department responded and upon arrival those responsible for the condition were gone.,06/23/2023 08:52:09 PM,01 QUEENS,22,Precinct 114,4006840036,QUEENS,1008628,218934,PHONE,Unspecified,QUEENS,,,,,,,,40.76756603808144,-73.91199270451048,POINT (-73.91199270451 40.767566038081)
57973662,06/22/2023 08:45:00 PM,06/22/2023 09:25:00 PM,DOT,Department of Transportation,Traffic Signal Condition,LED Pedestrian Unit,Out,,10467,,,,,BOSTON ROAD,HOLLAND AVENUE,INTERSECTION,BRONX,,N/A,Closed,,Service Request status for this request is available on the Department of Transportationâs website. Please click the âLearn Moreâ link below.,06/22/2023 09:25:00 PM,11 BRONX,15,Precinct 49,,BRONX,1021459,253811,UNKNOWN,Unspecified,BRONX,,,,,,,,40.863248824614764,-73.86547806745405,POINT (-73.865478067454 40.863248824615)
57976182,06/22/2023 06:37:24 AM,06/22/2023 07:22:59 AM,NYPD,New York City Police Department,Illegal Parking,Blocked Hydrant,,Street/Sidewalk,11209,49 70 STREET,70 STREET,NARROWS AVENUE,LOUISE TERRACE,NARROWS AVENUE,LOUISE TERRACE,ADDRESS,BROOKLYN,70 STREET,,Closed,,The Police Department issued a summons in response to the complaint.,06/22/2023 07:23:04 AM,10 BROOKLYN,47,Precinct 68,3058690001,BROOKLYN,974843,171504,ONLINE,Unspecified,BROOKLYN,,,,,,,,40.63741045798947,-74.03389407432296,POINT (-74.033894074323 40.637410457989)
57974157,06/22/2023 07:37:28 PM,06/22/2023 08:30:20 PM,NYPD,New York City Police Department,Encampment,N/A,,Subway,,,,,,,,,,,,Closed,,The Police Department visited the location and no Encampment was found.,06/22/2023 08:30:26 PM,Unspecified MANHATTAN,,Unspecified,,MANHATTAN,994025,227695,ONLINE,Unspecified,MANHATTAN,,,,C,,,Passageway,40.791640872995636,-73.964698405059,POINT (-73.964698405059 40.791640872996)
57986568,06/23/2023 03:44:26 PM,09/28/2023 12:00:00 AM,DOB,Department of Buildings,General Construction/Plumbing,Cons - Contrary/Beyond Approved Plans/Permits,,,11372,89-01 37 AVENUE,37 AVENUE,,,,,ADDRESS,JACKSON HEIGHTS,,,Closed,,"The Department of Buildings attempted to investigate this complaint twice but could not gain access to the location. If the problem still exists, please call 311 and file a new complaint with additional access information. If you are outside of New York City, please call (212) NEW-YORK (212-639-9675).",09/28/2023 12:00:00 AM,03 QUEENS,25,Precinct 115,4014630035,QUEENS,1018145,212711,UNKNOWN,Unspecified,QUEENS,,,,,,,,40.75045414554779,-73.87766668714474,POINT (-73.877666687145 40.750454145548)
57984579,06/23/2023 07:30:27 PM,07/03/2023 02:04:00 AM,HPD,Department of Housing Preservation and Development,ELECTRIC,NO LIGHTING,ONE ROOM OR AREA,RESIDENTIAL BUILDING,11206,601 MARCY AVENUE,MARCY AVENUE,,,,,ADDRESS,BROOKLYN,,,Closed,,The Department of Housing Preservation and Development inspected the following conditions. No violations were issued. The complaint has been closed.,07/03/2023 12:00:00 AM,03 BROOKLYN,36,Precinct 79,3017590005,BROOKLYN,998393,192263,PHONE,Unspecified,BROOKLYN,,,,,,,,40.694382993483686,-73.94899824340898,POINT (-73.948998243409 40.694382993484)
57976011,06/22/2023 01:26:00 PM,06/22/2023 03:30:00 PM,DEP,Department of Environmental Protection,Industrial Waste,Odor In Sewer/Catch Basin (ICB),ICB,,11417,94-47 134 AVENUE,134 AVENUE,95 PL,96 ST,,,ADDRESS,OZONE PARK,,N/A,Closed,,The Department of Environmental Protection investigated this complaint and resolved the issue during a field inspection.,06/22/2023 03:30:00 PM,10 QUEENS,32,Precinct 106,4114910048,QUEENS,1028273,185281,PHONE,Unspecified,QUEENS,,,,,,,,40.67512083709144,-73.84129230293179,POINT (-73.841292302932 40.675120837091)
57984894,06/23/2023 12:09:03 PM,06/23/2023 12:09:03 PM,DOHMH,Department of Health and Mental Hygiene,Rodent,Condition Attracting Rodents,,1-2 Family Dwelling,11691,434 BEACH   36 STREET,BEACH   36 STREET,BEACH CHANNEL DRIVE,NORTON AVENUE,BEACH CHANNEL DRIVE,NORTON AVENUE,ADDRESS,FAR ROCKAWAY,BEACH   36 STREET,,Closed,,The Department of Health and Mental Hygiene inspected the property you reported and did not find any violations at the time of the inspection. The property passed inspection.,06/23/2023 12:09:03 PM,14 QUEENS,31,Precinct 101,4159520017,QUEENS,1048421,156941,PHONE,Unspecified,QUEENS,,,,,,,,40.59721072381619,-73.768926370157,POINT (-73.768926370157 40.597210723816)
57977334,06/22/2023 11:19:39 AM,06/22/2023 11:52:49 AM,NYPD,New York City Police Department,Noise - Vehicle,Car/Truck Horn,,Street/Sidewalk,11225,340 MAPLE STREET,MAPLE STREET,NOSTRAND AVENUE,NEW YORK AVENUE,NOSTRAND AVENUE,NEW YORK AVENUE,ADDRESS,BROOKLYN,MAPLE STREET,,Closed,,The Police Department responded to the complaint and took action to fix the condition.,06/22/2023 11:52:56 AM,09 BROOKLYN,40,Precinct 71,3047960022,BROOKLYN,998288,180062,ONLINE,Unspecified,BROOKLYN,,,,,,,,40.660894179220875,-73.9494023032745,POINT (-73.949402303274 40.660894179221)
57970242,06/21/2023 01:51:24 PM,06/21/2023 01:51:24 PM,DOHMH,Department of Health and Mental Hygiene,Rodent,Condition Attracting Rodents,,Other (Explain Below),10033,601 WEST  179 STREET,WEST  179 STREET,ST NICHOLAS AVENUE,WADSWORTH AVENUE,ST NICHOLAS AVENUE,WADSWORTH AVENUE,ADDRESS,NEW YORK,WEST  179 STREET,,Closed,,The Department of Health and Mental Hygiene found violations on the property you reported. Follow-up inspections will be scheduled.,06/21/2023 01:51:24 PM,12 MANHATTAN,10,Precinct 34,1021620044,MANHATTAN,1002268,248264,PHONE,Unspecified,MANHATTAN,,,,,,,,40.84808400024098,-73.93487428126504,POINT (-73.934874281265 40.848084000241)
57979629,06/22/2023 06:24:00 PM,06/23/2023 02:24:00 PM,DOT,Department of Transportation,Street Light Condition,Street Light Out,Location Type: Misc.,,10473,SOUND VIEW AVE,SOUND VIEW AVE,,,STANTON COURT,SOUND VIEW AVENUE,INTERSECTION,BRONX,,,Closed,,Service Request status for this request is available on the Department of Transportationâs website. Please click the âLearn Moreâ link below.,06/23/2023 02:24:00 PM,09 BRONX,18,Precinct 43,,BRONX,1024261,234404,UNKNOWN,Unspecified,BRONX,,,,,,,,40.80997004840233,-73.85546376517729,POINT (-73.855463765177 40.809970048402)
57979062,06/22/2023 10:04:07 AM,06/26/2023 11:35:59 AM,DOT,Department of Transportation,Street Condition,Defective Hardware,N/A,Street,11365,196-50 48 AVENUE,48 AVENUE,196 PLACE,197 STREET,196 PLACE,197 STREET,ADDRESS,FRESH MEADOWS,48 AVENUE,,Closed,,The Department of Transportation inspected and has requested the Department of Environmental Protection address the issue. The condition will be re-inspected in 60 days.,06/26/2023 11:36:02 AM,11 QUEENS,20,Precinct 111,4056330018,QUEENS,1044470,213000,PHONE,Unspecified,QUEENS,,,,,,,,40.75110728167733,-73.78265261858137,POINT (-73.782652618581 40.751107281677)
57981618,06/23/2023 12:06:47 PM,08/10/2023 08:22:45 PM,HPD,Department of Housing Preservation and Development,PAINT/PLASTER,WALL,DIRTY OR UNSANITARY,RESIDENTIAL BUILDING,10459,835 FOX STREET,FOX STREET,,,,,ADDRESS,BRONX,,,Closed,,The Department of Housing Preservation and Development inspected the following conditions. Violations were issued. Information about specific violations is available at www.nyc.gov/hpd,08/10/2023 12:00:00 AM,02 BRONX,17,Precinct 41,2027090037,BRONX,1012957,237150,PHONE,Unspecified,BRONX,,,,,,,,40.81755100866496,-73.89628668522636,POINT (-73.896286685226 40.817551008665)
57984615,06/23/2023 01:59:37 PM,06/28/2023 07:17:50 PM,HPD,Department of Housing Preservation and Development,PAINT/PLASTER,DOOR/FRAME,PEELING OR FLAKING PAINT,RESIDENTIAL BUILDING,11420,109-41 133 STREET,133 STREET,,,,,ADDRESS,SOUTH OZONE PARK,,,Closed,,The Department of Housing Preservation and Development inspected the following conditions. No violations were issued. The complaint has been closed.,06/28/2023 12:00:00 AM,10 QUEENS,28,Precinct 106,4116130064,QUEENS,1036762,189128,ONLINE,Unspecified,QUEENS,,,,,,,,40.68563366889993,-73.81065864593464,POINT (-73.810658645935 40.6856336689)
57975093,06/22/2023 06:20:48 PM,06/22/2023 06:55:23 PM,NYPD,New York City Police Department,Animal-Abuse,Neglected,Dog,Residential Building/House,11375,111-40 76 DRIVE,76 DRIVE,AUSTIN STREET,QUEENS BOULEVARD,AUSTIN STREET,QUEENS BOULEVARD,ADDRESS,FOREST HILLS,76 DRIVE,,Closed,,The Police Department responded to the complaint but officers were unable to gain entry into the premises.,06/22/2023 06:55:28 PM,06 QUEENS,29,Precinct 112,4033420021,QUEENS,1029891,200090,ONLINE,Unspecified,QUEENS,,,,,,,,40.715759838622226,-73.83535890665141,POINT (-73.835358906651 40.715759838622)
57987864,06/23/2023 09:13:03 AM,06/23/2023 10:53:21 AM,NYPD,New York City Police Department,Blocked Driveway,No Access,,Street/Sidewalk,11422,257-08 148 AVENUE,148 AVENUE,257 STREET,259 STREET,257 STREET,259 STREET,ADDRESS,ROSEDALE,148 AVENUE,,Closed,,The Police Department issued a summons in response to the complaint.,06/23/2023 10:53:25 AM,13 QUEENS,31,Precinct 105,4136720009,QUEENS,1058727,178045,PHONE,Unspecified,QUEENS,,,,,,,,40.655055886539664,-73.73158280644596,POINT (-73.731582806446 40.65505588654)
57979638,06/22/2023 04:33:02 PM,06/22/2023 04:54:15 PM,NYPD,New York City Police Department,Illegal Parking,Blocked Bike Lane,,Street/Sidewalk,11109,46-30 CENTER BOULEVARD,CENTER BOULEVARD,46 AVENUE,47 AVENUE,46 AVENUE,47 AVENUE,ADDRESS,LONG ISLAND CITY,CENTER BOULEVARD,,Closed,,The Police Department responded to the complaint and with the information available observed no evidence of the violation at that time.,06/22/2023 04:54:20 PM,02 QUEENS,26,Precinct 108,4000217501,QUEENS,996301,211306,ONLINE,Unspecified,QUEENS,,,,,,,,40.746654525427516,-73.95650820907728,POINT (-73.956508209077 40.746654525428)
57981789,06/23/2023 05:25:27 PM,12/14/2023 11:07:36 AM,DOE,Department of Education,School Maintenance,Other School Condition,N/A,School,10314,1535 RICHMOND AVENUE,RICHMOND AVENUE,JARDINE AVENUE,MERRILL AVENUE,JARDINE AVENUE,MERRILL AVENUE,ADDRESS,STATEN ISLAND,RICHMOND AVENUE,,Closed,,The Department of Education completed the work and corrected the condition.,12/14/2023 11:07:40 AM,02 STATEN ISLAND,50,Precinct 121,5015480100,STATEN ISLAND,939813,161763,ONLINE,Unspecified,STATEN ISLAND,,,,,,,,40.61056702401308,-74.1600453018125,POINT (-74.160045301812 40.610567024013)
57979098,06/22/2023 04:31:44 PM,06/22/2023 05:28:01 PM,NYPD,New York City Police Department,Illegal Parking,Parking Permit Improper Use,Parked On Sidewalk,Street/Sidewalk,11365,71-01 PARSONS BOULEVARD,PARSONS BOULEVARD,71 AVENUE,72 AVENUE,71 AVENUE,72 AVENUE,ADDRESS,FRESH MEADOWS,PARSONS BOULEVARD,,Closed,,The Police Department responded to the complaint and determined that police action was not necessary.,06/22/2023 05:28:04 PM,08 QUEENS,24,Precinct 107,4067970040,QUEENS,1036658,205328,ONLINE,Unspecified,QUEENS,,,,,,,,40.73009934988612,-73.81090754397326,POINT (-73.810907543973 40.730099349886)
57971898,06/22/2023 07:29:34 PM,06/22/2023 07:46:44 PM,NYPD,New York City Police Department,Noise - Residential,Loud Music/Party,,Residential Building/House,10456,1465 WASHINGTON AVENUE,WASHINGTON AVENUE,ST PAULS PLACE,EAST  171 STREET,ST PAULS PLACE,EAST  171 STREET,ADDRESS,BRONX,WASHINGTON AVENUE,,Closed,,The Police Department responded to the complaint and took action to fix the condition.,06/22/2023 07:46:48 PM,03 BRONX,16,Precinct 42,2029020036,BRONX,1010885,244212,ONLINE,Unspecified,BRONX,,,,,,,,40.83694066292417,-73.90374441298103,POINT (-73.903744412981 40.836940662924)
57984327,06/23/2023 09:48:55 AM,06/23/2023 10:06:26 AM,NYPD,New York City Police Department,Encampment,N/A,,Park/Playground,10002,169 EAST BROADWAY,EAST BROADWAY,RUTGERS STREET,CANAL STREET,RUTGERS STREET,CANAL STREET,ADDRESS,NEW YORK,EAST BROADWAY,,Closed,,The Police Department visited the location and has referred the complaint to the Department of Homeless Services (DHS) for further action. DHS will inspect the condition and update your Service Request with more information.,06/23/2023 10:06:33 AM,03 MANHATTAN,01,Precinct 7,1002840026,MANHATTAN,987074,199435,ONLINE,Unspecified,MANHATTAN,,,,,,,,40.71407929691633,-73.98981322818993,POINT (-73.98981322819 40.714079296916)
57987342,06/23/2023 10:50:11 AM,06/26/2023 10:41:05 AM,DOT,Department of Transportation,Street Condition,Cave-in,N/A,Street,11234,1944 BERGEN AVENUE,BERGEN AVENUE,COVE LANE,AVENUE T,COVE LANE,AVENUE T,ADDRESS,BROOKLYN,BERGEN AVENUE,,Closed,,This request required re-assignment to a new DOT unit.,06/26/2023 10:41:12 AM,18 BROOKLYN,46,Precinct 63,3083747505,BROOKLYN,1009971,166928,ONLINE,Unspecified,BROOKLYN,,,,,,,,40.62481796232271,-73.90734292061337,POINT (-73.907342920613 40.624817962323)
57974499,06/22/2023 04:29:00 AM,06/23/2023 08:15:00 PM,DEP,Department of Environmental Protection,Noise,Noise: Construction Before/After Hours (NM1),NM1,,11233,1252 HERKIMER STREET,HERKIMER STREET,MARCONI PL,GUNTHER PL,,,ADDRESS,BROOKLYN,,N/A,Closed,,"The Department of Environmental Protection (DEP) didn't observe a violation of the NYC Air or Noise Code at the time of inspection and couldn't issue a summons.  If the problem still exists, please go to nyc.gov/311 or call 311 to file a new Service Request. If you're outside of New York City, please call (212) NEW-YORK (212-639-9675).",06/23/2023 08:15:00 PM,16 BROOKLYN,41,Precinct 73,3015660023,BROOKLYN,1008656,186148,ONLINE,Unspecified,BROOKLYN,,,,,,,,40.677576374209025,-73.9120105125484,POINT (-73.912010512548 40.677576374209)
57982770,06/23/2023 03:29:00 PM,06/29/2023 01:30:00 PM,DEP,Department of Environmental Protection,Noise,Noise: Construction Equipment (NC1),NC1,,11228,1335 77 STREET,77 STREET,13 AVE,14 AVE,,,ADDRESS,BROOKLYN,,N/A,Closed,,"The Department of Environmental Protection (DEP) didn't observe a violation of the NYC Air or Noise Code at the time of inspection and couldn't issue a summons.  If the problem still exists, please go to nyc.gov/311 or call 311 to file a new Service Request. If you're outside of New York City, please call (212) NEW-YORK (212-639-9675).",06/29/2023 01:30:00 PM,10 BROOKLYN,43,Precinct 68,3062330061,BROOKLYN,982094,164659,PHONE,Unspecified,BROOKLYN,,,,,,,,40.6186271068318,-74.00776603157587,POINT (-74.007766031576 40.618627106832)
57976704,06/22/2023 03:57:22 PM,06/22/2023 03:57:22 PM,DOHMH,Department of Health and Mental Hygiene,Rodent,Condition Attracting Rodents,,1-2 Family Dwelling,11237,254 MENAHAN STREET,MENAHAN STREET,KNICKERBOCKER AVENUE,MYRTLE AVENUE,KNICKERBOCKER AVENUE,MYRTLE AVENUE,ADDRESS,BROOKLYN,MENAHAN STREET,,Closed,,The Department of Health and Mental Hygiene inspected the property you reported and did not find any violations at the time of the inspection. The property passed inspection.,06/22/2023 03:57:22 PM,04 BROOKLYN,37,Precinct 83,3033170023,BROOKLYN,1007435,193896,ONLINE,Unspecified,BROOKLYN,,,,,,,,40.69884612779381,-73.91638584459501,POINT (-73.916385844595 40.698846127794)
57978261,06/22/2023 01:00:41 PM,06/28/2023 07:22:22 PM,HPD,Department of Housing Preservation and Development,UNSANITARY CONDITION,PESTS,ROACHES,RESIDENTIAL BUILDING,11228,8017 10 AVENUE,10 AVENUE,,,,,ADDRESS,BROOKLYN,,,Closed,,The Department of Housing Preservation and Development inspected the following conditions. Violations were issued. Information about specific violations is available at www.nyc.gov/hpd,06/28/2023 12:00:00 AM,10 BROOKLYN,43,Precinct 68,3059930003,BROOKLYN,979494,165634,PHONE,Unspecified,BROOKLYN,,,,,,,,40.62130226464364,-74.01713206247288,POINT (-74.017132062473 40.621302264644)
57970404,06/21/2023 01:58:57 PM,06/22/2023 02:30:54 PM,DSNY,Department of Sanitation,Illegal Dumping,Removal Request,N/A,Street,11219,4401 15 AVENUE,15 AVENUE,44 STREET,45 STREET,44 STREET,45 STREET,ADDRESS,BROOKLYN,15 AVENUE,,Closed,,The Department of Sanitation investigated this complaint and found no condition at the location.,06/22/2023 04:14:48 AM,12 BROOKLYN,44,Precinct 66,3054310010,BROOKLYN,988447,170653,PHONE,Unspecified,BROOKLYN,,,,,,,,40.63507864518472,-73.98487844621862,POINT (-73.984878446219 40.635078645185)
57971565,06/22/2023 05:39:52 AM,,EDC,Economic Development Corporation,Noise - Helicopter,Other,Flying Too Low,Above Address,11235,COMER FIELD,COMER FIELD,AVENUE Y,AVENUE Z,AVENUE Y,AVENUE Z,UNRECOGNIZED,BROOKLYN,COMER FIELD,,In Progress,,,,15 BROOKLYN,46,Precinct 61,3074520001,BROOKLYN,1002398,154505,ONLINE,Unspecified,BROOKLYN,,,,,,,,40.590738131007676,-73.9346571926097,POINT (-73.93465719261 40.590738131008)
57973716,06/22/2023 10:18:58 PM,06/24/2023 10:03:45 AM,DSNY,Department of Sanitation,Dirty Condition,Trash,Not Cleaned by Property Owner,Sidewalk,10460,1151 WYATT STREET,WYATT STREET,BRONX PARK AVENUE,MORRIS PARK AVENUE,BRONX PARK AVENUE,MORRIS PARK AVENUE,ADDRESS,BRONX,WYATT STREET,,Closed,,The Department of Sanitation cleaned the location.,06/24/2023 10:03:50 AM,06 BRONX,15,Precinct 48,2039080001,BRONX,1018546,244926,ONLINE,Unspecified,BRONX,,,,,,,,40.83887395526117,-73.87605489085261,POINT (-73.876054890853 40.838873955261)
57987603,06/23/2023 06:45:00 PM,06/23/2023 07:30:37 PM,NYPD,New York City Police Department,Illegal Parking,Blocked Hydrant,,Street/Sidewalk,11358,40-19 158 STREET,158 STREET,NORTHERN BOULEVARD,DEPOT ROAD,NORTHERN BOULEVARD,DEPOT ROAD,ADDRESS,FLUSHING,158 STREET,,Closed,,The Police Department responded to the complaint and took action to fix the condition.,06/23/2023 07:30:42 PM,07 QUEENS,20,Precinct 109,4052770014,QUEENS,1037598,217238,MOBILE,Unspecified,QUEENS,,,,,,,,40.76278361255973,-73.8074214835817,POINT (-73.807421483582 40.76278361256)
57985830,06/23/2023 08:03:06 AM,06/23/2023 09:05:11 AM,DHS,Department of Homeless Services,Homeless Person Assistance,,,Park/Playground,10031,626 RIVERSIDE DRIVE,RIVERSIDE DRIVE,BROADWAY,RIVERSIDE DRIVE,BROADWAY,RIVERSIDE DRIVE,ADDRESS,NEW YORK,RIVERSIDE DRIVE,,Closed,,The Department of Homeless Services did not have enough information to act on your request.,06/23/2023 09:05:11 AM,09 MANHATTAN,07,Precinct 30,1020870078,MANHATTAN,996862,239357,MOBILE,N/A,MANHATTAN,,,,,,,,40.823646241340434,-73.95443090907575,POINT (-73.954430909076 40.82364624134)
57985659,06/24/2023 12:30:05 AM,06/24/2023 01:10:58 AM,NYPD,New York City Police Department,Noise - Residential,Loud Music/Party,,Residential Building/House,10456,760 EAST  166 STREET,EAST  166 STREET,FOREST AVENUE,TINTON AVENUE,FOREST AVENUE,TINTON AVENUE,ADDRESS,BRONX,EAST  166 STREET,,Closed,,The Police Department responded to the complaint and took action to fix the condition.,06/24/2023 01:11:02 AM,03 BRONX,17,Precinct 42,2026400001,BRONX,1011314,240366,ONLINE,Unspecified,BRONX,,,,,,,,40.82638320004319,-73.90220957776346,POINT (-73.902209577763 40.826383200043)
57972069,06/22/2023 11:55:14 PM,06/23/2023 12:46:27 AM,NYPD,New York City Police Department,Noise - Residential,Loud Music/Party,,Residential Building/House,11368,98-27 50 AVENUE,50 AVENUE,98 STREET,99 STREET,98 STREET,99 STREET,ADDRESS,CORONA,50 AVENUE,,Closed,,The Police Department responded to the complaint and took action to fix the condition.,06/23/2023 12:46:30 AM,04 QUEENS,21,Precinct 110,4018830039,QUEENS,1022039,209859,PHONE,Unspecified,QUEENS,,,,,,,,40.742610347058154,-73.86362856850776,POINT (-73.863628568508 40.742610347058)
57979296,06/22/2023 06:32:56 PM,06/22/2023 09:34:19 PM,DHS,Department of Homeless Services,Homeless Person Assistance,,,Residential Building/House,10025,166 WEST   94 STREET,WEST   94 STREET,COLUMBUS AVENUE,AMSTERDAM AVENUE,COLUMBUS AVENUE,AMSTERDAM AVENUE,ADDRESS,NEW YORK,WEST   94 STREET,,Closed,,The mobile outreach response team went to the location provided but could not find the individual that you reported.,06/22/2023 09:34:19 PM,07 MANHATTAN,06,Precinct 24,1012240157,MANHATTAN,992412,227975,MOBILE,Unspecified,MANHATTAN,,,,,,,,40.792411034433236,-73.97052327889757,POINT (-73.970523278898 40.792411034433)
57979764,06/22/2023 07:17:02 AM,06/22/2023 08:12:35 AM,NYPD,New York City Police Department,Illegal Parking,Posted Parking Sign Violation,,Street/Sidewalk,10468,2519 CRESTON AVENUE,CRESTON AVENUE,EAST  190 STREET,EAST  191 STREET,EAST  190 STREET,EAST  191 STREET,ADDRESS,BRONX,CRESTON AVENUE,,Closed,,The Police Department issued a summons in response to the complaint.,06/22/2023 08:12:47 AM,07 BRONX,14,Precinct 52,2031757501,BRONX,1012552,253854,ONLINE,Unspecified,BRONX,,,,,,,,40.86339989603282,-73.89767938528355,POINT (-73.897679385284 40.863399896033)
57975615,06/22/2023 12:46:24 PM,06/22/2023 12:55:43 PM,DHS,Department of Homeless Services,Homeless Person Assistance,,,Park/Playground,11104,43 STREET,43 STREET,43 STREET,SKILLMAN AVENUE,43 STREET,SKILLMAN AVENUE,INTERSECTION,QUEENS,,,Closed,,The Department of Homeless Services did not have enough information to act on your request.,06/22/2023 12:55:43 PM,02 QUEENS,26,Precinct 108,,QUEENS,1006196,211399,MOBILE,N/A,QUEENS,,,,,,,,40.74689076643809,-73.92079708579764,POINT (-73.920797085798 40.746890766438)
57974814,06/22/2023 10:23:02 AM,06/22/2023 10:28:49 AM,NYPD,New York City Police Department,Drug Activity,Use Outside,,Street/Sidewalk,11432,82-68 164 STREET,164 STREET,82 ROAD,GRAND CENTRAL PARKWAY,82 ROAD,GRAND CENTRAL PARKWAY,ADDRESS,JAMAICA,164 STREET,,Closed,,The Police Department reviewed your complaint and provided additional information below.,06/22/2023 10:28:52 AM,08 QUEENS,24,Precinct 107,4068580001,QUEENS,1038740,200651,ONLINE,Unspecified,QUEENS,,,,,,,,40.71724956934783,-73.80343340538089,POINT (-73.803433405381 40.717249569348)
57986478,06/23/2023 08:19:07 PM,06/23/2023 08:51:00 PM,NYPD,New York City Police Department,Illegal Parking,Paper License Plates,,Street/Sidewalk,10040,563 WEST  193 STREET,WEST  193 STREET,AUDUBON AVENUE,FORT GEORGE AVENUE,AUDUBON AVENUE,FORT GEORGE AVENUE,ADDRESS,NEW YORK,WEST  193 STREET,,Closed,,The Police Department responded to the complaint and with the information available observed no evidence of the violation at that time.,06/23/2023 08:51:03 PM,12 MANHATTAN,10,Precinct 34,1021610033,MANHATTAN,1004253,251361,MOBILE,Unspecified,MANHATTAN,,,,,,,,40.85658006885021,-73.92769029911618,POINT (-73.927690299116 40.85658006885)
57987954,06/23/2023 04:45:45 PM,07/27/2023 12:00:00 AM,DOB,Department of Buildings,Elevator,Elevator - Multiple Devices On Property,,,10468,2829 SEDGWICK AVENUE,SEDGWICK AVENUE,,,,,ADDRESS,BRONX,,,Closed,,The Department of Buildings investigated this complaint and issued an Office of Administrative Trials and Hearings (OATH) summons.,07/27/2023 12:00:00 AM,08 BRONX,14,Precinct 50,2032530099,BRONX,1011365,257383,UNKNOWN,Unspecified,BRONX,,,,,,,,40.87308964533921,-73.90195647932322,POINT (-73.901956479323 40.873089645339)
57977388,06/22/2023 01:22:14 PM,06/22/2023 02:29:19 PM,NYPD,New York City Police Department,Illegal Parking,Blocked Sidewalk,,Street/Sidewalk,11230,1229 MCDONALD AVENUE,MCDONALD AVENUE,AVENUE J,BAY PARKWAY,AVENUE J,BAY PARKWAY,ADDRESS,BROOKLYN,MCDONALD AVENUE,,Closed,,The Police Department issued a summons in response to the complaint.,06/22/2023 02:29:23 PM,12 BROOKLYN,44,Precinct 66,3065240077,BROOKLYN,991006,166223,MOBILE,Unspecified,BROOKLYN,,,,,,,,40.62291764723076,-73.97566294868015,POINT (-73.97566294868 40.622917647231)
57974004,06/22/2023 03:10:26 PM,06/22/2023 04:51:18 PM,NYPD,New York City Police Department,Blocked Driveway,No Access,,Street/Sidewalk,11205,210 WASHINGTON AVENUE,WASHINGTON AVENUE,MYRTLE AVENUE,WILLOUGHBY AVENUE,MYRTLE AVENUE,WILLOUGHBY AVENUE,ADDRESS,BROOKLYN,WASHINGTON AVENUE,,Closed,,The Police Department responded to the complaint and took action to fix the condition.,06/22/2023 04:51:25 PM,02 BROOKLYN,35,Precinct 88,3019030044,BROOKLYN,993484,191535,PHONE,Unspecified,BROOKLYN,,,,,,,,40.69239128557783,-73.96670182160744,POINT (-73.966701821607 40.692391285578)
57973266,06/22/2023 11:28:56 PM,06/22/2023 11:54:00 PM,NYPD,New York City Police Department,Noise - Street/Sidewalk,Loud Music/Party,,Street/Sidewalk,10009,466 EAST   10 STREET,EAST   10 STREET,AVENUE D,FRANKLIN D ROOSEVELT DRIVE,AVENUE D,FRANKLIN D ROOSEVELT DRIVE,ADDRESS,NEW YORK,EAST   10 STREET,,Closed,,The Police Department responded to the complaint and with the information available observed no evidence of the violation at that time.,06/22/2023 11:54:06 PM,03 MANHATTAN,02,Precinct 9,1003620010,MANHATTAN,991338,203190,ONLINE,Unspecified,MANHATTAN,,,,,,,,40.7243834794696,-73.97442811493946,POINT (-73.974428114939 40.72438347947)
57978054,06/22/2023 03:15:38 AM,06/22/2023 07:17:41 AM,DHS,Department of Homeless Services,Homeless Person Assistance,,,Street/Sidewalk,10013,85 CENTRE STREET,CENTRE STREET,WORTH STREET,HOGAN PLACE,WORTH STREET,HOGAN PLACE,ADDRESS,NEW YORK,CENTRE STREET,,Closed,,The mobile outreach response team went to the location provided but could not find the individual that you reported.,06/22/2023 07:17:41 AM,01 MANHATTAN,01,Precinct 5,1001680032,MANHATTAN,983731,199955,MOBILE,Unspecified,MANHATTAN,,,,,,,,40.71550700812575,-74.00187218406727,POINT (-74.001872184067 40.715507008126)
57979143,06/22/2023 07:54:49 PM,09/25/2023 10:14:46 AM,DPR,Department of Parks and Recreation,New Tree Request,For One Address,Street Tree,Street,10036,521 WEST   41 STREET,WEST   41 STREET,GALVIN AVENUE,11 AVENUE,GALVIN AVENUE,11 AVENUE,ADDRESS,NEW YORK,WEST   41 STREET,,Closed,,"The location was inspected and is suitable for tree planting. Barring any unforeseen issues such as underground utilities and based on available funding, the requested tree will be placed on an upcoming contract. Please note that this process can take up to two years, depending on capacity and the location.   To find out where and when trees will be planted, please visit the Tree Work Hub at nyc.gov/parks/treework.  To learn more about the trees in your neighborhood, visit the NYC Street Tree Map at nyc.gov/parks/treemap.",09/25/2023 10:14:49 AM,04 MANHATTAN,03,Precinct 10,1010700005,MANHATTAN,984965,216015,ONLINE,Unspecified,MANHATTAN,,,,,,,,40.75958771881231,-73.99741907997156,POINT (-73.997419079972 40.759587718812)
57977433,06/22/2023 04:32:31 PM,06/25/2023 07:13:09 PM,HPD,Department of Housing Preservation and Development,PLUMBING,STEAM PIPE/RISER,CRACKED OR BROKEN,RESIDENTIAL BUILDING,10031,614 WEST  152 STREET,WEST  152 STREET,,,,,ADDRESS,NEW YORK,,,Closed,,The Department of Housing Preservation and Development inspected the following conditions. No violations were issued. The complaint has been closed.,06/25/2023 12:00:00 AM,09 MANHATTAN,07,Precinct 30,1020980043,MANHATTAN,998692,242068,ONLINE,Unspecified,MANHATTAN,,,,,,,,40.83108435910498,-73.94781300415312,POINT (-73.947813004153 40.831084359105)
57976542,06/22/2023 01:25:26 PM,06/22/2023 01:46:43 PM,NYPD,New York City Police Department,Encampment,N/A,,Store/Commercial,11213,1040 ST JOHNS PLACE,ST JOHNS PLACE,BROOKLYN AVENUE,KINGSTON AVENUE,BROOKLYN AVENUE,KINGSTON AVENUE,ADDRESS,BROOKLYN,ST JOHNS PLACE,,Closed,,The Police Department visited the location and no Encampment was found.,06/22/2023 01:46:49 PM,08 BROOKLYN,35,Precinct 77,3012570018,BROOKLYN,999891,183841,ONLINE,Unspecified,BROOKLYN,,,,,,,,40.67126400578952,-73.94361578361425,POINT (-73.943615783614 40.67126400579)
57973554,06/22/2023 06:12:04 AM,06/22/2023 06:24:44 AM,NYPD,New York City Police Department,Illegal Parking,Double Parked Blocking Vehicle,,Street/Sidewalk,11233,2420 DEAN STREET,DEAN STREET,MOTHER GASTON BOULEVARD,SACKMAN STREET,MOTHER GASTON BOULEVARD,SACKMAN STREET,ADDRESS,BROOKLYN,DEAN STREET,,Closed,,The Police Department issued a summons in response to the complaint.,06/22/2023 06:24:50 AM,16 BROOKLYN,37,Precinct 73,,BROOKLYN,1009986,185043,PHONE,Unspecified,BROOKLYN,,,,,,,,40.674539633255904,-73.90721976634522,POINT (-73.907219766345 40.674539633256)
57982356,06/23/2023 04:38:13 AM,,EDC,Economic Development Corporation,Noise - Helicopter,Other,Flying Too Low,Above Address,10024,505 WEST END AVENUE,WEST END AVENUE,WEST   84 STREET,WEST   85 STREET,WEST   84 STREET,WEST   85 STREET,ADDRESS,NEW YORK,WEST END AVENUE,,In Progress,,,,07 MANHATTAN,06,Precinct 20,1012460029,MANHATTAN,990155,226287,ONLINE,Unspecified,MANHATTAN,,,,,,,,40.7877797246415,-73.97867582348091,POINT (-73.978675823481 40.787779724642)
57974301,06/22/2023 12:23:47 PM,06/26/2023 04:13:50 PM,DOT,Department of Transportation,Street Condition,Plate Condition - Shifted,N/A,Street,11417,133-03 88 STREET,88 STREET,133 AVENUE,PITKIN AVENUE,133 AVENUE,PITKIN AVENUE,ADDRESS,OZONE PARK,88 STREET,,Closed,,The Department of Transportation inspected the condition you reported and found that the condition meets its standards and/or there is a valid permit to conduct work.,06/26/2023 04:13:55 PM,10 QUEENS,32,Precinct 106,4113690001,QUEENS,1026298,185045,ONLINE,Unspecified,QUEENS,,,,,,,,40.67448267244144,-73.84841385023017,POINT (-73.84841385023 40.674482672441)
57976506,06/22/2023 08:03:58 PM,06/23/2023 10:23:08 AM,DOHMH,Department of Health and Mental Hygiene,Rodent,Rat Sighting,,3+ Family Mixed Use Building,10029,204 EAST  112 STREET,EAST  112 STREET,3 AVENUE,2 AVENUE,3 AVENUE,2 AVENUE,ADDRESS,NEW YORK,EAST  112 STREET,,Closed,,This service request was closed because the Department of Health and Mental Hygiene received an earlier complaint about the same location.  You can find inspection results for this address by going to the online Rat Portal at www.nyc.gov/rats.,06/22/2023 08:03:58 PM,11 MANHATTAN,08,Precinct 23,1016610044,MANHATTAN,1000399,229036,ONLINE,Unspecified,MANHATTAN,,,,,,,,40.79531220567817,-73.94167601812121,POINT (-73.941676018121 40.795312205678)
57986064,06/23/2023 06:43:32 PM,06/23/2023 07:08:08 PM,NYPD,New York City Police Department,Illegal Parking,Blocked Sidewalk,,Street/Sidewalk,11224,3088 CROPSEY AVENUE,CROPSEY AVENUE,HART PLACE,NEPTUNE AVENUE,HART PLACE,NEPTUNE AVENUE,ADDRESS,BROOKLYN,CROPSEY AVENUE,,Closed,,The Police Department responded to the complaint and took action to fix the condition.,06/23/2023 07:08:11 PM,13 BROOKLYN,47,Precinct 60,3069940086,BROOKLYN,988268,150583,ONLINE,Unspecified,BROOKLYN,,,,,,,,40.579990688847545,-73.98553531361554,POINT (-73.985535313616 40.579990688848)
57972132,06/22/2023 08:02:53 PM,06/22/2023 08:09:38 PM,NYPD,New York City Police Department,Blocked Driveway,Partial Access,,Street/Sidewalk,11212,125 SUTTER AVENUE,SUTTER AVENUE,LEGION STREET,SARATOGA AVENUE,LEGION STREET,SARATOGA AVENUE,ADDRESS,BROOKLYN,SUTTER AVENUE,,Closed,,The Police Department responded and upon arrival those responsible for the condition were gone.,06/22/2023 08:10:00 PM,16 BROOKLYN,41,Precinct 73,3035140074,BROOKLYN,1007248,181977,PHONE,Unspecified,BROOKLYN,,,,,,,,40.66613168901066,-73.91710091828489,POINT (-73.917100918285 40.666131689011)
57972753,06/22/2023 10:51:36 AM,06/27/2023 11:23:41 AM,DPR,Department of Parks and Recreation,Illegal Tree Damage,Trunk Damaged,N/A,Street,10304,43 BROAD STREET,BROAD STREET,BROWNELL STREET,WRIGHT STREET,BROWNELL STREET,WRIGHT STREET,ADDRESS,STATEN ISLAND,BROAD STREET,,Closed,,NYC Parks visited the site and inspected the condition. No work is necessary at this time.,06/27/2023 11:23:52 AM,01 STATEN ISLAND,49,Precinct 120,5005250046,STATEN ISLAND,962944,167135,PHONE,Unspecified,STATEN ISLAND,,,,,,,,40.62539785181818,-74.07675318883848,POINT (-74.076753188838 40.625397851818)
57978513,06/22/2023 12:10:40 PM,06/28/2023 06:27:49 PM,HPD,Department of Housing Preservation and Development,SAFETY,FIRE ESCAPE,BROKEN OR DEFECTIVE,RESIDENTIAL BUILDING,11225,75 HAWTHORNE STREET,HAWTHORNE STREET,,,,,ADDRESS,BROOKLYN,,,Closed,,The Department of Housing Preservation and Development inspected the following conditions. No violations were issued. The complaint has been closed.,06/28/2023 12:00:00 AM,09 BROOKLYN,40,Precinct 71,3050420073,BROOKLYN,995916,178779,PHONE,Unspecified,BROOKLYN,,,,,,,,40.65737606978733,-73.95795401120309,POINT (-73.957954011203 40.657376069787)
57970305,06/21/2023 10:10:00 AM,06/21/2023 11:20:00 PM,DOT,Department of Transportation,Traffic Signal Condition,Ped Multiple Lamps,Operating Improperly,,11220,,,,,5 AVENUE,47 STREET,INTERSECTION,BROOKLYN,,N/A,Closed,,Service Request status for this request is available on the Department of Transportationâs website. Please click the âLearn Moreâ link below.,06/21/2023 11:20:00 PM,07 BROOKLYN,38,Precinct 72,,BROOKLYN,981872,174919,UNKNOWN,Unspecified,BROOKLYN,,,,,,,,40.64678857590275,-74.00856930325476,POINT (-74.008569303255 40.646788575903)
57975363,06/22/2023 07:49:16 AM,06/22/2023 08:39:05 AM,NYPD,New York City Police Department,Illegal Parking,Parking Permit Improper Use,Parked In 'No Standing' Area,Street/Sidewalk,11204,1670 56 STREET,56 STREET,16 AVENUE,17 AVENUE,16 AVENUE,17 AVENUE,ADDRESS,BROOKLYN,56 STREET,,Closed,,The Police Department responded to the complaint and determined that police action was not necessary.,06/22/2023 08:39:10 AM,12 BROOKLYN,44,Precinct 66,3054920028,BROOKLYN,987498,167464,ONLINE,Unspecified,BROOKLYN,,,,,,,,40.62632591283239,-73.9882991742852,POINT (-73.988299174285 40.626325912832)
57984363,06/23/2023 11:10:48 PM,06/24/2023 12:47:33 AM,NYPD,New York City Police Department,Noise - Street/Sidewalk,Loud Music/Party,,Street/Sidewalk,11207,80 ABERDEEN STREET,ABERDEEN STREET,BUSHWICK AVENUE,DEAD END,BUSHWICK AVENUE,DEAD END,ADDRESS,BROOKLYN,ABERDEEN STREET,,Closed,,The Police Department responded to the complaint and with the information available observed no evidence of the violation at that time.,06/24/2023 12:47:37 AM,04 BROOKLYN,37,Precinct 83,3034690020,BROOKLYN,1010620,188155,MOBILE,Unspecified,BROOKLYN,,,,,,,,40.683079497817054,-73.90492197289782,POINT (-73.904921972898 40.683079497817)
57979332,06/22/2023 11:08:02 AM,06/27/2023 08:32:08 PM,HPD,Department of Housing Preservation and Development,FLOORING/STAIRS,FLOOR,HOLE IN WALKING AREA,RESIDENTIAL BUILDING,10030,215 WEST  140 STREET,WEST  140 STREET,,,,,ADDRESS,NEW YORK,,,Closed,,The Department of Housing Preservation and Development inspected the following conditions. Violations were issued. Information about specific violations is available at www.nyc.gov/hpd,06/27/2023 12:00:00 AM,10 MANHATTAN,09,Precinct 32,1020260020,MANHATTAN,1000261,237594,PHONE,Unspecified,MANHATTAN,,,,,,,,40.81880179823121,-73.94215401030135,POINT (-73.942154010301 40.818801798231)
57972204,06/22/2023 08:10:44 PM,07/01/2023 03:48:09 PM,HPD,Department of Housing Preservation and Development,PLUMBING,BASIN/SINK,BASIN BROKEN/LEAKING,RESIDENTIAL BUILDING,11226,1900 ALBEMARLE ROAD,ALBEMARLE ROAD,,,,,ADDRESS,BROOKLYN,,,Closed,,The Department of Housing Preservation and Development inspected the following conditions. No violations were issued. The complaint has been closed.,07/01/2023 12:00:00 AM,14 BROOKLYN,40,Precinct 70,3051230001,BROOKLYN,994936,175044,PHONE,Unspecified,BROOKLYN,,,,,,,,40.64712554619708,-73.96149199333054,POINT (-73.961491993331 40.647125546197)
57974256,06/22/2023 06:29:36 PM,06/22/2023 10:48:17 PM,NYPD,New York City Police Department,Noise - Residential,Loud Music/Party,,Residential Building/House,10466,711 EAST  231 STREET,EAST  231 STREET,WHITE PLAINS ROAD,BARNES AVENUE,WHITE PLAINS ROAD,BARNES AVENUE,ADDRESS,BRONX,EAST  231 STREET,,Closed,,The Police Department responded to the complaint and took action to fix the condition.,06/22/2023 10:48:25 PM,12 BRONX,11,Precinct 47,2048450031,BRONX,1023652,264235,MOBILE,Unspecified,BRONX,,,,,,,,40.891849926049524,-73.85748840322964,POINT (-73.85748840323 40.89184992605)
57983751,06/23/2023 09:46:56 AM,07/24/2023 03:35:13 PM,DPR,Department of Parks and Recreation,Maintenance or Facility,Grass/Weeds,Grass - Needs to be Cut,Park,11204,5521 18 AVENUE,18 AVENUE,55 STREET,56 STREET,55 STREET,56 STREET,ADDRESS,BROOKLYN,18 AVENUE,,Closed,,"NYC Parks couldnât respond to your complaint because they didn't have enough information about the condition or location.  If the problem still exists and you would like to pursue this complaint, please submit a new Service Request with a more detailed description of the condition and/or location.",07/24/2023 03:35:17 PM,12 BROOKLYN,44,Precinct 66,,BROOKLYN,988537,166879,ONLINE,Unspecified,BROOKLYN,,,,,,,,40.624719768701624,-73.98455657855753,POINT (-73.984556578558 40.624719768702)
57975012,06/22/2023 01:44:20 PM,06/23/2023 03:02:41 PM,DSNY,Department of Sanitation,Missed Collection,Compost,N/A,Street,11106,23-21 BROADWAY,BROADWAY,23 STREET,CRESCENT STREET,23 STREET,CRESCENT STREET,ADDRESS,ASTORIA,BROADWAY,,Closed,,The Department of Sanitation investigated this complaint and found no condition at the location.,06/23/2023 12:19:23 PM,01 QUEENS,22,Precinct 114,4005670116,QUEENS,1003629,217748,ONLINE,Unspecified,QUEENS,,,,,,,,40.76432314772773,-73.93004306205661,POINT (-73.930043062057 40.764323147728)
57979494,06/22/2023 10:54:07 PM,06/23/2023 05:31:52 PM,HPD,Department of Housing Preservation and Development,ELECTRIC,NO LIGHTING,ONE ROOM OR AREA,RESIDENTIAL BUILDING,11435,85-15 139 STREET,139 STREET,,,,,ADDRESS,JAMAICA,,,Closed,,The Department of Housing Preservation and Development inspected the following conditions. No violations were issued. The complaint has been closed.,06/23/2023 12:00:00 AM,08 QUEENS,24,Precinct 107,4097100002,QUEENS,1034989,197495,ONLINE,Unspecified,QUEENS,,,,,,,,40.7086094282564,-73.8169884642595,POINT (-73.816988464259 40.708609428256)
57986559,06/23/2023 01:10:20 PM,06/23/2023 06:13:10 PM,NYPD,New York City Police Department,Blocked Driveway,Partial Access,,Street/Sidewalk,10473,633 OLMSTEAD AVENUE,OLMSTEAD AVENUE,RANDALL AVENUE,SEWARD AVENUE,RANDALL AVENUE,SEWARD AVENUE,ADDRESS,BRONX,OLMSTEAD AVENUE,,Closed,,The Police Department responded and upon arrival those responsible for the condition were gone.,06/23/2023 06:13:15 PM,09 BRONX,18,Precinct 43,2035670001,BRONX,1025417,237817,PHONE,Unspecified,BRONX,,,,,,,,40.819332454936095,-73.85126689037259,POINT (-73.851266890373 40.819332454936)
57979953,06/22/2023 06:18:43 AM,06/22/2023 07:02:07 AM,NYPD,New York City Police Department,Blocked Driveway,No Access,,Street/Sidewalk,11040,76-20 270 STREET,270 STREET,76 AVENUE,77 AVENUE,76 AVENUE,77 AVENUE,ADDRESS,NEW HYDE PARK,270 STREET,,Closed,,The Police Department issued a summons in response to the complaint.,06/22/2023 07:02:12 AM,13 QUEENS,23,Precinct 105,4085470020,QUEENS,1065596,213719,PHONE,Unspecified,QUEENS,,,,,,,,40.7529116330033,-73.70639598221017,POINT (-73.70639598221 40.752911633003)
57978306,06/22/2023 04:29:10 PM,06/27/2023 09:23:18 AM,HPD,Department of Housing Preservation and Development,PAINT/PLASTER,CEILING,COLLAPSING OR FALLING,RESIDENTIAL BUILDING,11226,1900 ALBEMARLE ROAD,ALBEMARLE ROAD,,,,,ADDRESS,BROOKLYN,,,Closed,,The Department of Housing Preservation and Development inspected the following conditions. No violations were issued. The complaint has been closed.,06/27/2023 12:00:00 AM,14 BROOKLYN,40,Precinct 70,3051230001,BROOKLYN,994936,175044,ONLINE,Unspecified,BROOKLYN,,,,,,,,40.64712554619708,-73.96149199333054,POINT (-73.961491993331 40.647125546197)
57972393,06/22/2023 10:36:14 PM,06/22/2023 11:15:48 PM,NYPD,New York City Police Department,Illegal Parking,Blocked Hydrant,,Street/Sidewalk,11209,133 GELSTON AVENUE,GELSTON AVENUE,90 STREET,92 STREET,90 STREET,92 STREET,ADDRESS,BROOKLYN,GELSTON AVENUE,,Closed,,The Police Department responded and upon arrival those responsible for the condition were gone.,06/22/2023 11:15:53 PM,10 BROOKLYN,47,Precinct 68,3060890013,BROOKLYN,976506,164437,PHONE,Unspecified,BROOKLYN,,,,,,,,40.618014640982615,-74.02789406198835,POINT (-74.027894061988 40.618014640983)
57971664,06/22/2023 10:53:00 AM,06/22/2023 11:12:00 AM,DEP,Department of Environmental Protection,Water System,Leak (Use Comments) (WA2),WA2,,11201,25 SCHERMERHORN STREET,SCHERMERHORN STREET,CLINTON ST,COURT ST,,,ADDRESS,BROOKLYN,,,Closed,,The Department of Environmental Protection determined that this complaint is a duplicate of a previously filed complaint. The original complaint is being addressed.,06/22/2023 11:12:00 AM,02 BROOKLYN,33,Precinct 84,3002680009,BROOKLYN,986273,191122,ONLINE,Unspecified,BROOKLYN,,,,,,,,40.691262281912884,-73.99270510366799,POINT (-73.992705103668 40.691262281913)
57984039,06/23/2023 08:08:55 AM,06/23/2023 04:24:45 PM,NYPD,New York City Police Department,Blocked Driveway,No Access,,Street/Sidewalk,11385,1060 CYPRESS AVENUE,CYPRESS AVENUE,NORMAN STREET,SUMMERFIELD STREET,NORMAN STREET,SUMMERFIELD STREET,ADDRESS,RIDGEWOOD,CYPRESS AVENUE,,Closed,,The Police Department issued a summons in response to the complaint.,06/23/2023 04:24:48 PM,05 QUEENS,34,Precinct 104,,QUEENS,1011712,193230,ONLINE,Unspecified,QUEENS,,,,,,,,40.697005874967935,-73.90096404158204,POINT (-73.900964041582 40.697005874968)
57986280,06/23/2023 09:23:42 AM,07/03/2023 10:32:58 AM,DOT,Department of Transportation,Sidewalk Condition,Dumpster - Construction Waste,N/A,Sidewalk,11434,130-40 177 STREET,177 STREET,130 AVENUE,131 AVENUE,130 AVENUE,131 AVENUE,ADDRESS,JAMAICA,177 STREET,,Closed,,"The condition was inspected and it was in compliance with Department of Transportation standards, not hazardous, or a valid permit exists.",07/03/2023 10:33:03 AM,12 QUEENS,27,Precinct 113,,QUEENS,1049396,186814,PHONE,Unspecified,QUEENS,,,,,,,,40.67919831640089,-73.7651270807766,POINT (-73.765127080777 40.679198316401)
57970332,06/21/2023 07:43:55 PM,06/21/2023 08:18:02 PM,NYPD,New York City Police Department,Illegal Parking,Blocked Sidewalk,,Street/Sidewalk,11213,913 ST MARKS AVENUE,ST MARKS AVENUE,KINGSTON AVENUE,ALBANY AVENUE,KINGSTON AVENUE,ALBANY AVENUE,ADDRESS,BROOKLYN,ST MARKS AVENUE,,Closed,,The Police Department responded and upon arrival those responsible for the condition were gone.,06/21/2023 08:18:09 PM,08 BROOKLYN,36,Precinct 77,3012230002,BROOKLYN,1000518,185107,ONLINE,Unspecified,BROOKLYN,,,,,,,,40.67473776088116,-73.94135245743239,POINT (-73.941352457432 40.674737760881)
58031163,06/27/2023 09:18:32 AM,07/06/2023 09:49:54 AM,HPD,Department of Housing Preservation and Development,UNSANITARY CONDITION,PESTS,ROACHES,RESIDENTIAL BUILDING,10023,141 WEST   73 STREET,WEST   73 STREET,,,,,ADDRESS,NEW YORK,,,Closed,,The Department of Housing Preservation and Development inspected the following conditions. No violations were issued. The complaint has been closed.,07/06/2023 12:00:00 AM,07 MANHATTAN,06,Precinct 20,1011450012,MANHATTAN,989920,222951,PHONE,Unspecified,MANHATTAN,,,,,,,,40.77862344568907,-73.97952727261506,POINT (-73.979527272615 40.778623445689)
57974553,06/22/2023 03:39:41 PM,06/27/2023 07:38:38 PM,HPD,Department of Housing Preservation and Development,WATER LEAK,HEAVY FLOW,AT WALL OR CEILING,RESIDENTIAL BUILDING,11230,1170 OCEAN AVENUE,OCEAN AVENUE,,,,,ADDRESS,BROOKLYN,,,Closed,,The Department of Housing Preservation and Development inspected the following conditions. No violations were issued. The complaint has been closed.,06/27/2023 12:00:00 AM,14 BROOKLYN,45,Precinct 70,3052400017,BROOKLYN,995923,170222,PHONE,Unspecified,BROOKLYN,,,,,,,,40.633888944680244,-73.95794358913294,POINT (-73.957943589133 40.63388894468)
57979989,06/22/2023 08:17:46 PM,09/10/2023 01:44:15 PM,DPR,Department of Parks and Recreation,Overgrown Tree/Branches,Dead Branches in Tree,N/A,Street,10027,411 WEST  128 STREET,WEST  128 STREET,ST NICHOLAS TERRACE,CONVENT AVENUE,ST NICHOLAS TERRACE,CONVENT AVENUE,ADDRESS,NEW YORK,WEST  128 STREET,,Closed,,NYC Parks visited the location but could not find the tree condition you reported.,09/10/2023 01:44:20 PM,09 MANHATTAN,09,Precinct 26,1019680037,MANHATTAN,997479,235527,ONLINE,Unspecified,MANHATTAN,,,,,,,,40.813133067410895,-73.95220914371988,POINT (-73.95220914372 40.813133067411)
57979962,06/22/2023 03:03:24 PM,06/22/2023 03:18:15 PM,NYPD,New York City Police Department,Non-Emergency Police Matter,Trespassing,,Store/Commercial,10022,20 EAST   60 STREET,EAST   60 STREET,MADISON AVENUE,PARK AVENUE,MADISON AVENUE,PARK AVENUE,ADDRESS,NEW YORK,EAST   60 STREET,,Closed,,The Police Department responded to the complaint and determined that police action was not necessary.,06/22/2023 03:18:19 PM,08 MANHATTAN,04,Precinct 19,1013740047,MANHATTAN,992364,217661,ONLINE,Unspecified,MANHATTAN,,,,,,,,40.764101871146465,-73.97070908411881,POINT (-73.970709084119 40.764101871146)
57977757,06/22/2023 10:21:05 AM,08/21/2023 12:00:00 AM,DSNY,Department of Sanitation,Graffiti,Graffiti,,Residential,11216,25 BROOKLYN AVENUE,BROOKLYN AVENUE,,,,,ADDRESS,BROOKLYN,,N/A,Closed,09/14/2023 11:08:26 AM,The City has removed the graffiti from this property.,08/24/2023 05:26:30 AM,03 BROOKLYN,36,Precinct 79,3018690008,BROOKLYN,999766,186682,UNKNOWN,Unspecified,BROOKLYN,,,,,,,,40.6790621294102,-73.94405985549913,POINT (-73.944059855499 40.67906212941)
57978045,06/22/2023 02:13:47 PM,06/22/2023 08:13:40 PM,DHS,Department of Homeless Services,Homeless Person Assistance,,,Residential Building/House,11217,92 7 AVENUE,7 AVENUE,BERKELEY PLACE,UNION STREET,BERKELEY PLACE,UNION STREET,ADDRESS,BROOKLYN,7 AVENUE,,Closed,,"The mobile outreach response team offered services to the individual, but the individual did not accept assistance.",06/22/2023 08:13:40 PM,06 BROOKLYN,39,Precinct 78,3009540046,BROOKLYN,991097,185090,ONLINE,Unspecified,BROOKLYN,,,,,,,,40.67470339936386,-73.9753159889117,POINT (-73.975315988912 40.674703399364)
57976083,06/22/2023 03:16:31 PM,06/22/2023 04:07:41 PM,NYPD,New York City Police Department,Illegal Parking,Blocked Sidewalk,,Street/Sidewalk,11224,3088 CROPSEY AVENUE,CROPSEY AVENUE,HART PLACE,NEPTUNE AVENUE,HART PLACE,NEPTUNE AVENUE,ADDRESS,BROOKLYN,CROPSEY AVENUE,,Closed,,The Police Department responded to the complaint and took action to fix the condition.,06/22/2023 04:07:45 PM,13 BROOKLYN,47,Precinct 60,3069940086,BROOKLYN,988268,150583,ONLINE,Unspecified,BROOKLYN,,,,,,,,40.579990688847545,-73.98553531361554,POINT (-73.985535313616 40.579990688848)
57983580,06/23/2023 08:39:47 AM,06/23/2023 10:15:19 AM,NYPD,New York City Police Department,Abandoned Vehicle,With License Plate,,Street/Sidewalk,11001,258-11 86 AVENUE,86 AVENUE,258 STREET,259 STREET,258 STREET,259 STREET,ADDRESS,FLORAL PARK,86 AVENUE,,Closed,,The Police Department responded to the complaint and took action to fix the condition.,06/23/2023 10:15:26 AM,13 QUEENS,23,Precinct 105,4088010005,QUEENS,1065038,206518,PHONE,Unspecified,QUEENS,,,,,,,,40.73315191074095,-73.70849646062698,POINT (-73.708496460627 40.733151910741)
57973248,06/22/2023 02:30:46 PM,07/12/2023 07:41:34 PM,HPD,Department of Housing Preservation and Development,FLOORING/STAIRS,FLOOR,SAGGING OR SLOPING,RESIDENTIAL BUILDING,10455,665 DAWSON STREET,DAWSON STREET,,,,,ADDRESS,BRONX,,,Closed,,The Department of Housing Preservation and Development inspected the following conditions. Violations were issued. Information about specific violations is available at www.nyc.gov/hpd,07/12/2023 12:00:00 AM,02 BRONX,17,Precinct 41,2026870001,BRONX,1011332,236752,PHONE,Unspecified,BRONX,,,,,,,,40.81646374230327,-73.90215912390191,POINT (-73.902159123902 40.816463742303)
57977838,06/22/2023 08:24:32 AM,06/22/2023 08:56:31 AM,NYPD,New York City Police Department,Illegal Parking,Parking Permit Improper Use,Parked In 'No Standing' Area,Street/Sidewalk,11222,205 GREENPOINT AVENUE,GREENPOINT AVENUE,MCGUINNESS BOULEVARD,NEWEL STREET,MCGUINNESS BOULEVARD,NEWEL STREET,ADDRESS,BROOKLYN,GREENPOINT AVENUE,,Closed,,The Police Department responded to the complaint and determined that police action was not necessary.,06/22/2023 08:56:36 AM,01 BROOKLYN,33,Precinct 94,3025600050,BROOKLYN,997815,205425,MOBILE,Unspecified,BROOKLYN,,,,,,,,40.73051044794637,-73.95105607671246,POINT (-73.951056076712 40.730510447946)
57974841,06/22/2023 08:28:47 PM,06/22/2023 09:56:22 PM,NYPD,New York City Police Department,Illegal Parking,Blocked Sidewalk,,Street/Sidewalk,11226,25 TENNIS COURT,TENNIS COURT,EAST   19 STREET,OCEAN AVENUE,EAST   19 STREET,OCEAN AVENUE,ADDRESS,BROOKLYN,TENNIS COURT,,Closed,,The Police Department responded to the complaint and took action to fix the condition.,06/22/2023 09:56:27 PM,14 BROOKLYN,40,Precinct 70,3050990021,BROOKLYN,994862,175559,MOBILE,Unspecified,BROOKLYN,,,,,,,,40.648539198578376,-73.96175784905559,POINT (-73.961757849056 40.648539198578)
57972564,06/22/2023 03:55:41 PM,06/23/2023 01:58:31 AM,NYPD,New York City Police Department,Illegal Parking,Blocked Crosswalk,,Street/Sidewalk,11378,53-148 63 STREET,63 STREET,53 DRIVE,54 AVENUE,53 DRIVE,54 AVENUE,ADDRESS,MASPETH,63 STREET,,Closed,,The Police Department responded and upon arrival those responsible for the condition were gone.,06/23/2023 01:58:36 AM,05 QUEENS,30,Precinct 104,4023670088,QUEENS,1011105,204420,MOBILE,Unspecified,QUEENS,,,,,,,,40.72772160442035,-73.90310842219624,POINT (-73.903108422196 40.72772160442)
59451930,10/02/2023 02:10:17 PM,10/04/2023 12:00:00 AM,HPD,Department of Housing Preservation and Development,Paint/Plaster,Ceiling,Hole or Cracked,Apartment,11208,455 ELTON STREET,ELTON STREET,BELMONT AVENUE,SUTTER AVENUE,BELMONT AVENUE,SUTTER AVENUE,ADDRESS,BROOKLYN,ELTON STREET,,Closed,,,10/04/2023 12:00:00 AM,05 BROOKLYN,42,Precinct 75,3040340006,BROOKLYN,1016731,184078,PHONE,Unspecified,BROOKLYN,,,,,,,,40.67186874878261,-73.88290820554533,POINT (-73.882908205545 40.671868748783)
57981915,06/23/2023 11:07:22 PM,06/23/2023 11:27:45 PM,NYPD,New York City Police Department,Noise - Street/Sidewalk,Loud Music/Party,,Street/Sidewalk,10037,650 LENOX AVENUE,LENOX AVENUE,5 AVENUE,LENOX AVENUE,5 AVENUE,LENOX AVENUE,ADDRESS,NEW YORK,LENOX AVENUE,,Closed,,The Police Department responded to the complaint and with the information available observed no evidence of the violation at that time.,06/23/2023 11:27:49 PM,10 MANHATTAN,09,Precinct 32,1017400007,MANHATTAN,1001758,237588,ONLINE,Unspecified,MANHATTAN,,,,,,,,40.81878248974902,-73.936745530685,POINT (-73.936745530685 40.818782489749)
57982851,06/23/2023 08:18:42 AM,06/23/2023 12:36:31 PM,NYPD,New York City Police Department,Blocked Driveway,No Access,,Street/Sidewalk,10461,2885 SAINT THERESA AVENUE,SAINT THERESA AVENUE,PILGRIM AVENUE,EDISON AVENUE,PILGRIM AVENUE,EDISON AVENUE,ADDRESS,BRONX,ST THERESA AVENUE,,Closed,,The Police Department responded and upon arrival those responsible for the condition were gone.,06/23/2023 12:36:34 PM,10 BRONX,13,Precinct 45,2042330065,BRONX,1030533,248799,PHONE,Unspecified,BRONX,,,,,,,,40.849449497483334,-73.8327074551845,POINT (-73.832707455184 40.849449497483)
57983337,06/23/2023 03:43:36 PM,10/01/2023 04:43:50 PM,HPD,Department of Housing Preservation and Development,ELECTRIC,OUTLET/SWITCH,OUTLET SEALED OR DEFECTIVE,RESIDENTIAL BUILDING,10026,12 WEST  119 STREET,WEST  119 STREET,,,,,ADDRESS,NEW YORK,,,Closed,,The Department of Housing Preservation and Development inspected the following conditions. Violations were issued. Information about specific violations is available at www.nyc.gov/hpd,10/01/2023 12:00:00 AM,10 MANHATTAN,09,Precinct 28,1017170043,MANHATTAN,999149,231860,PHONE,Unspecified,MANHATTAN,,,,,,,,40.80306551005945,-73.94618427063546,POINT (-73.946184270635 40.803065510059)
57976236,06/22/2023 07:44:08 AM,06/23/2023 11:53:42 AM,DSNY,Department of Sanitation,Illegal Dumping,Removal Request,N/A,Sidewalk,10467,3201 BARNES AVENUE,BARNES AVENUE,BURKE AVENUE,SOUTH OAK DRIVE,BURKE AVENUE,SOUTH OAK DRIVE,ADDRESS,BRONX,BARNES AVENUE,,Closed,,The Department of Sanitation cleaned the location.,06/23/2023 05:48:03 AM,12 BRONX,12,Precinct 47,2046030023,BRONX,1022051,256817,ONLINE,Unspecified,BRONX,,,,,,,,40.8714968547363,-73.86332085269692,POINT (-73.863320852697 40.871496854736)
59454198,10/03/2023 08:22:46 AM,10/03/2023 12:00:00 AM,DOB,Department of Buildings,Unstable Building,Shaking/Vibrating,Construction,Street,10472,2053 CHATTERTON AVENUE,CHATTERTON AVENUE,PUGSLEY AVENUE,OLMSTEAD AVENUE,PUGSLEY AVENUE,OLMSTEAD AVENUE,ADDRESS,BRONX,CHATTERTON AVENUE,,Closed,,,10/03/2023 12:00:00 AM,09 BRONX,18,Precinct 43,2037980061,BRONX,1024513,240886,PHONE,Unspecified,BRONX,,,,,,,,40.82776014478665,-73.85451454915668,POINT (-73.854514549157 40.827760144787)
57974508,06/22/2023 02:42:59 PM,06/23/2023 08:50:13 PM,HPD,Department of Housing Preservation and Development,HEAT/HOT WATER,APARTMENT ONLY,NO HOT WATER,RESIDENTIAL BUILDING,10469,2761 BRONXWOOD AVENUE,BRONXWOOD AVENUE,,,,,ADDRESS,BRONX,,,Closed,,"The Department of Housing Preservation and Development responded to a complaint of no heat or hot water and was advised by a tenant in the building that heat and hot water had been restored. If the condition still exists, please file a new complaint.",06/23/2023 12:00:00 AM,11 BRONX,13,Precinct 49,2045140030,BRONX,1022547,255068,ONLINE,Unspecified,BRONX,,,,,,,,40.86669425133017,-73.86153743737864,POINT (-73.861537437379 40.86669425133)
57982437,06/24/2023 12:26:21 AM,06/24/2023 02:34:44 AM,NYPD,New York City Police Department,Noise - Commercial,Loud Music/Party,,Store/Commercial,11237,280 KNICKERBOCKER AVENUE,KNICKERBOCKER AVENUE,WILLOUGHBY AVENUE,SUYDAM STREET,WILLOUGHBY AVENUE,SUYDAM STREET,ADDRESS,BROOKLYN,KNICKERBOCKER AVENUE,,Closed,,The Police Department responded to the complaint and with the information available observed no evidence of the violation at that time.,06/24/2023 02:34:49 AM,04 BROOKLYN,34,Precinct 83,3032090033,BROOKLYN,1005268,195089,MOBILE,Unspecified,BROOKLYN,,,,,,,,40.7021260447239,-73.92419716479755,POINT (-73.924197164798 40.702126044724)
57983526,06/23/2023 06:46:14 AM,06/04/2024 12:54:11 AM,DOHMH,Department of Health and Mental Hygiene,Food Establishment,Toilet Facility,No Toilet Facility,Restaurant/Bar/Deli/Bakery,10029,1872 3 AVENUE,3 AVENUE,PEDESTRIAN PATH,EAST  104 STREET,PEDESTRIAN PATH,EAST  104 STREET,ADDRESS,NEW YORK,3 AVENUE,,Closed,,This SR was administratively closed. The issue you reported was addressed.,06/04/2024 12:54:14 AM,11 MANHATTAN,08,Precinct 23,1016310035,MANHATTAN,999192,226996,ONLINE,Unspecified,MANHATTAN,,,,,,,,40.789715080525056,-73.94603977564717,POINT (-73.946039775647 40.789715080525)
57980610,06/22/2023 11:59:00 AM,06/24/2023 10:40:00 AM,DEP,Department of Environmental Protection,Water System,Leak (Use Comments) (WA2),WA2,,11423,89-35 182 PLACE,182 PLACE,89 AVE,90 AVE,,,ADDRESS,HOLLIS,,,Closed,,The Department of Environmental Protection investigated this complaint and determined it is an inside condition within the complainant's property.,06/24/2023 10:40:00 AM,12 QUEENS,27,Precinct 103,4099220009,QUEENS,1045484,198685,PHONE,Unspecified,QUEENS,,,,,,,,40.711809278113705,-73.77912315816391,POINT (-73.779123158164 40.711809278114)
57971907,06/23/2023 12:00:12 AM,06/23/2023 12:01:17 AM,NYPD,New York City Police Department,Noise - Park,Loud Music/Party,,Park/Playground,10028,1000 5 AVENUE,5 AVENUE,EAST   81 STREET,EAST   82 STREET,EAST   81 STREET,EAST   82 STREET,ADDRESS,NEW YORK,5 AVENUE,,Closed,,The Police Department responded to the complaint and with the information available observed no evidence of the violation at that time.,06/23/2023 12:01:22 AM,64 MANHATTAN,06,Precinct 22,1011110001,MANHATTAN,994623,222956,ONLINE,Central Park,MANHATTAN,,,,,,,,40.77863290127972,-73.96254609596876,POINT (-73.962546095969 40.77863290128)
57986613,06/23/2023 06:11:00 PM,06/25/2023 06:34:00 AM,DEP,Department of Environmental Protection,Noise,Noise: Construction Before/After Hours (NM1),NM1,,10454,144 BRUCKNER BOULEVARD,BRUCKNER BOULEVARD,BROOK AVE,ST ANNS AVE,,,ADDRESS,BRONX,,N/A,Closed,,The Department of Environmental Protection determined that this complaint is a duplicate of a previously filed complaint. The original complaint is being addressed.,06/25/2023 06:34:00 AM,01 BRONX,08,Precinct 40,2022600017,BRONX,1006330,232125,ONLINE,Unspecified,BRONX,,,,,,,,40.80377783505859,-73.92024537822066,POINT (-73.920245378221 40.803777835059)
57987774,06/23/2023 06:36:22 PM,06/27/2023 03:42:31 PM,DSNY,Department of Sanitation,Illegal Dumping,Removal Request,N/A,Sidewalk,11218,1 CHESTER AVENUE,CHESTER AVENUE,FORT HAMILTON PARKWAY,MINNA STREET,FORT HAMILTON PARKWAY,MINNA STREET,ADDRESS,BROOKLYN,CHESTER AVENUE,,Closed,,The Department of Sanitation investigated this complaint and found no condition at the location.,06/26/2023 05:18:08 AM,12 BROOKLYN,39,Precinct 66,3053030010,BROOKLYN,988356,174511,ONLINE,Unspecified,BROOKLYN,,,,,,,,40.64566807145343,-73.98520396619588,POINT (-73.985203966196 40.645668071453)
57982806,06/23/2023 12:50:02 PM,06/26/2023 03:08:04 PM,DCWP,Department of Consumer and Worker Protection,Consumer Complaint,Drug Store or Pharmacy,"Refund, Return, or Exchange Refused",Business,10003,253 FIRST AVENUE,FIRST AVENUE,EAST   14 STREET,EAST   15 STREET,EAST   14 STREET,EAST   15 STREET,ADDRESS,NEW YORK,1 AVENUE,,Closed,,"The Department of Consumer and Worker Protection (DCWP) closed your NYC311 Service Request.   DCWP couldn't take action on your complaint because it didn't include important details, such as your contact information or the business's name or location.  If you would like to pursue this complaint, you can file a new NYC311 Service Request. Please provide more information about the complaint so DCWP can help you.",06/26/2023 03:08:08 PM,06 MANHATTAN,02,Precinct 13,1009210036,MANHATTAN,989215,205905,PHONE,Unspecified,MANHATTAN,,,,,,,,40.731836938452446,-73.9820854105702,POINT (-73.98208541057 40.731836938452)
57971376,06/22/2023 08:07:38 AM,06/22/2023 09:27:22 AM,NYPD,New York City Police Department,Illegal Parking,Posted Parking Sign Violation,,Street/Sidewalk,11207,893 SCHENCK AVENUE,SCHENCK AVENUE,STANLEY AVENUE,WORTMAN AVENUE,STANLEY AVENUE,WORTMAN AVENUE,ADDRESS,BROOKLYN,SCHENCK AVENUE,,Closed,,The Police Department responded to the complaint and took action to fix the condition.,06/22/2023 09:27:29 AM,05 BROOKLYN,42,Precinct 75,3043770001,BROOKLYN,1017022,179173,MOBILE,Unspecified,BROOKLYN,,,,,,,,40.65840455203174,-73.88188301444583,POINT (-73.881883014446 40.658404552032)
57979287,06/22/2023 05:18:21 AM,,DHS,Department of Homeless Services,Homeless Person Assistance,,,Subway,,,,,,,,ADDRESS,,,,Closed,,The mobile outreach response team went to the location provided but could not find the individual that you reported.,07/01/2023 09:10:54 PM,Unspecified BROOKLYN,,Unspecified,,BROOKLYN,1009085,188085,MOBILE,Unspecified,BROOKLYN,,,,J,,,Mezzanine,40.682891803798846,-73.91045672716812,POINT (-73.910456727168 40.682891803799)
57974229,06/22/2023 09:58:15 AM,09/25/2023 09:08:22 AM,DPR,Department of Parks and Recreation,New Tree Request,For One Address,Street Tree,Street,11238,435 WASHINGTON AVENUE,WASHINGTON AVENUE,GREENE AVENUE,GATES AVENUE,GREENE AVENUE,GATES AVENUE,ADDRESS,BROOKLYN,WASHINGTON AVENUE,,Closed,,NYC Parks determined that the requested location cannot receive a new tree because of conflicts with surrounding infrastructure.,09/25/2023 09:08:25 AM,02 BROOKLYN,35,Precinct 88,3019630016,BROOKLYN,993883,189029,UNKNOWN,Unspecified,BROOKLYN,,,,,,,,40.68551246678505,-73.9652665947578,POINT (-73.965266594758 40.685512466785)
57974877,06/23/2023 01:20:25 AM,06/23/2023 01:55:30 AM,NYPD,New York City Police Department,Noise - Residential,Loud Television,,Residential Building/House,11379,67-56 73 PLACE,73 PLACE,67 DRIVE,68 AVENUE,67 DRIVE,68 AVENUE,ADDRESS,MIDDLE VILLAGE,73 PLACE,,Closed,,The Police Department responded to the complaint and determined that police action was not necessary.,06/23/2023 01:55:35 AM,05 QUEENS,30,Precinct 104,4036670391,QUEENS,1017781,198342,ONLINE,Unspecified,QUEENS,,,,,,,,40.711016185518126,-73.87905203370372,POINT (-73.879052033704 40.711016185518)
57987207,06/23/2023 01:19:36 AM,06/24/2023 02:07:12 PM,HPD,Department of Housing Preservation and Development,PLUMBING,WATER SUPPLY,NO WATER,RESIDENTIAL BUILDING,10456,1105 COLLEGE AVENUE,COLLEGE AVENUE,,,,,ADDRESS,BRONX,,,Closed,,The complaint you filed is a duplicate of a condition already reported by another tenant for a building-wide condition. The original complaint is still open. HPD may attempt to contact you to verify the correction of the condition or may conduct an inspection of your unit if the original complainant is not available for verification.,06/24/2023 12:00:00 AM,04 BRONX,16,Precinct 44,2024380085,BRONX,1007888,241951,PHONE,Unspecified,BRONX,,,,,,,,40.8307434030938,-73.91458315961115,POINT (-73.914583159611 40.830743403094)
57983265,06/23/2023 08:45:01 PM,06/23/2023 09:43:48 PM,NYPD,New York City Police Department,Noise - Street/Sidewalk,Loud Talking,,Street/Sidewalk,11357,152-32 12 AVENUE,12 AVENUE,152 STREET,154 STREET,152 STREET,154 STREET,ADDRESS,WHITESTONE,12 AVENUE,,Closed,,The Police Department responded and upon arrival those responsible for the condition were gone.,06/23/2023 09:43:55 PM,07 QUEENS,19,Precinct 109,4045370041,QUEENS,1036948,227770,MOBILE,Unspecified,QUEENS,,,,,,,,40.79169500869938,-73.80968528121731,POINT (-73.809685281217 40.791695008699)
57979215,06/22/2023 07:31:31 AM,,EDC,Economic Development Corporation,Noise - Helicopter,Other,Passing By,Above Address,10018,41 WEST   40 STREET,WEST   40 STREET,5 AVENUE,AVENUE OF THE AMERICAS,5 AVENUE,AVENUE OF THE AMERICAS,ADDRESS,NEW YORK,WEST   40 STREET,,In Progress,,,,05 MANHATTAN,04,Precinct 14,,MANHATTAN,988716,213643,ONLINE,Unspecified,MANHATTAN,,,,,,,,40.75307608435091,-73.98388075218459,POINT (-73.983880752185 40.753076084351)
57976695,06/22/2023 03:13:58 PM,06/22/2023 08:30:40 PM,NYPD,New York City Police Department,Panhandling,N/A,,Residential Building/House,10462,HUNT AVENUE,HUNT AVENUE,HUNT AVENUE,VAN NEST AVENUE,HUNT AVENUE,VAN NEST AVENUE,INTERSECTION,,,,Closed,,The Police Department responded to the complaint and with the information available observed no evidence of the violation at that time.,06/22/2023 08:30:46 PM,11 BRONX,13,Precinct 49,,BRONX,1021693,246783,PHONE,Unspecified,BRONX,,,,,,,,40.84395808985372,-73.86467134039584,POINT (-73.864671340396 40.843958089854)
57971889,06/22/2023 03:37:48 PM,06/22/2023 05:03:22 PM,DSNY,Department of Sanitation,Vendor Enforcement,Non-Food Vendor,Unlicensed,Street,11211,DRIGGS AVENUE,DRIGGS AVENUE,DRIGGS AVENUE,NORTH   11 STREET,DRIGGS AVENUE,NORTH   11 STREET,INTERSECTION,,,,Closed,,N/A,06/22/2023 05:03:25 PM,01 BROOKLYN,33,Precinct 94,,BROOKLYN,996984,201321,PHONE,Unspecified,BROOKLYN,,,,,,,,40.71924720090024,-73.95406217555583,POINT (-73.954062175556 40.7192472009)
57984516,06/23/2023 09:52:11 PM,06/23/2023 10:09:02 PM,NYPD,New York City Police Department,Noise - Street/Sidewalk,Loud Talking,,Street/Sidewalk,11377,40-52 72 STREET,72 STREET,ROOSEVELT AVENUE,41 AVENUE,ROOSEVELT AVENUE,41 AVENUE,ADDRESS,WOODSIDE,72 STREET,,Closed,,The Police Department responded to the complaint and with the information available observed no evidence of the violation at that time.,06/23/2023 10:09:06 PM,04 QUEENS,25,Precinct 110,,QUEENS,1013782,210997,ONLINE,Unspecified,QUEENS,,,,,,,,40.74576529793688,-73.89342106960484,POINT (-73.893421069605 40.745765297937)
57978540,06/22/2023 06:18:40 AM,06/22/2023 06:32:40 AM,NYPD,New York City Police Department,Illegal Parking,Blocked Sidewalk,,Street/Sidewalk,11230,1644 GLENWOOD ROAD,GLENWOOD ROAD,DEAD END,EAST   17 STREET,DEAD END,EAST   17 STREET,ADDRESS,BROOKLYN,GLENWOOD ROAD,,Closed,,The Police Department responded to the complaint and took action to fix the condition.,06/22/2023 06:32:45 AM,14 BROOKLYN,45,Precinct 70,3066890025,BROOKLYN,994922,169707,MOBILE,Unspecified,BROOKLYN,,,,,,,,40.6324766415597,-73.96155088532409,POINT (-73.961550885324 40.63247664156)
57971097,06/21/2023 08:55:57 PM,07/09/2023 02:15:46 PM,HPD,Department of Housing Preservation and Development,DOOR/WINDOW,WINDOW PANE,GLASS BROKEN OR MISSING,RESIDENTIAL BUILDING,10032,524 WEST  173 STREET,WEST  173 STREET,,,,,ADDRESS,NEW YORK,,,Closed,,The Department of Housing Preservation and Development inspected the following conditions. No violations were issued. The complaint has been closed.,07/09/2023 12:00:00 AM,12 MANHATTAN,10,Precinct 33,1021290040,MANHATTAN,1002109,246509,ONLINE,Unspecified,MANHATTAN,,,,,,,,40.8432673652258,-73.93545365770305,POINT (-73.935453657703 40.843267365226)
57982086,06/23/2023 10:17:57 AM,07/09/2023 02:15:47 PM,HPD,Department of Housing Preservation and Development,ELECTRIC,WIRING,ILLEGAL,RESIDENTIAL BUILDING,10032,555 WEST  170 STREET,WEST  170 STREET,,,,,ADDRESS,NEW YORK,,,Closed,,The Department of Housing Preservation and Development inspected the following conditions. No violations were issued. The complaint has been closed.,07/09/2023 12:00:00 AM,12 MANHATTAN,10,Precinct 33,1021270023,MANHATTAN,1001436,245994,PHONE,Unspecified,MANHATTAN,,,,,,,,40.84185517660146,-73.93788734626368,POINT (-73.937887346264 40.841855176601)
57986244,06/23/2023 03:22:57 AM,,EDC,Economic Development Corporation,Noise - Helicopter,Other,Flying Too Low,Above Address,11101,25-73 42 ROAD,42 ROAD,CRESCENT STREET,27 STREET,CRESCENT STREET,27 STREET,ADDRESS,LONG ISLAND CITY,42 ROAD,,In Progress,,,,02 QUEENS,26,Precinct 108,,QUEENS,1000561,212436,ONLINE,Unspecified,QUEENS,,,,,,,,40.74974925895534,-73.94113122719355,POINT (-73.941131227194 40.749749258955)
57978126,06/22/2023 11:17:57 PM,06/23/2023 12:23:27 AM,NYPD,New York City Police Department,Noise - Commercial,Loud Music/Party,,Club/Bar/Restaurant,11106,34-04 36 AVENUE,36 AVENUE,34 STREET,35 STREET,34 STREET,35 STREET,ADDRESS,ASTORIA,36 AVENUE,,Closed,,The Police Department responded to the complaint and took action to fix the condition.,06/23/2023 12:23:33 AM,01 QUEENS,26,Precinct 114,4006340133,QUEENS,1004415,214493,ONLINE,Unspecified,QUEENS,,,,,,,,40.755387252029905,-73.9272154174808,POINT (-73.927215417481 40.75538725203)
57973986,06/22/2023 09:01:03 AM,07/28/2023 12:00:00 AM,DOB,Department of Buildings,General Construction/Plumbing,Cons - Contrary/Beyond Approved Plans/Permits,,,11231,290 SMITH STREET,SMITH STREET,,,,,ADDRESS,BROOKLYN,,,Closed,,The Department of Buildings investigated this complaint and issued an Office of Administrative Trials and Hearings (OATH) summons.,07/28/2023 12:00:00 AM,06 BROOKLYN,39,Precinct 76,3004280036,BROOKLYN,986000,187742,UNKNOWN,Unspecified,BROOKLYN,,,,,,,,40.681985014279576,-73.99369041395221,POINT (-73.993690413952 40.68198501428)
57976110,06/22/2023 03:56:14 PM,06/22/2023 05:20:30 PM,NYPD,New York City Police Department,Illegal Parking,Double Parked Blocking Vehicle,,Street/Sidewalk,11369,23-23 94 STREET,94 STREET,JACKSON MILL ROAD,24 AVENUE,JACKSON MILL ROAD,24 AVENUE,ADDRESS,EAST ELMHURST,94 STREET,,Closed,,The Police Department issued a summons in response to the complaint.,06/22/2023 05:20:38 PM,03 QUEENS,21,Precinct 115,4010880065,QUEENS,1018609,218852,PHONE,Unspecified,QUEENS,,,,,,,,40.767307811657794,-73.87596064307,POINT (-73.87596064307 40.767307811658)
57982383,06/23/2023 08:20:48 PM,06/23/2023 08:20:48 PM,DOHMH,Department of Health and Mental Hygiene,Rodent,Rat Sighting,,3+ Family Apt. Building,11230,714 FOSTER AVENUE,FOSTER AVENUE,EAST 7 STREET,EAST 8 STREET,EAST    7 STREET,EAST    8 STREET,ADDRESS,BROOKLYN,FOSTER AVENUE,,Closed,,The Department of Health and Mental Hygiene found violations on the property you reported. Follow-up inspections will be scheduled.,06/23/2023 08:20:48 PM,14 BROOKLYN,45,Precinct 70,3064950005,BROOKLYN,992566,169064,ONLINE,Unspecified,BROOKLYN,,,,,,,,40.63071426780795,-73.97003988099767,POINT (-73.970039880998 40.630714267808)
57971403,06/22/2023 09:35:00 AM,06/23/2023 11:42:00 AM,DSNY,Department of Sanitation,Electronics Waste Appointment,Ewaste appointment,,Sidewalk,10301,53 HAMILTON AVENUE,HAMILTON AVENUE,ACADEMY PLACE,ST MARKS PLACE,,,ADDRESS,STATEN ISLAND,,,Closed,,The Department of Sanitation collected the E-waste.,06/23/2023 11:42:00 AM,01 STATEN ISLAND,49,Precinct 120,5000130124,STATEN ISLAND,962160,174257,PHONE,Unspecified,STATEN ISLAND,,,,,,,,40.644944299349454,-74.07960079998922,POINT (-74.079600799989 40.644944299349)
57973698,06/22/2023 04:17:22 PM,06/22/2023 05:00:51 PM,NYPD,New York City Police Department,Illegal Parking,Posted Parking Sign Violation,,Street/Sidewalk,11235,2101 AVENUE Y,AVENUE Y,EAST   21 STREET,EAST   22 STREET,EAST   21 STREET,EAST   22 STREET,ADDRESS,BROOKLYN,AVENUE Y,,Closed,,The Police Department issued a summons in response to the complaint.,06/22/2023 05:00:55 PM,15 BROOKLYN,48,Precinct 61,3074220241,BROOKLYN,998531,154515,MOBILE,Unspecified,BROOKLYN,,,,,,,,40.59077265303349,-73.94858050023117,POINT (-73.948580500231 40.590772653033)
57976191,06/22/2023 09:18:47 PM,06/22/2023 09:33:19 PM,NYPD,New York City Police Department,Illegal Parking,Double Parked Blocking Traffic,,Street/Sidewalk,11204,5672 19 AVENUE,19 AVENUE,55 STREET,58 STREET,55 STREET,58 STREET,ADDRESS,BROOKLYN,19 AVENUE,,Closed,,The Police Department responded to the complaint and with the information available observed no evidence of the violation at that time.,06/22/2023 09:33:23 PM,12 BROOKLYN,44,Precinct 66,,BROOKLYN,988942,166116,ONLINE,Unspecified,BROOKLYN,,,,,,,,40.622625288136646,-73.98309814330072,POINT (-73.983098143301 40.622625288137)
57981501,06/23/2023 11:10:31 AM,06/23/2023 11:50:33 AM,NYPD,New York City Police Department,Blocked Driveway,Partial Access,,Street/Sidewalk,11229,1817 EAST   14 STREET,EAST   14 STREET,AVENUE R,AVENUE S,AVENUE R,AVENUE S,ADDRESS,BROOKLYN,EAST   14 STREET,,Closed,,The Police Department responded and upon arrival those responsible for the condition were gone.,06/23/2023 11:50:37 AM,15 BROOKLYN,48,Precinct 61,3068200083,BROOKLYN,995767,159728,PHONE,Unspecified,BROOKLYN,,,,,,,,40.60508530538867,-73.95852354025047,POINT (-73.95852354025 40.605085305389)
57974067,06/22/2023 08:24:38 PM,06/22/2023 09:08:11 PM,NYPD,New York City Police Department,Illegal Parking,Parking Permit Improper Use,Parked At Bus Stop,Street/Sidewalk,11101,28-33 JACKSON AVENUE,JACKSON AVENUE,ORCHARD STREET,QUEENS PLAZA SOUTH,ORCHARD STREET,QUEENS PLAZA SOUTH,ADDRESS,LONG ISLAND CITY,JACKSON AVENUE,,Closed,,The Police Department responded to the complaint and took action to fix the condition.,06/22/2023 09:08:14 PM,02 QUEENS,26,Precinct 108,4004200001,QUEENS,1001386,212037,MOBILE,Unspecified,QUEENS,,,,,,,,40.74865254451642,-73.93815469979526,POINT (-73.938154699795 40.748652544516)
57981438,06/23/2023 11:35:25 PM,06/24/2023 12:11:56 AM,NYPD,New York City Police Department,Noise - Residential,Loud Music/Party,,Residential Building/House,10303,163 MORNINGSTAR ROAD,MORNINGSTAR ROAD,INNIS STREET,KALVER PLACE,INNIS STREET,KALVER PLACE,ADDRESS,STATEN ISLAND,MORNINGSTAR ROAD,,Closed,,The Police Department responded to the complaint and with the information available observed no evidence of the violation at that time.,06/24/2023 12:11:59 AM,01 STATEN ISLAND,49,Precinct 121,5011270034,STATEN ISLAND,943720,170269,ONLINE,Unspecified,STATEN ISLAND,,,,,,,,40.633932917120035,-74.1460248590401,POINT (-74.14602485904 40.63393291712)
57973509,06/22/2023 09:58:50 AM,06/27/2023 09:00:49 PM,HPD,Department of Housing Preservation and Development,UNSANITARY CONDITION,PESTS,ROACHES,RESIDENTIAL BUILDING,11420,109-44 112 STREET,112 STREET,,,,,ADDRESS,SOUTH OZONE PARK,,,Closed,,The Department of Housing Preservation and Development inspected the following conditions. No violations were issued. The complaint has been closed.,06/27/2023 12:00:00 AM,10 QUEENS,28,Precinct 106,4115920028,QUEENS,1031982,187166,ONLINE,Unspecified,QUEENS,,,,,,,,40.68027550438964,-73.82790763751447,POINT (-73.827907637514 40.68027550439)
57977019,06/22/2023 02:36:55 PM,09/30/2023 05:30:32 PM,HPD,Department of Housing Preservation and Development,UNSANITARY CONDITION,GARBAGE/RECYCLING STORAGE,ACCUMULATION,RESIDENTIAL BUILDING,11216,952 BERGEN STREET,BERGEN STREET,,,,,ADDRESS,BROOKLYN,,,Closed,,The Department of Housing Preservation and Development inspected the following conditions. Violations were issued. Information about specific violations is available at www.nyc.gov/hpd,09/30/2023 12:00:00 AM,08 BROOKLYN,35,Precinct 77,3012170012,BROOKLYN,996682,185813,ONLINE,Unspecified,BROOKLYN,,,,,,,,40.6766817896885,-73.95518026310783,POINT (-73.955180263108 40.676681789689)
57974283,06/23/2023 12:26:17 AM,06/23/2023 03:15:50 AM,NYPD,New York City Police Department,Noise - Commercial,Loud Music/Party,,Store/Commercial,10466,EAST  230 STREET,EAST  230 STREET,EAST  230 STREET,WHITE PLAINS ROAD,EAST  230 STREET,WHITE PLAINS ROAD,INTERSECTION,,,,Closed,,The Police Department responded to the complaint and determined that police action was not necessary.,06/23/2023 03:15:55 AM,12 BRONX,11,Precinct 47,,BRONX,1023368,264048,ONLINE,Unspecified,BRONX,,,,,,,,40.891337934473825,-73.85851668266244,POINT (-73.858516682662 40.891337934474)
57976362,06/22/2023 12:08:30 PM,06/23/2023 02:42:51 PM,DSNY,Department of Sanitation,Missed Collection,Recycling - Paper,N/A,Street,11207,903 BLAKE AVENUE,BLAKE AVENUE,JEROME STREET,WARWICK STREET,JEROME STREET,WARWICK STREET,ADDRESS,BROOKLYN,BLAKE AVENUE,,Closed,,The Department of Sanitation investigated this complaint and found no condition at the location.,06/23/2023 05:30:34 AM,05 BROOKLYN,42,Precinct 75,3040460142,BROOKLYN,1016107,183133,ONLINE,Unspecified,BROOKLYN,,,,,,,,40.66927720481956,-73.88516214652263,POINT (-73.885162146523 40.66927720482)
57976911,06/22/2023 05:58:05 PM,06/22/2023 09:37:43 PM,DHS,Department of Homeless Services,Homeless Person Assistance,,,Street/Sidewalk,10467,269 EAST  205 STREET,EAST  205 STREET,BAINBRIDGE AVENUE,PERRY AVENUE,BAINBRIDGE AVENUE,PERRY AVENUE,ADDRESS,BRONX,EAST  205 STREET,,Closed,,The mobile outreach response team went to the location provided but could not find the individual that you reported.,06/22/2023 09:37:43 PM,07 BRONX,11,Precinct 52,2033410030,BRONX,1017722,257690,ONLINE,Unspecified,BRONX,,,,,,,,40.87391044722712,-73.8789690727005,POINT (-73.8789690727 40.873910447227)
57983787,06/24/2023 01:50:28 AM,06/24/2023 02:30:48 AM,NYPD,New York City Police Department,Noise - Residential,Loud Music/Party,,Residential Building/House,10027,400 ST NICHOLAS AVENUE,ST NICHOLAS AVENUE,WEST  129 STREET,WEST  130 STREET,WEST  129 STREET,WEST  130 STREET,ADDRESS,NEW YORK,ST NICHOLAS AVENUE,,Closed,,The Police Department responded to the complaint but officers were unable to gain entry into the premises.,06/24/2023 02:30:52 AM,10 MANHATTAN,09,Precinct 32,1019550026,MANHATTAN,998112,235734,ONLINE,Unspecified,MANHATTAN,,,,,,,,40.813700254006314,-73.94992195186114,POINT (-73.949921951861 40.813700254006)
57977073,06/22/2023 06:56:32 PM,06/29/2023 02:04:53 AM,HPD,Department of Housing Preservation and Development,SAFETY,FIRE ESCAPE,REMOVED,RESIDENTIAL BUILDING,10033,2 SOUTH PINEHURST AVENUE,SOUTH PINEHURST AVENUE,,,,,ADDRESS,NEW YORK,,,Closed,,The Department of Housing Preservation and Development inspected the following conditions. No violations were issued. The complaint has been closed.,06/29/2023 12:00:00 AM,12 MANHATTAN,10,Precinct 33,1021390537,MANHATTAN,1000673,248066,ONLINE,Unspecified,MANHATTAN,,,,,,,,40.84754365943961,-73.94063986158703,POINT (-73.940639861587 40.84754365944)
57978027,06/22/2023 01:09:38 PM,06/22/2023 01:31:20 PM,NYPD,New York City Police Department,Noise - Residential,Banging/Pounding,,Residential Building/House,11204,1827 67 STREET,67 STREET,18 AVENUE,19 AVENUE,18 AVENUE,19 AVENUE,ADDRESS,BROOKLYN,67 STREET,,Closed,,The Police Department responded to the complaint and with the information available observed no evidence of the violation at that time.,06/22/2023 01:31:24 PM,11 BROOKLYN,43,Precinct 62,3055610068,BROOKLYN,986844,164264,ONLINE,Unspecified,BROOKLYN,,,,,,,,40.61754279643813,-73.99065641990735,POINT (-73.990656419907 40.617542796438)
57971961,06/22/2023 11:25:40 PM,06/22/2023 11:56:36 PM,NYPD,New York City Police Department,Noise - Street/Sidewalk,Loud Music/Party,,Street/Sidewalk,10009,131 AVENUE A,AVENUE A,ST MARKS PLACE,EAST    9 STREET,ST MARKS PLACE,EAST    9 STREET,ADDRESS,NEW YORK,AVENUE A,,Closed,,The Police Department responded to the complaint and determined that police action was not necessary.,06/22/2023 11:56:39 PM,03 MANHATTAN,02,Precinct 9,1004360034,MANHATTAN,988964,204077,ONLINE,Unspecified,MANHATTAN,,,,,,,,40.72681966256707,-73.98299234311288,POINT (-73.982992343113 40.726819662567)
57974670,06/22/2023 04:04:37 PM,07/03/2023 03:25:13 PM,HPD,Department of Housing Preservation and Development,PLUMBING,WATER SUPPLY,NO HOT WATER,RESIDENTIAL BUILDING,10032,532 WEST  159 STREET,WEST  159 STREET,,,,,ADDRESS,NEW YORK,,,Closed,,The Department of Housing Preservation and Development inspected the following conditions. No violations were issued. The complaint has been closed.,07/03/2023 12:00:00 AM,12 MANHATTAN,10,Precinct 33,1021170020,MANHATTAN,1000268,243322,PHONE,Unspecified,MANHATTAN,,,,,,,,40.83452350978867,-73.94211504489465,POINT (-73.942115044895 40.834523509789)
57980412,06/22/2023 02:29:18 PM,02/06/2024 09:42:58 AM,DPR,Department of Parks and Recreation,Illegal Tree Damage,Bicycle Chained to Tree,N/A,Street,11419,101-24 114 STREET,114 STREET,101 AVENUE,103 AVENUE,101 AVENUE,103 AVENUE,ADDRESS,SOUTH RICHMOND HILL,114 STREET,,Closed,,NYC Parks visited the site and inspected the condition. No work is necessary at this time.,02/06/2024 09:43:02 AM,09 QUEENS,29,Precinct 102,4094310018,QUEENS,1031392,190139,PHONE,Unspecified,QUEENS,,,,,,,,40.688438857205256,-73.83001401056956,POINT (-73.83001401057 40.688438857205)
57975327,06/22/2023 08:59:30 AM,06/22/2023 09:08:16 AM,DHS,Department of Homeless Services,Homeless Person Assistance,,,Subway,,,,,,,,ADDRESS,,,,Closed,,The Department of Homeless Services did not have enough information to act on your request.,06/22/2023 09:08:16 AM,Unspecified MANHATTAN,,Unspecified,,MANHATTAN,984089,201118,ONLINE,Unspecified,MANHATTAN,,,,6,6 Downtown,,Platform,40.71869917797736,-74.00058080167918,POINT (-74.000580801679 40.718699177977)
57978234,06/22/2023 11:17:48 AM,09/13/2023 08:46:49 AM,HPD,Department of Housing Preservation and Development,DOOR/WINDOW,DOOR FRAME,FRAME BROKEN,RESIDENTIAL BUILDING,11208,371 ETNA STREET,ETNA STREET,,,,,ADDRESS,BROOKLYN,,,Closed,,The Department of Housing Preservation and Development inspected the following conditions. No violations were issued. The complaint has been closed.,09/13/2023 12:00:00 AM,05 BROOKLYN,37,Precinct 75,3041090065,BROOKLYN,1020260,189855,PHONE,Unspecified,BROOKLYN,,,,,,,,40.68771163540864,-73.87015554875342,POINT (-73.870155548753 40.687711635409)
57987747,06/23/2023 03:42:57 PM,06/24/2023 02:01:20 PM,DSNY,Department of Sanitation,Obstruction,Trash or Recycling,Sidewalk,Sidewalk,11377,57-17 QUEENS BOULEVARD,QUEENS BOULEVARD,57 STREET,58 STREET,57 STREET,58 STREET,ADDRESS,WOODSIDE,QUEENS BOULEVARD,,Closed,,The Department of Sanitation investigated this complaint and found no condition at the location.,06/24/2023 02:01:24 PM,02 QUEENS,26,Precinct 108,4013300034,QUEENS,1009719,209600,ONLINE,Unspecified,QUEENS,,,,,,,,40.74194351926877,-73.90808943182832,POINT (-73.908089431828 40.741943519269)
57977262,06/22/2023 08:25:00 AM,06/22/2023 08:25:00 AM,DOT,Department of Transportation,Traffic Signal Condition,Controller,Operating Improperly,,10463,,,,,RIVERDALE AVENUE,WEST 231 STREET,INTERSECTION,BRONX,,N/A,Closed,,Service Request status for this request is available on the Department of Transportationâs website. Please click the âLearn Moreâ link below.,06/22/2023 08:25:00 AM,08 BRONX,11,Precinct 50,,BRONX,1009308,260395,UNKNOWN,Unspecified,BRONX,,,,,,,,40.881362729084636,-73.90938299177161,POINT (-73.909382991772 40.881362729085)
57975084,06/22/2023 08:48:22 AM,06/28/2023 03:09:03 PM,DOT,Department of Transportation,Outdoor Dining,Sidewalk Zone Blocked,Bus Stop Waiting Area,Sidewalk,11101,27-24 JACKSON AVENUE,JACKSON AVENUE,DUTCH KILLS STREET,QUEENS STREET,DUTCH KILLS STREET,QUEENS STREET,ADDRESS,LONG ISLAND CITY,JACKSON AVENUE,,Closed,,The Department of Transportation inspected this location and determined that the establishment has 24 hours to come into compliance.,06/28/2023 03:09:06 PM,02 QUEENS,26,Precinct 108,4002660020,QUEENS,1000827,211761,ONLINE,Unspecified,QUEENS,,,,,,,,40.74789605973247,-73.94017285863455,POINT (-73.940172858635 40.747896059732)
57971151,06/21/2023 08:08:48 AM,07/10/2023 07:59:18 PM,HPD,Department of Housing Preservation and Development,UNSANITARY CONDITION,SEWAGE,RAW SEWAGE ACCUMULATION,RESIDENTIAL BUILDING,11212,45 LOTT AVENUE,LOTT AVENUE,,,,,ADDRESS,BROOKLYN,,,Closed,,The Department of Housing Preservation and Development inspected the following conditions. No violations were issued. The complaint has been closed.,07/10/2023 12:00:00 AM,16 BROOKLYN,41,Precinct 73,3036100007,BROOKLYN,1008619,178758,PHONE,Unspecified,BROOKLYN,,,,,,,,40.65729258180228,-73.9121706196621,POINT (-73.912170619662 40.657292581802)
57973185,06/22/2023 03:13:17 PM,06/27/2023 12:00:00 AM,DOB,Department of Buildings,General Construction/Plumbing,Building Permit - None,,,10469,954 EAST  219 STREET,EAST  219 STREET,,,,,ADDRESS,BRONX,,,Closed,,The Department of Buildings investigated this complaint and determined that no further action was necessary.,06/27/2023 12:00:00 AM,12 BRONX,12,Precinct 47,2046890066,BRONX,1024147,260396,UNKNOWN,Unspecified,BRONX,,,,,,,,40.88131086617911,-73.8557209295683,POINT (-73.855720929568 40.881310866179)
57987846,06/23/2023 12:49:55 PM,06/23/2023 01:57:39 PM,NYPD,New York City Police Department,Blocked Driveway,No Access,,Street/Sidewalk,11418,86-14 102 STREET,102 STREET,86 AVENUE,86 ROAD,86 AVENUE,86 ROAD,ADDRESS,RICHMOND HILL,102 STREET,,Closed,,The Police Department responded to the complaint and took action to fix the condition.,06/23/2023 01:57:44 PM,09 QUEENS,29,Precinct 102,4091810031,QUEENS,1027035,192826,MOBILE,Unspecified,QUEENS,,,,,,,,40.695836174669495,-73.84570750745395,POINT (-73.845707507454 40.695836174669)
57980943,06/23/2023 06:13:06 PM,07/05/2023 01:27:25 PM,DSNY,Department of Sanitation,Illegal Dumping,Removal Request,N/A,Street,11433,ARCHER AVENUE,ARCHER AVENUE,ARCHER AVENUE,MERRICK BOULEVARD,ARCHER AVENUE,MERRICK BOULEVARD,INTERSECTION,,,,Closed,,The Department of Sanitation investigated this complaint and found no condition at the location.,06/24/2023 10:25:29 AM,12 QUEENS,27,Precinct 103,,QUEENS,1041685,195985,PHONE,Unspecified,QUEENS,,,,,,,,40.70442391454814,-73.79284948963108,POINT (-73.792849489631 40.704423914548)
57972825,06/22/2023 09:39:16 PM,07/27/2023 12:20:15 PM,EDC,Economic Development Corporation,Noise - Helicopter,Other,Flying Too Low,Above Address,10023,16 WEST   73 STREET,WEST   73 STREET,CENTRAL PARK WEST,COLUMBUS AVENUE,CENTRAL PARK WEST,COLUMBUS AVENUE,ADDRESS,NEW YORK,WEST   73 STREET,,Closed,,"The New York City Economic Development Corporation determined that this issue is not within its jurisdiction because the helicopter did not belong to a tour company departing from a NYC heliport.Â  Instead, it was most likely a law enforcement or news gathering helicopter not subject to the routing protocols established for tour helicopters. It may also have been a helicopter that departed as a charter or tour from another City but flew over NYC airspace. Helicopter tours originating from outside NYC are not subject to the same City regulations as tours departing from heliports managed by NYCEDC. Any City regulation of these flights is pre-empted by federal law and subject only to the jurisdiction of the Federal Aviation Administration. To file a complaint with the FAA, you can contact the New York Flight Standards District Office at the following web address:Â https://www.faa.gov/about/office_org/field_offices/fsdo/",07/27/2023 12:20:20 PM,07 MANHATTAN,06,Precinct 20,1011250024,MANHATTAN,990748,222485,ONLINE,Unspecified,MANHATTAN,,,,,,,,40.77734382867276,-73.97653805528616,POINT (-73.976538055286 40.777343828673)
57982707,06/23/2023 12:08:50 AM,09/25/2024 12:00:00 AM,DOB,Department of Buildings,Building/Use,Illegal Conversion Of Residential Building/Space,,,11419,101-46 133 STREET,133 STREET,,,,,ADDRESS,SOUTH RICHMOND HILL,,,Closed,,"The Department of Buildings attempted to investigate this complaint twice but could not gain access to the location. If the problem still exists, please call 311 and file a new complaint with additional access information. If you are outside of New York City, please call (212) NEW-YORK (212-639-9675).",09/25/2024 12:00:00 AM,09 QUEENS,29,Precinct 102,4095000026,QUEENS,1035826,191503,UNKNOWN,Unspecified,QUEENS,,,,,,,,40.69215798702307,-73.81401536836044,POINT (-73.81401536836 40.692157987023)
57982194,06/23/2023 02:47:21 PM,06/23/2023 05:39:05 PM,NYPD,New York City Police Department,Abandoned Vehicle,With License Plate,,Street/Sidewalk,10452,118 ROCKWOOD STREET,ROCKWOOD STREET,WALTON AVENUE,GRAND CONCOURSE,WALTON AVENUE,GRAND CONCOURSE,ADDRESS,BRONX,ROCKWOOD STREET,,Closed,,The Police Department responded to the complaint and took action to fix the condition.,06/23/2023 05:39:09 PM,04 BRONX,16,Precinct 44,2028350015,BRONX,1008266,246017,MOBILE,Unspecified,BRONX,,,,,,,,40.84190237103176,-73.91320268419156,POINT (-73.913202684192 40.841902371032)
57977451,06/22/2023 10:17:29 AM,07/12/2023 07:16:33 AM,HPD,Department of Housing Preservation and Development,APPLIANCE,REFRIGERATOR,BROKEN DOOR SEAL,RESIDENTIAL BUILDING,10457,1771 MONROE AVENUE,MONROE AVENUE,,,,,ADDRESS,BRONX,,,Closed,,The Department of Housing Preservation and Development inspected the following conditions. No violations were issued. The complaint has been closed.,07/12/2023 12:00:00 AM,05 BRONX,14,Precinct 46,2027970039,BRONX,1010108,247573,PHONE,Unspecified,BRONX,,,,,,,,40.84616793092962,-73.9065394332204,POINT (-73.90653943322 40.84616793093)
57974769,06/22/2023 02:05:54 PM,06/23/2023 12:00:00 AM,DOB,Department of Buildings,General Construction/Plumbing,Adjacent Buildings Not Protected,,,11205,966 BEDFORD AVENUE,BEDFORD AVENUE,,,,,ADDRESS,BROOKLYN,,N/A,Closed,,"The Department of Buildings attempted to investigate this complaint twice but could not gain access to the location. If the problem still exists, please call 311 and file a new complaint with additional access information. If you are outside of New York City, please call (212) NEW-YORK (212-639-9675).",06/23/2023 12:00:00 AM,03 BROOKLYN,33,Precinct 79,3019280056,BROOKLYN,996561,191335,UNKNOWN,Unspecified,BROOKLYN,,,,,,,,40.69183858650308,-73.95560640201559,POINT (-73.955606402016 40.691838586503)
57974400,06/22/2023 09:39:32 PM,06/22/2023 09:59:12 PM,NYPD,New York City Police Department,Noise - Residential,Loud Talking,,Residential Building/House,10024,23 WEST   82 STREET,WEST   82 STREET,CENTRAL PARK WEST,COLUMBUS AVENUE,CENTRAL PARK WEST,COLUMBUS AVENUE,ADDRESS,NEW YORK,WEST   82 STREET,,Closed,,The Police Department responded to the complaint but officers were unable to gain entry into the premises.,06/22/2023 09:59:18 PM,07 MANHATTAN,06,Precinct 20,1011960019,MANHATTAN,991979,224575,ONLINE,Unspecified,MANHATTAN,,,,,,,,40.78307933468213,-73.97209095230653,POINT (-73.972090952307 40.783079334682)
57977478,06/22/2023 10:29:03 AM,06/26/2023 10:22:42 AM,DSNY,Department of Sanitation,Illegal Dumping,Chronic Dumping,N/A,Sidewalk,10467,EAST  217 STREET,EAST  217 STREET,EAST  217 STREET,WHITE PLAINS ROAD,EAST  217 STREET,WHITE PLAINS ROAD,INTERSECTION,,,,Closed,,The Department of Sanitation cleaned the location.,06/24/2023 07:47:54 AM,12 BRONX,12,Precinct 47,,BRONX,1021970,260703,ONLINE,Unspecified,BRONX,,,,,,,,40.88216305760734,-73.863591848158,POINT (-73.863591848158 40.882163057607)
57986622,06/23/2023 09:26:00 AM,06/23/2023 09:26:00 AM,DEP,Department of Environmental Protection,Industrial Waste,Grease In Sewer/Catch Basin (IDG),IDG,,11421,80-10 JAMAICA AVENUE,JAMAICA AVENUE,80 ST,FOREST PKWY,,,ADDRESS,WOODHAVEN,,N/A,Closed,,The Department of Environmental Protection determined that this complaint is a duplicate of a previously filed complaint. The original complaint is being addressed.,06/23/2023 12:00:00 AM,09 QUEENS,32,Precinct 102,4089190001,QUEENS,1022589,191492,ONLINE,Unspecified,QUEENS,,,,,,,,40.69219503595526,-73.86174836440303,POINT (-73.861748364403 40.692195035955)
57986955,06/23/2023 10:25:34 AM,06/26/2023 12:37:29 PM,DCWP,Department of Consumer and Worker Protection,Consumer Complaint,Games of Chance,Unlicensed,Business,11229,2273 EAST   14 STREET,EAST   14 STREET,AVENUE V,GRAVESEND NECK ROAD,AVENUE V,GRAVESEND NECK ROAD,ADDRESS,BROOKLYN,EAST   14 STREET,,Closed,,The Department of Consumer and Worker Protection (DCWP) determined this issue isn't within its jurisdiction.  You should contact the New York Police Department (NYPD) for assistance. NYC311 can help you file a complaint or contact the agency for further assistance.,06/26/2023 12:37:34 PM,15 BROOKLYN,48,Precinct 61,3073750043,BROOKLYN,996294,156094,ONLINE,Unspecified,BROOKLYN,,,,,,,,40.59511001247697,-73.95663212154543,POINT (-73.956632121545 40.595110012477)
57984777,06/23/2023 11:32:52 PM,06/24/2023 03:40:02 AM,NYPD,New York City Police Department,Blocked Driveway,No Access,,Street/Sidewalk,11379,66-71 71 STREET,71 STREET,66 DRIVE,METROPOLITAN AVENUE,66 DRIVE,METROPOLITAN AVENUE,ADDRESS,MIDDLE VILLAGE,71 STREET,,Closed,,The Police Department responded and upon arrival those responsible for the condition were gone.,06/24/2023 03:40:07 AM,05 QUEENS,30,Precinct 104,4030550042,QUEENS,1016328,199000,MOBILE,Unspecified,QUEENS,,,,,,,,40.7128276246127,-73.88428993478718,POINT (-73.884289934787 40.712827624613)
57973680,06/22/2023 10:29:24 PM,06/22/2023 10:45:36 PM,NYPD,New York City Police Department,Illegal Parking,Blocked Sidewalk,,Street/Sidewalk,10069,100 RIVERSIDE BOULEVARD,RIVERSIDE BOULEVARD,WEST   64 STREET,WEST   65 STREET,WEST   64 STREET,WEST   65 STREET,ADDRESS,NEW YORK,RIVERSIDE BOULEVARD,,Closed,,The Police Department issued a summons in response to the complaint.,06/22/2023 10:45:40 PM,07 MANHATTAN,06,Precinct 20,1011717505,MANHATTAN,987097,221997,MOBILE,Unspecified,MANHATTAN,,,,,,,,40.7760063270789,-73.98972071186016,POINT (-73.98972071186 40.776006327079)
57978900,06/22/2023 09:28:56 AM,06/04/2024 12:53:36 AM,DOHMH,Department of Health and Mental Hygiene,Food Establishment,Food Worker Hygiene,Personal Hygiene Inadequate,Restaurant/Bar/Deli/Bakery,11419,119-05 LIBERTY AVENUE,LIBERTY AVENUE,LEFFERTS BOULEVARD,120 STREET,LEFFERTS BOULEVARD,120 STREET,ADDRESS,SOUTH RICHMOND HILL,LIBERTY AVENUE,,Closed,,This SR was administratively closed. The issue you reported was addressed.,06/04/2024 12:53:41 AM,10 QUEENS,29,Precinct 106,4095570042,QUEENS,1033079,189376,MOBILE,Unspecified,QUEENS,,,,,,,,40.68633545508502,-73.82393652297445,POINT (-73.823936522974 40.686335455085)
57978711,06/22/2023 06:08:48 AM,06/22/2023 06:28:56 AM,NYPD,New York City Police Department,Illegal Parking,Paper License Plates,,Street/Sidewalk,11101,45-15 11 STREET,11 STREET,45 AVENUE,45 ROAD,45 AVENUE,45 ROAD,ADDRESS,LONG ISLAND CITY,11 STREET,,Closed,,The Police Department responded to the complaint and with the information available observed no evidence of the violation at that time.,06/22/2023 06:29:00 AM,02 QUEENS,26,Precinct 108,,QUEENS,998110,211560,ONLINE,Unspecified,QUEENS,,,,,,,,40.74734904125931,-73.94997904619038,POINT (-73.94997904619 40.747349041259)
57977496,06/22/2023 07:49:43 AM,06/22/2023 03:21:24 PM,DSNY,Department of Sanitation,Dead Animal,Cat,Street or Sidewalk,Street,10310,80 NORTH BURGHER AVENUE,NORTH BURGHER AVENUE,SKINNER LANE,MARKHAM LANE,SKINNER LANE,MARKHAM LANE,ADDRESS,STATEN ISLAND,NORTH BURGHER AVENUE,,Closed,,The Department of Sanitation removed the items.,06/22/2023 12:07:13 PM,01 STATEN ISLAND,49,Precinct 120,5001690001,STATEN ISLAND,952220,172260,PHONE,Unspecified,STATEN ISLAND,,,,,,,,40.639432597253084,-74.11540984227182,POINT (-74.115409842272 40.639432597253)
57982671,06/23/2023 06:28:28 PM,06/24/2023 02:58:08 PM,DSNY,Department of Sanitation,Street Sweeping Complaint,Inadequate Sweeping,Caused by a parked vehicle,Street,11369,103-33 ASTORIA BOULEVARD,ASTORIA BOULEVARD,104 STREET,31 AVENUE,104 STREET,31 AVENUE,ADDRESS,EAST ELMHURST,ASTORIA BOULEVARD,,Closed,,The Department of Sanitation cleaned the location.,06/24/2023 04:36:11 AM,03 QUEENS,21,Precinct 115,4016680043,QUEENS,1021616,216661,PHONE,Unspecified,QUEENS,,,,,,,,40.761281890715125,-73.86511727430671,POINT (-73.865117274307 40.761281890715)
57979053,06/22/2023 09:42:13 PM,06/23/2023 10:34:34 AM,NYPD,New York City Police Department,Noise - Vehicle,Car/Truck Music,,Street/Sidewalk,10451,EAST  153 STREET,EAST  153 STREET,EAST  153 STREET,GERARD AVENUE,EAST  153 STREET,GERARD AVENUE,INTERSECTION,,,,Closed,,The Police Department responded and upon arrival those responsible for the condition were gone.,06/23/2023 10:34:39 AM,04 BRONX,08,Precinct 44,,BRONX,1004319,239189,ONLINE,Unspecified,BRONX,,,,,,,,40.82317133408339,-73.92748813652445,POINT (-73.927488136524 40.823171334083)
57976623,06/22/2023 10:23:07 PM,06/22/2023 10:45:43 PM,NYPD,New York City Police Department,Blocked Driveway,No Access,,Street/Sidewalk,10028,300 EAST   85 STREET,EAST   85 STREET,2 AVENUE,1 AVENUE,2 AVENUE,1 AVENUE,ADDRESS,NEW YORK,EAST   85 STREET,,Closed,,The Police Department responded and upon arrival those responsible for the condition were gone.,06/22/2023 10:45:50 PM,08 MANHATTAN,05,Precinct 19,1015470049,MANHATTAN,997575,222376,PHONE,Unspecified,MANHATTAN,,,,,,,,40.77703699709245,-73.9518884295535,POINT (-73.951888429553 40.777036997092)
57983040,06/23/2023 05:00:19 AM,06/23/2023 06:00:07 AM,NYPD,New York City Police Department,Noise - Commercial,Banging/Pounding,,Club/Bar/Restaurant,10302,461 PORT RICHMOND AVENUE,PORT RICHMOND AVENUE,HOMESTEAD AVENUE,BURDEN AVENUE,HOMESTEAD AVENUE,BURDEN AVENUE,ADDRESS,STATEN ISLAND,PORT RICHMOND AVENUE,,Closed,,The Police Department responded to the complaint and took action to fix the condition.,06/23/2023 06:00:11 AM,01 STATEN ISLAND,49,Precinct 121,5010480004,STATEN ISLAND,945744,169283,ONLINE,Unspecified,STATEN ISLAND,,,,,,,,40.63123558908757,-74.13872700984045,POINT (-74.13872700984 40.631235589088)
57975489,06/22/2023 03:33:18 PM,01/16/2024 01:56:49 PM,DPR,Department of Parks and Recreation,Maintenance or Facility,Broken Glass,Other,Park,11364,75-25 BELL BOULEVARD,BELL BOULEVARD,75 AVENUE,77 AVENUE,75 AVENUE,77 AVENUE,ADDRESS,OAKLAND GARDENS,BELL BOULEVARD,,Closed,,NYC Parks has completed the requested work order and corrected the problem.,01/16/2024 01:56:53 PM,11 QUEENS,23,Precinct 111,4077530001,QUEENS,1051649,208126,MOBILE,Telephone Playground,QUEENS,,,,,,,,40.73767761702471,-73.75679097736878,POINT (-73.756790977369 40.737677617025)
57985857,06/23/2023 01:25:41 AM,08/10/2023 07:26:25 AM,HPD,Department of Housing Preservation and Development,UNSANITARY CONDITION,GARBAGE/RECYCLING STORAGE,ACCUMULATION,RESIDENTIAL BUILDING,10035,149 EAST  118 STREET,EAST  118 STREET,,,,,ADDRESS,NEW YORK,,,Closed,,The Department of Housing Preservation and Development inspected the following conditions. No violations were issued. The complaint has been closed.,08/10/2023 12:00:00 AM,11 MANHATTAN,08,Precinct 25,1017670022,MANHATTAN,1000759,230678,PHONE,Unspecified,MANHATTAN,,,,,,,,40.79981838278409,-73.94037180007982,POINT (-73.94037180008 40.799818382784)
57979485,06/22/2023 12:01:05 PM,06/28/2023 08:18:10 PM,HPD,Department of Housing Preservation and Development,DOOR/WINDOW,DOOR,LOCK BROKEN OR MISSING,RESIDENTIAL BUILDING,10460,983 EAST  181 STREET,EAST  181 STREET,,,,,ADDRESS,BRONX,,,Closed,,The Department of Housing Preservation and Development inspected the following conditions. No violations were issued. The complaint has been closed.,06/28/2023 12:00:00 AM,06 BRONX,15,Precinct 48,2031340033,BRONX,1017611,246977,PHONE,Unspecified,BRONX,,,,,,,,40.844506927835354,-73.87942375633936,POINT (-73.879423756339 40.844506927835)
57986838,06/23/2023 08:45:33 PM,06/23/2023 08:50:46 PM,NYPD,New York City Police Department,Noise - Commercial,Loud Music/Party,,Store/Commercial,11375,69 AVENUE,69 AVENUE,69 AVENUE,BURN STREET,69 AVENUE,BURN STREET,INTERSECTION,,,,Closed,,This complaint does not fall under the Police Department's jurisdiction.,06/23/2023 08:50:51 PM,06 QUEENS,29,Precinct 112,,QUEENS,1025818,201903,ONLINE,Unspecified,QUEENS,,,,,,,,40.7207561551753,-73.85004024141683,POINT (-73.850040241417 40.720756155175)
57975804,06/22/2023 09:44:00 AM,06/23/2023 12:00:00 AM,DEP,Department of Environmental Protection,Industrial Waste,Grease In Sewer/Catch Basin (IDG),IDG,,11368,33-36 108 STREET,108 STREET,NORTHERN BLVD,34 AVE,,,ADDRESS,CORONA,,N/A,Closed,,The Department of Environmental Protection investigated this complaint and found no violation.,06/23/2023 12:00:00 AM,03 QUEENS,21,Precinct 115,4017220023,QUEENS,1022787,215181,ONLINE,Unspecified,QUEENS,,,,,,,,40.75721464808593,-73.8608987223908,POINT (-73.860898722391 40.757214648086)
57975408,06/22/2023 11:04:10 AM,05/13/2025 04:52:03 PM,DPR,Department of Parks and Recreation,New Tree Request,For One Address,Street Tree,Street,11385,875 WOODWARD AVENUE,WOODWARD AVENUE,68 ROAD,CATALPA AVENUE,68 ROAD,CATALPA AVENUE,ADDRESS,RIDGEWOOD,WOODWARD AVENUE,,Closed,,"In an effort to more fully and efficiently service each city block, NYC Parks is shifting their street tree planting program to a neighborhood approach.  If the site that you requested meets the criteria for planting, NYC Parks will plant a tree through their new Neighborhood Tree Planting Program.   NYC Parks is no longer accepting new tree planting requests. Each neighborhood will be surveyed, inspected, and planted sequentially. NYC Parks foresters will be conducting tree removal, stump removal, and planting block by block and closing all unplantable tree beds. The most heat-vulnerable neighborhoods will be prioritized first.  To learn more about this program, visit nyc.gov/parks/street-tree-planting.  To learn more about the trees in your neighborhood, visit the NYC Tree Map at nyc.gov/parks/treemap.",05/13/2025 04:52:43 PM,05 QUEENS,30,Precinct 104,4034840018,QUEENS,1011475,195275,MOBILE,Unspecified,QUEENS,,,,,,,,40.70261965099787,-73.90181046515279,POINT (-73.901810465153 40.702619650998)
57974292,06/22/2023 06:57:41 PM,06/22/2023 07:29:01 PM,NYPD,New York City Police Department,Noise - Street/Sidewalk,Loud Music/Party,,Street/Sidewalk,10031,610 WEST  141 STREET,WEST  141 STREET,BROADWAY,RIVERSIDE DRIVE,BROADWAY,RIVERSIDE DRIVE,ADDRESS,NEW YORK,WEST  141 STREET,,Closed,,The Police Department responded to the complaint and with the information available observed no evidence of the violation at that time.,06/22/2023 07:29:05 PM,09 MANHATTAN,07,Precinct 30,1020880038,MANHATTAN,997302,239524,MOBILE,Unspecified,MANHATTAN,,,,,,,,40.82410396969219,-73.95284079702623,POINT (-73.952840797026 40.824103969692)
57983688,06/23/2023 09:48:20 AM,06/23/2023 09:50:43 AM,NYPD,New York City Police Department,Illegal Parking,Double Parked Blocking Traffic,,Street/Sidewalk,11219,1337 65 STREET,65 STREET,13 AVENUE,14 AVENUE,13 AVENUE,14 AVENUE,ADDRESS,BROOKLYN,65 STREET,,Closed,,The Police Department responded to the complaint and determined that police action was not necessary.,06/23/2023 09:50:47 AM,10 BROOKLYN,43,Precinct 68,3057470064,BROOKLYN,984078,167144,MOBILE,Unspecified,BROOKLYN,,,,,,,,40.625448173735776,-74.0006196168565,POINT (-74.000619616856 40.625448173736)
57979512,06/22/2023 03:41:55 PM,06/23/2023 07:52:48 PM,HPD,Department of Housing Preservation and Development,UNSANITARY CONDITION,MOLD,N/A,RESIDENTIAL BUILDING,11233,472 HANCOCK STREET,HANCOCK STREET,,,,,ADDRESS,BROOKLYN,,,Closed,,The Department of Housing Preservation and Development inspected the following conditions. No violations were issued. The complaint has been closed.,06/23/2023 12:00:00 AM,03 BROOKLYN,36,Precinct 81,3016590028,BROOKLYN,1001871,188514,PHONE,Unspecified,BROOKLYN,,,,,,,,40.68408661163757,-73.93646586892947,POINT (-73.936465868929 40.684086611638)
57972717,06/22/2023 08:10:30 AM,06/22/2023 08:35:27 AM,NYPD,New York City Police Department,Blocked Driveway,Partial Access,,Street/Sidewalk,11205,224 GRAND AVENUE,GRAND AVENUE,WILLOUGHBY AVENUE,DEKALB AVENUE,WILLOUGHBY AVENUE,DEKALB AVENUE,ADDRESS,BROOKLYN,GRAND AVENUE,,Closed,,The Police Department responded to the complaint and with the information available observed no evidence of the violation at that time.,06/22/2023 08:35:31 AM,02 BROOKLYN,35,Precinct 88,3019200002,BROOKLYN,994387,190869,PHONE,Unspecified,BROOKLYN,,,,,,,,40.690562281158535,-73.9634465695292,POINT (-73.963446569529 40.690562281159)
57973482,06/22/2023 11:24:12 AM,06/23/2023 04:05:21 PM,HPD,Department of Housing Preservation and Development,UNSANITARY CONDITION,PESTS,TERMITES,RESIDENTIAL BUILDING,10469,3475 BRUNER AVENUE,BRUNER AVENUE,,,,,ADDRESS,BRONX,,,Closed,,The Department of Housing Preservation and Development inspected the following conditions. No violations were issued. The complaint has been closed.,06/23/2023 12:00:00 AM,12 BRONX,12,Precinct 47,2048830124,BRONX,1028006,259720,PHONE,Unspecified,BRONX,,,,,,,,40.879437170194514,-73.84177011625711,POINT (-73.841770116257 40.879437170195)
57982455,06/23/2023 09:28:30 PM,06/23/2023 09:57:18 PM,NYPD,New York City Police Department,Illegal Parking,Blocked Hydrant,,Street/Sidewalk,11377,47-30 59 STREET,59 STREET,47 AVENUE,48 AVENUE,47 AVENUE,48 AVENUE,ADDRESS,WOODSIDE,59 STREET,,Closed,,The Police Department responded to the complaint and took action to fix the condition.,06/23/2023 09:57:25 PM,02 QUEENS,26,Precinct 108,4023190010,QUEENS,1010179,208774,MOBILE,Unspecified,QUEENS,,,,,,,,40.739675019299106,-73.9064326044222,POINT (-73.906432604422 40.739675019299)
59451840,11/15/2023 04:37:51 AM,11/16/2023 10:10:07 AM,DOT,Department of Transportation,Street Condition,Defective Hardware,N/A,Street,10128,323 EAST   93 STREET,EAST   93 STREET,2 AVENUE,1 AVENUE,2 AVENUE,1 AVENUE,ADDRESS,NEW YORK,EAST   93 STREET,,Closed,,This request required re-assignment to a new DOT unit.,11/16/2023 10:10:15 AM,08 MANHATTAN,05,Precinct 19,1015560014,MANHATTAN,998779,224155,ONLINE,Unspecified,MANHATTAN,,,,,,,,40.781917984000664,-73.94753739178331,POINT (-73.947537391783 40.781917984001)
57985002,06/23/2023 06:29:41 AM,07/08/2024 12:26:00 PM,DPR,Department of Parks and Recreation,Maintenance or Facility,Rodent Sighting,N/A,Park,11106,RAINEY PARK,RAINEY PARK,33 ROAD,34 AVENUE,33 ROAD,34 AVENUE,UNRECOGNIZED,ASTORIA,RAINEY PARK,,Closed,,NYC Parks has completed the requested work order and corrected the problem.,07/08/2024 12:26:06 PM,01 QUEENS,22,Precinct 114,4003220001,QUEENS,1000684,218461,ONLINE,Unspecified,QUEENS,,,,,,,,40.766286112953054,-73.94067257501375,POINT (-73.940672575014 40.766286112953)
57981888,06/23/2023 07:58:19 AM,06/26/2023 10:10:22 AM,DPR,Department of Parks and Recreation,Root/Sewer/Sidewalk Condition,Trees and Sidewalks Program,Free Repair,Street,11385,60-95 70 AVENUE,70 AVENUE,60 LANE,FRESH POND ROAD,60 LANE,FRESH POND ROAD,ADDRESS,RIDGEWOOD,70 AVENUE,,Closed,,"NYC Parks inspected the requested repair site. This site meets the criteria for repair under the Trees & Sidewalks Program. The timeframe for repair work depends on available funding for the program, the severity of damage, and the other sidewalk requests in the surrounding district.",06/26/2023 10:10:25 AM,05 QUEENS,30,Precinct 104,4035360029,QUEENS,1013201,195230,PHONE,Unspecified,QUEENS,,,,,,,,40.70249065798998,-73.89558568224747,POINT (-73.895585682247 40.70249065799)
57987459,06/23/2023 04:12:57 AM,07/27/2023 12:16:14 PM,EDC,Economic Development Corporation,Noise - Helicopter,Other,Hovering,Above Address,10128,50 EAST   96 STREET,EAST   96 STREET,MADISON AVENUE,PARK AVENUE,MADISON AVENUE,PARK AVENUE,ADDRESS,NEW YORK,EAST   96 STREET,,Closed,,"The New York City Economic Development Corporation determined that this issue is not within its jurisdiction because the helicopter did not belong to a tour company departing from a NYC heliport.Â  Instead, it was most likely a law enforcement or news gathering helicopter not subject to the routing protocols established for tour helicopters. It may also have been a helicopter that departed as a charter or tour from another City but flew over NYC airspace. Helicopter tours originating from outside NYC are not subject to the same City regulations as tours departing from heliports managed by NYCEDC. Any City regulation of these flights is pre-empted by federal law and subject only to the jurisdiction of the Federal Aviation Administration. To file a complaint with the FAA, you can contact the New York Flight Standards District Office at the following web address:Â https://www.faa.gov/about/office_org/field_offices/fsdo/",07/27/2023 12:16:19 PM,08 MANHATTAN,05,Precinct 19,1015070050,MANHATTAN,997019,226043,ONLINE,Unspecified,MANHATTAN,,,,,,,,40.78710275822787,-73.95388896675728,POINT (-73.953888966757 40.787102758228)
57981231,06/23/2023 01:22:53 PM,07/13/2023 12:00:00 AM,DOB,Department of Buildings,General Construction/Plumbing,Building Permit - None,,,11435,111-45 144 STREET,144 STREET,,,,,ADDRESS,JAMAICA,,,Closed,,"The Department of Buildings attempted to investigate this complaint twice but could not gain access to the location. If the problem still exists, please call 311 and file a new complaint with additional access information. If you are outside of New York City, please call (212) NEW-YORK (212-639-9675).",07/13/2023 12:00:00 AM,12 QUEENS,28,Precinct 113,4119600016,QUEENS,1039674,188992,UNKNOWN,Unspecified,QUEENS,,,,,,,,40.68524262558338,-73.80016006628433,POINT (-73.800160066284 40.685242625583)
57972033,06/22/2023 09:06:27 PM,06/23/2023 01:27:10 AM,NYPD,New York City Police Department,Blocked Driveway,Partial Access,,Street/Sidewalk,10461,1144 VAN NEST AVENUE,VAN NEST AVENUE,WILLIAMSBRIDGE ROAD,YATES AVENUE,WILLIAMSBRIDGE ROAD,YATES AVENUE,ADDRESS,BRONX,VAN NEST AVENUE,,Closed,,The Police Department responded to the complaint and determined that police action was not necessary.,06/23/2023 01:27:13 AM,11 BRONX,13,Precinct 49,2041110001,BRONX,1025733,248660,ONLINE,Unspecified,BRONX,,,,,,,,40.84909184012251,-73.85005815327094,POINT (-73.850058153271 40.849091840123)
57984381,06/24/2023 01:38:21 AM,06/24/2023 01:57:00 AM,NYPD,New York City Police Department,Noise - Residential,Loud Music/Party,,Residential Building/House,11205,456 DEKALB AVENUE,DEKALB AVENUE,TAAFFE PLACE,KENT AVENUE,TAAFFE PLACE,KENT AVENUE,ADDRESS,BROOKLYN,DEKALB AVENUE,,Closed,,The Police Department responded to the complaint and took action to fix the condition.,06/24/2023 01:57:03 AM,03 BROOKLYN,36,Precinct 79,3019380001,BROOKLYN,995640,190846,ONLINE,Unspecified,BROOKLYN,,,,,,,,40.69049762762612,-73.95892836415831,POINT (-73.958928364158 40.690497627626)
57977802,06/22/2023 12:49:56 PM,,DCWP,Department of Consumer and Worker Protection,Consumer Complaint,Tobacco Sales,Sold to Minor,Business,11212,645 MOTHER GASTON BOULEVARD,MOTHER GASTON BOULEVARD,LIVONIA AVENUE,RIVERDALE AVENUE,LIVONIA AVENUE,RIVERDALE AVENUE,ADDRESS,BROOKLYN,MOTHER GASTON BOULEVARD,,In Progress,,The Department of Consumer and Worker Protection (DCWP) is reviewing your complaint. DCWP may contact you directly if it needs additional information.,06/23/2023 12:37:47 PM,16 BROOKLYN,41,Precinct 73,3038110020,BROOKLYN,1010583,180768,PHONE,Unspecified,BROOKLYN,,,,,,,,40.662803962982395,-73.90508423699443,POINT (-73.905084236994 40.662803962982)
57975750,06/22/2023 11:20:47 PM,06/23/2023 12:04:27 AM,NYPD,New York City Police Department,Noise - Street/Sidewalk,Loud Talking,,Street/Sidewalk,11378,60-27 54 AVENUE,54 AVENUE,MAURICE AVENUE,61 STREET,MAURICE AVENUE,61 STREET,ADDRESS,MASPETH,54 AVENUE,,Closed,,The Police Department responded and upon arrival those responsible for the condition were gone.,06/23/2023 12:04:32 AM,05 QUEENS,30,Precinct 104,4023650006,QUEENS,1010566,204636,MOBILE,Unspecified,QUEENS,,,,,,,,40.72831609137025,-73.9050522626122,POINT (-73.905052262612 40.72831609137)
58024143,06/27/2023 09:48:06 PM,06/28/2023 01:19:22 AM,NYPD,New York City Police Department,Noise - Commercial,Loud Music/Party,,Store/Commercial,10452,1520 JEROME AVENUE,JEROME AVENUE,EAST  172 STREET,GOBLE PLACE,EAST  172 STREET,GOBLE PLACE,ADDRESS,BRONX,JEROME AVENUE,,Closed,,The Police Department responded to the complaint and took action to fix the condition.,06/28/2023 01:19:28 AM,04 BRONX,16,Precinct 44,,BRONX,1007539,246349,PHONE,Unspecified,BRONX,,,,,,,,40.842815560838005,-73.9158290132876,POINT (-73.915829013288 40.842815560838)
57980646,06/22/2023 08:14:15 PM,06/22/2023 08:57:03 PM,NYPD,New York City Police Department,Noise - Commercial,Loud Music/Party,,Club/Bar/Restaurant,11218,1275 36 STREET,36 STREET,CLARA STREET,13 AVENUE,CLARA STREET,13 AVENUE,ADDRESS,BROOKLYN,36 STREET,,Closed,,The Police Department responded to the complaint and took action to fix the condition.,06/22/2023 08:57:07 PM,12 BROOKLYN,39,Precinct 66,3053100001,BROOKLYN,988446,173339,ONLINE,Unspecified,BROOKLYN,,,,,,,,40.64245114162322,-73.984880378787,POINT (-73.984880378787 40.642451141623)
57971682,06/22/2023 12:35:00 AM,06/29/2023 03:15:00 AM,DEP,Department of Environmental Protection,Noise,Noise: Construction Before/After Hours (NM1),NM1,,11362,,,,,LITTLE NECK PARKWAY,ANNADALE LANE,INTERSECTION,QUEENS,,N/A,Closed,,"The Department of Environmental Protection (DEP) didn't observe a violation of the NYC Air or Noise Code at the time of inspection and couldn't issue a summons.  If the problem still exists, please go to nyc.gov/311 or call 311 to file a new Service Request. If you're outside of New York City, please call (212) NEW-YORK (212-639-9675).",06/29/2023 03:15:00 AM,11 QUEENS,19,Precinct 111,,QUEENS,1058575,219589,ONLINE,Unspecified,QUEENS,,,,,,,,40.76908500406077,-73.73167197650395,POINT (-73.731671976504 40.769085004061)
57986577,06/23/2023 02:24:12 PM,06/24/2023 02:04:17 AM,NYPD,New York City Police Department,Blocked Driveway,No Access,,Street/Sidewalk,11385,1813 HIMROD STREET,HIMROD STREET,SENECA AVENUE,ONDERDONK AVENUE,SENECA AVENUE,ONDERDONK AVENUE,ADDRESS,RIDGEWOOD,HIMROD STREET,,Closed,,The Police Department responded and upon arrival those responsible for the condition were gone.,06/24/2023 02:04:22 AM,05 QUEENS,34,Precinct 104,4034270054,QUEENS,1008280,196727,MOBILE,Unspecified,QUEENS,,,,,,,,40.70661430052115,-73.91332834507115,POINT (-73.913328345071 40.706614300521)
57985074,06/23/2023 09:02:11 AM,06/23/2023 09:19:40 AM,NYPD,New York City Police Department,Illegal Parking,Blocked Sidewalk,,Street/Sidewalk,11217,476 BALTIC STREET,BALTIC STREET,BOND STREET,NEVINS STREET,BOND STREET,NEVINS STREET,ADDRESS,BROOKLYN,BALTIC STREET,,Closed,,The Police Department responded to the complaint and took action to fix the condition.,06/23/2023 09:19:43 AM,06 BROOKLYN,39,Precinct 76,3004050023,BROOKLYN,988072,187985,MOBILE,Unspecified,BROOKLYN,,,,,,,,40.682651341817234,-73.98621972633374,POINT (-73.986219726334 40.682651341817)
57973923,06/22/2023 01:47:01 PM,07/25/2023 12:00:00 AM,DOB,Department of Buildings,General Construction/Plumbing,Cons - Contrary/Beyond Approved Plans/Permits,,,11203,238 EAST   52 STREET,EAST   52 STREET,,,,,ADDRESS,BROOKLYN,,,Closed,,The Department of Buildings investigated this complaint and determined that no further action was necessary.,07/25/2023 12:00:00 AM,17 BROOKLYN,41,Precinct 67,3046570011,BROOKLYN,1004007,177945,UNKNOWN,Unspecified,BROOKLYN,,,,,,,,40.65507256702919,-73.92879530453536,POINT (-73.928795304535 40.655072567029)
57975786,06/22/2023 02:28:00 PM,06/23/2023 08:40:00 AM,DOT,Department of Transportation,Traffic Signal Condition,Controller Cabinet,Turned,,,,,,,QUEENS MIDTOWN EXPY,MAURICE AVE,INTERSECTION,,,N/A,Closed,,Service Request status for this request is available on the Department of Transportationâs website. Please click the âLearn Moreâ link below.,06/23/2023 08:40:00 AM,Unspecified QUEENS,,Unspecified,,QUEENS,,,UNKNOWN,Unspecified,QUEENS,,,,,,,,,,
57972114,06/22/2023 01:47:57 PM,06/22/2023 02:07:21 PM,NYPD,New York City Police Department,Blocked Driveway,No Access,,Street/Sidewalk,11355,41-53 150 STREET,150 STREET,BARCLAY AVENUE,SANFORD AVENUE,BARCLAY AVENUE,SANFORD AVENUE,ADDRESS,FLUSHING,150 STREET,,Closed,,Your request can not be processed at this time because of insufficient contact information. Please create a new Service Request on NYC.gov and provide more detailed contact information.,06/22/2023 02:07:25 PM,07 QUEENS,20,Precinct 109,4050590009,QUEENS,1035945,216760,MOBILE,Unspecified,QUEENS,,,,,,,,40.76148144843988,-73.81339223052068,POINT (-73.813392230521 40.76148144844)
57978576,06/22/2023 07:41:49 PM,06/22/2023 08:42:45 PM,NYPD,New York City Police Department,Illegal Parking,Blocked Bike Lane,,Street/Sidewalk,10458,2304 GRAND CONCOURSE,GRAND CONCOURSE,EAST  183 STREET,FIELD PLACE,EAST  183 STREET,FIELD PLACE,ADDRESS,BRONX,GRAND CONCOURSE,,Closed,,The Police Department responded to the complaint and took action to fix the condition.,06/22/2023 08:42:51 PM,05 BRONX,15,Precinct 46,,BRONX,1011970,251769,ONLINE,Unspecified,BRONX,,,,,,,,40.85767904898755,-73.8997921192323,POINT (-73.899792119232 40.857679048988)
57976830,06/22/2023 09:11:14 AM,07/27/2023 12:19:56 PM,EDC,Economic Development Corporation,Noise - Helicopter,Other,Flying Too Low,Above Address,11414,88-12 151 AVENUE,151 AVENUE,88 STREET,89 STREET,88 STREET,89 STREET,ADDRESS,HOWARD BEACH,151 AVENUE,,Closed,,"The New York City Economic Development Corporation determined that this issue is not within its jurisdiction because the helicopter did not belong to a tour company departing from a NYC heliport.Â  Instead, it was most likely a law enforcement or news gathering helicopter not subject to the routing protocols established for tour helicopters. It may also have been a helicopter that departed as a charter or tour from another City but flew over NYC airspace. Helicopter tours originating from outside NYC are not subject to the same City regulations as tours departing from heliports managed by NYCEDC. Any City regulation of these flights is pre-empted by federal law and subject only to the jurisdiction of the Federal Aviation Administration. To file a complaint with the FAA, you can contact the New York Flight Standards District Office at the following web address:Â https://www.faa.gov/about/office_org/field_offices/fsdo/",07/27/2023 12:19:59 PM,10 QUEENS,32,Precinct 106,4114340007,QUEENS,1026729,182858,ONLINE,Unspecified,QUEENS,,,,,,,,40.6684777987759,-73.84687384879807,POINT (-73.846873848798 40.668477798776)
57977352,06/22/2023 11:19:48 AM,06/22/2023 01:10:55 PM,NYPD,New York City Police Department,Illegal Parking,Blocked Hydrant,,Street/Sidewalk,11418,87-47 134 STREET,134 STREET,JAMAICA AVENUE,89 AVENUE,JAMAICA AVENUE,89 AVENUE,ADDRESS,RICHMOND HILL,134 STREET,,Closed,,The Police Department responded to the complaint and determined that police action was not necessary.,06/22/2023 01:11:00 PM,09 QUEENS,29,Precinct 102,4093420071,QUEENS,1034550,195121,MOBILE,Unspecified,QUEENS,,,,,,,,40.702095878013026,-73.81858963103309,POINT (-73.818589631033 40.702095878013)
57987900,06/23/2023 03:20:00 PM,08/07/2023 05:00:00 AM,DEP,Department of Environmental Protection,Sewer,Defective/Missing Curb Piece (SC4),SC4,,11212,,,,,EAST 95 STREET,LINDEN BOULEVARD,INTERSECTION,BROOKLYN,,,Closed,,The Department of Environmental Protection has investigated this complaint and has performed repair work.,08/07/2023 05:00:00 AM,17 BROOKLYN,42,Precinct 67,,BROOKLYN,1007750,177639,PHONE,Unspecified,BROOKLYN,,,,,,,,40.65422352209103,-73.91530651798409,POINT (-73.915306517984 40.654223522091)
57972249,06/22/2023 06:23:54 PM,06/30/2023 08:18:32 PM,HPD,Department of Housing Preservation and Development,UNSANITARY CONDITION,MOLD,N/A,RESIDENTIAL BUILDING,10459,957 KELLY STREET,KELLY STREET,,,,,ADDRESS,BRONX,,,Closed,,The Department of Housing Preservation and Development was unable to access the rooms where the following  conditions were reported. No violations were issued. The complaint has been closed.,06/30/2023 12:00:00 AM,02 BRONX,17,Precinct 41,2027030050,BRONX,1013067,238633,PHONE,Unspecified,BRONX,,,,,,,,40.821621064810884,-73.8958829068127,POINT (-73.895882906813 40.821621064811)
57978099,06/22/2023 02:49:36 PM,07/09/2023 06:35:30 PM,HPD,Department of Housing Preservation and Development,FLOORING/STAIRS,FLOOR,BROKEN OR DEFECTIVE,RESIDENTIAL BUILDING,10453,156 EAST  178 STREET,EAST  178 STREET,,,,,ADDRESS,BRONX,,,Closed,,The Department of Housing Preservation and Development inspected the following conditions. No violations were issued. The complaint has been closed.,07/09/2023 12:00:00 AM,05 BRONX,14,Precinct 46,2028080009,BRONX,1010176,249243,PHONE,Unspecified,BRONX,,,,,,,,40.85075138602628,-73.90628719834551,POINT (-73.906287198346 40.850751386026)
57975399,06/23/2023 12:24:51 AM,06/23/2023 12:44:56 AM,NYPD,New York City Police Department,Noise - Street/Sidewalk,Loud Talking,,Street/Sidewalk,10027,364 WEST  127 STREET,WEST  127 STREET,ST NICHOLAS TERRACE,CONVENT AVENUE,ST NICHOLAS TERRACE,CONVENT AVENUE,ADDRESS,NEW YORK,WEST  127 STREET,,Closed,,The Police Department responded to the complaint and with the information available observed no evidence of the violation at that time.,06/23/2023 12:45:00 AM,09 MANHATTAN,09,Precinct 26,1019530055,MANHATTAN,997426,235252,ONLINE,Unspecified,MANHATTAN,,,,,,,,40.81237834836466,-73.95240115039357,POINT (-73.952401150394 40.812378348365)
57978207,06/22/2023 11:38:56 PM,06/23/2023 12:18:53 AM,NYPD,New York City Police Department,Noise - Vehicle,Car/Truck Music,,Street/Sidewalk,11201,BRIDGE STREET,BRIDGE STREET,BRIDGE STREET,WATER STREET,BRIDGE STREET,WATER STREET,INTERSECTION,,,,Closed,,The Police Department responded to the complaint and determined that police action was not necessary.,06/23/2023 12:18:58 AM,02 BROOKLYN,33,Precinct 84,,BROOKLYN,988502,195410,ONLINE,Unspecified,BROOKLYN,,,,,,,,40.70303105383105,-73.98466466874665,POINT (-73.984664668747 40.703031053831)
57975813,06/22/2023 06:17:15 PM,07/03/2023 08:44:42 PM,HPD,Department of Housing Preservation and Development,DOOR/WINDOW,DOOR,LOCK BROKEN OR MISSING,RESIDENTIAL BUILDING,11415,119-20 UNION TURNPIKE,UNION TURNPIKE,,,,,ADDRESS,KEW GARDENS,,,Closed,,The Department of Housing Preservation and Development inspected the following conditions. No violations were issued. The complaint has been closed.,07/03/2023 12:00:00 AM,09 QUEENS,29,Precinct 102,4033480021,QUEENS,1030591,199181,PHONE,Unspecified,QUEENS,,,,,,,,40.71326121641582,-73.83284005523785,POINT (-73.832840055238 40.713261216416)
57974346,06/22/2023 09:17:00 AM,06/27/2023 04:45:00 PM,DEP,Department of Environmental Protection,Noise,Noise: Construction Equipment (NC1),NC1,,11220,,,,,57 STREET,2 AVENUE,INTERSECTION,BROOKLYN,,N/A,Closed,,"The Department of Environmental Protection (DEP) didn't observe a violation of the NYC Air or Noise Code at the time of inspection and couldn't issue a summons.  If the problem still exists, please go to nyc.gov/311 or call 311 to file a new Service Request. If you're outside of New York City, please call (212) NEW-YORK (212-639-9675).",06/27/2023 04:45:00 PM,07 BROOKLYN,38,Precinct 72,,BROOKLYN,978422,174331,ONLINE,Unspecified,BROOKLYN,,,,,,,,40.645173044527354,-74.02100113143324,POINT (-74.021001131433 40.645173044527)
57978432,06/22/2023 09:01:35 PM,07/12/2023 03:55:30 PM,DSNY,Department of Sanitation,Illegal Dumping,Chronic Dumping,N/A,Sidewalk,11222,142 NEWEL STREET,NEWEL STREET,NORMAN AVENUE,MESEROLE AVENUE,NORMAN AVENUE,MESEROLE AVENUE,ADDRESS,BROOKLYN,NEWEL STREET,,Closed,,The Department of Sanitation investigated this complaint and found no condition at the location.,06/26/2023 11:20:21 AM,01 BROOKLYN,33,Precinct 94,3026240039,BROOKLYN,998464,204210,MOBILE,Unspecified,BROOKLYN,,,,,,,,40.72717455107454,-73.94871698457983,POINT (-73.94871698458 40.727174551075)
57973617,06/22/2023 05:38:24 PM,06/23/2023 01:05:00 PM,DOT,Department of Transportation,Street Condition,Pothole,,,10002,FORSYTH STREET,FORSYTH STREET,CANAL STREET,DIVISION STREET,,,BLOCKFACE,MANHATTAN,,N/A,Closed,,The Department of Transportation inspected this complaint and repaired the problem.,06/23/2023 01:05:00 PM,03 MANHATTAN,,Precinct 5,,MANHATTAN,,,UNKNOWN,Unspecified,MANHATTAN,,,,,,,,,,
57970314,06/21/2023 07:51:56 PM,07/11/2023 12:59:16 PM,DSNY,Department of Sanitation,Illegal Dumping,Removal Request,N/A,Sidewalk,10011,66 WEST    9 STREET,WEST    9 STREET,5 AVENUE,AVENUE OF THE AMERICAS,5 AVENUE,AVENUE OF THE AMERICAS,ADDRESS,NEW YORK,WEST    9 STREET,,Closed,,The Department of Sanitation will address the situation at the location by providing educational outreach about proper sanitation procedures.,06/23/2023 05:35:11 AM,02 MANHATTAN,02,Precinct 6,1005720008,MANHATTAN,984609,206696,MOBILE,Unspecified,MANHATTAN,,,,,,,,40.73400942531192,-73.99870462291133,POINT (-73.998704622911 40.734009425312)
57971205,06/22/2023 08:14:48 AM,06/22/2023 09:48:49 AM,NYPD,New York City Police Department,Illegal Parking,Blocked Sidewalk,,Street/Sidewalk,11435,139-20 109 AVENUE,109 AVENUE,139 STREET,141 STREET,139 STREET,141 STREET,ADDRESS,JAMAICA,109 AVENUE,,Closed,,The Police Department responded and upon arrival those responsible for the condition were gone.,06/22/2023 09:48:54 AM,12 QUEENS,28,Precinct 103,4100690125,QUEENS,1037913,189829,MOBILE,Unspecified,QUEENS,,,,,,,,40.68755084515015,-73.80650294084563,POINT (-73.806502940846 40.68755084515)
57974310,06/22/2023 11:26:51 PM,06/22/2023 11:46:53 PM,NYPD,New York City Police Department,Noise - Street/Sidewalk,Loud Talking,,Street/Sidewalk,10016,224 EAST   28 STREET,EAST   28 STREET,3 AVENUE,2 AVENUE,3 AVENUE,2 AVENUE,ADDRESS,NEW YORK,EAST   28 STREET,,Closed,,The Police Department responded to the complaint and with the information available observed no evidence of the violation at that time.,06/22/2023 11:46:57 PM,06 MANHATTAN,02,Precinct 13,1009080017,MANHATTAN,989814,209450,MOBILE,Unspecified,MANHATTAN,,,,,,,,40.741566730493744,-73.97992118183332,POINT (-73.979921181833 40.741566730494)
57979809,06/22/2023 08:15:31 AM,06/22/2023 09:04:17 AM,NYPD,New York City Police Department,Illegal Parking,Blocked Sidewalk,,Street/Sidewalk,11210,1478 NEW YORK AVENUE,NEW YORK AVENUE,FOSTER AVENUE,FARRAGUT ROAD,FOSTER AVENUE,FARRAGUT ROAD,ADDRESS,BROOKLYN,NEW YORK AVENUE,,Closed,,The Police Department responded and upon arrival those responsible for the condition were gone.,06/22/2023 09:04:22 AM,17 BROOKLYN,45,Precinct 67,3049960046,BROOKLYN,999461,171363,MOBILE,Unspecified,BROOKLYN,,,,,,,,40.637015377446616,-73.94519403285638,POINT (-73.945194032856 40.637015377447)
57974697,06/22/2023 06:14:24 AM,06/30/2023 03:52:55 PM,HPD,Department of Housing Preservation and Development,WATER LEAK,HEAVY FLOW,AT WALL OR CEILING,RESIDENTIAL BUILDING,10010,10 WATERSIDE PLAZA,WATERSIDE PLAZA,,,,,ADDRESS,NEW YORK,,,Closed,,The Department of Housing Preservation and Development inspected the following conditions. No violations were issued. The complaint has been closed.,06/30/2023 12:00:00 AM,06 MANHATTAN,04,Precinct 13,1009910060,MANHATTAN,991387,207842,PHONE,Unspecified,MANHATTAN,,,,,,,,40.7371520402173,-73.97424639983292,POINT (-73.974246399833 40.737152040217)
57986874,06/23/2023 11:09:53 PM,06/23/2023 11:51:45 PM,NYPD,New York City Police Department,Noise - Residential,Banging/Pounding,,Residential Building/House,10462,1936 BOGART AVENUE,BOGART AVENUE,RHINELANDER AVENUE,NEILL AVENUE,RHINELANDER AVENUE,NEILL AVENUE,ADDRESS,BRONX,BOGART AVENUE,,Closed,,The Police Department responded to the complaint and with the information available observed no evidence of the violation at that time.,06/23/2023 11:51:48 PM,11 BRONX,13,Precinct 49,2042660015,BRONX,1022973,249029,MOBILE,Unspecified,BRONX,,,,,,,,40.85011717027921,-73.86003212719872,POINT (-73.860032127199 40.850117170279)
57982869,06/23/2023 10:54:00 AM,06/23/2023 11:30:21 AM,NYPD,New York City Police Department,Blocked Driveway,No Access,,Street/Sidewalk,11211,467 KEAP STREET,KEAP STREET,AINSLIE STREET,UNION AVENUE,AINSLIE STREET,UNION AVENUE,ADDRESS,BROOKLYN,KEAP STREET,,Closed,,The Police Department responded to the complaint and took action to fix the condition.,06/23/2023 11:30:25 AM,01 BROOKLYN,34,Precinct 90,3023710042,BROOKLYN,997518,199042,ONLINE,Unspecified,BROOKLYN,,,,,,,,40.71299110779551,-73.95214026620638,POINT (-73.952140266206 40.712991107796)
57987468,06/23/2023 01:15:36 PM,06/23/2023 01:46:50 PM,NYPD,New York City Police Department,Illegal Parking,Double Parked Blocking Vehicle,,Street/Sidewalk,10031,641 WEST  142 STREET,WEST  142 STREET,BROADWAY,RIVERSIDE DRIVE,BROADWAY,RIVERSIDE DRIVE,ADDRESS,NEW YORK,WEST  142 STREET,,Closed,,The Police Department responded and upon arrival those responsible for the condition were gone.,06/23/2023 01:46:54 PM,09 MANHATTAN,07,Precinct 30,1020890014,MANHATTAN,997340,239810,ONLINE,Unspecified,MANHATTAN,,,,,,,,40.824888902128556,-73.95270293832306,POINT (-73.952702938323 40.824888902129)
57970323,06/21/2023 10:45:34 AM,06/21/2023 01:14:29 PM,NYPD,New York City Police Department,Illegal Parking,Blocked Hydrant,,Street/Sidewalk,11435,90-10 143 STREET,143 STREET,90 AVENUE,91 AVENUE,90 AVENUE,91 AVENUE,ADDRESS,JAMAICA,143 STREET,,Closed,,The Police Department responded and upon arrival those responsible for the condition were gone.,06/21/2023 01:14:34 PM,12 QUEENS,24,Precinct 103,4099790011,QUEENS,1036511,194888,ONLINE,Unspecified,QUEENS,,,,,,,,40.701444984893506,-73.81151898077803,POINT (-73.811518980778 40.701444984894)
57987540,06/23/2023 03:49:16 AM,07/27/2023 12:16:08 PM,EDC,Economic Development Corporation,Noise - Helicopter,Other,Flying Too Low,Above Address,10028,7 EAST   85 STREET,EAST   85 STREET,5 AVENUE,MADISON AVENUE,5 AVENUE,MADISON AVENUE,ADDRESS,NEW YORK,EAST   85 STREET,,Closed,,"The New York City Economic Development Corporation determined that this issue is not within its jurisdiction because the helicopter did not belong to a tour company departing from a NYC heliport.Â  Instead, it was most likely a law enforcement or news gathering helicopter not subject to the routing protocols established for tour helicopters. It may also have been a helicopter that departed as a charter or tour from another City but flew over NYC airspace. Helicopter tours originating from outside NYC are not subject to the same City regulations as tours departing from heliports managed by NYCEDC. Any City regulation of these flights is pre-empted by federal law and subject only to the jurisdiction of the Federal Aviation Administration. To file a complaint with the FAA, you can contact the New York Flight Standards District Office at the following web address:Â https://www.faa.gov/about/office_org/field_offices/fsdo/",07/27/2023 12:16:12 PM,08 MANHATTAN,04,Precinct 19,1014970007,MANHATTAN,995228,223685,ONLINE,Unspecified,MANHATTAN,,,,,,,,40.78063308264647,-73.960360425043,POINT (-73.960360425043 40.780633082646)
57977514,06/22/2023 09:38:17 PM,06/25/2023 06:36:04 PM,HPD,Department of Housing Preservation and Development,DOOR/WINDOW,WINDOW FRAME,LOOSE OR DEFECTIVE,RESIDENTIAL BUILDING,10470,4429 CARPENTER AVENUE,CARPENTER AVENUE,,,,,ADDRESS,BRONX,,,Closed,,The Department of Housing Preservation and Development inspected the following conditions. Violations were issued. Information about specific violations is available at www.nyc.gov/hpd,06/25/2023 12:00:00 AM,12 BRONX,11,Precinct 47,2050660056,BRONX,1023911,267242,PHONE,Unspecified,BRONX,,,,,,,,40.90010201132255,-73.85653382517042,POINT (-73.85653382517 40.900102011323)
57975030,06/23/2023 01:54:14 AM,06/23/2023 04:15:58 PM,DSNY,Department of Sanitation,Sanitation Worker or Vehicle Complaint,Unsafe Driving,Garbage Truck,Street,11375,67 AVENUE,67 AVENUE,67 AVENUE,YELLOWSTONE BOULEVARD,67 AVENUE,YELLOWSTONE BOULEVARD,INTERSECTION,,,,Closed,,This Service Request is not within the Department of Sanitationâs jurisdiction and/or was found to be unsubstantiated.,06/23/2023 11:15:35 AM,06 QUEENS,29,Precinct 112,,QUEENS,1026033,204707,PHONE,Unspecified,QUEENS,,,,,,,,40.72845143070068,-73.84924720512655,POINT (-73.849247205127 40.728451430701)
57976020,06/22/2023 06:11:16 AM,06/22/2023 06:44:05 AM,NYPD,New York City Police Department,Illegal Parking,Blocked Hydrant,,Street/Sidewalk,11355,132-47 AVERY AVENUE,AVERY AVENUE,COLLEGE POINT BOULEVARD,SAULL STREET,COLLEGE POINT BOULEVARD,SAULL STREET,ADDRESS,FLUSHING,AVERY AVENUE,,Closed,,The Police Department responded to the complaint and took action to fix the condition.,06/22/2023 06:44:08 AM,07 QUEENS,20,Precinct 109,4051040046,QUEENS,1031194,213662,MOBILE,Unspecified,QUEENS,,,,,,,,40.75300474802231,-73.83056389908565,POINT (-73.830563899086 40.753004748022)
57980763,06/22/2023 03:29:38 PM,06/27/2023 10:03:01 AM,HPD,Department of Housing Preservation and Development,FLOORING/STAIRS,FLOOR,HOLE IN WALKING AREA,RESIDENTIAL BUILDING,10040,540 WEST  189 STREET,WEST  189 STREET,,,,,ADDRESS,NEW YORK,,,Closed,,The Department of Housing Preservation and Development inspected the following conditions. Violations were issued. Information about specific violations is available at www.nyc.gov/hpd,06/27/2023 12:00:00 AM,12 MANHATTAN,10,Precinct 34,1021590043,MANHATTAN,1004061,250270,PHONE,Unspecified,MANHATTAN,,,,,,,,40.85358603323482,-73.92838759203849,POINT (-73.928387592038 40.853586033235)
57971709,06/22/2023 09:55:04 PM,06/23/2023 02:46:59 AM,NYPD,New York City Police Department,Illegal Parking,Blocked Hydrant,,Street/Sidewalk,10024,38 WEST   91 STREET,WEST   91 STREET,CENTRAL PARK WEST,COLUMBUS AVENUE,CENTRAL PARK WEST,COLUMBUS AVENUE,ADDRESS,NEW YORK,WEST   91 STREET,,Closed,,The Police Department responded and upon arrival those responsible for the condition were gone.,06/23/2023 02:47:04 AM,07 MANHATTAN,06,Precinct 24,1012040021,MANHATTAN,993039,226730,PHONE,Unspecified,MANHATTAN,,,,,,,,40.788993243267036,-73.9682605240039,POINT (-73.968260524004 40.788993243267)
57987261,06/23/2023 10:26:02 AM,,DPR,Department of Parks and Recreation,Overgrown Tree/Branches,Blocking Street,N/A,Street,11354,30-36 152 STREET,152 STREET,BAYSIDE AVENUE,32 AVENUE,BAYSIDE AVENUE,32 AVENUE,ADDRESS,FLUSHING,152 STREET,,In Progress,,"NYC Parks created a work order for the tree condition and expects to address the issue within 120 days from the date of the tree assessment, barring any weather-related requests.   NYC Parks work priority categories range from Category A through D, with A being the most critical and time-sensitive. We will complete all work in Category A first and address work in lower priority categories in accordance with available resources. For more information about the Tree Risk Management Program, visit the NYC Urban Forest page on the NYC Parks website at nyc.gov/parks/trees.",07/24/2024 03:12:10 PM,07 QUEENS,19,Precinct 109,4048360054,QUEENS,1036314,220347,PHONE,Unspecified,QUEENS,,,,,,,,40.771324646838146,-73.81203243978369,POINT (-73.812032439784 40.771324646838)
57986505,06/23/2023 08:42:51 PM,06/23/2023 08:57:18 PM,NYPD,New York City Police Department,Illegal Parking,Blocked Crosswalk,,Street/Sidewalk,11230,98 PARKVILLE AVENUE,PARKVILLE AVENUE,SETON PLACE,OCEAN PARKWAY,SETON PLACE,OCEAN PARKWAY,ADDRESS,BROOKLYN,PARKVILLE AVENUE,,Closed,,The Police Department issued a summons in response to the complaint.,06/23/2023 08:57:21 PM,14 BROOKLYN,40,Precinct 70,3054270006,BROOKLYN,991361,168604,ONLINE,Unspecified,BROOKLYN,,,,,,,,40.629452714229934,-73.9743816284361,POINT (-73.974381628436 40.62945271423)
57975624,06/22/2023 10:29:00 PM,06/23/2023 02:00:00 AM,DEP,Department of Environmental Protection,Noise,Noise: Construction Before/After Hours (NM1),NM1,,11413,146-20 225 STREET,225 STREET,146 AVE,147 AVE,,,ADDRESS,SPRINGFIELD GARDENS,,N/A,Closed,,"The Department of Environmental Protection (DEP) didn't observe a violation of the NYC Air or Noise Code at the time of inspection and couldn't issue a summons.  If the problem still exists, please go to nyc.gov/311 or call 311 to file a new Service Request. If you're outside of New York City, please call (212) NEW-YORK (212-639-9675).",06/23/2023 02:00:00 AM,13 QUEENS,31,Precinct 105,4134580009,QUEENS,1051938,179753,ONLINE,Unspecified,QUEENS,,,,,,,,40.659798450664155,-73.75603327557641,POINT (-73.756033275576 40.659798450664)
57971943,06/22/2023 08:53:18 PM,06/22/2023 09:39:50 PM,NYPD,New York City Police Department,Noise - Residential,Loud Music/Party,,Residential Building/House,10018,240 WEST   37 STREET,WEST   37 STREET,7 AVENUE,8 AVENUE,7 AVENUE,8 AVENUE,ADDRESS,NEW YORK,WEST   37 STREET,,Closed,,The Police Department responded to the complaint and took action to fix the condition.,06/22/2023 09:39:53 PM,05 MANHATTAN,03,Precinct 14,1007860068,MANHATTAN,986886,213764,ONLINE,Unspecified,MANHATTAN,,,,,,,,40.75340893358251,-73.99048577039935,POINT (-73.990485770399 40.753408933583)
57973437,06/22/2023 08:02:53 AM,06/22/2023 07:25:18 PM,HPD,Department of Housing Preservation and Development,HEAT/HOT WATER,ENTIRE BUILDING,NO HOT WATER,RESIDENTIAL BUILDING,11355,143-30 SANFORD AVENUE,SANFORD AVENUE,,,,,ADDRESS,FLUSHING,,,Closed,,"The Department of Housing Preservation and Development responded to a complaint of no heat or hot water and was advised by a tenant in the building that heat and hot water had been restored. If the condition still exists, please file a new complaint.",06/22/2023 12:00:00 AM,07 QUEENS,20,Precinct 109,4051830020,QUEENS,1033494,215644,ONLINE,Unspecified,QUEENS,,,,,,,,40.758432312270216,-73.82224796017576,POINT (-73.822247960176 40.75843231227)
57970683,06/21/2023 04:44:00 PM,06/22/2023 10:50:00 AM,DSNY,Department of Sanitation,Derelict Vehicles,Derelict Vehicles,,Street,11378,59-76 54 AVENUE,54 AVENUE,UNNAMED STREET,MAURICE AVENUE,,,ADDRESS,MASPETH,,,Closed,,The owner claimed the vehicle.Â Your request is now closed and no further action will be taken.,06/22/2023 12:00:00 PM,02 QUEENS,30,Precinct 108,4026560086,QUEENS,1010148,204861,PHONE,Unspecified,QUEENS,,,,,,,,40.728934894802805,-73.90655953330669,POINT (-73.906559533307 40.728934894803)
57977226,06/22/2023 06:09:22 PM,06/22/2023 07:16:34 PM,NYPD,New York City Police Department,Illegal Parking,Unauthorized Bus Layover,,Street/Sidewalk,11223,241 AVENUE X,AVENUE X,86 STREET,STRYKER STREET,86 STREET,STRYKER STREET,ADDRESS,BROOKLYN,AVENUE X,,Closed,,The Police Department responded and upon arrival those responsible for the condition were gone.,06/22/2023 07:16:39 PM,15 BROOKLYN,44,Precinct 61,3071730051,BROOKLYN,991544,154292,MOBILE,Unspecified,BROOKLYN,,,,,,,,40.59016906624956,-73.97373780369647,POINT (-73.973737803696 40.59016906625)
57985461,06/23/2023 03:43:38 PM,06/26/2023 10:39:26 AM,DCWP,Department of Consumer and Worker Protection,Consumer Complaint,Drug Store or Pharmacy,Goods or Services Not Delivered,Business,11224,532 NEPTUNE AVENUE,NEPTUNE AVENUE,WEST    5 STREET,WEST    6 STREET,WEST    5 STREET,WEST    6 STREET,ADDRESS,BROOKLYN,NEPTUNE AVENUE,,Closed,,"The Department of Consumer and Worker Protection (DCWP) determined this issue isn't within its jurisdiction.  Unfortunately, DCWP doesn't know of any agency that can act on the complaint and can't provide further assistance.",06/26/2023 10:39:30 AM,13 BROOKLYN,48,Precinct 60,3072737501,BROOKLYN,991743,150539,PHONE,Unspecified,BROOKLYN,,,,,,,,40.57986766144209,-73.9730254612614,POINT (-73.973025461261 40.579867661442)
57977892,06/22/2023 06:58:38 AM,,EDC,Economic Development Corporation,Noise - Helicopter,Other,Hovering,Above Address,10128,50 EAST   96 STREET,EAST   96 STREET,MADISON AVENUE,PARK AVENUE,MADISON AVENUE,PARK AVENUE,ADDRESS,NEW YORK,EAST   96 STREET,,In Progress,,,,08 MANHATTAN,05,Precinct 19,1015070050,MANHATTAN,997019,226043,ONLINE,Unspecified,MANHATTAN,,,,,,,,40.78710275822787,-73.95388896675728,POINT (-73.953888966757 40.787102758228)
57972348,06/22/2023 08:50:42 PM,06/22/2023 08:53:40 PM,NYPD,New York City Police Department,Illegal Parking,Blocked Hydrant,,Street/Sidewalk,11365,59-17 FRESH MEADOW LANE,FRESH MEADOW LANE,59 AVENUE,HORACE HARDING EXPRESSWAY,59 AVENUE,HORACE HARDING EXPRESSWAY,ADDRESS,FRESH MEADOWS,FRESH MEADOW LANE,,Closed,,The Police Department responded and upon arrival those responsible for the condition were gone.,06/22/2023 08:53:43 PM,11 QUEENS,20,Precinct 111,,QUEENS,1040497,208848,ONLINE,Unspecified,QUEENS,,,,,,,,40.7397372772595,-73.79702672970593,POINT (-73.797026729706 40.73973727726)
57986667,06/23/2023 02:52:23 AM,06/23/2023 05:20:36 AM,NYPD,New York City Police Department,Encampment,N/A,,Subway,,,,,,,,,,,,Closed,,The Police Department visited the location and no Encampment was found.,06/23/2023 05:20:40 AM,Unspecified QUEENS,,Unspecified,,QUEENS,1012386,212417,MOBILE,Unspecified,QUEENS,,,,R,,,Mezzanine,40.74966739007307,-73.89845319094752,POINT (-73.898453190948 40.749667390073)
57975102,06/22/2023 10:05:52 AM,01/10/2025 09:22:30 AM,DOHMH,Department of Health and Mental Hygiene,Day Care,Day Care Facility,Illegal Day Care,Private House,11102,28-05 8 STREET,8 STREET,28 AVENUE,ASTORIA BOULEVARD,28 AVENUE,ASTORIA BOULEVARD,ADDRESS,ASTORIA,8 STREET,,Closed,,The NYC Health Department has investigated your complaint. You can get the status by calling 311 or (646) 632-6101 on weekdays between 9 AM and 5 PM. This service request has been closed.,01/10/2025 09:22:35 AM,01 QUEENS,22,Precinct 114,4005090033,QUEENS,1002966,220952,PHONE,Unspecified,QUEENS,,,,,,,,40.77311872101775,-73.93242752606824,POINT (-73.932427526068 40.773118721018)
57985146,06/23/2023 05:48:25 PM,06/23/2023 06:05:41 PM,NYPD,New York City Police Department,Illegal Parking,Posted Parking Sign Violation,,Street/Sidewalk,11357,14-24 144 PLACE,144 PLACE,14 AVENUE,15 AVENUE,14 AVENUE,15 AVENUE,ADDRESS,WHITESTONE,144 PLACE,,Closed,,The Police Department responded to the complaint and took action to fix the condition.,06/23/2023 06:05:44 PM,07 QUEENS,19,Precinct 109,4041130016,QUEENS,1033193,225833,MOBILE,Unspecified,QUEENS,,,,,,,,40.78640006844903,-73.82326024680161,POINT (-73.823260246802 40.786400068449)
57970350,06/21/2023 02:01:11 PM,06/21/2023 02:57:33 PM,NYPD,New York City Police Department,Illegal Parking,Posted Parking Sign Violation,,Street/Sidewalk,11230,809 OCEAN PARKWAY,OCEAN PARKWAY,AVENUE H,LIRR BAY RIDGE LINE,AVENUE H,LIRR BAY RIDGE LINE,ADDRESS,BROOKLYN,OCEAN PARKWAY,,Closed,,The Police Department responded to the complaint and determined that police action was not necessary.,06/21/2023 02:57:43 PM,14 BROOKLYN,45,Precinct 70,3065090089,BROOKLYN,992213,168333,ONLINE,Unspecified,BROOKLYN,,,,,,,,40.6287081514959,-73.97131249927736,POINT (-73.971312499277 40.628708151496)
57980538,06/22/2023 07:35:58 PM,06/23/2023 07:43:10 PM,HPD,Department of Housing Preservation and Development,WATER LEAK,HEAVY FLOW,AT WALL OR CEILING,RESIDENTIAL BUILDING,11417,83-02 133 AVENUE,133 AVENUE,,,,,ADDRESS,OZONE PARK,,,Closed,,The Department of Housing Preservation and Development inspected the following conditions. Violations were issued. Information about specific violations is available at www.nyc.gov/hpd,06/23/2023 12:00:00 AM,10 QUEENS,32,Precinct 106,4113630001,QUEENS,1025013,184832,PHONE,Unspecified,QUEENS,,,,,,,,40.67390404639589,-73.85304764962594,POINT (-73.853047649626 40.673904046396)
57979683,06/22/2023 04:06:03 PM,06/22/2023 04:36:02 PM,NYPD,New York City Police Department,Illegal Parking,Blocked Hydrant,,Street/Sidewalk,11373,92-07 53 AVENUE,53 AVENUE,92 STREET,94 STREET,92 STREET,94 STREET,ADDRESS,ELMHURST,53 AVENUE,,Closed,,The Police Department responded to the complaint and took action to fix the condition.,06/22/2023 04:36:09 PM,04 QUEENS,25,Precinct 110,4018680054,QUEENS,1020109,208463,ONLINE,Unspecified,QUEENS,,,,,,,,40.73878671476362,-73.87060090679695,POINT (-73.870600906797 40.738786714764)
57979242,06/22/2023 06:35:35 PM,07/18/2023 09:16:16 AM,DSNY,Department of Sanitation,Dirty Condition,Dirt or Gravel,N/A,Street,11356,18-41 COLLEGE POINT BOULEVARD,COLLEGE POINT BOULEVARD,18 AVENUE,20 AVENUE,18 AVENUE,20 AVENUE,ADDRESS,COLLEGE POINT,COLLEGE POINT BOULEVARD,,Closed,,The Department of Sanitation investigated this complaint and found no condition at the location.,07/15/2023 09:15:07 PM,07 QUEENS,19,Precinct 109,4041280005,QUEENS,1026937,224565,PHONE,Unspecified,QUEENS,,,,,,,,40.78295218253584,-73.84585951112985,POINT (-73.84585951113 40.782952182536)
57976686,06/22/2023 05:29:23 PM,06/22/2023 05:56:32 PM,NYPD,New York City Police Department,Abandoned Vehicle,With License Plate,,Street/Sidewalk,11229,2271 KNAPP STREET,KNAPP STREET,AVENUE V,WHITNEY AVENUE,AVENUE V,WHITNEY AVENUE,ADDRESS,BROOKLYN,KNAPP STREET,,Closed,,The Police Department responded to the complaint and determined that police action was not necessary.,06/22/2023 05:56:36 PM,15 BROOKLYN,46,Precinct 61,3088210010,BROOKLYN,1002687,157104,ONLINE,Unspecified,BROOKLYN,,,,,,,,40.59787126484802,-73.9336095412854,POINT (-73.933609541285 40.597871264848)
57977964,06/22/2023 04:52:50 PM,08/04/2023 12:00:00 AM,DOB,Department of Buildings,Elevator,Elevator - Single Device On Property/No Alternate Service,,,10467,620 THWAITES PLACE,THWAITES PLACE,,,,,ADDRESS,BRONX,,,Closed,,The Department of Buildings investigated this complaint and issued an Office of Administrative Trials and Hearings (OATH) summons.,08/04/2023 12:00:00 AM,11 BRONX,15,Precinct 49,2043370027,BRONX,1020110,252216,UNKNOWN,Unspecified,BRONX,,,,,,,,40.858876617792056,-73.87036364220225,POINT (-73.870363642202 40.858876617792)
57980826,06/22/2023 05:03:44 PM,06/27/2023 05:46:56 PM,HPD,Department of Housing Preservation and Development,UNSANITARY CONDITION,GARBAGE/RECYCLING STORAGE,MISSING OR INADEQUATE CANS/LID,RESIDENTIAL BUILDING,10463,3111 HEATH AVENUE,HEATH AVENUE,,,,,ADDRESS,BRONX,,,Closed,,The Department of Housing Preservation and Development inspected the following conditions. No violations were issued. The complaint has been closed.,06/27/2023 12:00:00 AM,08 BRONX,14,Precinct 50,2032610046,BRONX,1011697,259371,ONLINE,Unspecified,BRONX,,,,,,,,40.878545062435755,-73.90074787653406,POINT (-73.900747876534 40.878545062436)
57984093,06/24/2023 12:53:45 AM,06/24/2023 01:22:58 AM,NYPD,New York City Police Department,Blocked Driveway,No Access,,Street/Sidewalk,11385,70-02 68 STREET,68 STREET,70 AVENUE,CENTRAL AVENUE,70 AVENUE,CENTRAL AVENUE,ADDRESS,RIDGEWOOD,68 STREET,,Closed,,The Police Department issued a summons in response to the complaint.,06/24/2023 01:23:03 AM,05 QUEENS,30,Precinct 104,4036530006,QUEENS,1015871,196062,PHONE,Unspecified,QUEENS,,,,,,,,40.704765162294954,-73.88595219700987,POINT (-73.88595219701 40.704765162295)
57976335,06/22/2023 04:53:59 PM,06/22/2023 06:11:19 PM,NYPD,New York City Police Department,Blocked Driveway,Partial Access,,Street/Sidewalk,11368,37-18 98 STREET,98 STREET,37 AVENUE,38 AVENUE,37 AVENUE,38 AVENUE,ADDRESS,CORONA,98 STREET,,Closed,,The Police Department responded and upon arrival those responsible for the condition were gone.,06/22/2023 06:11:22 PM,03 QUEENS,21,Precinct 115,4017600012,QUEENS,1020606,213099,MOBILE,Unspecified,QUEENS,,,,,,,,40.75150933044093,-73.86878239892613,POINT (-73.868782398926 40.751509330441)
57982401,06/23/2023 07:31:24 AM,07/27/2023 12:20:38 PM,EDC,Economic Development Corporation,Noise - Helicopter,Other,Flying Too Low,Above Address,11357,160-21 13 AVENUE,13 AVENUE,160 STREET,162 STREET,160 STREET,162 STREET,ADDRESS,WHITESTONE,13 AVENUE,,Closed,,"The New York City Economic Development Corporation determined that this issue is not within its jurisdiction because the helicopter did not belong to a tour company departing from a NYC heliport.Â  Instead, it was most likely a law enforcement or news gathering helicopter not subject to the routing protocols established for tour helicopters. It may also have been a helicopter that departed as a charter or tour from another City but flew over NYC airspace. Helicopter tours originating from outside NYC are not subject to the same City regulations as tours departing from heliports managed by NYCEDC. Any City regulation of these flights is pre-empted by federal law and subject only to the jurisdiction of the Federal Aviation Administration. To file a complaint with the FAA, you can contact the New York Flight Standards District Office at the following web address:Â https://www.faa.gov/about/office_org/field_offices/fsdo/",07/27/2023 12:20:42 PM,07 QUEENS,19,Precinct 109,4045820009,QUEENS,1039149,227054,ONLINE,Unspecified,QUEENS,,,,,,,,40.789716387210206,-73.80174242024911,POINT (-73.801742420249 40.78971638721)
57981312,06/23/2023 09:43:47 PM,06/23/2023 10:08:28 PM,NYPD,New York City Police Department,Noise - Residential,Loud Music/Party,,Residential Building/House,10463,5360 BROADWAY,BROADWAY,WEST  228 STREET,,WEST  228 STREET,,ADDRESS,NEW YORK,BROADWAY,,Closed,,The Police Department responded to the complaint and took action to fix the condition.,06/23/2023 10:08:36 PM,08 BRONX,10,Precinct 50,1022150116,MANHATTAN,1009718,258450,PHONE,Unspecified,MANHATTAN,,,,,,,,40.876023136178674,-73.9079077083527,POINT (-73.907907708353 40.876023136179)
57978963,06/22/2023 01:22:35 PM,02/18/2025 12:00:00 AM,DOB,Department of Buildings,Building/Use,Illegal Conversion Of Residential Building/Space,,,11429,216-20 113 AVENUE,113 AVENUE,,,,,ADDRESS,QUEENS VILLAGE,,,Closed,,The Department of Buildings investigated this complaint and issued an Office of Administrative Trials and Hearings (OATH) summons.,02/18/2025 12:00:00 AM,13 QUEENS,27,Precinct 105,4112310138,QUEENS,1056458,195913,UNKNOWN,Unspecified,QUEENS,,,,,,,,40.704118071449216,-73.73956884265894,POINT (-73.739568842659 40.704118071449)
57978666,06/22/2023 01:52:33 PM,06/22/2023 02:08:44 PM,NYPD,New York City Police Department,Illegal Parking,Posted Parking Sign Violation,,Street/Sidewalk,10018,320 WEST   36 STREET,WEST   36 STREET,8 AVENUE,9 AVENUE,8 AVENUE,9 AVENUE,ADDRESS,NEW YORK,WEST   36 STREET,,Closed,,The Police Department responded to the complaint and determined that police action was not necessary.,06/22/2023 02:08:50 PM,04 MANHATTAN,03,Precinct 14,1007590055,MANHATTAN,986089,213915,MOBILE,Unspecified,MANHATTAN,,,,,,,,40.75382359194443,-73.99336237589831,POINT (-73.993362375898 40.753823591944)
57984444,06/23/2023 02:18:16 PM,06/23/2023 04:53:46 PM,NYPD,New York City Police Department,Noise - Residential,Loud Music/Party,,Residential Building/House,11420,109-42 VANWYCK EXPRESSWAY,VANWYCK EXPRESSWAY,109 AVENUE,111 AVENUE,109 AVENUE,111 AVENUE,ADDRESS,SOUTH OZONE PARK,VAN WYCK EXPRESSWAY SR WEST,,Closed,,The Police Department responded to the complaint and with the information available observed no evidence of the violation at that time.,06/23/2023 04:53:50 PM,10 QUEENS,28,Precinct 106,4116150028,QUEENS,1037488,189459,PHONE,Unspecified,QUEENS,,,,,,,,40.68653784896915,-73.80803831675384,POINT (-73.808038316754 40.686537848969)
57974751,06/22/2023 08:52:35 PM,06/22/2023 09:56:24 PM,NYPD,New York City Police Department,Illegal Parking,Blocked Hydrant,,Street/Sidewalk,11229,2224 AVENUE P,AVENUE P,EAST   22 STREET,EAST   23 STREET,EAST   22 STREET,EAST   23 STREET,ADDRESS,BROOKLYN,AVENUE P,,Closed,,The Police Department issued a summons in response to the complaint.,06/22/2023 09:56:28 PM,15 BROOKLYN,48,Precinct 61,3067850010,BROOKLYN,997762,161941,MOBILE,Unspecified,BROOKLYN,,,,,,,,40.611156718815764,-73.95133447062723,POINT (-73.951334470627 40.611156718816)
57973374,06/22/2023 03:12:14 PM,06/25/2023 05:21:35 PM,HPD,Department of Housing Preservation and Development,ELECTRIC,LIGHTING,DIMS OR FLICKERS,RESIDENTIAL BUILDING,11225,170 HAWTHORNE STREET,HAWTHORNE STREET,,,,,ADDRESS,BROOKLYN,,,Closed,,The Department of Housing Preservation and Development inspected the following conditions. No violations were issued. The complaint has been closed.,06/25/2023 12:00:00 AM,09 BROOKLYN,40,Precinct 71,3050460028,BROOKLYN,996806,178845,PHONE,Unspecified,BROOKLYN,,,,,,,,40.657556008001414,-73.95474619728023,POINT (-73.95474619728 40.657556008001)
57971259,06/22/2023 06:12:56 PM,06/22/2023 07:46:17 PM,NYPD,New York City Police Department,Illegal Parking,Overnight Commercial Storage,,Street/Sidewalk,11358,39-02 UTOPIA PARKWAY,UTOPIA PARKWAY,39 AVENUE,LIRR PORT WASHINGTON LINE,39 AVENUE,LIRR PORT WASHINGTON LINE,ADDRESS,FLUSHING,UTOPIA PARKWAY,,Closed,,The Police Department responded to the complaint and determined that police action was not necessary.,06/22/2023 07:46:20 PM,07 QUEENS,19,Precinct 109,4053230202,QUEENS,1041470,216756,ONLINE,Unspecified,QUEENS,,,,,,,,40.76143643792251,-73.79344827986398,POINT (-73.793448279864 40.761436437923)
57970908,06/21/2023 09:14:59 AM,07/10/2023 12:04:38 PM,HPD,Department of Housing Preservation and Development,DOOR/WINDOW,DOOR,BROKEN OR MISSING,RESIDENTIAL BUILDING,10462,2109 GLEASON AVENUE,GLEASON AVENUE,,,,,ADDRESS,BRONX,,,Closed,,"The Department of Housing Preservation and Development was not able to gain access to inspect the following conditions. The complaint has been closed. If the condition still exists, please file a new complaint.",07/10/2023 12:00:00 AM,09 BRONX,18,Precinct 43,2038120001,BRONX,1024841,242292,PHONE,Unspecified,BRONX,,,,,,,,40.83161770547177,-73.85332085627955,POINT (-73.85332085628 40.831617705472)
57982176,06/23/2023 07:49:15 PM,06/23/2023 07:49:15 PM,HPD,Department of Housing Preservation and Development,GENERAL,SIGNAGE MISSING,ESSENTIAL SERVICE POSTING,RESIDENTIAL BUILDING,11435,141-50 85 ROAD,85 ROAD,,,,,ADDRESS,JAMAICA,,,Closed,,The following complaint conditions are still open. HPD may attempt to contact you to verify the correction of the condition or may conduct an inspection.,06/23/2023 12:00:00 AM,08 QUEENS,24,Precinct 107,4097110056,QUEENS,1035661,197862,PHONE,Unspecified,QUEENS,,,,,,,,40.70961287497495,-73.81456181864903,POINT (-73.814561818649 40.709612874975)
57980691,06/23/2023 01:23:17 AM,06/23/2023 01:27:42 AM,NYPD,New York City Police Department,Noise - Street/Sidewalk,Loud Music/Party,,Street/Sidewalk,10002,134 ELDRIDGE STREET,ELDRIDGE STREET,BROOME STREET,DELANCEY STREET,BROOME STREET,DELANCEY STREET,ADDRESS,NEW YORK,ELDRIDGE STREET,,Closed,,The Police Department responded to the complaint and with the information available observed no evidence of the violation at that time.,06/23/2023 01:27:49 AM,03 MANHATTAN,01,Precinct 5,1004140001,MANHATTAN,986588,201196,ONLINE,Unspecified,MANHATTAN,,,,,,,,40.7189129617464,-73.99156572246149,POINT (-73.991565722461 40.718912961746)
57982779,06/23/2023 04:28:42 PM,06/23/2023 07:39:21 PM,NYPD,New York City Police Department,Blocked Driveway,No Access,,Street/Sidewalk,11103,42-15 NEWTOWN ROAD,NEWTOWN ROAD,42 STREET,31 AVENUE,42 STREET,31 AVENUE,ADDRESS,ASTORIA,NEWTOWN ROAD,,Closed,,The Police Department responded and upon arrival those responsible for the condition were gone.,06/23/2023 07:39:26 PM,01 QUEENS,22,Precinct 114,4006960007,QUEENS,1007833,216534,PHONE,Unspecified,QUEENS,,,,,,,,40.760980816996934,-73.91487116134398,POINT (-73.914871161344 40.760980816997)
57987162,06/23/2023 12:22:13 PM,09/21/2023 02:07:28 AM,HPD,Department of Housing Preservation and Development,PLUMBING,BASIN/SINK,FAUCET BROKEN/MISSING/LEAKING,RESIDENTIAL BUILDING,11203,4902 AVENUE D,AVENUE D,,,,,ADDRESS,BROOKLYN,,,Closed,,The Department of Housing Preservation and Development inspected the following conditions. Violations were issued. Information about specific violations is available at www.nyc.gov/hpd,09/21/2023 12:00:00 AM,17 BROOKLYN,45,Precinct 67,3047800001,BROOKLYN,1003623,173209,PHONE,Unspecified,BROOKLYN,,,,,,,,40.642074125739384,-73.93019285121684,POINT (-73.930192851217 40.642074125739)
57994722,06/24/2023 07:47:39 PM,06/28/2023 07:23:22 PM,HPD,Department of Housing Preservation and Development,SAFETY,FIRE ESCAPE,DROP LADDER MISSING OR BROKEN,RESIDENTIAL BUILDING,11232,158 26 STREET,26 STREET,,,,,ADDRESS,BROOKLYN,,,Closed,,The Department of Housing Preservation and Development inspected the following conditions. No violations were issued. The complaint has been closed.,06/28/2023 12:00:00 AM,07 BROOKLYN,38,Precinct 72,3006570018,BROOKLYN,984289,179973,ONLINE,Unspecified,BROOKLYN,,,,,,,,40.66066102191263,-73.99985943131747,POINT (-73.999859431317 40.660661021913)
57984453,06/24/2023 01:07:54 AM,06/24/2023 01:37:51 AM,NYPD,New York City Police Department,Noise - Street/Sidewalk,Loud Music/Party,,Street/Sidewalk,11372,37-28 75 STREET,75 STREET,37 AVENUE,37 ROAD,37 AVENUE,37 ROAD,ADDRESS,JACKSON HEIGHTS,75 STREET,,Closed,,The Police Department responded to the complaint and took action to fix the condition.,06/24/2023 01:37:56 AM,03 QUEENS,25,Precinct 115,4012850053,QUEENS,1014520,211888,ONLINE,Unspecified,QUEENS,,,,,,,,40.74820837191449,-73.89075367149272,POINT (-73.890753671493 40.748208371914)
57987639,06/23/2023 07:51:33 AM,06/23/2023 10:54:01 AM,NYPD,New York City Police Department,Illegal Parking,Posted Parking Sign Violation,,Street/Sidewalk,11106,31-41 23 STREET,23 STREET,31 ROAD,31 DRIVE,31 ROAD,31 DRIVE,ADDRESS,ASTORIA,23 STREET,,Closed,,The Police Department responded and upon arrival those responsible for the condition were gone.,06/23/2023 10:54:05 AM,01 QUEENS,22,Precinct 114,4005680012,QUEENS,1003818,218254,PHONE,Unspecified,QUEENS,,,,,,,,40.76571157025244,-73.92935931152253,POINT (-73.929359311523 40.765711570252)
57980853,06/22/2023 09:31:00 AM,07/10/2023 12:05:03 PM,HPD,Department of Housing Preservation and Development,UNSANITARY CONDITION,PESTS,MICE,RESIDENTIAL BUILDING,11212,219 SACKMAN STREET,SACKMAN STREET,,,,,ADDRESS,BROOKLYN,,,Closed,,"The Department of Housing Preservation and Development was not able to gain access to inspect the following conditions. The complaint has been closed. If the condition still exists, please file a new complaint.",07/10/2023 12:00:00 AM,16 BROOKLYN,37,Precinct 73,3036940009,BROOKLYN,1010426,184343,PHONE,Unspecified,BROOKLYN,,,,,,,,40.67261700153828,-73.90563625264704,POINT (-73.905636252647 40.672617001538)
57980925,06/23/2023 02:55:55 PM,06/24/2023 09:04:27 AM,DSNY,Department of Sanitation,Dirty Condition,Trash,Not Cleaned by Property Owner,Sidewalk,10467,658 BURKE AVENUE,BURKE AVENUE,BARKER AVENUE,OLINVILLE AVENUE,BARKER AVENUE,OLINVILLE AVENUE,ADDRESS,BRONX,BURKE AVENUE,,Closed,,The Department of Sanitation investigated this complaint and found no condition at the location.,06/24/2023 09:04:33 AM,12 BRONX,12,Precinct 47,2045440056,BRONX,1020516,256803,ONLINE,Unspecified,BRONX,,,,,,,,40.871464869358434,-73.86887110362889,POINT (-73.868871103629 40.871464869358)
57986892,06/23/2023 09:07:19 PM,06/23/2023 09:16:22 PM,NYPD,New York City Police Department,Noise - Residential,Banging/Pounding,,Residential Building/House,11212,1142 LENOX ROAD,LENOX ROAD,,WILLMOHR STREET,,WILLMOHR STREET,ADDRESS,BROOKLYN,LENOX ROAD,,Closed,,The Police Department responded to the complaint and took action to fix the condition.,06/23/2023 09:16:24 PM,17 BROOKLYN,41,Precinct 67,3046710007,BROOKLYN,1006929,179440,ONLINE,Unspecified,BROOKLYN,,,,,,,,40.65916901085661,-73.9182593253346,POINT (-73.918259325335 40.659169010857)
57987882,06/23/2023 09:03:12 PM,06/23/2023 09:20:47 PM,NYPD,New York City Police Department,Blocked Driveway,Partial Access,,Street/Sidewalk,11208,291 MONTAUK AVENUE,MONTAUK AVENUE,SUTTER AVENUE,BLAKE AVENUE,SUTTER AVENUE,BLAKE AVENUE,ADDRESS,BROOKLYN,MONTAUK AVENUE,,Closed,,The Police Department responded to the complaint and with the information available observed no evidence of the violation at that time.,06/23/2023 09:20:53 PM,05 BROOKLYN,42,Precinct 75,3040560015,BROOKLYN,1018296,183934,PHONE,Unspecified,BROOKLYN,,,,,,,,40.67146762118155,-73.87726722159427,POINT (-73.877267221594 40.671467621182)
57985272,06/23/2023 03:43:48 PM,07/14/2023 12:05:03 PM,DSNY,Department of Sanitation,Missed Collection,Compost,N/A,Street,11211,35 SKILLMAN AVENUE,SKILLMAN AVENUE,MEEKER AVENUE,LORIMER STREET,MEEKER AVENUE,LORIMER STREET,ADDRESS,BROOKLYN,SKILLMAN AVENUE,,Closed,,The Department of Sanitation investigated this complaint and found no condition at the location.,06/25/2023 11:11:46 PM,01 BROOKLYN,34,Precinct 94,3027460040,BROOKLYN,998031,199922,ONLINE,Unspecified,BROOKLYN,,,,,,,,40.7154057131185,-73.95028799459884,POINT (-73.950287994599 40.715405713119)
57994650,06/24/2023 11:59:08 AM,06/28/2023 08:18:13 PM,HPD,Department of Housing Preservation and Development,SAFETY,SMOKE DETECTOR,BROKEN OR MISSING,RESIDENTIAL BUILDING,10460,780 GARDEN STREET,GARDEN STREET,,,,,ADDRESS,BRONX,,,Closed,,The Department of Housing Preservation and Development inspected the following conditions. No violations were issued. The complaint has been closed.,06/28/2023 12:00:00 AM,06 BRONX,15,Precinct 48,2031120030,BRONX,1016349,248877,ONLINE,Unspecified,BRONX,,,,,,,,40.8497265414156,-73.88397588600988,POINT (-73.88397588601 40.849726541416)
57982653,06/23/2023 01:56:57 PM,07/14/2023 12:29:30 PM,DSNY,Department of Sanitation,Missed Collection,Trash,N/A,Street,11222,8 BROOME STREET,BROOME STREET,GRAHAM AVENUE,MCGUINNESS BLVD SOUTH,GRAHAM AVENUE,MCGUINNESS BLVD SOUTH,ADDRESS,BROOKLYN,BROOME STREET,,Closed,,The Department of Sanitation investigated this complaint and found no condition at the location.,06/25/2023 11:28:11 PM,01 BROOKLYN,33,Precinct 94,3027010010,BROOKLYN,998938,202382,ONLINE,Unspecified,BROOKLYN,,,,,,,,40.72215636111895,-73.9470108191663,POINT (-73.947010819166 40.722156361119)
57982860,06/23/2023 07:47:00 AM,06/30/2023 07:30:00 AM,DEP,Department of Environmental Protection,Noise,Noise: Construction Before/After Hours (NM1),NM1,,11231,363 BOND STREET,BOND STREET,CARROLL ST,1 ST,,,ADDRESS,BROOKLYN,,N/A,Closed,,"The Department of Environmental Protection (DEP) didn't observe a violation of the NYC Air or Noise Code at the time of inspection and couldn't issue a summons.  If the problem still exists, please go to nyc.gov/311 or call 311 to file a new Service Request. If you're outside of New York City, please call (212) NEW-YORK (212-639-9675).",06/30/2023 07:30:00 AM,06 BROOKLYN,39,Precinct 76,3004520001,BROOKLYN,986794,186359,ONLINE,Unspecified,BROOKLYN,,,,,,,,40.678188800410695,-73.99082818673837,POINT (-73.990828186738 40.678188800411)
57980808,06/22/2023 04:32:31 PM,06/25/2023 07:13:10 PM,HPD,Department of Housing Preservation and Development,PAINT/PLASTER,WALL,CHIPPED/PEELING/FLAKING,RESIDENTIAL BUILDING,10031,614 WEST  152 STREET,WEST  152 STREET,,,,,ADDRESS,NEW YORK,,,Closed,,The Department of Housing Preservation and Development inspected the following conditions. Violations were issued. Information about specific violations is available at www.nyc.gov/hpd,06/25/2023 12:00:00 AM,09 MANHATTAN,07,Precinct 30,1020980043,MANHATTAN,998692,242068,ONLINE,Unspecified,MANHATTAN,,,,,,,,40.83108435910498,-73.94781300415312,POINT (-73.947813004153 40.831084359105)
57982428,06/24/2023 01:41:52 AM,06/24/2023 02:31:05 AM,NYPD,New York City Police Department,Drug Activity,Use Outside,,Street/Sidewalk,11432,82-68 164 STREET,164 STREET,82 ROAD,GRAND CENTRAL PARKWAY,82 ROAD,GRAND CENTRAL PARKWAY,ADDRESS,JAMAICA,164 STREET,,Closed,,The Police Department responded to the complaint and determined that police action was not necessary.,06/24/2023 02:31:09 AM,08 QUEENS,24,Precinct 107,4068580001,QUEENS,1038740,200651,ONLINE,Unspecified,QUEENS,,,,,,,,40.71724956934783,-73.80343340538089,POINT (-73.803433405381 40.717249569348)
57985785,06/23/2023 09:05:29 AM,09/03/2023 05:51:10 PM,HPD,Department of Housing Preservation and Development,APPLIANCE,ELECTRIC/GAS RANGE,NO GAS OR ELECTRICITY,RESIDENTIAL BUILDING,11226,250 CLARKSON AVENUE,CLARKSON AVENUE,,,,,ADDRESS,BROOKLYN,,,Closed,,The Department of Housing Preservation and Development inspected the following conditions. Violations were issued. Information about specific violations is available at www.nyc.gov/hpd,09/03/2023 12:00:00 AM,17 BROOKLYN,40,Precinct 67,3050660031,BROOKLYN,997697,178033,PHONE,Unspecified,BROOKLYN,,,,,,,,40.65532593801662,-73.95153651263843,POINT (-73.951536512638 40.655325938017)
57989205,06/23/2023 08:41:53 PM,06/23/2023 09:06:26 PM,NYPD,New York City Police Department,Noise - Street/Sidewalk,Loud Music/Party,,Street/Sidewalk,10032,506 WEST  160 STREET,WEST  160 STREET,AMSTERDAM AVENUE,BROADWAY,AMSTERDAM AVENUE,BROADWAY,ADDRESS,NEW YORK,WEST  160 STREET,,Closed,,The Police Department responded to the complaint and with the information available observed no evidence of the violation at that time.,06/23/2023 09:06:28 PM,12 MANHATTAN,10,Precinct 33,1021180022,MANHATTAN,1000521,243477,ONLINE,Unspecified,MANHATTAN,,,,,,,,40.8349484774495,-73.94120039188925,POINT (-73.941200391889 40.83494847745)
57979233,06/22/2023 05:42:00 PM,06/23/2023 03:59:00 AM,DSNY,Department of Sanitation,Derelict Vehicles,Derelict Vehicles,,Street,10473,352 BEACH AVENUE,BEACH AVENUE,O'BRIEN AVENUE,PATTERSON AVENUE,,,ADDRESS,BRONX,,,Closed,,The vehicle you reported exceeds the monetary value eligible for collection as junk. The Department of Sanitation has forwarded the request to the NYPD for further action.,06/23/2023 12:00:00 PM,09 BRONX,18,Precinct 43,2034690041,BRONX,1022509,235246,PHONE,Unspecified,BRONX,,,,,,,,40.812288862255144,-73.86178790190347,POINT (-73.861787901903 40.812288862255)
57984255,06/23/2023 03:06:14 PM,06/23/2023 03:55:38 PM,NYPD,New York City Police Department,Noise - Residential,Banging/Pounding,,Residential Building/House,11104,40-33 48 STREET,48 STREET,39 AVENUE,SKILLMAN AVENUE,39 AVENUE,SKILLMAN AVENUE,ADDRESS,SUNNYSIDE,48 STREET,,Closed,,The Police Department responded to the complaint and took action to fix the condition.,06/23/2023 03:55:42 PM,02 QUEENS,26,Precinct 108,,QUEENS,1007516,211411,ONLINE,Unspecified,QUEENS,,,,,,,,40.746920329017065,-73.91603317913733,POINT (-73.916033179137 40.746920329017)
57984228,06/23/2023 07:03:20 PM,06/23/2023 07:14:44 PM,NYPD,New York City Police Department,Noise - Commercial,Loud Music/Party,,Store/Commercial,11420,135-15 LINDEN BOULEVARD,LINDEN BOULEVARD,135 STREET,VAN WYCK EXPRESSWAY,135 STREET,VAN WYCK EXPRESSWAY,ADDRESS,SOUTH OZONE PARK,LINDEN BOULEVARD,,Closed,,The Police Department responded to the complaint and took action to fix the condition.,06/23/2023 07:14:46 PM,10 QUEENS,28,Precinct 106,4116390040,QUEENS,1037800,188030,ONLINE,Unspecified,QUEENS,,,,,,,,40.68261369763996,-73.80692469054989,POINT (-73.80692469055 40.68261369764)
57980394,06/22/2023 04:42:03 PM,06/22/2023 05:06:39 PM,NYPD,New York City Police Department,Blocked Driveway,No Access,,Street/Sidewalk,11361,38-02 214 PLACE,214 PLACE,38 AVENUE,39 AVENUE,38 AVENUE,39 AVENUE,ADDRESS,BAYSIDE,214 PLACE,,Closed,,The Police Department issued a summons in response to the complaint.,06/22/2023 05:06:43 PM,11 QUEENS,19,Precinct 111,4062390024,QUEENS,1047885,218697,PHONE,Unspecified,QUEENS,,,,,,,,40.76672011864408,-73.77027325484042,POINT (-73.77027325484 40.766720118644)
57983499,06/23/2023 10:45:00 AM,06/26/2023 08:12:00 AM,DSNY,Department of Sanitation,Electronics Waste Appointment,Ewaste appointment,,Sidewalk,10310,28 GREENLEAF AVENUE,GREENLEAF AVENUE,POST AVENUE,MARION STREET,,,ADDRESS,STATEN ISLAND,,,Closed,,The E-Waste collection appointment was cancelled.,06/26/2023 08:12:00 AM,01 STATEN ISLAND,49,Precinct 120,5002360058,STATEN ISLAND,948877,168970,PHONE,Unspecified,STATEN ISLAND,,,,,,,,40.63038953592443,-74.12743800937808,POINT (-74.127438009378 40.630389535924)
57983634,06/23/2023 08:59:10 AM,05/13/2025 04:52:33 PM,DPR,Department of Parks and Recreation,New Tree Request,For One Address,Street Tree,Street,11237,1403 JEFFERSON AVENUE,JEFFERSON AVENUE,KNICKERBOCKER AVENUE,IRVING AVENUE,KNICKERBOCKER AVENUE,IRVING AVENUE,ADDRESS,BROOKLYN,JEFFERSON AVENUE,,Closed,,"In an effort to more fully and efficiently service each city block, NYC Parks is shifting their street tree planting program to a neighborhood approach.  If the site that you requested meets the criteria for planting, NYC Parks will plant a tree through their new Neighborhood Tree Planting Program.   NYC Parks is no longer accepting new tree planting requests. Each neighborhood will be surveyed, inspected, and planted sequentially. NYC Parks foresters will be conducting tree removal, stump removal, and planting block by block and closing all unplantable tree beds. The most heat-vulnerable neighborhoods will be prioritized first.  To learn more about this program, visit nyc.gov/parks/street-tree-planting.  To learn more about the trees in your neighborhood, visit the NYC Tree Map at nyc.gov/parks/treemap.",05/13/2025 04:53:13 PM,04 BROOKLYN,37,Precinct 83,3033850055,BROOKLYN,1009290,192475,ONLINE,Unspecified,BROOKLYN,,,,,,,,40.69494076091486,-73.9097012781718,POINT (-73.909701278172 40.694940760915)
57995082,06/24/2023 03:22:00 PM,06/28/2023 06:49:42 PM,HPD,Department of Housing Preservation and Development,UNSANITARY CONDITION,PESTS,MICE,RESIDENTIAL BUILDING,11212,123 CHESTER STREET,CHESTER STREET,,,,,ADDRESS,BROOKLYN,,,Closed,,The Department of Housing Preservation and Development inspected the following conditions. Violations were issued. Information about specific violations is available at www.nyc.gov/hpd,06/28/2023 12:00:00 AM,16 BROOKLYN,41,Precinct 73,3035210126,BROOKLYN,1008825,182884,PHONE,Unspecified,BROOKLYN,,,,,,,,40.668616964009374,-73.91141312784669,POINT (-73.911413127847 40.668616964009)
57980061,06/22/2023 02:59:27 PM,06/26/2023 03:11:48 PM,DOT,Department of Transportation,Street Sign - Dangling,Stop,,Street,11435,105 AVENUE,105 AVENUE,105 AVENUE,148 STREET,105 AVENUE,148 STREET,INTERSECTION,,,,Closed,,The Department of Transportation has completed the request or corrected the condition.,06/26/2023 03:11:53 PM,12 QUEENS,28,Precinct 103,,QUEENS,1038928,193050,PHONE,Unspecified,QUEENS,,,,,,,,40.69638551194217,-73.80281694095116,POINT (-73.802816940951 40.696385511942)
57995982,06/24/2023 10:40:36 PM,06/25/2023 03:52:57 AM,NYPD,New York City Police Department,Noise - Street/Sidewalk,Loud Music/Party,,Street/Sidewalk,10461,HOBART AVENUE,HOBART AVENUE,HOBART AVENUE,ZULETTE AVENUE,HOBART AVENUE,ZULETTE AVENUE,INTERSECTION,,,,Closed,,The Police Department responded to the complaint and with the information available observed no evidence of the violation at that time.,06/25/2023 03:53:02 AM,10 BRONX,13,Precinct 45,,BRONX,1031542,246196,ONLINE,Unspecified,BRONX,,,,,,,,40.842299694500895,-73.82907873464431,POINT (-73.829078734644 40.842299694501)
57995838,06/24/2023 07:09:06 PM,06/24/2023 07:44:48 PM,NYPD,New York City Police Department,Illegal Parking,Blocked Hydrant,,Street/Sidewalk,11217,353 STATE STREET,STATE STREET,HOYT STREET,BOND STREET,HOYT STREET,BOND STREET,ADDRESS,BROOKLYN,STATE STREET,,Closed,,The Police Department responded to the complaint and determined that police action was not necessary.,06/24/2023 07:44:52 PM,02 BROOKLYN,33,Precinct 84,3001710101,BROOKLYN,988407,189865,MOBILE,Unspecified,BROOKLYN,,,,,,,,40.68781136105424,-73.98501071935385,POINT (-73.985010719354 40.687811361054)
